1405314451360858115
1405320496422473729
1405322304637214721
1405323068533350401
1405323658491580420
1405327889495625731
1405329354238750725
1405329812277899265
1405334710545432576
1405336032028073984
1405336218389336066
1405341172696899587
1405343040047362057
1405345962969632775
1405350927100436482
1405353087443873792
1405357702893780995
1405358544874917893
1405363067060310019
1405364585196974089
1405367093533364227
1405374146767310850
1405374643905601541
1405386731474489344
1405387245561864196
1405387737453121539
1405390744144261120
1405390756202749952
1405397292543188995
1405397995022172161
1405400060783824896
1405401326951882752
1405401550302945282
1405403844083781633
1405406360246751232
1405407199548018694
1405412392566026243
1405417431154130952
1405421792920014849
1405424176681398278
1405424187536252930
1405425784534224896
1405425794340605953
1405425802611679233
1405431525772959748
1405436551354490882
1405442260603346946
1405446626223681539
1405447120874835971
1405460710432329729
1405470273546117120
1405476905957179395
1405477679210577925
1405479167735574537
1405492571154100224
1405495036549242882
1405498617142591497
1405501165576589312
1405511554607423495
1405512055218610180
1405514068497076230
1405515649435066377
1405516841317924874
1405522124379279360
1405522872274239488
1405525208434307077
1405526654923919369
1405527153958014985
1405529169497255938
1405533199866863631
1405534640820035586
1405537224100175877
1405537718172491779
1405539342802579458
1405548293430681603
1405548630405259267
1405548799452274690
1405550723576864770
1405551897294032897
1405553244735221760
1405553833292406784
1405555800198762496
1405555845019181058
1405558871121354754
1405560021556027395
1405560834533826561
1405561701437743118
1405565288389677061
1405565775759429634
1405568004902039562
1405568834191466500
1405570026694975490
1405570438143610880
1405570938809335815
1405570945868238849
1405570960334467073
1405571766899118081
1405573004013322241
1405573937015177216
1405573962860437504
1405577129451003904
1405581004132294659
1405581515082276868
1405582714439454723
1405585036607295496
1405586039595405312
1405586055210881026
1405586496044814338
1405590257416998919
1405590574070075392
1405593586716987394
1405595119445856256
1405595608132501504
1405597400090169345
1405599130508877826
1405601158656368649
1405609448811470857
1405611957038714882
1405612028622954500
1405616236319416321
1405616248306782215
1405617579138367489
1405620513477517317
1405624745647874049
1405630839933739009
1405634362964541447
1405634420263079936
1405637884200177666
1405645096658378753
1405649051446616064
1405653240574889985
1405657255538745348
1405658765588901891
1405660533034946565
1405661540838109186
1405664169882439681
1405665568242356224
1405667580371607554
1405668557279608836
1405669086827368451
1405669131626688513
1405669343330017286
1405670328160948226
1405672141731807253
1405672600836218886
1405676273683288065
