1308919828623716353
1308921609886015489
1308924539972268032
1308924864095551489
1308928701250363393
1308929561661452288
1308932163463786500
1308934139635269633
1308957074982875138
1308959338380189696
1308960905703628801
1308968372592349191
1308970159705477120
1308970190475010049
1309030621235351556
1309030625538715648
1309054975947931648
1309057046306852864
1309058746543415297
1309060899668471810
1309074279561138178
1309095543474454528
1309095690933538821
1309098396158918658
1309098446683598850
1309100272556204032
1309100770889998341
1309102342361542656
1309104545293770752
1309108068475518976
1309109075247083521
1309111739921952770
1309111749749149697
1309112850057588736
1309114241669042177
1309119393046040576
1309123276443189250
1309124174758068224
1309124174816763904
1309127194715869184
1309127751266377738
1309130470903500805
1309131164842692608
1309131725159755778
1309131985454014464
1309132706295549952
1309134744643424256
1309137551438086147
1309139525877354497
1309141266693853194
1309142332521017347
1309143552232837120
1309144050046562307
1309144343802978305
1309144640008978434
1309145406098616320
1309145572117557251
1309146824221966339
1309148766776242179
1309148993616781318
1309149828245487616
1309150095661830146
1309151329416290305
1309151353671880704
1309152417410359300
1309152575011217408
1309153002859704320
1309154876820078592
1309156778614153220
1309160668868702208
1309160671976869892
1309161923666083840
1309164311152078857
1309164440395358210
1309167636044021760
1309168217017864192
1309169724668825600
1309173897317814273
1309175264220512256
1309175766131699712
1309176155363250177
1309177094820311044
1309178299730595847
1309179540200136704
1309181057527427080
1309181804360929282
1309182211355275264
1309184069448720384
1309187844146036736
1309188018289479680
1309189384013520896
1309190156407189506
1309192877365436424
1309193511334535168
1309193639780929536
1309195897276858369
1309196400442462208
1309197936920756227
1309198388030627840
1309200427011899392
1309204212371394560
1309204705369903105
1309206954665897984
1309208292363776002
1309209738882711554
1309209818171944961
1309209990071164928
1309210333718945795
1309210996851068929
1309213569158967307
1309214771690962945
1309215744488431616
1309218169094103040
1309218763728924676
1309220056501383168
1309222001761038336
1309225089674678278
1309228611317231621
1309229908653211651
1309230122789036032
1309230592442195974
1309231129359073281
1309234904186712066
1309240188946640897
1309243712166334466
1309245032646488071
1309250003769200640
1309254661883547648
1309255791803727873
1309259315073617920
1309260846804217856
1309261458052653062
1309263148646641665
1309264867384328192
1309267424873676802
1309270639811887104
1309271821116727297
1309272652322877445
1309272728227270656
1309273395461337090
1309275924412628996
1309280488033595392
