1303845643409072130
1303845643736186881
1303845645254422528
1303845645925711873
1303845646651195397
1303845650447114245
1303845663478812674
1303845665626353671
1303845681409466370
1303845719506382848
1303845730197614600
1303845745158688769
1303845795834273798
1303845806454321153
1303845813580431361
1303845894836678661
1303845894891212801
1303845916726579200
1303846110319050753
1303846113934479362
1303846337188958209
1303846462372171784
1303846481472954369
1303846649911939072
1303846656958439424
1303846785031471105
1303846854321471488
1303846901645795330
1303846913133940741
1303846920998334464
1303846943857180673
1303846996999110659
1303847027575488514
1303847173444993030
1303847314746945541
1303847414135164928
1303847461165977601
1303847541507723265
1303847560793198592
1303847582045802496
1303847795712032769
1303847914666684417
1303847915203551232
1303847934803533824
1303848099870375939
1303848142111232001
1303848214152581120
1303848244888449024
1303848274428911616
1303848431195172864
1303848432705171457
1303848437784416258
1303848455157280770
1303848462061121536
1303848547708792833
1303848626729431040
1303848649173225475
1303848662829654016
1303848670031491072
1303848842752864257
1303848848079585283
1303849103802146816
1303849228008075269
1303849277379293185
1303849351664594944
1303849392189865987
1303849417741541376
1303849452495671297
1303849471856476160
1303849537111547904
1303849671937478659
1303849692111998976
1303849781626908673
1303849814669615106
1303849913474838529
1303850172766728192
1303850175677505536
1303850259102171139
1303850434096967686
1303850555664629761
1303850564061745156
1303850676334874624
1303850709868306433
1303850803275411459
1303850832740470784
1303850859130949632
1303850877728546816
1303850946523430912
1303851010268565510
1303851138551296006
1303851193253404677
1303851205513416704
1303851216137580545
1303851306243809280
1303851312879202304
1303851441015025664
1303851441770188801
1303851613220634625
1303851697048092672
1303851735837007873
1303851750185668608
1303851807215624193
1303851872147701760
1303851876706852864
1303851913016942593
1303851929425108994
1303851982495637504
1303852003500666885
1303852045015883777
1303852119083175937
1303852137705857027
1303852232375492610
1303852328542515204
1303852374721691649
1303852380811857921
1303852430170488838
1303852446033285120
1303852503692443648
1303852689575608324
1303852694646521856
1303852713214644225
1303852740725137408
1303852821708759041
1303853092228796417
1303853117478522880
1303853144087171074
1303853193378570241
1303853193932099585
1303853211359547392
1303853228342292480
1303853232318550016
1303853288744456197
1303853386555678721
1303853416544980992
1303853477475557376
1303853515790483457
1303853561919541250
1303853646405414913
1303853728869556224
1303853807730819072
1303854004796096512
1303854114997243904
1303854293053734912
1303854298221154304
1303854328533397507
1303854463657021440
1303854639650136064
1303854758277656578
1303855021390548993
1303855092345581568
1303855164525346816
1303855227838365696
1303855247685812224
1303855261694779393
1303855280699183104
1303855407165779970
1303855485288931328
1303855520562982914
1303855763480346625
1303855903364583427
1303855903570046976
1303856037045379072
1303856060856438785
1303856124844748803
1303856188392640512
1303856252586528769
1303856283129438216
1303856292935667715
1303856316977381376
1303856481570295808
1303856492542668801
1303856531092447241
1303856552143618048
1303856636688306178
1303856740493144064
1303856782901751808
1303856861393948672
1303856934135771137
1303856967538978817
1303856967618707456
1303856974061240322
1303856974820503554
1303856979417464841
1303857038884311040
1303857040260059136
1303857071671123969
1303857132316626947
1303857143544676352
1303857222380904448
1303857350793723906
1303857501620891650
1303857734157242371
1303857830735339521
1303857893549191169
1303857968253984768
1303857994728341505
1303858103444819968
1303858106796068864
1303858225935249435
1303858225964490752
1303858235053547521
1303858239080214531
1303858324476235777
1303858357443403777
1303858447302225921
1303858492114075650
1303858619339866112
1303858622989037568
1303858763703738370
1303858820498812928
1303858937196933120
1303858991060090881
1303859052200460290
1303859064909238272
1303859192827129857
1303859299945504768
1303859367851298818
1303859376562765825
1303859529310928900
1303859566099140608
1303859674916192256
1303859705341784064
1303859746433363968
1303859760450678785
1303859879564713984
1303859943259414528
1303860035953491968
1303860102915596289
1303860342078963713
1303860376937914374
1303860415508680708
1303860533242867712
1303860573889757184
1303860743012401152
1303860743041884162
1303860743842848768
1303860743981457414
1303860744161820672
1303860746103611397
1303860746233634816
1303860746485403648
1303860746556768256
1303860747085049856
1303860749010382855
1303860789472833537
1303860794061451267
1303860811140665344
1303860830371549184
1303860870578139136
1303860961208602625
1303860994238636032
1303861050664726528
1303861068498964481
1303861082130452480
1303861131035856896
1303861340847693826
1303861361819226112
1303861512084152321
1303861595337101312
1303861630657343490
1303861692426850305
1303861777160077313
1303861786710609920
1303861794784641025
1303861902649556992
1303861945037131778
1303862010694774784
1303862050146463745
1303862071998775296
1303862104429146112
1303862167029112832
1303862238919438336
1303862319341019138
1303862359623192581
1303862417521287168
1303862458361184263
1303862514938191873
1303862736976306178
1303862756794343424
1303862776578953216
1303862804164816896
1303862998134644737
1303863145988005890
1303863177554337797
1303863259066511361
1303863259091460098
1303863320932483075
1303863380822949888
1303863423395082240
1303863441791348736
1303863572213235712
1303863640983048192
1303863648520151040
1303863784973492225
1303863895455657985
1303864103270789120
1303864111449636866
1303864159201890305
1303864204735152128
1303864250612486144
1303864441474342918
1303864517357690881
1303864517600751619
1303864581496991744
1303864941464760320
1303865000382136322
1303865034750046211
1303865045378531329
1303865303429001217
1303865343211966464
1303865551295578113
1303865775598563333
1303865775602561025
1303865775699013633
1303866069275340800
1303866113269346304
1303866302071803904
1303866407969607682
1303866778825744384
1303866783317848065
1303866790481727495
1303866866738307072
1303866883070996481
1303866884509622273
1303866917652922374
1303866950561529857
1303866970723450885
1303867033897955329
1303867046158008327
1303867056484503552
1303867133844164609
1303867265331404800
1303867329487474689
1303867364216365056
1303867407933505536
1303867444017102853
1303867448085577729
1303867464414101504
1303867473603813376
1303867475336073216
1303867478322417664
1303867517916663808
1303867537185214464
1303867540112904193
1303867696900173824
1303867746963410945
1303867818962808839
1303867832963391489
1303867978442735616
1303867982515449856
1303868015335927808
1303868194575323137
1303868196290662400
1303868208462606336
1303868212694659079
1303868292965130241
1303868377518108672
1303868412486201345
1303868475463655426
1303868622197190657
1303868678136647680
1303868706934718465
1303868730657640452
1303868736085123074
1303868795275051008
1303868806561964032
1303868813340012545
1303868941119492096
1303868959662448640
1303869037466746881
1303869082710745092
1303869171470606338
1303869205054394369
1303869210578374658
1303869227489689607
1303869367982198785
1303869397434540037
1303869509753864193
1303869529479614465
1303869556470026245
1303869665152823296
1303869790851923968
1303869835751948289
1303869945512689665
1303870051024613376
1303870216804368385
1303870219203608578
1303870311021121539
1303870590395330562
1303870649555980288
1303870655818067970
1303870721203023872
1303870803730223105
1303870994445197312
1303871032059670532
1303871158304075776
1303871159247798272
1303871169033113600
1303871176259899392
1303871248724889600
1303871320602611712
1303871350453477376
1303871544897216512
1303871545010511874
1303871569861767168
1303871574957752321
1303871587129712641
1303871744273510400
1303871902490951680
1303872067092307969
1303872067339575296
1303872089321996291
1303872152442220546
1303872195211517954
1303872215373557760
1303872264568479745
1303872367077269505
1303872474095005698
1303872626855751685
1303872734376624129
1303872894271881217
1303872966833381376
1303873118684024832
1303873190683463685
1303873275525844993
1303873340432617473
1303873426927558658
1303873478664368128
1303873712882700294
1303873765319868417
1303873779744022528
1303873783476948993
1303873936233566209
1303873951538515969
1303873992076427267
1303873994375008256
1303874041015603201
1303874164294647808
1303874222779969536
1303874292707405826
1303874376425713665
1303874394884841472
1303874583754235909
1303874684967170048
1303874729800069121
1303874851820785664
1303874902638899200
1303874911312764928
1303875052111355906
1303875107912327173
1303875320320348160
1303875332211191814
1303875491410186240
1303875566538575872
1303875574990098432
1303875575908569089
1303875577661796352
1303875619772657667
1303875623685890048
1303875707777486848
1303875757714923520
1303875842636828672
1303875843450695682
1303875843668635648
1303875843874316288
1303875843907698688
1303875844587368449
1303875845023387648
1303875871518973952
1303875872345059328
1303875975185346562
1303876051614027779
1303876059067224064
1303876093833654272
1303876180790128641
1303876306887741441
1303876476886974464
1303876590896586753
1303876594172268544
1303876607220879362
1303876609775206402
1303876629698052096
1303876769582325762
1303876848833634304
1303876943004274688
1303877070213328897
1303877529246281730
1303877740408573953
1303877772843134976
1303877814496751616
1303877902270857216
1303877903009173506
1303878318106849280
1303878358556528640
1303878387707138048
1303878408783396864
1303878573481222144
1303878734609559552
1303878750556377088
1303878795095662592
1303878820987011073
1303878827677044741
1303878861864628226
1303878932442292224
1303879095210647553
1303879616625545219
1303879616734662657
1303879616860389376
1303879623453945858
1303879623781085184
1303879624116625408
1303879655464865792
1303879661546606592
1303879678852292609
1303879743629152256
1303879745805877253
1303879876869464065
1303879966610857986
1303880019710681088
1303880063012810752
1303880120512454656
1303880287324172288
1303880327904067584
1303880446397292544
1303880456690184198
1303880571446267904
1303880613447991297
1303880744641720320
1303880883326332928
1303880937961385984
1303880941606141952
1303881023793573888
1303881061328355329
1303881135525687304
1303881219143348226
1303881293420167169
1303881348592087040
1303881372742938624
1303881378459774979
1303881517798744069
1303881669213069314
1303881747109679106
1303881763949748225
1303881764083961857
1303881766839685120
1303881843507425280
1303881877242212353
1303881889682534402
1303881948683743238
1303882130204905472
1303882145589596161
1303882352398041088
1303882355761909767
1303882630082048001
1303882676508725249
1303882813221998597
1303882853541965825
1303883278059962368
1303883297563586560
1303883392556183552
1303883396062609408
1303883407009742849
1303883416379760641
1303883417642307587
1303883643585212416
1303883735247523841
1303883839979352069
1303883874557190145
1303883893855195143
1303883927938117633
1303883940390895617
1303883976952643589
1303883982724124674
1303883992186355712
1303884242988994560
1303884297259147265
1303884324190785536
1303884391010033664
1303884406516523008
1303884428599533568
1303884457741619201
1303884634044936193
1303884678018076672
1303884780208041984
1303884919576375296
1303885031346253825
1303885049595670529
1303885200804458496
1303885263228350466
1303885341825396738
1303885362310283264
1303885597174624259
1303885772370706432
1303885825139191812
1303886006102392832
1303886120292364293
1303886158552805382
1303886341298679808
1303886393530253313
1303886440179421197
1303886577026904064
1303886627161493506
1303886652549496833
1303886678055153664
1303886881533423616
1303887022206136321
1303887067215212550
1303887233557159936
1303887388167593984
1303887414583275525
1303887881124098048
1303888424869531649
1303888424953241603
1303888606155612160
1303888785000796160
1303888824548970497
1303888870988304384
1303888908158205953
1303889045030928384
1303889059912265733
1303889180007829504
1303889192833945601
1303889216355663872
1303889433972879361
1303889489094467584
1303889522560847872
1303889530626375682
1303889731206381569
1303889948135886848
1303890085134426113
1303890119087226880
1303890160787095553
1303890210254737408
1303890214541287425
1303890468414140417
1303890526316441604
1303890723511599105
1303890825588494341
1303890858048139265
1303890941565075457
1303890942236205056
1303890945344069634
1303890945361014797
1303890946048905216
1303890956500992001
1303890968412925953
1303891051472662535
1303891143738916867
1303891160063148034
1303891212726870017
1303891214480084992
1303891260302909441
1303891270184644611
1303891294750732288
1303891482395455490
1303891581930364932
1303891604244246528
1303891723614130178
1303891737799258113
1303891739871260673
1303891784699797506
1303891799619108872
1303891905965625344
1303891962047721473
1303892266067595264
1303892287039078402
1303892287160815616
1303892312418922497
1303892520414392320
1303892651943645185
1303892673187774464
1303892698433302529
1303892770608816130
1303892807963246597
1303892871645466627
1303893133558767618
1303893199673532416
1303893216928968704
1303893226802290688
1303893251091562497
1303893284960514049
1303893458013188096
1303893574526918656
1303893619980595200
1303893635960897537
1303893653014949890
1303893714176278528
1303893761617952776
1303893805083643904
1303893894728486912
1303893925007175680
1303894003738439683
1303894159384870913
1303894195070005248
1303894481230606339
1303894573593374720
1303894711426584578
1303894717348950021
1303894719626465282
1303894897896960006
1303895086602780679
1303895098225307654
1303895257009000448
1303895276579704834
1303895280450965507
1303895284976582657
1303895286025158656
1303895319961391105
1303895664242372609
1303895768986722305
1303895900868280320
1303895996716462085
1303896023195095042
1303896032619704322
1303896044523192320
1303896100479406083
1303896116010811394
1303896180355674114
1303896246999044096
1303896433834287106
1303896438276083713
1303896525685362689
1303896529132978176
1303896638352748546
1303896859568734209
1303896871077908480
1303896926342057984
1303896945291911168
1303897012522356738
1303897067715211264
1303897108307742720
1303897280643239943
1303897298565558272
1303897454149021698
1303897613918498816
1303897626153279489
1303897787331944448
1303897811780595712
1303897842415738880
1303897876452356097
1303898126097485831
1303898180300484614
1303898193839697920
1303898200793903105
1303898221236936704
1303898311548600322
1303898491345752070
1303898491534667778
1303898491610046464
1303898492226736128
1303898671348678658
1303898713795055616
1303898931118702594
1303898994511355904
1303899026056773632
1303899040808083456
1303899158668083202
1303899274762235904
1303899527934607360
1303899690086346752
1303899755211358209
1303899767714521090
1303899952771485696
1303900323774377992
1303900423623979008
1303900608706031616
1303900637235642368
1303900731284520960
1303900811706204162
1303900860422946817
1303900954132205568
1303900973459439616
1303901009895358464
1303901054325714944
1303901170969260033
1303901218901839880
1303901376632811520
1303901444416901120
1303901486481584129
1303901503288217601
1303901590793990145
1303901615225700352
1303901685362946049
1303901690685513728
1303901820767686656
1303901866087120899
1303901894994276354
1303902017367269376
1303902187932835842
1303902215762055169
1303902266001420288
1303902598127329280
1303902605924593665
1303902654297452544
1303902734228377601
1303902747465601025
1303902961077284866
1303902999006384129
1303903043633721350
1303903101213081600
1303903114295156736
1303903161468563459
1303903245111361536
1303903310332784641
1303903356184920065
1303903382126632960
1303903500150231040
1303903502218006528
1303903572405485574
1303903604370214914
1303903727485677568
1303903740152471554
1303903754522177536
1303903979173183488
1303903991286452229
1303903998630662144
1303904008315301892
1303904029915963392
1303904106835255296
1303904161839407110
1303904165056393223
1303904238976860160
1303904267431030784
1303904274326454272
1303904306802946048
1303904413216636928
1303904444539482115
1303904473941770242
1303904490110803968
1303904516736266240
1303904644205293570
1303904668192563201
1303904727575539712
1303904761041870848
1303905201175355394
1303905219567288321
1303905319832166400
1303905421883772929
1303905443299942402
1303905545745838080
1303905566285275136
1303905623738847239
1303905624229634049
1303905687517396998
1303905728609091586
1303905864810729472
1303905886302240771
1303906029231656960
1303906041168502786
1303906082843176963
1303906093744230407
1303906121539780608
1303906193212092416
1303906442341167105
1303906473798504449
1303906675095744512
1303906755169202178
1303906787662364676
1303906823423094785
1303906914523328512
1303906920647069698
1303906930205904896
1303907010296115201
1303907111668191232
1303907250982002694
1303907255033581571
1303907277301309441
1303907406024519682
1303907526891786241
1303907669921673216
1303907737575870464
1303907756433379334
1303908088173547520
1303908139063021568
1303908164967051265
1303908246361714688
1303908309485924353
1303908342167994368
1303908595143188481
1303908632245997568
1303909048417427456
1303909086128373760
1303909136535621632
1303909295180972033
1303909306589470720
1303909438961614849
1303909524772990981
1303909547271172096
1303909737147363329
1303909816063197184
1303909826414686209
1303909918051831808
1303910437017341952
1303910520693628928
1303910565790781446
1303910595192733697
1303910623558983680
1303910634497740800
1303910845181816832
1303910972747395072
1303911174455603200
1303911186094862337
1303911243460288514
1303911250917814272
1303911261772673026
1303911290839199746
1303911361643249665
1303911400025321472
1303911427300831232
1303911467494912000
1303911522482237441
1303911555097137158
1303911588689313792
1303911660596473856
1303911747519217664
1303911971125899264
1303911972950421505
1303912085865353216
1303912247652225024
1303912291847602177
1303912329134985218
1303912425322840064
1303912442196623360
1303912463746830336
1303912465797767168
1303912502598795264
1303912759558656000
1303912880509784064
1303912884079071234
1303912949233442819
1303912959979253760
1303912971681148928
1303913308899213312
1303913381116641280
1303913497315639298
1303913514403352577
1303913590563516416
1303913590705909760
1303913590836154368
1303913591544872962
1303913622087794688
1303913674302722048
1303913724952993793
1303913900602163200
1303913991941615616
1303914026704003073
1303914093980516355
1303914233235746817
1303914539201769472
1303914745922301953
1303914753564213250
1303914760514174976
1303914813421228032
1303914818588553218
1303915056149692416
1303915067302440960
1303915170784182272
1303915200115081217
1303915288258326529
1303915317308071936
1303915641234173954
1303915678982975488
1303915696838115328
1303915786432581633
1303915846457274368
1303915888358436864
1303915905496293376
1303915916325990406
1303916075600486401
1303916299584778242
1303916319964831749
1303916746143866881
1303916794395144193
1303917254577393665
1303917471167057920
1303917632186454017
1303917705825845250
1303917937804357632
1303917961418354688
1303917965411221504
1303917967860797445
1303918118939635712
1303918300573962240
1303918403367907328
1303918631429046273
1303918655097503744
1303918769178382338
1303918888883810304
1303919066093105153
1303919353717567490
1303919436441825280
1303919473410404352
1303919522815119360
1303919544092819457
1303919882136821760
1303919883462340608
1303919886876409863
1303920060382277632
1303920085220888577
1303920093580218368
1303920184713981952
1303920423147577344
1303920449966018560
1303920576982114304
1303920666513727488
1303920746176143360
1303920783845199874
1303920927621681153
1303920936362684416
1303920950530969601
1303921059238998017
1303921186892656640
1303921202835140609
1303921293037891584
1303921392157560832
1303921410360905729
1303921443751768066
1303921518204915719
1303921835466264577
1303921909294391296
1303922734477516800
1303922923758063616
1303923043115438080
1303923273810542592
1303923413157728257
1303923429201063942
1303923579717849088
1303923797972725762
1303923914100355072
1303923923088822272
1303924043066871815
1303924082682064896
1303924096774873088
1303924169466359810
1303924319014322181
1303924319471403010
1303924507590176771
1303924720094646273
1303924965310451712
1303924971589300225
1303925106935312384
1303925157078196225
1303925418324623360
1303925539347013632
1303925610490859526
1303925616933208064
1303925875306631168
1303926056433446914
1303926380963532800
1303926398998982656
1303926564896342016
1303926608231882752
1303926819444359169
1303927166820855809
1303927293220474881
1303927402238795776
1303927424594440192
1303927447080103938
1303927717805666309
1303927771274579969
1303927781936500736
1303927821312684033
1303927943505346560
1303928099772473346
1303928489196781568
1303928512265453568
1303928595157585921
1303928690422603778
1303928690754035714
1303928879585857536
1303928966563147778
1303929370134880256
1303930776988389376
1303930942101303296
1303930944223674368
1303931230476554245
1303931647277101056
1303932005697171456
1303932261386121216
1303932372388327424
1303932465023725569
1303933175119441920
1303933585838178306
1303933687621394432
1303933857784303617
1303933899702177792
1303933936398217218
1303934052676915200
1303934115289468930
1303934164673101825
1303935213131759617
1303935399312723968
1303935996493520898
1303936245769342976
1303936375486590976
1303936403408064515
1303936706052321280
1303936821089492992
1303937026635558913
1303937160626819076
1303937230415761409
1303938064306311168
1303938106542915586
1303938796430467075
1303939134818586624
1303939504923979777
1303940124263297024
1303940327435366401
1303940669510160384
1303941003297132546
1303941085744582657
1303941219052146690
1303941432152068103
1303941491883216896
1303941600943448065
1303941625014517762
1303941823526768640
1303942977690185729
1303943100759453697
1303943228928987137
1303943600758239237
1303944058247806977
1303944312003219456
1303944700114731009
1303945116491689986
1303945941523759105
1303947304697765888
1303947327099600896
1303947537930485761
1303947582633320448
1303948093336047616
1303948141914460160
1303949085741731841
1303949417536421889
1303949427191820288
1303950010724294656
1303950474341539840
1303950619552739329
1303950764017094658
1303950900512382976
1303951342499631104
1303951923335368706
1303952025986707456
1303952057934786560
1303952062657507334
1303952165648642048
1303952294627749889
1303952305792913408
1303952312885481472
1303952327007764480
1303952459409354754
1303952517676621825
1303952527533264896
1303952531140292608
1303953161116413953
1303953713904717827
1303954375493246976
1303954844957454337
1303954969968680960
1303955129603952641
1303955380997947392
1303955683121999872
1303955688234901504
1303955906443476993
1303956544841830400
1303956765533503488
1303957485401845760
1303957496575426562
1303958009098440706
1303958362892242945
1303958407246827522
1303958889902342144
1303958890283900929
1303958924807360512
1303959056139386881
1303959775307132928
1303960210692812801
1303960523864768512
1303962197614362626
1303962201233948673
1303962221500923905
1303962233031008256
1303962236474609665
1303962256879820801
1303962396256600064
1303962591283339266
1303964530695958528
1303964535250980864
1303964535540383747
1303964541173325824
1303964547703861248
1303964661197529088
1303964895126355968
1303966333294575617
1303966440626835457
1303968167585345536
1303968970362494976
1303969990341787648
1303970229689692160
1303970475572305920
1303972853755400193
1303975682914086912
1303979407057461250
1303979877545189377
1303980415925977088
1303981541069119490
1303981541895344129
1303981611738898433
1303981650225836034
1303982804431142912
1303983300088795137
1303984789389815808
1303986137451683842
1303986367203086338
1303986943630487554
1303988460001390593
1303988533934403588
1303989089914425347
1303989112706342914
1303990050594619392
1303990873638793216
1303992136224985090
1303992413426462721
1303993287980843008
1303993396353282048
1303993487231254528
1303994121430773766
1303994557978349574
1303995541894897664
1303995925073985537
1303996644762017792
1303996644984262656
1303996677909602304
1303996771392081920
1303996846663184384
1303996900597620736
1303996906377412611
1303996957434826753
1303997236754501632
1303997654146392069
1303997837789798401
1303997928235827201
1303997952948662278
1303997987346096128
1303998097475932161
1303998158326751232
1303998160604258305
1303998369447186438
1303998412447035392
1303998431040540673
1303998509788655619
1303998638318850049
1303999026069635072
1303999724547170304
1304000658551508993
1304000779800522754
1304001698848026627
1304001707597344768
1304002128311128064
1304002753182732289
1304002929372868609
1304003725888024577
1304004082315689984
1304004187131383809
1304004524101767169
1304004722752466946
1304005175603089408
1304005589069107201
1304005887359680513
1304006019295649792
1304006136832688129
1304006496699559936
1304006512508051456
1304006826552446976
1304006973197815809
1304007145382465537
1304007173329096704
1304007427935870976
1304007821948747776
1304008023023718401
1304008142448197632
1304008418840268800
1304008491825344513
1304008664345464832
1304009052431712256
1304009220904361985
1304009249824137222
1304009376299208704
1304009445639421952
1304009794790076423
1304010128316928005
1304010150584430592
1304010890702979072
1304011163232079874
1304011324666662914
1304011400864509952
1304011528509812736
1304011569886625793
1304011740582035457
1304011741081341954
1304011742415028224
1304011744214315008
1304011833569763328
1304011921172111362
1304012691992915968
1304012779280642048
1304013117240864768
1304013198488735750
1304013259687694336
1304013362943193089
1304013364499288066
1304013412415008768
1304013452671954945
1304013814766206978
1304014035319435265
1304014374525427712
1304014426933256194
1304014486483935234
1304014510110502912
1304014613143576578
1304014715144884224
1304014761072513026
1304014889606938624
1304015094448357376
1304015520962928640
1304015671412523009
1304015685568393222
1304015911045804033
1304016119725019137
1304016486432993280
1304016519576399878
1304016720278032386
1304016728691748864
1304016843024347141
1304016995080441856
1304017216455802881
1304017289092702208
1304017467505864704
1304017786713251840
1304017948756058113
1304018402617458688
1304018909243289601
1304018922954461185
1304018957108752386
1304019091951362049
1304019289918373888
1304019294314008577
1304019981781397504
1304020063624851457
1304020633152630786
1304020721165836289
1304020735707541506
1304020770058907648
1304020892637425665
1304020952221716485
1304021237870530565
1304021424156422144
1304021535984885760
1304021596252917760
1304021596621942784
1304021670135500800
1304021687025856513
1304022009727328256
1304022103398780930
1304022224752574465
1304022272857067520
1304022339093438470
1304022450720645121
1304022872860569600
1304022924215701504
1304023088439472134
1304023466371354624
1304023767316926465
1304023833217822720
1304023953053286400
1304024087002570752
1304024174537715714
1304024274114695168
1304024473159557122
1304024725321121794
1304024923589967873
1304025091848777729
1304025134244732931
1304025162396971008
1304025199269105665
1304025202955898880
1304025218583793671
1304025221440122882
1304025466580488192
1304025630523011073
1304025684801716224
1304025840045510656
1304025923121971200
1304026026503278593
1304026304338169858
1304026397300731904
1304026432734191617
1304026503408214023
1304026541303762945
1304026547880366081
1304026606210625536
1304026655632109568
1304026671964717057
1304026837337731073
1304026839464259584
1304026841603137537
1304026846757937152
1304026885253484545
1304026980350857221
1304026999992791041
1304027012491870209
1304027129701699591
1304027130892816384
1304027148492120065
1304027214988574723
1304027542412722176
1304027543159410690
1304027695181856775
1304027755684737025
1304027767948873728
1304027802568724480
1304027946378833921
1304027974149320704
1304028109155385344
1304028122564751360
1304028198557159424
1304028451989524480
1304028543161114626
1304028547472912384
1304028588082163713
1304028721775550464
1304028750116458496
1304028789563961349
1304028885886152704
1304029040072945666
1304029053519884291
1304029094905090048
1304029132997656577
1304029353605435392
1304029546040229888
1304029751150080001
1304029866258563072
1304029987574624257
1304030071489998848
1304030121980915712
1304030173722013697
1304030321852153863
1304030322082934785
1304030322296860672
1304030415661993985
1304030455461752832
1304030466824077312
1304030550521507840
1304030563981045761
1304030568699637760
1304030724429938688
1304030765391454208
1304030800313188354
1304030872610508801
1304030921067245570
1304031133894692866
1304031364908544000
1304031482051260416
1304031596417355776
1304031633339592707
1304031813896208385
1304031870141652994
1304032054800154625
1304032070356930561
1304032075859853312
1304032088103038977
1304032105911943169
1304032119237349376
1304032196240584705
1304032270236385280
1304032426138705921
1304032502256996357
1304032515267670016
1304032623803666432
1304032633479999491
1304032658381471745
1304032702715375616
1304032887251976192
1304032998795476993
1304033253301645312
1304033342711627778
1304033590280425474
1304033676901208067
1304033685197316097
1304033713446100994
1304033781830103044
1304033867288973315
1304034079197757440
1304034087259303941
1304034148118659073
1304034190397239296
1304034230750543872
1304034387902623746
1304034387990806528
1304034389194670080
1304034389295325184
1304034390297645057
1304034399017672711
1304034447017345024
1304034484849905664
1304034613363433472
1304034621991071744
1304034630220341249
1304034672389713921
1304034759769808896
1304034804443287554
1304034853042749441
1304034917974769667
1304034964938338306
1304034966867791872
1304035141250158592
1304035336104873986
1304035359869804545
1304035402957893633
1304035480477073408
1304035645376139270
1304035739894677504
1304035876725456896
1304035894643642368
1304035919062736897
1304035926918811649
1304035941728817152
1304035975711068162
1304036116836880387
1304036316234035202
1304036408017989634
1304036485633650689
1304036556508991488
1304036563823849473
1304036742954135552
1304036748780023810
1304036903226875904
1304036903277207552
1304036917537902592
1304037010450059264
1304037051222970368
1304037107070103552
1304037167241424896
1304037224258904066
1304037269536374785
1304037532435468289
1304037613310009347
1304037699976921092
1304038075853668358
1304038078231830530
1304038218002767872
1304038434437320704
1304038470588026880
1304038663513419778
1304038844321366023
1304038957861212162
1304039114820509696
1304039130607898628
1304039350687223808
1304039397034262528
1304039419947683844
1304039616538906624
1304039830893006849
1304039937415827458
1304040070220054528
1304040143775559681
1304040289645006848
1304040352584806401
1304040360490958850
1304040381676486659
1304040478594211840
1304040555698061312
1304040760216559629
1304040762745802752
1304041053960445953
1304041074944606211
1304041097262399490
1304041155152220160
1304041197460127754
1304041242905505792
1304041247766712322
1304041360916324352
1304041380621189124
1304041707869274112
1304041751146106880
1304041776697823232
1304041807962136576
1304041853097050114
1304041938438574080
1304041938853732353
1304041939944251395
1304041941039013889
1304041942456717319
1304041942557237248
1304041944520314884
1304041965097492481
1304041970898173952
1304042077400039425
1304042120626475009
1304042136791330817
1304042284548329472
1304042440161144832
1304042520737972224
1304042529202089985
1304042681417560066
1304042928709480450
1304042943586729991
1304043021512646659
1304043048243023872
1304043083747807232
1304043134427553792
1304043159341723649
1304043273804288002
1304043473176334338
1304043478217830401
1304043506542018562
1304043587768852483
1304043591824805890
1304043661349588992
1304043665539641345
1304043677220827138
1304043720313131009
1304043862218993664
1304044314641805323
1304044391162617856
1304044397093416962
1304044473110986753
1304044627629047809
1304044714463842304
1304044849830727681
1304044897717100545
1304044997025685511
1304045252223918080
1304045262994911232
1304045320549040128
1304045376052367360
1304045396482813953
1304045501172445184
1304045513659084800
1304045682786004992
1304045719158951939
1304045719460950016
1304045791200321536
1304045860360077312
1304045897987297287
1304046004988260352
1304046064073351168
1304046210404188161
1304046330826891264
1304046399999406082
1304046426452905985
1304046432194883590
1304046466269409283
1304046490709524482
1304046774215208961
1304046810026123266
1304046895564763137
1304046918008438785
1304046969707520001
1304046999881347072
1304047058479984640
1304047138016505856
1304047227833380871
1304047308972195840
1304047512639201280
1304047521610764291
1304047575373410304
1304047801354067970
1304047808459268099
1304047851522199553
1304048115167698944
1304048136336408576
1304048166807965696
1304048222210535426
1304048227969372163
1304048271019696130
1304048414141939713
1304048423872729089
1304048444714164235
1304048515698634754
1304048607327289345
1304048727053737986
1304048788483592192
1304048828677599232
1304048861858721792
1304048918175645697
1304048923464667138
1304048965986512902
1304049027386880000
1304049079870271490
1304049159322861568
1304049250964328448
1304049403662131202
1304049486726127620
1304049487007145985
1304049487132995586
1304049487225257984
1304049487262908418
1304049491016851457
1304049500454113282
1304049511564795905
1304049522490966018
1304049537133281282
1304049598437228549
1304049631605686274
1304049773280976897
1304049799486935041
1304049911885950976
1304049991481208833
1304050041259266056
1304050042945368065
1304050148578856960
1304050248508039168
1304050257660194817
1304050310105702401
1304050337528115201
1304050339340005376
1304050643523510272
1304050648548343809
1304050656769081346
1304050708392677379
1304050859865788416
1304050961288171521
1304050962609438721
1304050964052291590
1304051003055108097
1304051035238010880
1304051229031530496
1304051490831634433
1304051503666262016
1304051591771815936
1304051774509248513
1304051812178288642
1304051835691511808
1304051853592854529
1304051949717745664
1304051986212548608
1304052031234207745
1304052500178272256
1304052507073806336
1304052513847508993
1304052608584364032
1304052692638105607
1304052696102690817
1304052709658710017
1304052770002132994
1304052818295377922
1304052881650257921
1304053068737150977
1304053104585961473
1304053261423370240
1304053262451171328
1304053499160911872
1304053733819641858
1304053773942370305
1304053892616007681
1304053989332447232
1304054008064225282
1304054090347970564
1304054099734917121
1304054127723413506
1304054187190358016
1304054229292777472
1304054324729917440
1304054345042989057
1304054438202691587
1304054472151314436
1304054633376239616
1304054642192584705
1304054778654330882
1304054783075115009
1304054872887754753
1304054949341540352
1304055103314448384
1304055173313167360
1304055309850292230
1304055413827141632
1304055432957374465
1304055504755359746
1304055626989998080
1304055669545463809
1304055696409980928
1304055728051761152
1304055767453097985
1304055777674493953
1304056214976856064
1304056227324977153
1304056379267784704
1304056446993272833
1304056456422064130
1304056522520100864
1304056545672679428
1304056561724272641
1304056630171054084
1304056673552695296
1304056739629862914
1304056784370372608
1304056880390602755
1304056934056820739
1304056974913478656
1304056976910016513
1304057037324574721
1304057037572120576
1304057039220428802
1304057040793337856
1304057043263782915
1304057045306540032
1304057080253476866
1304057204086132743
1304057281403850752
1304057323560738818
1304057362374893569
1304057372479029249
1304057487876927488
1304057591656517634
1304057614259625985
1304057663085477890
1304057724108406790
1304057755758718976
1304057983551377409
1304057992216707073
1304058017885949955
1304058686302810112
1304058711271444480
1304058754351149056
1304058760961437698
1304058970357854216
1304058970659852292
1304059020500762624
1304059197127110659
1304059222590656512
1304059226411720704
1304059270158258182
1304059492812943365
1304059526572920832
1304059534638493701
1304059665723121664
1304059689986977792
1304059708735721474
1304059718000955396
1304059718961426432
1304059750020190214
1304059920791359490
1304059921462423552
1304060022167670784
1304060023660851200
1304060039968239616
1304060063196368896
1304060073262579713
1304060137053847556
1304060180385144832
1304060308147798017
1304060381036511233
1304060470467481601
1304060536238346240
1304060810810064896
1304060811153936386
1304060880682971137
1304061041639329792
1304061118932017152
1304061398599827456
1304061410914295808
1304061488366260228
1304061551259910144
1304061665944760321
1304061689906819073
1304061783045550081
1304061956895256577
1304061984082726912
1304061988352520194
1304061991586324483
1304062048993792000
1304062069071773697
1304062069210148869
1304062164702027776
1304062199686737920
1304062208234713093
1304062303814529024
1304062428674752512
1304062554998702080
1304062590318972929
1304062677711454213
1304062743473987585
1304062834347839494
1304062912663875585
1304063106147119108
1304063169976037383
1304063340516446216
1304063383155732482
1304063511342055435
1304063706884603908
1304063840221569026
1304063849377787913
1304063869892153344
1304063938573881344
1304064010992713730
1304064140743503877
1304064286256492544
1304064334394392576
1304064406247084033
1304064413595566086
1304064518805491713
1304064563420311553
1304064585574633474
1304064585641553920
1304064592465727488
1304064659570466816
1304064679182909440
1304064680118419457
1304064715627343878
1304064750523953154
1304064837539057666
1304064885022752772
1304064990907899906
1304065039188492292
1304065479678611457
1304065729470369792
1304065844171821059
1304065858692681735
1304065965731258368
1304066149089513473
1304066157641596928
1304066169016594435
1304066299404996608
1304066338814656512
1304066339343085568
1304066343210307584
1304066364722810887
1304066368212545542
1304066378475937796
1304066414622527490
1304066423371825153
1304066544826228742
1304066766574956545
1304066810581520385
1304066974587199491
1304067068552261634
1304067088701698053
1304067108133838848
1304067126165204992
1304067180393361409
1304067632245755911
1304067753515646977
1304067782800297984
1304067856037015552
1304067898869252110
1304068209520324608
1304068215014858752
1304068622038577152
1304068624592842753
1304068641093189634
1304068650656305154
1304068655186149376
1304068655492280323
1304068672600846342
1304068745787305984
1304068844584042498
1304068858202988545
1304068882261520384
1304068938133839872
1304068956865601537
1304068963417063426
1304068981754671110
1304069190572273665
1304069247153340416
1304069336362033157
1304069346583601152
1304069357622960128
1304069448417116160
1304069472463003652
1304069545276121090
1304069618894397446
1304069625135738881
1304069632513503232
1304069655515017217
1304069660321644545
1304069751254274048
1304069882661736449
1304069892275163138
1304069971006443523
1304070017663852544
1304070102552375296
1304070177705938950
1304070305854271499
1304070324472950786
1304070373978374145
1304070876141441024
1304070901273702400
1304071011139235843
1304071098003345415
1304071143805063168
1304071329717649409
1304071447640510465
1304071631925637122
1304071657972097028
1304071769863708673
1304071908443521024
1304071920422354946
1304071933202497542
1304071943872827393
1304071973283270657
1304072048067719177
1304072080997183490
1304072081907351552
1304072105307320320
1304072137532203008
1304072137716772865
1304072143777525760
1304072144041648128
1304072200320942081
1304072234823282689
1304072235024605187
1304072302850641921
1304072350623772677
1304072387390894080
1304072390339710977
1304072578424885249
1304072639300788224
1304072666836602880
1304072725401608193
1304072805076606976
1304072876727971840
1304073196916936711
1304073262356463616
1304073287757160449
1304073415419019265
1304073650023391233
1304073817707474945
1304073871084183554
1304073912754622469
1304073945386291201
1304074158901518336
1304074253445332993
1304074299729477639
1304074329446117386
1304074429060784129
1304074457737297920
1304074508022747137
1304074513211064320
1304074633482825730
1304074641921773568
1304074671063793664
1304075014455484421
1304075155686199297
1304075347734994946
1304075394618986496
1304075542644359169
1304075595719077888
1304075625536327698
1304075784349417473
1304075784726904838
1304075881049206784
1304075910665175045
1304075911214571521
1304075923210276864
1304076034409725955
1304076058430500864
1304076081369165824
1304076099945721858
1304076166131847169
1304076211124084738
1304076224902434817
1304076225179250691
1304076239645421575
1304076250764513280
1304076405374844928
1304076453303050240
1304076482206146560
1304076556361490433
1304076557116469251
1304076580461973507
1304076669850968065
1304076933492334592
1304077140917456897
1304077148597219329
1304077170810200064
1304077245200424961
1304077270039044096
1304077644368093184
1304077907065819137
1304077968453533697
1304078153200136192
1304078172196089857
1304078426622615552
1304078474508988416
1304078488350208000
1304078678624698369
1304078785063587843
1304078886376882178
1304079042715541504
1304079330465779713
1304079685551357955
1304079688248287232
1304079688533385217
1304079720276021250
1304079787380609026
1304079908411527173
1304079914732322816
1304080073323147269
1304080077290905602
1304080122895634433
1304080220622905347
1304080232689926144
1304080357583712256
1304080520435978247
1304080531714461697
1304080572877242370
1304080584852078592
1304080666674565120
1304080666783440899
1304080875412492288
1304081014533304320
1304081105071505410
1304081302963052544
1304081313708859393
1304081453203025921
1304081481980162048
1304081727787335681
1304081730219970560
1304081861975707651
1304081862168588296
1304081898432532482
1304082108076433408
1304082114879655936
1304082203421429761
1304082215953821702
1304082333151174658
1304082588730978304
1304082700437991425
1304082731043893248
1304082832457953282
1304082859691520000
1304082962695290880
1304082969297063936
1304083028952612864
1304083121055428608
1304083314601582592
1304083341633884160
1304083455182024704
1304083460705775617
1304083501248057347
1304083579668893696
1304083595087220736
1304083739623002114
1304083863300382720
1304083876843839489
1304083889426771968
1304083915909541891
1304084176317149187
1304084219963027462
1304084306994790402
1304084443209117698
1304084681537789954
1304084694267559936
1304084718380482561
1304084910723002373
1304084964095520770
1304084995745734657
1304085170056835079
1304085196422213639
1304085234770759682
1304085287912513539
1304085353473748993
1304085532549447680
1304085628225814528
1304085687843672065
1304085726364139520
1304086042643968000
1304086196956663812
1304086242947198977
1304086330398343168
1304086497532899329
1304086522220744707
1304086631952113664
1304086659542155267
1304086896780480512
1304086988249804800
1304087047217590274
1304087121712480256
1304087234858151937
1304087236003139585
1304087239723347969
1304087274368499712
1304087292194312192
1304087355872210945
1304087369885405184
1304087378936594437
1304087521039712256
1304087633824493568
1304087712337723400
1304087738682085378
1304087757875150850
1304087760622489600
1304087803886800900
1304087810333454336
1304087967997321221
1304087975618318337
1304087976855638017
1304088277457215488
1304088319932985345
1304088389566763008
1304088405769416704
1304088556231700481
1304088747965808642
1304088878643544064
1304088958889005059
1304088966380093440
1304089054888316929
1304089071220928512
1304089079953448960
1304089253547311104
1304089350095994884
1304089471604977664
1304089518656675840
1304089520930000896
1304089668158468097
1304089754498195458
1304089824878563330
1304089828565360641
1304089884634820609
1304090052180488194
1304090099500675072
1304090229033373697
1304090383975100416
1304090409824595971
1304090513453322244
1304090552674246656
1304090569170456581
1304090696735956992
1304090760732704768
1304090818601517057
1304090838759288832
1304090913963208712
1304090914135121930
1304090933785432065
1304091033744146433
1304091061288153094
1304091074202349569
1304091149947207681
1304091182201475072
1304091196407664645
1304091241454407680
1304091321074888706
1304091328767238144
1304091350179209216
1304091422631567361
1304091581499179011
1304091597928366080
1304091599119540225
1304091825003790342
1304091857832509447
1304091966091726849
1304092060606136323
1304092240596393984
1304092268106846210
1304092283030167552
1304092362658979840
1304092772446670849
1304092817833197568
1304092917166940165
1304092973550927878
1304092984179339269
1304093356826529804
1304093455623368704
1304093463458308097
1304093493552394241
1304093541845655552
1304093543791833088
1304093629191983105
1304093885552001024
1304093897518448641
1304093947275423744
1304093963469688832
1304094143417810944
1304094342211043329
1304094410175655936
1304094491440295936
1304094519986737153
1304094540450717699
1304094588081184770
1304094606427127810
1304094759196266497
1304094787419566081
1304094787834839041
1304094804427640833
1304094804742205441
1304094813738938372
1304094833716465664
1304094849361211396
1304094856831283201
1304094866574639104
1304095194766364674
1304095257777315841
1304095266216308736
1304095443400503296
1304095506881183745
1304095518444990471
1304095567295979520
1304095601106264064
1304095604537274375
1304095660816375813
1304095714105085957
1304095734376083460
1304095779838193665
1304095995895181314
1304096043437453319
1304096060030283776
1304096118226202625
1304096230545526790
1304096264246755328
1304096267279237121
1304096291576836099
1304096388746272769
1304096573668896768
1304096636923252738
1304096659773808640
1304096667365453840
1304096712106086400
1304096720364679168
1304096980839419905
1304096995859206145
1304097147781079042
1304097301170991110
1304097393923756032
1304097394909483013
1304097397577056258
1304097439377428481
1304097453201911808
1304097511049658368
1304097675315421185
1304098168418729991
1304098405413658625
1304098559591985152
1304098595789066241
1304098611798708229
1304098673895206912
1304098690173468679
1304098736612794376
1304098886190014465
1304099092298174464
1304099243528015872
1304099312494948353
1304099356073746432
1304099543504621571
1304099566258618369
1304099629290655745
1304099742176161792
1304099817916895232
1304099899374546946
1304099978919448576
1304099998360010752
1304100012805230595
1304100032292032515
1304100172746686464
1304100183341502464
1304100416058163202
1304100467161563137
1304100547650351106
1304100687597449221
1304100863036850181
1304100870070644737
1304100981261697025
1304101146559221762
1304101244072534022
1304101376126058496
1304101546209222657
1304101577284870144
1304101586482925569
1304101586885660673
1304101606535892993
1304101723888406528
1304101849713324035
1304101946400350209
1304102092139757568
1304102137887154176
1304102155226419206
1304102220267491329
1304102257965912064
1304102335505858565
1304102340593676291
1304102342925660166
1304102399179661312
1304102444536913920
1304102470587691009
1304102538124369921
1304102545913253888
1304102601777188867
1304102675512995840
1304102684035813376
1304102780710326273
1304102796107624448
1304102838080073728
1304103000785465346
1304103043672297472
1304103302804787201
1304103346513555458
1304103820641939459
1304103861414768640
1304103936685740034
1304104031082733568
1304104033905504256
1304104067447259136
1304104171684147202
1304104189488967680
1304104323232735234
1304104348578910211
1304104415637446656
1304104426827927552
1304104475192373248
1304104543215669260
1304104816621297665
1304104937593470982
1304105181416697856
1304105279756414976
1304105559990456326
1304105599727276032
1304105707353133066
1304105728039411712
1304105857622441985
1304105978980429826
1304106060865826819
1304106104989900801
1304106135197188096
1304106223260893184
1304106324192567300
1304106408099676162
1304106501053841409
1304106513179475968
1304106653638426624
1304106756004614148
1304106816041897990
1304106831376199680
1304107115880034306
1304107194820984838
1304107367529762817
1304107384508481537
1304107436668846082
1304107527131496449
1304107554889519104
1304107785043488769
1304107940543070208
1304108504521814016
1304108815521116161
1304108920256987136
1304109121541754880
1304109134527201281
1304109135416512513
1304109153095503873
1304109283714494464
1304109385199874050
1304109510940909571
1304109540816941056
1304109652523843585
1304109721541058563
1304109822237970436
1304109884045176834
1304109886159155200
1304109886364549122
1304109886679244802
1304109886771351552
1304109936033624067
1304109953955885056
1304109955038015492
1304110015159115784
1304110058159120389
1304110136361975810
1304110251273342982
1304110256402968577
1304110397356675073
1304110471797256193
1304110627439476737
1304110679230738432
1304110779839504387
1304110836164722689
1304110902644441092
1304110985704361990
1304111142588092416
1304111142696968192
1304111200435830784
1304111220459438080
1304111242668367872
1304111365397909506
1304111406527152129
1304111491126366213
1304111852700471296
1304111961001648140
1304112052290686978
1304112242019966983
1304112400736509952
1304112402305298432
1304112431669612544
1304112735416987652
1304112798801301504
1304112925293117440
1304113017739673601
1304113077529579526
1304113264398344198
1304113439980257281
1304113597207982081
1304113617156157441
1304113659157807106
1304113673976381441
1304113757929508874
1304114019360542721
1304114106941792258
1304114129372958721
1304114185446580224
1304114402401099777
1304114588565278721
1304114597364932610
1304114625777209350
1304114676838481920
1304114767112605696
1304114824465481731
1304114917335879685
1304115079030419456
1304115264490016771
1304115328310546435
1304115378872815616
1304115398523203586
1304115425995874306
1304115493075406849
1304115567595606016
1304115597257715714
1304115637204197376
1304115749330526209
1304115867530211328
1304115955283492864
1304116131641405441
1304116136301211648
1304116251929833473
1304116438739816450
1304116444951527424
1304116607996829696
1304116680092721153
1304116778021408768
1304116891091435521
1304116891837968387
1304117071069016066
1304117107341303808
1304117159388499969
1304117310412804098
1304117358886297602
1304117434618646529
1304117435134619661
1304117437982359557
1304117438238384128
1304117439077081088
1304117439819444227
1304117458241024001
1304117460346470400
1304117490981765121
1304117509293998082
1304117545004392449
1304117584225284103
1304117591040983040
1304117694288007168
1304117710083719168
1304117852258152449
1304117871912550401
1304117888538861569
1304117897820876802
1304117917890600963
1304118247944581120
1304118281280851972
1304118320346562560
1304118459383648258
1304118489494544385
1304118491977576448
1304118547329757184
1304118595828559872
1304118637540896773
1304118729639329799
1304118947709620226
1304119072083398660
1304119103129559042
1304119283757260802
1304119322172952580
1304119341298970625
1304119589769539584
1304119632966623232
1304119695893843968
1304119730354225154
1304119763585687553
1304119823086104578
1304119835610222592
1304119942283956224
1304119964933271555
1304120067886587904
1304120073100103681
1304120270295363585
1304120275764752386
1304120372724367365
1304120373047328768
1304120373659799557
1304120386330783744
1304120446363803654
1304120567998689280
1304120701042012161
1304120719782051841
1304120937848201216
1304120984396599297
1304121209483739137
1304121209508913153
1304121372004749314
1304121549537058818
1304121556067586048
1304121577357930498
1304121710858428416
1304121894707306497
1304122173473337346
1304122258420572162
1304122350389145600
1304122366587539461
1304122498775158785
1304122500851412995
1304122509466492929
1304122554798538752
1304122871132966912
1304122929161084928
1304123040360542209
1304123344552226816
1304123476257763330
1304123546545913861
1304123649637613575
1304124020778991618
1304124035631112193
1304124120381231106
1304124149129007105
1304124173501915136
1304124201238921216
1304124297280135168
1304124552142827521
1304124576885071873
1304124620660932609
1304124637043994624
1304124737870757889
1304124833358385156
1304124909656911873
1304124983824670720
1304124984290193410
1304124984944549888
1304125001386405890
1304125005001895938
1304125031178473473
1304125061352370177
1304125205284093953
1304125215761403906
1304125507097812994
1304126157713965058
1304126265830576128
1304126356150681607
1304126415789584385
1304126451478921217
1304126514380898305
1304126529585197062
1304126598405337089
1304126615786582016
1304126745361158149
1304126768153063424
1304127024655732737
1304127026027212800
1304127154989473794
1304127208450150407
1304127233871798272
1304127433323483139
1304127480811446272
1304127505264242688
1304127526550343683
1304127526554546178
1304127734097027073
1304127770939789313
1304127779080986625
1304127986216599554
1304128072959037440
1304128152600543236
1304128186637266950
1304128220120469505
1304128251250511872
1304128834082607104
1304128860041162754
1304128958204706823
1304129035841269760
1304129062701539329
1304129119408586753
1304129241798320128
1304129387227475969
1304129514361032711
1304129696192495617
1304129737615441920
1304129744045305856
1304129748851924997
1304129890720022531
1304129951898230784
1304129952225333249
1304129958915248136
1304130012543684608
1304130038049263616
1304130115056607233
1304130359509037057
1304130361744650241
1304130573292756993
1304130778893352961
1304130925064667136
1304131004299456512
1304131008133050370
1304131015326171138
1304131108221734913
1304131239121690625
1304131275821854720
1304131826416586754
1304131870796525568
1304132134031052800
1304132193699143680
1304132233389801472
1304132286338789379
1304132308719620100
1304132357209944066
1304132492031594497
1304132533983105024
1304132534096203776
1304132534343589888
1304132535245512706
1304132536365277185
1304132537921331202
1304132538307358725
1304132538923851776
1304132539762712576
1304132540274339840
1304132567176806401
1304132579730296841
1304132614199050246
1304132618800246785
1304132625410465792
1304132638408572929
1304132639742455817
1304132663775760388
1304132665000497153
1304132665432592386
1304132681828044800
1304132714933739520
1304132768285294592
1304132880365424643
1304132952759177218
1304133093696180225
1304133116580245504
1304133288559341577
1304133288596926464
1304133560543129606
1304133709021446146
1304133748406063105
1304133756471705602
1304133763593637891
1304133865896902659
1304134070071427074
1304134389018832896
1304134435953049600
1304134550679887872
1304134581528989698
1304134858554445826
1304134977785942020
1304135096698638336
1304135138406805505
1304135159629991938
1304135162888941568
1304135196300763138
1304135238319304704
1304135297282777089
1304135383001817088
1304135430972026882
1304135438555320321
1304135487867805699
1304135586677170178
1304136029134360577
1304136097803448321
1304136103209959426
1304136189549654016
1304136189704679425
1304136266917740548
1304136532459237378
1304137015294922753
1304137038694932486
1304137044810178560
1304137054914260994
1304137055744798721
1304137091417337856
1304137219364487171
1304137282505584642
1304137325295931394
1304137609946464258
1304137623124967430
1304137846287142916
1304137898833391618
1304137902260133888
1304138047878057985
1304138055746551812
1304138182905212929
1304138216677797893
1304138399960444930
1304138513705766913
1304138563207000064
1304138937120813056
1304138957031079937
1304139392219574278
1304139470040698881
1304139577704280065
1304139647111569415
1304139816678850561
1304139844751417344
1304139906135003136
1304140076096552962
1304140084023898114
1304140084636250116
1304140084732669953
1304140105796530177
1304140160532180992
1304140253184360453
1304140272134238208
1304140497447981063
1304140518679629828
1304140584937021440
1304141007437561859
1304141111284334593
1304141183778779136
1304141225444995074
1304141336971563010
1304141429695021057
1304141451199229952
1304141585790177282
1304141609307701250
1304141674076082176
1304141718363701249
1304141744024555521
1304141867274076160
1304141918218137601
1304141927995105281
1304142067648655361
1304142250394476544
1304142266005680128
1304142388110209024
1304142457987366915
1304142483820081157
1304142600035856385
1304142663860588544
1304142725965639680
1304142761441067010
1304142955016486915
1304143066165587968
1304143183643803649
1304143500037021696
1304143765398065153
1304143773782376450
1304143791666987015
1304143808586805248
1304143866124292097
1304144028053667841
1304144067488550912
1304144196194967555
1304144197658832898
1304144561623764994
1304144778834083842
1304144824661094402
1304144851747958792
1304144858249076737
1304145131529031682
1304145249481248768
1304145397389160448
1304145679279968257
1304145765875343360
1304145855709143042
1304145932024455169
1304146014379683841
1304146062408589315
1304146136685408257
1304146203916021761
1304146213000933377
1304146385487507468
1304146545026183170
1304146640798875650
1304146786936856576
1304146805375070210
1304146875709259781
1304146881224814594
1304146932634456070
1304147111399882753
1304147121126420480
1304147134065901571
1304147163639877632
1304147249593749506
1304147314018258944
1304147368791740416
1304147381156364289
1304147460617625602
1304147477113843712
1304147518062841861
1304147522068320257
1304147618755489794
1304147634509221888
1304147637684391936
1304147637751357440
1304147723202039808
1304147868069048320
1304147951711854592
1304147980732313601
1304147986562375684
1304148014504779777
1304148114811637766
1304148210898948096
1304148515367641089
1304148518303674368
1304148670674239489
1304148805990993928
1304148876644024327
1304149058374766593
1304149129707302917
1304149130340638720
1304149279917961216
1304149359647436801
1304149528015233025
1304149541730619395
1304149694847877124
1304149704247250946
1304149980484177925
1304150072192532483
1304150170440007681
1304150221560184847
1304150430419746837
1304150491723640832
1304150551458848768
1304150968557330434
1304150985783246848
1304151105190928387
1304151168809971713
1304151172266233856
1304151316885897227
1304151327237431296
1304151798337470473
1304151932207071238
1304152389767884800
1304152399716610048
1304152439059296256
1304152459196141573
1304152727317086209
1304152825585381384
1304152919361626114
1304152949183184902
1304153135552884737
1304153206025584658
1304153417837928449
1304153781995810818
1304153942687911936
1304153945925914624
1304153977953673217
1304153996668612609
1304154048942276627
1304154212088119303
1304154592691789826
1304154811131101184
1304154814230585344
1304154926025670660
1304154971320057865
1304155008791990272
1304155096595529729
1304155173716193281
1304155182591344658
1304155182880620544
1304155183987879941
1304155184365412353
1304155207518089217
1304155221950697473
1304155267785990144
1304155318725881858
1304155434438328322
1304155640500310018
1304155652894449664
1304155654689624064
1304155682552381464
1304155778492891159
1304155833463435266
1304155922307190784
1304156141786718213
1304156157196472320
1304156290428657665
1304156361886965763
1304156433890631680
1304156509111287810
1304156510914740226
1304156557584879623
1304156575603490817
1304156619153068032
1304156912271925248
1304156971994578945
1304156995566657538
1304157155680018435
1304157225640964097
1304157408441368578
1304157467803291652
1304157509045936130
1304157563613741059
1304157699181961216
1304157699265843201
1304157712834494464
1304157735722901506
1304157754135900160
1304158007618568196
1304158174568681472
1304158334874980357
1304158343485890562
1304158563061858310
1304158626966315010
1304158637535961094
1304158746197864448
1304158759732875264
1304158957628522499
1304158982106501120
1304158984610480128
1304159117435719681
1304159130840637441
1304159148628750339
1304159552263389195
1304159712452075520
1304159773273751553
1304160073917378561
1304160091415904265
1304160475446497281
1304160475643613184
1304160723346624518
1304160723950620672
1304160809459896325
1304161113618165760
1304161134149341189
1304161257449230336
1304161282120183815
1304161282422169600
1304161359307866119
1304161639860760576
1304161647070711810
1304161956509757440
1304162250710712321
1304162349901852673
1304162427160997888
1304162480768253952
1304162564792897539
1304162625979285504
1304162663245774856
1304162670594191360
1304162732363509760
1304162732938330113
1304162737526726656
1304162737887629312
1304162754576756737
1304162785253904384
1304162799363534850
1304162817650692097
1304162829197606912
1304162866728181762
1304162935103684610
1304162941437083648
1304163023217721344
1304163253094809600
1304163564656250882
1304163601184366592
1304163623640731648
1304163676363128833
1304163739403300864
1304163769405386754
1304163873373720577
1304164004449914887
1304164110532333570
1304164138982289408
1304164198956531714
1304164368158990336
1304164396399292417
1304164548287574029
1304164575709929472
1304164591530913793
1304164662838255621
1304164662867628036
1304164749060509702
1304164836796968961
1304164979361357824
1304165004581777408
1304165050098352138
1304165389593608204
1304165418433683456
1304165515066310658
1304165604459524097
1304165619974238208
1304165647811829763
1304165704946659331
1304165941618634752
1304166141917638659
1304166476279156736
1304166507296051203
1304166519107186695
1304166519220379649
1304166529156763653
1304166814126145536
1304167234248617986
1304167244918906880
1304167408509345792
1304167501165744128
1304167535483539467
1304167659827867649
1304168001411993600
1304168092319260672
1304168198338568192
1304168219243094022
1304168427142160386
1304168568377008129
1304168598303379457
1304168637306220552
1304168649951981570
1304168673251397632
1304168677235884033
1304168731472470019
1304168798400983040
1304169029846872070
1304169058988961796
1304169091691937798
1304169128912195584
1304169241554358278
1304169369434574848
1304169418226688001
1304169554982170627
1304169765733167104
1304169781235519489
1304169901997936641
1304169929630003200
1304169933866176521
1304170049553326081
1304170071280046087
1304170282656112640
1304170282857324544
1304170282962358279
1304170302000320513
1304170317389139970
1304170345042243584
1304170376268861443
1304170397949218816
1304170421084971008
1304170446049497090
1304170610856165377
1304170833376616448
1304170838036566016
1304170928679587841
1304171031234576385
1304171196074938370
1304171513139146753
1304171710376280067
1304171721067462657
1304171757558001666
1304171784380526592
1304171907076550661
1304171960319049728
1304171974369906695
1304171978270683137
1304171991281303552
1304172135020199936
1304172225420054528
1304172274073956354
1304172521642758145
1304172868532568065
1304173115392561156
1304173320150093824
1304173452291694593
1304173524278546432
1304173533820575746
1304173580167585793
1304173598685515779
1304173625612939265
1304173637885464576
1304173800997752837
1304173884527317000
1304173934657646593
1304174057240375297
1304174077347758080
1304174082171207681
1304174106942803968
1304174137712218118
1304174204410097671
1304174368898121728
1304174443166539776
1304174573827641351
1304174609848303616
1304174617892880384
1304174664382648320
1304174744804233218
1304174816946200577
1304174868515225605
1304174936999825414
1304174982495379457
1304175146522075136
1304175194177703936
1304175196849557505
1304175348184158208
1304175495240613889
1304175578493399042
1304175707036106752
1304175818575355904
1304175933532909568
1304175954470854656
1304176070560751616
1304176296327622656
1304176512049045510
1304176641317502978
1304176697835696128
1304176715472801793
1304176822788161542
1304176933245194242
1304177120449564672
1304177163298537476
1304177172840697858
1304177365380145152
1304177487371534339
1304177579361030144
1304177765298720769
1304177794503585800
1304177829937111043
1304177831711133697
1304177832805818371
1304177836169654272
1304177836614234112
1304177837268639744
1304177868407271425
1304177895133392897
1304177921599385601
1304178001106665473
1304178108015181827
1304178122867212289
1304178157923323904
1304178226290454529
1304178347057074177
1304178449360334850
1304178579698339842
1304178831851491330
1304178869562474496
1304178871835734018
1304178890408108033
1304178991369261056
1304179069194588161
1304179081492262914
1304179090614673408
1304179101209710594
1304179110793666562
1304179170667368450
1304179187490717701
1304179190657409031
1304179267513790472
1304179349550178304
1304179402750730245
1304179478478946306
1304179488616591366
1304179506031341568
1304179529292877831
1304179565275885572
1304179608703717377
1304179675426586632
1304179681164435457
1304179703083937794
1304179770884861952
1304179934424969220
1304180006298492929
1304180119116943367
1304180119242706944
1304180183461769217
1304180199651717122
1304180253921701888
1304180360910196741
1304180394544242697
1304180453830778883
1304180475280359425
1304180489322983426
1304180521384247296
1304180570751152128
1304180577319424001
1304180676682547205
1304180691266134016
1304180912259768320
1304180930639261698
1304181090207371269
1304181095001448448
1304181107148156928
1304181166745026560
1304181194440036353
1304181313822433284
1304181494391345153
1304181521348206592
1304181555959652353
1304181633822666755
1304181679506980864
1304181705742389254
1304181793520746496
1304181881810956289
1304181887213154304
1304181909761687554
1304182006591508481
1304182013042323465
1304182064602853378
1304182143971725313
1304182160539213824
1304182166482550784
1304182262745968642
1304182310271680512
1304182332270743552
1304182356023160833
1304182473421664259
1304182486101041156
1304182555109986304
1304182608348274689
1304182610210553856
1304182671879417856
1304182865094115328
1304182875781296130
1304182959935807491
1304183100935745536
1304183141448458240
1304183232271921152
1304183285753544706
1304183299103961095
1304183321627365376
1304183431279116288
1304183496831913984
1304183571448561665
1304183578738262017
1304183704479293440
1304183781243445251
1304183865884446720
1304183986177048578
1304184097020010504
1304184111729442816
1304184243078270976
1304184387009904649
1304184414923038720
1304184460745809925
1304184472640905216
1304184478160613383
1304184598096736259
1304184741856329729
1304184769882861570
1304184810424893440
1304184811922370563
1304184907195916288
1304185029451448321
1304185079376285698
1304185119167729664
1304185192911900673
1304185208888066049
1304185382204964865
1304185382699806727
1304185383052337153
1304185398021816320
1304185403910520832
1304185404061626371
1304185541626339328
1304185576200056832
1304185635843039232
1304185868782120962
1304185870895984641
1304185918182625282
1304185986084220929
1304186243002101766
1304186310052192256
1304186397226676227
1304186411399159810
1304186600331644929
1304186633693081602
1304186710226599937
1304186770913931266
1304186779331772416
1304186780976132099
1304186833744678912
1304187010777784320
1304187027978694661
1304187028595146753
1304187072408944642
1304187143150088202
1304187159960866816
1304187192395300865
1304187232551669760
1304187290751848449
1304187297726976004
1304187298100248578
1304187353939038213
1304187661490499585
1304187709607620616
1304187756713828355
1304187872594071552
1304187884837261313
1304187908451172352
1304187948628430849
1304187978894512133
1304188022695616513
1304188124986253312
1304188129235042304
1304188143869005827
1304188230586241024
1304188232972873729
1304188337125720064
1304188399037886466
1304188495951527937
1304188524523139074
1304188759207038976
1304188775355092992
1304188874722287616
1304188881823322112
1304188898000678919
1304189023624343559
1304189101646721031
1304189108030500866
1304189156436795392
1304189178142314497
1304189360083021825
1304189365908893696
1304189382514049028
1304189491859664897
1304189497870032896
1304189525283999748
1304189602442416128
1304189697141342208
1304189717177610240
1304189808676233216
1304189856361443328
1304189900707815424
1304189908232343553
1304189929896005638
1304189978193408002
1304190096749539328
1304190109462528007
1304190129049866242
1304190340543504384
1304190358583218178
1304190389063241733
1304190398714310656
1304190411095838730
1304190437113180162
1304190458042765314
1304190489848147968
1304190658115231745
1304190804915884033
1304190822800396288
1304190859240505344
1304190952739934209
1304190983253491715
1304191041919234048
1304191115696975873
1304191344420757507
1304191357691596803
1304191369704099840
1304191467984953345
1304191554576437254
1304191585144508416
1304191596972445702
1304191599593893888
1304191600260780035
1304191684318765063
1304191811058110465
1304191845816324096
1304191926317584390
1304191931925266432
1304191963298770944
1304192131100291073
1304192214969524225
1304192281528987648
1304192343432667140
1304192357798236162
1304192366069379072
1304192411921534976
1304192488874356736
1304192593044090880
1304192616456740868
1304192650392854528
1304192665844617217
1304192672895086593
1304192758404526084
1304192766675542017
1304192776293298178
1304192834183012354
1304192931537002505
1304192931595780096
1304192932518428673
1304192933437018112
1304192933931909121
1304192934271545344
1304192936234672128
1304192942807166976
1304192947009748997
1304193046628704260
1304193065490489345
1304193116921106432
1304193119852916743
1304193120947580930
1304193184772378624
1304193191357407233
1304193270734565377
1304193284194144257
1304193359595044870
1304193376548462594
1304193395758370816
1304193500599267328
1304193507566014465
1304193562045820928
1304193609621700608
1304193793265143815
1304193800387035138
1304193820150697993
1304193833513746433
1304193878656983041
1304193941647093766
1304194032948719616
1304194085822103553
1304194152293371906
1304194253850120194
1304194547849846786
1304194589050449920
1304194666846445573
1304194673171406849
1304194684835844097
1304194755967016960
1304194776904929286
1304194797348028418
1304194850007519252
1304194952277241856
1304194954479177728
1304194963660570626
1304194994316750849
1304195009269374978
1304195026088583168
1304195066483933193
1304195067561869317
1304195102185795595
1304195134444261378
1304195233538859010
1304195267726630912
1304195304825257985
1304195318075076608
1304195426615259147
1304195447993503744
1304195465265786882
1304195516826345475
1304195552494661632
1304195587181613056
1304195812310896640
1304195824944132098
1304195841016696835
1304195880875106305
1304195978329812992
1304196082491174918
1304196101407375361
1304196117979107328
1304196191677222912
1304196251492257792
1304196284673396736
1304196295129812993
1304196345935409155
1304196442492473344
1304196521408299008
1304196537371832322
1304196584813592578
1304196608117047298
1304196653147213824
1304196706163068928
1304196706221744129
1304196718184009728
1304196733048586240
1304196757912518657
1304196867874525184
1304196969271787521
1304196977245159426
1304197018231939072
1304197029594357760
1304197092727050241
1304197244074287106
1304197300949069824
1304197375255130112
1304197498362363907
1304197698069893126
1304197751207530498
1304197883852455937
1304197908003160064
1304197933546569729
1304197938953048067
1304197940685295617
1304197985572618241
1304198047551942657
1304198138773803009
1304198141118382082
1304198251902533632
1304198420136157185
1304198462406262785
1304198516722597888
1304198526084304896
1304198534711914497
1304198543427731457
1304198604140154882
1304198646410379264
1304198714186137604
1304198780921708545
1304198862006030340
1304198960794554369
1304198971242483718
1304199030638084101
1304199079770062848
1304199105057624066
1304199136481345541
1304199173202419712
1304199269704966146
1304199334066610176
1304199347131822080
1304199417688461312
1304199581513715712
1304199587171835904
1304199595875065857
1304199731736961025
1304199946376224775
1304199963153440768
1304199984569516033
1304199988352749569
1304200012600143872
1304200045772800007
1304200063846096901
1304200073614700546
1304200201851285506
1304200300052525057
1304200308785061891
1304200380608319491
1304200397461090308
1304200403828051969
1304200481686790144
1304200482638815232
1304200552641945600
1304200573244317700
1304200735945564160
1304200779734097920
1304200862647058437
1304200884725985288
1304201096592789504
1304201148971311105
1304201160090415106
1304201179753316364
1304201181737160705
1304201248317616128
1304201251459014656
1304201325824049152
1304201629554544642
1304201969872011268
1304202040772616192
1304202054513168385
1304202081742487552
1304202620903591936
1304202995492630529
1304202997929517057
1304203017210728449
1304203040371748866
1304203089839353856
1304203157334040579
1304203171288543232
1304203171296931840
1304203220546449408
1304203240880451584
1304203265194692613
1304203321343799296
1304203407062904833
1304203446468448260
1304203500872757249
1304203623111499781
1304203720356438017
1304203731341377538
1304203737024659464
1304203802275450880
1304203894197833737
1304203945376722946
1304204007238500354
1304204037252882432
1304204043380764679
1304204077513965568
1304204139388313600
1304204157218369538
1304204184342933504
1304204239577722885
1304204256019230721
1304204330376065024
1304204431869739008
1304204482071465984
1304204580994068480
1304204599574884353
1304204751140200449
1304204759268638721
1304204775869886465
1304204786909184008
1304204920514646017
1304204982502162434
1304205010478170112
1304205074462380033
1304205140690382853
1304205277034618896
1304205297448357889
1304205375210688514
1304205445825990657
1304205523294785537
1304205536670486528
1304205634787835904
1304205641389670400
1304205642664685570
1304205822172463106
1304206058215354374
1304206260598902790
1304206372490424333
1304206458112929794
1304206468657410048
1304206479860400128
1304206522646433793
1304206692784246784
1304206848434765830
1304206886720372737
1304206955670654977
1304206963413331968
1304206979443888128
1304207040651329536
1304207090374905861
1304207249120862209
1304207295199444993
1304207354947403777
1304207444718112770
1304207456520855556
1304207554369785863
1304207601043996673
1304207646879354881
1304207921753010178
1304207986336903168
1304207998789836802
