1303483406383276032
1303483510821392387
1303483645810933760
1303484938449227776
1303485032707821568
1303485202254180352
1303485503279423488
1303487133991272448
1303487197463678983
1303487279625842689
1303487343899348994
1303488032973127680
1303489410688835584
1303489546605166593
1303490148877979650
1303490704971366401
1303491018700939264
1303491459136528384
1303492223070343170
1303492515866255367
1303492659810627584
1303493631026827265
1303493959138906113
1303494921786200064
1303495060475056128
1303495600663662592
1303496433434324992
1303496459518652416
1303497208189407233
1303497209841942528
1303497232876843009
1303497695357796355
1303498422352334851
1303498457731211265
1303498467935952896
1303499648439648256
1303501743439908865
1303501861232746497
1303502656560746502
1303504106942877697
1303504590852231174
1303504847237505025
1303504947502370816
1303506018236805122
1303506260059459585
1303506276010393603
1303507178289065984
1303507211373641728
1303507605214593025
1303507836962574336
1303507970333061120
1303508140793778182
1303508183797903362
1303508242069323781
1303508882954874880
1303511225997950976
1303511361926975488
1303511895236923392
1303516392025620485
1303516477505654785
1303517875316105216
1303519500294336513
1303519520502546432
1303519753722626048
1303521167102353411
1303522369831661570
1303522643673600000
1303526416542179328
1303527948818014211
1303529419550662662
1303530143034548225
1303531128146604032
1303533318613487618
1303533898152972289
1303535896633970693
1303537027237978112
1303537282771755008
1303538650211385344
1303539195068198914
1303539254077816838
1303539762280660992
1303540352012283906
1303542407691202560
1303542626457718785
1303543677927776257
1303548364374540290
1303552020423626753
1303554727146381312
1303557002426109952
1303557134727086080
1303557633245405189
1303557730981031938
1303603379504132098
1303603393466970118
1303603399192129537
1303604272467238912
1303606277336166400
1303615314224128000
1303616177369948160
1303619991573598208
1303620671159676928
1303622814176612353
1303627846330400768
1303630989772517377
1303634268082655232
1303634507787108354
1303634549197467653
1303637097023254528
1303637902262448129
1303638035880448000
1303638104226529280
1303639172679438338
1303639308071505920
1303639616977801216
1303640963294941186
1303641198679252992
1303644112185421825
1303644347490066433
1303645459542675461
1303645590371344385
1303645743421546496
1303647637497884672
1303648039329042432
1303649370261209089
1303649725321805824
1303650239413456898
1303651642563334146
1303651886881357825
1303652245645471744
1303652817014587392
1303654384602165250
1303655379897909249
1303656370797936641
1303657925676658688
1303657931062284289
1303658652306477057
1303659025545015302
1303659287139549184
1303659466043387905
1303662108106784769
1303662715920097281
1303662879720329218
1303662906295357440
1303664325761134595
1303664800342454273
1303664875974152192
1303665254975504384
1303665311527428096
1303665666256502786
1303666254767697920
1303666638529744896
1303666746046509058
1303666985616769026
1303667256153513984
1303668244725796864
1303669328454320131
1303670018010501122
1303671262154289153
1303672075765395458
1303673451924856832
1303674535758233601
1303674819943243778
1303675350145265665
1303676184207687681
1303677032191209477
1303677660225298433
1303677867860144128
1303679009281245187
1303679085026082823
1303679158292107265
1303679194807795712
1303679217335504903
1303679475926925313
1303679693778976768
1303679752335699968
1303679818656092160
1303679974201847810
1303679980463960068
1303680137691570177
1303680478323634181
1303680821769969665
1303681189874675712
1303681384679010309
1303681501008101379
1303681728905711620
1303682157144047616
1303682249917857793
1303682597994733568
1303683350574501893
1303684244598927362
1303684761035116547
1303685176527028226
1303686949748854786
1303687109446971392
1303687183207989249
1303687391237070848
1303687419393343489
1303688265200013312
1303688961114746885
1303690058625679362
1303690510851280903
1303690556204290049
1303690882139389953
1303690887541805056
1303690891371061254
1303692112127549441
1303692142745989120
1303693228676452353
1303693444305637377
1303694734427394049
1303694800122773504
1303694836093145089
1303695094004944897
1303695229195878407
1303695282299957249
1303697235423752192
1303697551539892224
1303697674697236481
1303697715285630976
1303700774942396416
1303701046544474113
1303701153226674177
1303701288962666497
1303701529690402816
1303702188699643905
1303702656351973378
1303703287254921217
1303703715224989703
1303704380831666184
1303706160768442374
1303706604655837185
1303706710360686592
1303706791763750912
1303707020986593280
1303707390093729793
1303707999580688386
1303708003032608768
1303708305471279105
1303708871010197504
1303709127865032706
1303709802984599554
1303710088620843015
1303710951271612416
1303711028182736897
1303711071207911424
1303711736252567560
1303711798605082624
1303712059499175937
1303712767552225280
1303712793020051456
1303712924238843905
1303713635798331393
1303714034747871233
1303714125613330434
1303714228306677763
1303715113959124992
1303715475961065472
1303715477219192833
1303715596442501121
1303715674775265281
1303715680450215940
1303715775757287425
1303716242671439873
1303717111177543681
1303717124037369858
1303717145637826560
1303717310377549829
1303717696417263621
1303718290821447682
1303718584003301378
1303718585701928962
1303719096643661825
1303719182681374723
1303719576186712064
1303720077825585159
1303720599358001154
1303720827980976130
1303721093396660225
1303721157414318086
1303721387245346816
1303721505331851265
1303722242510147595
1303722330426716160
1303722378627874816
1303722501256744961
1303722967893970945
1303723221750079491
1303723342151770117
1303724034606202880
1303724509355282432
1303724637080170498
1303725014097768453
1303725157190709249
1303725163888947201
1303725459511939077
1303725484912541697
1303725616164941824
1303725936379133953
1303727076868931589
1303727639509774336
1303727898948501505
1303727929051033601
1303727956041371649
1303728292483207169
1303728402122379265
1303728758151688192
1303729016650846210
1303729378359156738
1303729453785403393
1303730056787824641
1303730232231329792
1303730961465696256
1303731103396753408
1303732024621109250
1303732241651175425
1303732878182932483
1303733177706360832
1303733314218418176
1303733680821673984
1303733796412551168
1303734644223995905
1303734924768411649
1303735278528614400
1303736167406473217
1303736296658079744
1303736432872378371
1303737426402095106
1303737597127254023
1303737621575798787
1303738573733212173
1303739122411081730
1303739374308212736
1303740000199155713
1303740098236895238
1303740102796095495
1303741056626888707
1303741092488048640
1303741332561842187
1303741575273623553
1303741873010417664
1303741977024958466
1303742195393081345
1303742270173216768
1303742432325111808
1303742448678694913
1303742478298693632
1303742548343771138
1303743114696368135
1303743214722183170
1303743374747369474
1303743572303323137
1303743608261140481
1303744330927083521
1303744858612432896
1303744864832684033
1303744888626962434
1303744929441734660
1303745270040190988
1303745283503853574
1303745496163512320
1303745582398427137
1303745584692633607
1303746747244654593
1303746874231455744
1303747531814375425
1303747561925349376
1303747575397470209
1303747660931829760
1303748370973052931
1303748899300139011
1303748965834391558
1303749113134055425
1303749316046196736
1303749338087198727
1303749909217259522
1303750184011214849
1303750416811921408
1303750730403151879
1303751010683424769
1303751107601207297
1303751130594390019
1303751179877441537
1303751429367177219
1303751550448345089
1303751687094628352
1303752059745972225
1303752367813414916
1303752719547670535
1303753044258103297
1303754016216752128
1303754150090600449
1303754695899598850
1303755314123206659
1303755488195227652
1303755738372808705
1303756024894099456
1303756087246626823
1303756168993681417
1303756255333412866
1303757609351213057
1303760939200712706
1303761589783404544
1303761637762109440
1303761948044132352
1303762111969988613
1303762755183423489
1303763053712998404
1303763589883482112
1303763854334341123
1303764876884492288
1303765097165344779
1303765158184005638
1303765231928315907
1303766103248834562
1303766553461170177
1303766840078929925
1303767456444448768
1303768023854186509
1303768445180313613
1303769810820620290
1303769890332041221
1303770146545307652
1303770147749072898
1303770158541004802
1303770284143579147
1303770832574054408
1303770905064030208
1303771533177954304
1303771686555340800
1303771789282213888
1303771799990067200
1303771895251308551
1303772034367926273
1303772256812904448
1303772522559819776
1303772532382797828
1303772633587167234
1303774323526840322
1303774419588911104
1303774686816473088
1303774766508244995
1303774858250194955
1303774879326580739
1303776169444155393
1303776169507123205
1303776531483955203
1303776837647183879
1303777299226152961
1303777419749478400
1303777697701572608
1303777735752417288
1303777833639186434
1303778322443313153
1303778429129687040
1303778754372734976
1303779021814079488
1303779468478087168
1303779902089572352
1303780034075856896
1303781302970191873
1303781318053031937
1303782017881042944
1303782045710258176
1303782476121280518
1303783195364806656
1303783866679914497
1303784757864484864
1303784780308377607
1303785982521638913
1303786062796533760
1303787761367949316
1303787778577248258
1303787833250009092
1303787879366365185
1303788028574552064
1303788516569120768
1303788555853062147
1303788821688053768
1303788849374560256
1303789288207900680
1303789436573044737
1303789511332200451
1303789810298114050
1303790138720481283
1303790242630172678
1303791040705556480
1303791243223117824
1303791294603579392
1303792231061622785
1303792252364431361
1303792683668955136
1303793289355722755
1303793956522655749
1303794757509033989
1303794953185787906
1303794976686592003
1303795391155130368
1303795496100810753
1303795562962182156
1303795930307719182
1303796593846554625
1303797331674959873
1303797337282707456
1303797441460928513
1303797467855630338
1303797629512548356
1303797915404599299
1303798000813314048
1303798066928115715
1303799223746404353
1303800558508277760
1303800856953991170
1303801276321476616
1303801307866836995
1303802170203156491
1303802768495435776
1303803154459435020
1303803337872211968
1303804272182689792
1303804757669220352
1303804797049597957
1303804971641524224
1303805258133647361
1303805335111598081
1303805431278645250
1303805497406099458
1303805649193705472
1303806221250703362
1303807480036765698
1303807655031447552
1303807914763849728
1303808394437046272
1303808707998883840
1303808986609721345
1303809013398802442
1303809212364075008
1303809213001539584
1303809256173506561
1303809388017324032
1303811150291841024
1303812011004817408
1303812610526248961
1303813122340327432
1303813810436833280
1303813913860091904
1303814877862133760
1303815143638421505
1303815385721049089
1303815437852049408
1303815460077568006
1303815504596021250
1303815692198785024
1303815900869677061
1303815923644674068
1303816234140565505
1303816945804939279
1303817188143509507
1303817288282447878
1303818288120713216
1303819007867449345
1303819061709635590
1303819237589360640
1303819913488932865
1303820204640743427
1303820420613799937
1303820477249486850
1303821294463524869
1303822939570286597
1303823006893039617
1303823016770535424
1303823146613497859
1303823235646095361
1303824133357285377
1303825150048174080
1303828400256118784
1303828417243213825
1303828500340768769
1303829709835378689
1303831495455408128
1303831496374054912
1303831695196475393
1303831916030971909
1303831919805829120
1303832373377855498
1303832843831980032
1303833772970962944
1303834274005684226
1303834936667967489
1303835775818182658
1303836080030887937
1303836247517954050
1303836860238749696
1303837151512195075
1303837787179954177
1303838725613522945
1303839265621602304
1303839606140555264
1303839864383660033
1303840287404494849
1303840700862271488
1303840731145162752
1303841189406310400
1303841262836084738
1303841514041335809
1303843049378906115
1303844893110960128
1303845025319710720
