1303483255258218497
1303483256122363905
1303483347935649792
1303483393318047745
1303483814614896640
1303484261966647297
1303484380178984960
1303484525767528450
1303484813521887233
1303485332248293378
1303485401886322689
1303485464888913921
1303486275077505026
1303486708915331072
1303487292351234050
1303487958314516480
1303488407285510145
1303488429708029952
1303488452722331654
1303488457277411328
1303489002931195909
1303489051136331776
1303489542205386753
1303490213562458112
1303490805261164544
1303490805810769920
1303490914611068928
1303491233084575745
1303492539073335303
1303493492098904064
1303493863454191616
1303494042773319680
1303494542918905856
1303495192373321729
1303495299898527746
1303495488516304898
1303495607013773312
1303496389364678656
1303497002886606848
1303497283523223552
1303497435755364352
1303497767583711232
1303497990787731456
1303498355813744640
1303498358045265921
1303498480879579138
1303498921226928129
1303499411046256641
1303500199441182720
1303500549657161729
1303500879123943424
1303501248889589761
1303501655623766017
1303502129546629125
1303502390507708417
1303504186827509761
1303504493548654597
1303504796993937410
1303505158966358018
1303505211793772544
1303505961789915136
1303508463306375168
1303508611939872771
1303509493066747904
1303509683249057792
1303509683920084992
1303511536007290884
1303511903734575104
1303512348209156096
1303512914108862465
1303513028453957639
1303513242036252672
1303513453970092032
1303513454003646465
1303513454066761728
1303513455022964736
1303513455232647169
1303513455442366467
1303513455962529794
1303513456058855425
1303513456059047937
1303513456197468161
1303513456356683776
1303513457157967872
1303513457527058437
1303513457787121665
1303513520764485632
1303513544672137216
1303513600569597952
1303513627962597377
1303513998340558848
1303514001020801025
1303514460825493505
1303514485563457537
1303514583785766913
1303514992310968323
1303516362246152193
1303516474074689536
1303516653993500673
1303517167095291906
1303517464458911748
1303518467052756992
1303518487206178816
1303518497348218884
1303519504799068161
1303519752455950336
1303520238282190849
1303521019911712772
1303521855844868096
1303522131570028549
1303523094447960066
1303523156125249538
1303524119137390592
1303524324356378625
1303524459253506051
1303524720537751552
1303526551196033024
1303527337636573191
1303528562629238786
1303528570183135233
1303528580190740481
1303528637422071810
1303528982667767810
1303529012422160384
1303529834509938688
1303530628810407939
1303531476336734209
1303532841142116352
1303533339689857026
1303533452420100097
1303533586839203841
1303534603530113025
1303535060193366016
1303535099049377792
1303535108679499776
1303538300448374787
1303538627599839237
1303538628904267782
1303538909465501698
1303539331945172992
1303539755557310464
1303539778504327169
1303540706942869504
1303541182488809473
1303541476522156034
1303542184134823936
1303542234449674240
1303543063113998338
1303543678896660480
1303545884551118848
1303546179737841664
1303546679011016704
1303546869256159239
1303546881931386880
1303547427916521474
1303549165713096704
1303549971917148161
1303551208876056576
1303551393689735169
1303551938596925442
1303552376415178752
1303552820130480129
1303552964477419520
1303553563512233990
1303554866476974083
1303554988912922625
1303556232268128256
1303556895328874506
1303558155419426816
1303558780878286850
1303559086852669440
1303560021901484035
1303565600145444864
1303566303123271680
1303566319858659329
1303566764295499776
1303567057263431680
1303569660504350720
1303571345721241601
1303571957426814976
1303574433358110720
1303575941277519872
1303576049029189632
1303580351890182145
1303581334334517248
1303584583645114368
1303585595449585664
1303586949639282688
1303587799904460800
1303589990971199489
1303590023166676992
1303594122830163969
1303599155764314112
1303599910311333888
1303599953625919488
1303602135859372032
1303602206428585984
1303603815149645824
1303603828223291392
1303607787826679808
1303608537130639360
1303608888856543233
1303609429489836038
1303615733373566976
1303623127784738818
1303628905245483010
1303629835865120770
1303633373559238657
1303633412851466242
1303635292377821184
1303639322520965124
1303639778831806465
1303641424521506818
1303641765434535938
1303641804919787520
1303641826449141762
1303643197223178248
1303644643788288001
1303647072546156544
1303648076972859392
1303649356629843968
1303649662927335425
1303651400237436931
1303652238108356608
1303653015354847246
1303653076826550273
1303653530104930304
1303654479485636610
1303655100364328960
1303656942125092864
1303657854465966080
1303657871167680517
1303658817234833408
1303659428412100608
1303659904658538498
1303661793793974273
1303661926342328321
1303664452961595392
1303664673192112129
1303664841006211073
1303665211031859200
1303666567037816833
1303667818488123393
1303669513351819264
1303669652216852482
1303669958463938560
1303670216271040513
1303670531682643971
1303670977814048770
1303671144482996230
1303671201060007936
1303672001500905473
1303672512413396992
1303673154921992192
1303673364112904193
1303673897942876160
1303674528741183488
1303674530402103299
1303675057974267904
1303675111267069959
1303675450951192576
1303676368987844609
1303676479390322688
1303677562774851584
1303677619116945414
1303679548450537474
1303679725206896641
1303680143488094209
1303680148164796419
1303680171086671877
1303680242561712129
1303680854049386496
1303680938593980416
1303681276474544128
1303681980555501568
1303682293735796739
1303682389684748288
1303683099771965440
1303683307482288131
1303683705710555138
1303683739520831488
1303684811433934848
1303685018720534531
1303686447053111297
1303687325206093826
1303688002611408899
1303688094114369537
1303688396460752898
1303688532347805702
1303688738111983616
1303688792377884673
1303689129872551936
1303690133624041473
1303690166184312834
1303690854725541888
1303690879216103425
1303690880277241856
1303690893153710080
1303691217570541568
1303691622144712704
1303691874000138242
1303691903611949056
1303691995571982338
1303692019827486727
1303692464608481281
1303692634330988544
1303693026368409600
1303693836959600641
1303694363176898560
1303694649857462273
1303694652541997058
1303694762906660871
1303694860680073217
1303695164318322688
1303695178461573120
1303695249529765888
1303695504023474177
1303695580531744770
1303695954269351936
1303695957125746691
1303696055016525829
1303696569364086785
1303696579103264768
1303697470199914501
1303697557445652485
1303697963601014791
1303698339402338304
1303698371899789313
1303698385967493122
1303698500409057287
1303698948721455109
1303699473831469056
1303699872735002625
1303700953498112004
1303701321686691846
1303701882154684416
1303702353477079042
1303702717819387904
1303702747846508553
1303702783116402689
1303702978067660802
1303703413994270724
1303704057115299840
1303704800450744321
1303704993065848833
1303705116197949441
1303705154756186112
1303705242278809600
1303705655426142208
1303705949769740292
1303705992056786945
1303705997404524544
1303706366994010112
1303706593868087299
1303706631365103622
1303706727624445953
1303706983720251393
1303707642867580928
1303708292431187969
1303708428280492032
1303708506260987904
1303709854771617793
1303709951987200004
1303710145013309446
1303710169805852675
1303710380875747336
1303710407526293505
1303710680219082752
1303710738326925314
1303711186152808448
1303711186693824512
1303711477145141249
1303711894331564032
1303711983926157317
1303712944396607488
1303713052056072195
1303713134365028354
1303713346483556357
1303713488708263936
1303713749552037889
1303713800814759937
1303714134354276355
1303714616086757381
1303714654703808514
1303714867048837120
1303715345279090696
1303715773001666566
1303716687674576897
1303716834785529857
1303717057305874434
1303717300428775430
1303717479466889222
1303717559330627585
1303717685889556480
1303717877283991554
1303717943214305280
1303718411541901314
1303718571432980482
1303718602697302018
1303718704430157825
1303718829663629312
1303718931480403972
1303719107083276288
1303719224276287488
1303719380543561728
1303720302262792193
1303720314279546886
1303720860705058816
1303720861443203072
1303720970784514048
1303721010869530627
1303721072353636353
1303721091014316032
1303721531764342784
1303721913907392512
1303722145202221056
1303722576401833984
1303723105542647809
1303723377073422343
1303723489308880900
1303723744209375235
1303723973050597378
1303724722119729153
1303724851794980864
1303725604739731456
1303725705101029392
1303725745450233856
1303726047331069954
1303726375287754752
1303726711100538881
1303726723180253188
1303726989820518401
1303727014776573952
1303727383980187649
1303727593234067457
1303728388293754888
1303728484779544576
1303729184670388224
1303729385367797770
1303729880194973696
1303729955654770692
1303730467141832705
1303731024271208448
1303731144479907842
1303731145998241792
1303731919448805376
1303732358340894720
1303732399474262018
1303732464976908288
1303732848910839808
1303732909858271234
1303733069095075840
1303733883603648512
1303733943062192132
1303734435762909184
1303734762364899334
1303734868636041216
1303735100304052227
1303735162669334535
1303735472485695489
1303735871196352512
1303735973042323459
1303736188751220737
1303736198331064325
1303736243033911303
1303736305864585216
1303736411032616961
1303736744681058304
1303737241085390848
1303737450171375623
1303738577172402176
1303739176446287872
1303739208402690048
1303739370453831685
1303739722884427777
1303740395998851074
1303741575248384003
1303741762352091136
1303741981621981186
1303743370800627713
1303743721440260096
1303743752020856833
1303744093152063507
1303744309213224961
1303744564512030721
1303745190356754432
1303745846509535232
1303745965703204864
1303747650341294081
1303747895888240640
1303748388794454017
1303749316809551872
1303750845272653827
1303751054140604416
1303751100735066119
1303751271220944899
1303751271271354370
1303751304666394626
1303752350679654409
1303752898627731458
1303753474476322820
1303753809550864386
1303754636428562441
1303755052910178305
1303755097655193603
1303755100289216514
1303755106912014338
1303755170145280000
1303755185668399105
1303755421841317890
1303755669582077961
1303755992635764736
1303756302028546048
1303756442915266563
1303757606255722496
1303758887082962944
1303759390458163202
1303760258939191300
1303760363561906177
1303761145971568641
1303761192587071489
1303761520443224066
1303762075508973573
1303762433853489153
1303762634588725248
1303763496790896640
1303764368535023621
1303765051426451456
1303765312697970691
1303765327516401664
1303765632568225798
1303765881022025729
1303765985481031683
1303766183112577032
1303766910132195338
1303767097709940737
1303767222385508352
1303767285295972360
1303767357546999808
1303767509909352448
1303768211381518336
1303768279664783360
1303768397830934533
1303768489791029248
1303768499144228864
1303768653964472321
1303768758704574470
1303768922055938053
1303768981099212802
1303769332779016194
1303769489029423106
1303769636840845312
1303769837483819010
1303770023530565632
1303770643893108737
1303770769294581760
1303771014455791616
1303771239392194560
1303771709951139843
1303771773473820680
1303772344616448006
1303772662360141829
1303773920395313152
1303774290475655170
1303774689597284352
1303774885953638400
1303775275608616963
1303775881094148096
1303775929358053376
1303776264432562176
1303777047739686912
1303777053850902531
1303777165989773313
1303777244746260481
1303777448400760834
1303777448874651649
1303777695210242048
1303777697403777024
1303777758137454592
1303777797723377674
1303778000060768258
1303778018532495360
1303778598973833225
1303778731027202053
1303779069734117379
1303779243009224707
1303779943856459779
1303779960017031168
1303780893278994435
1303780898480033792
1303781367579320320
1303781447166238720
1303781470188777472
1303781565630119936
1303782001846161409
1303782029008482304
1303782109576916992
1303782351139463170
1303782362853990400
1303783064338944001
1303783108513234945
1303783446561595392
1303783807062102024
1303784503651991557
1303784840911872003
1303785246253551618
1303785247029501952
1303785249114030089
1303785249302695936
1303785357411000327
1303785517155332096
1303785649812705280
1303786251967897600
1303786804789772289
1303786837757100032
1303787176312930314
1303787641314447360
1303787734264426497
1303788839073452034
1303788985056190465
1303789019956785152
1303789020179292165
1303790638865973248
1303790679169159169
1303791115364110337
1303791150726369281
1303791197048262659
1303791494692851718
1303791857651126276
1303792756754731010
1303792797112172544
1303794427459260422
1303794494123503618
1303795346074632197
1303795358842183681
1303795817300594688
1303795941665800194
1303796157844467712
1303796345111707648
1303796749287518216
1303796781420032000
1303796997678391296
1303797036408623105
1303797081363173377
1303797547769761792
1303797940675371009
1303798460257312769
1303798652343930882
1303798914978656256
1303798977100382208
1303799074878033920
1303800630071513093
1303800744353705985
1303800876163837953
1303801066316857346
1303801099837562881
1303801480000962560
1303801602982068225
1303802858358353930
1303802865786462208
1303802904164392962
1303802979712200706
1303803625349828618
1303803885388206080
1303804134521532416
1303804166570151936
1303805135198580736
1303805575508230154
1303805591354253314
1303805891192467460
1303806384287281152
1303806919459647488
1303807311006380032
1303807896002551808
1303807914721906693
1303807951161958400
1303808251226710016
1303808269895561216
1303808590378078210
1303809143246123011
1303809365816872962
1303810016512802821
1303811125155422209
1303811243749318657
1303811446992666627
1303811669072777217
1303811669114617856
1303811669844307968
1303811677109063681
1303811677817835521
1303811890502668289
1303811956965552128
1303811981196042243
1303812938092949504
1303813031260979207
1303813254892916742
1303813554676604928
1303813656346583049
1303813736877240320
1303813821899968512
1303814453029474306
1303814601293918208
1303814888352083971
1303814940671660033
1303815132234080259
1303815179138981888
1303815445317779456
1303815445435363328
1303815459746140162
1303815524737056768
1303815687908007937
1303815690374316032
1303815737404993536
1303815764936396802
1303815814152421380
1303817126277525505
1303817803519135749
1303817882858672138
1303817974642507776
1303818137536692226
1303818141529780238
1303819331013353473
1303819466845884416
1303819859248263177
1303819946686906371
1303820366314385413
1303820477178228737
1303820564059037697
1303820612998029313
1303820940938227712
1303821498424201216
1303822149015269376
1303822742031007744
1303823402252357632
1303825736973852678
1303825871577509889
1303825981350834181
1303825986455244801
1303826424923656192
1303826488391872512
1303826570008821762
1303827245224480768
1303827525412544514
1303827926442487815
1303828035985121280
1303828056004591618
1303828169334706176
1303828429964488705
1303828503767511040
1303828545744113664
1303828574999392262
1303828694570590215
1303828930537893893
1303829426417709056
1303830543671259136
1303830574772162561
1303830642287874048
1303830650517098496
1303830717269520385
1303830795522650114
1303831284272246785
1303831550287511552
1303831850532712451
1303832409985687552
1303832871057133569
1303833035880706050
1303833160438906883
1303833397568188416
1303833520637382657
1303833953971965952
1303834556286545921
1303834578793238528
1303834898474520576
1303835204033949700
1303835224703479809
1303836548715208706
1303836583410327552
1303836622576910336
1303837403258523649
1303837558015746050
1303839146880966656
1303840096978792450
1303840380853592064
1303840618808999937
1303840885830975488
1303841234159632385
1303841490565816321
1303841828232454145
1303842175088820224
1303842512692539392
1303842548356722693
1303843239439417344
1303843656546365440
1303843756932763648
1303843796384448512
1303844892188311560
