1399516040325967875
1399516047837966336
1399516049356193794
1399516060265725952
1399516069774213120
1399516094570762245
1399516185948004353
1399516192050610178
1399516233435844612
1399516251647582208
1399516290402996226
1399516334120177667
1399516363715137540
1399516406794838020
1399516542539337733
1399516551087284228
1399516558922293248
1399516570125225987
1399516610700873729
1399516612563288068
1399516658679562240
1399516689536933891
1399516717148250126
1399516719610097665
1399516840414547974
1399516849851842560
1399516899445194752
1399516950431207426
1399516997441011714
1399517038519988226
1399517049479651331
1399517336403599366
1399517505287241737
1399517601353641984
1399517788809711621
1399517987158249475
1399518027025158145
1399518042787303427
1399518050274140160
1399518183183298562
1399518281401241600
1399518304520134656
1399518416000671746
1399518441598509057
1399518687221198853
1399518716015091713
1399518785493737475
1399519029224738817
1399519041153339399
1399519063202746370
1399519212998172672
1399519231729930242
1399519248737783810
1399519339355807747
1399519485934116866
1399519735822225409
1399519799538073601
1399519802515988480
1399519842420637696
1399519872615391233
1399519875312148484
1399519918371053581
1399519928034762758
1399519962746740737
1399520011430076417
1399520068665552897
1399520111233585157
1399520145249275905
1399520167881842691
1399520179638484994
1399520206180003848
1399520236232220673
1399520240258662402
1399520365961953287
1399520367857831941
1399520442155782144
1399520543355904001
1399520552197427201
1399520741784264710
1399520770469109761
1399520774428446721
1399520815067115528
1399520839268061188
1399520855147880448
1399520857102372866
1399520859107250176
1399520906922364931
1399520909443096583
1399520971531358211
1399520997653499904
1399520998207201284
1399520998525964290
1399521038577410048
1399521089965920259
1399521170349867013
1399521219444199425
1399521255305449479
1399521306496978946
1399521346405769217
1399521351224922118
1399521491243388928
1399521501397884930
1399521684017799171
1399521772723130370
1399521784249163780
1399521821897207811
1399521852167499779
1399521872484700163
1399522089921568770
1399522163602886657
1399522336488013830
1399522360454266880
1399522368381501441
1399522372386951168
1399522544416395272
1399522770137104387
1399522846154629121
1399523011951222790
1399523043391807492
1399523105329065985
1399523179958317057
1399523183519281154
1399523205631643651
1399523248044449792
1399523278432215043
1399523341980082179
1399523414684090371
1399523446095331329
1399523452063817730
1399523453930131458
1399523476235558912
1399523478349533190
1399523590912057348
1399523599267020802
1399523601083092995
1399523626806882304
1399523675091701768
1399523713716994051
1399523759158136836
1399523814225162241
1399523848412925954
1399524016097054721
1399524047684308994
1399524083742740482
1399524126222585860
1399524152525086720
1399524180157206530
1399524223333322757
1399524346226429954
1399524376400236551
1399524648967147521
1399524675106000896
1399524809457946625
1399525094679007237
1399525102132289544
1399525117844144128
1399525373168295937
1399525416939950081
1399525451144613889
1399525511806783489
1399525513220218882
1399525546627944450
1399525560716566537
1399525643826642951
1399525762311593984
1399525784839241730
1399525856079495173
1399525885473132548
1399525895594033163
1399525967266205696
1399525972219736067
1399525994483040259
1399526084824141824
1399526086489350145
1399526163945603074
1399526244241268741
1399526284603105285
1399526333911388163
1399526422704709635
1399526610114646022
1399526669501841411
1399526750728687616
1399526837529858052
1399526928202207233
1399527029364727810
1399527045567291396
1399527127930785796
1399527135354789888
1399527139809140737
1399527155340566535
1399527183891288064
1399527224802414593
1399527317693779968
1399527341848662016
1399527346508603393
1399527370399358976
1399527505036558336
1399527520278614019
1399527557918347278
1399527573823049737
1399527846306095105
1399527972428730373
1399527975356338184
1399527976581177348
1399528119053152257
1399528156730695681
1399528205393010694
1399528260204171264
1399528505029894145
1399528720898142212
1399528845221498882
1399528945570271233
1399528959407276033
1399528968219398147
1399529063828570112
1399529074402471938
1399529094203817984
1399529134443962370
1399529163531431937
1399529234251620357
1399529288974561280
1399529433808179204
1399529497746153474
1399529516834361345
1399529597490896896
1399529681968316416
1399529742596988934
1399529786045833218
1399529889859002375
1399529899535314946
1399529911765946374
1399529983631110145
1399530034860331008
1399530047409639426
1399530055659921411
1399530069450764290
1399530117492318209
1399530166523662336
1399530175675744259
1399530193799241730
1399530226963595266
1399530361416261637
1399530560960270339
1399530628949884931
1399530661736857609
1399530723309129731
1399530798144004097
1399530808118071303
1399530871812771840
1399530937768108032
1399531081016172547
1399531140768141312
1399531140931756032
1399531146589966346
1399531236289400840
1399531411204460544
1399531462500696067
1399531498269782019
1399531658961899520
1399531754894077955
1399531764746444808
1399531901543542784
1399531925652525057
1399532041578987521
1399532090883031040
1399532132519776257
1399532136370212866
1399532208663240713
1399532251403145217
1399532257254297601
1399532322093928464
1399532357829468162
1399532476691894275
1399532572913422338
1399532605821882368
1399532612511617033
1399532655985692672
1399532723354669056
1399532763380912128
1399532801846820866
1399532845882908672
1399532861103947776
1399532870792851457
1399533075659362308
1399533120760782858
1399533129539465219
1399533303422754817
1399533329117069313
1399533347945189378
1399533393403072517
1399533462009360390
1399533478429954048
1399533489016410117
1399533515872649217
1399533518783401986
1399533586781442050
1399533593064579072
1399533644109254661
1399533665923829763
1399533822899802116
1399533872858243080
1399533892605026308
1399533920501305345
1399533955196624897
1399534006098665472
1399534032380174336
1399534089284337665
1399534158985183236
1399534174499901444
1399534263289225221
1399534456097099781
1399534517065596930
1399534530143399936
1399534548711620610
1399534557645398022
1399534571310530564
1399534721827315715
1399534754987450370
1399534778383282176
1399534819449749506
1399534961196093440
1399535019018829827
1399535020654710784
1399535221264031747
1399535242843725824
1399535247914586120
1399535251643416577
1399535547140481024
1399535556107943937
1399535580040544259
1399535619316105217
1399535680754180103
1399535701218283520
1399535811926839296
1399535817035554819
1399535921201127425
1399535990268702722
1399535997055082504
1399536015715573767
1399536127346892803
1399536172234383362
1399536247371087873
1399536377960833028
1399536428745474048
1399536437867909120
1399536487474110464
1399536641589628928
1399536812746547200
1399536840680558600
1399536903951630336
1399537097128787977
1399537152363577347
1399537178837884930
1399537218109296649
1399537256071929860
1399537395821858822
1399537472795729920
1399537550855974914
1399537779172954114
1399537799418847244
1399537811636862978
1399537843047915520
1399537933141610499
1399538002297298947
1399538031292473345
1399538045075050501
1399538098334273537
1399538129623715841
1399538266341359618
1399538421757054977
1399538602917433346
1399538630432018437
1399538688703537156
1399538699159932931
1399538718134915072
1399538968891432961
1399539069026291713
1399539167990796290
1399539188287086592
1399539196646281222
1399539204246343683
1399539242125213697
1399539344558411777
1399539351676239881
1399539355170058240
1399539364976283648
1399539372144349185
1399539420622098432
1399539474326081539
1399539545499181057
1399539554059759624
1399539674159501315
1399539778694041602
1399539848252362752
1399539934369927170
1399539955207217153
1399540042012545026
1399540069980069899
1399540112145457153
1399540219716804611
1399540225735630850
1399540371751899137
1399540414298927115
1399540419722088455
1399540500634472449
1399540612324593664
1399540612442038277
1399540741584654337
1399540755417473024
1399540788112105474
1399540839114752000
1399540962918125569
1399541020098846724
1399541029301272581
1399541079024803840
1399541105570443266
1399541106623275011
1399541115494318083
1399541172461264897
1399541196364693508
1399541217130475522
1399541246700498944
1399541337180061697
1399541441823657988
1399541444625453057
1399541485138239490
1399541497436033031
1399541551005585410
1399541666445471748
1399541965256077322
1399542027293954052
1399542032448827392
1399542036978536448
1399542037825921034
1399542057761394695
1399542130486489095
1399542142138257409
1399542155715153923
1399542254356865024
1399542589607579648
1399542617013108738
1399542702010687492
1399542707471720448
1399542715885527040
1399542768196796421
1399542866641395713
1399542954528755713
1399542969535959047
1399543030047248387
1399543090109726724
1399543098670211073
1399543228064534531
1399543296242995210
1399543298293907460
1399543329176576000
1399543334402727940
1399543370788265986
1399543393307578369
1399543413394006018
1399543425704378377
1399543491663912960
1399543523758718978
1399543597867974658
1399543600350961682
1399543646932905986
1399543697088393219
1399543706554834944
1399543815887896578
1399543858200035330
1399543930006482945
1399543932560756736
1399543995668353025
1399544094754586624
1399544110072184832
1399544178229628932
1399544185502449666
1399544237868388354
1399544257128681472
1399544325843865601
1399544441606742017
1399544479670059009
1399544523202641924
1399544586490499075
1399544610083512320
1399544679155343360
1399544695672520706
1399544752022953988
1399544755621613568
1399544774797967361
1399544852883386371
1399544852984086530
1399544939449569280
1399544988028047363
1399545057112465408
1399545184904486918
1399545201471991810
1399545201887223817
1399545205141946369
1399545213983543306
1399545273765044225
1399545276671606785
1399545288189173760
1399545321861091331
1399545391289454598
1399545483132030976
1399545488995717121
1399545542464638978
1399545638472368138
1399545672681111553
1399545694730473472
1399545789245014025
1399545793179234308
1399545834644123649
1399545918874128386
1399546027158511620
1399546034045526018
1399546059458629632
1399546165595623426
1399546193626140676
1399546241160204291
1399546252405137408
1399546317966393344
1399546395808440320
1399546492608815105
1399546508207431684
1399546554911019010
1399546595545391110
1399546662100606980
1399546683248238598
1399546694887522305
1399546710528081925
1399546836508151811
1399546922634035201
1399546941579706370
1399546983807913986
1399546986148339714
1399546989273128960
1399547005265797122
1399547018519920640
1399547087537246210
1399547155568791553
1399547327115759620
1399547415154368513
1399547433357615104
1399547445705650179
1399547513758158849
1399547562638651393
1399547634981953536
1399547655576076288
1399547734684835840
1399547753005473795
1399547832349212672
1399547877484023811
1399547896014508035
1399547915174023171
1399547916990267397
1399547917929693185
1399548085727023104
1399548194896367618
1399548243613208579
1399548398735347724
1399548418561871878
1399548484357918727
1399548538124599300
1399548563374317574
1399548596782080003
1399548639933091843
1399548679074336768
1399548739300233217
1399548745071661056
1399548894724472834
1399548907806470145
1399548941721559043
1399548976588800000
1399549032905781253
1399549093131792386
1399549174031474695
1399549177416278016
1399549195158233099
1399549298967199744
1399549321431953413
1399549329019375618
1399549393351684096
1399549412842610689
1399549421898059778
1399549521538031622
1399549601389203456
1399549607093415943
1399549671798882307
1399549723036602374
1399549745719398404
1399549776853667840
1399549851436728320
1399549855819833348
1399549979996348416
1399550015950016520
1399550120706838528
1399550204593029122
1399550255876689922
1399550337791447040
1399550395727364099
1399550419962155009
1399550571288436738
1399550673260318720
1399550771872550912
1399550798141571072
1399550825735852035
1399550835030437893
1399550870698799107
1399550918690025473
1399550934066384897
1399551017239330818
1399551061124423683
1399551101763047424
1399551143659905025
1399551184143360003
1399551278812909570
1399551311927037955
1399551313709617152
1399551442101362689
1399551639112069120
1399551660532379652
1399551678534279173
1399551700160192517
1399551767973662723
1399551795903488000
1399551814425526276
1399551894423494657
1399552034278457351
1399552249517461504
1399552286825848832
1399552421202911232
1399552670969602048
1399552689797742602
1399552733686947846
1399552772140318731
1399552786057117697
1399552886053429249
1399552986955890695
1399553022188048387
1399553027808301060
1399553085035401217
1399553085958144014
1399553117725790209
1399553171018616835
1399553212651294720
1399553293026828289
1399553379295191050
1399553392532463618
1399553404452720647
1399553510967021571
1399553557771259905
1399553789045190663
1399553789560954883
1399553821362331648
1399553845072646146
1399553888085233664
1399553919613812736
1399553933304029190
1399553939360653312
1399553992473075714
1399554054397825026
1399554083338559492
1399554247180656650
1399554431021092868
1399554435311935489
1399554449622847489
1399554474029498373
1399554531306967040
1399554552676954112
1399554616212217857
1399554751692525571
1399554778284371975
1399554847662346242
1399555001090023424
1399555079653441539
1399555265649909762
1399555367630217222
1399555506084225033
1399555574224785415
1399555615287123971
1399555627786117123
1399555662812790785
1399555752591831041
1399555771462033409
1399555964479676416
1399556060919238658
1399556124626595844
1399556188983939075
1399556195308953602
1399556260404596737
1399556324212580357
1399556467745869829
1399556656426622976
1399556805727035396
1399556876052934658
1399556980679790593
1399557026515197956
1399557059771777029
1399557063026556932
1399557081468899330
1399557169800962052
1399557201199603713
1399557209374220292
1399557265934454784
1399557297291120645
1399557518628687874
1399557657640452097
1399557713240248328
1399557828688285697
1399557871180914689
1399557871461965834
1399557972150439944
1399558166883545094
1399558174731030529
1399558332101373952
1399558434211696640
1399558475122937856
1399558498057396226
1399558524254949378
1399558532211560458
1399558597512777732
1399558616064143364
1399558616793980931
1399558722159058946
1399558793671946243
1399558821505245189
1399558891579584512
1399559001084465152
1399559151643148289
1399559192281747461
1399559206731124744
1399559280899022850
1399559308002615298
1399559447740141569
1399559557576335365
1399559572797415426
1399559600853159936
1399559713512169475
1399559922363293696
1399560057721868288
1399560099232993280
1399560118186938370
1399560123157200899
1399560138739093504
1399560202802847753
1399560247321169922
1399560266191413249
1399560410949468162
1399560439483219969
1399560581309472771
1399560654445494276
1399560878303940609
1399560911539613702
1399561086404153345
1399561087176085504
1399561089554300928
1399561143648018432
1399561215215611906
1399561242331676673
1399561255686488066
1399561268327948289
1399561290138406914
1399561299076526083
1399561437987627012
1399561446334345216
1399561515074789376
1399561591008501762
1399561777059438594
1399561849356554244
1399562022900191232
1399562118349963265
1399562251376472064
1399562374173102087
1399562565613764613
1399562686103490560
1399562721201373186
1399562830991527939
1399562990068830217
1399563026739646464
1399563148739452930
1399563331757875201
1399563391660920833
1399563430810554369
1399563470182440960
1399563555700158466
1399563556903923713
1399563593499164674
1399563609718538240
1399563843303530496
1399563854611369988
1399563913272954880
1399564280647897089
1399564367335723013
1399564368304644096
1399564388579917824
1399564538735906826
1399564607782588419
1399564945084321794
1399565091192938496
1399565108741873665
1399565147446951944
1399565369141088258
1399565372215500807
1399565785203314695
1399565894519595009
1399565924555005952
1399565984273514496
1399566114267467776
1399566313547259906
1399566443834916867
1399566580720222214
1399566584876867587
1399566686475407362
1399566689679953928
1399566822018519042
1399566870320140292
1399566990235344901
1399567227171528706
1399567253306216454
1399567379395383297
1399567585172152324
1399567638527938561
1399567643305259009
1399567674833833984
1399567939020464128
1399568008322990083
1399568214657490945
1399568221112573952
1399568397839613952
1399568531151372294
1399568629310627843
1399568792334880768
1399568874316746752
1399568922953883653
1399568937168297984
1399569069171515394
1399569139438604296
1399569436504375299
1399569788867952642
1399569958493904905
1399570133430026243
1399570395972386819
1399570501924687872
1399570671852732420
1399570817491550209
1399570853545840642
1399571095657791493
1399571306270560256
1399571339141431296
1399571425816723460
1399571478329368576
1399571786451271682
1399572046590484480
1399572056249974785
1399572271769997315
1399572664222629888
1399572760897196034
1399572814060044290
1399572821672710144
1399573094541451265
1399573464986554369
1399573515355967488
1399573773217669125
1399573797452369927
1399573910551736324
1399573949084803072
1399574131067211777
1399574155692019718
1399574160540635138
1399574243487240196
1399574311397052422
1399574312491753476
1399574479001501699
1399574504175722496
1399574606428753922
1399574866207125506
1399575023107645444
1399575101583118341
1399575118691672065
1399575165894340609
1399575170977775616
1399575243585376256
1399575429804085249
1399575682099953665
1399575974044389376
1399576094249005059
1399576212926877696
1399576235836125187
1399576343042473992
1399576358058135555
1399576781603102720
1399576844123451392
1399576854407876609
1399576892534145027
1399577053037539328
1399577203210399751
1399577219819884544
1399577846511714304
1399577867122511875
1399578127559532545
1399578631714836482
1399578772916129793
1399578975417028610
1399579299657756673
1399579633264234496
1399579647780835332
1399579904941998082
1399580193837273093
1399580243241930754
1399580314511499264
1399580520904802304
1399581115623559168
1399581125186576388
1399581520143151107
1399581540141707266
1399581675634429954
1399582615380836352
1399582640739586048
1399582645286223881
1399582753037901825
1399582876488830976
1399582974568452097
1399583057720586241
1399583084111147012
1399583987291639810
1399584233102905344
1399584330658234369
1399584541656895491
1399584773870428169
1399585124786884614
1399585371160207364
1399585588202946561
1399586001387986946
1399586073009963009
1399586089371897859
1399586398575923202
1399586557804285952
1399586563114274817
1399587459126673408
1399587587552120833
1399587769672998912
1399587952624340992
1399587972492713985
1399588155578277890
1399588501583245313
1399588626372104194
1399588882400911365
1399589301688668162
1399589709635067906
1399589912035221504
1399590167703437317
1399590201312350208
1399590287090008066
1399590985215221760
1399591152794357763
1399591259073830914
1399591538997354499
1399591719625240578
1399592058944331778
1399592328751464453
1399592339094577153
1399592346879250435
1399592775314706432
1399592795501961217
1399592994257440776
1399593437008175107
1399593509859041280
1399593690520240132
1399593735109976069
1399594304746704898
1399594698491244546
1399594747224858632
1399594897431224325
1399595004784517127
1399595650086490117
1399596604542308354
1399597394321367040
1399598046275588096
1399598188210839552
1399598353965592578
1399599375521832960
1399599379930128388
1399599795757531136
1399599885326991365
1399600542050144256
1399601196567040000
1399601481024782338
1399601894092414977
1399602237173817346
1399604846425219072
1399605378447548418
1399606144562122753
1399606638219124740
1399606641704595461
1399606664265801731
1399606960496971778
1399607424688922627
1399607865611010048
1399609170907762688
1399609292194414594
1399609466371334145
1399609708839800834
1399610421489831942
1399613571517067270
1399614853162192899
1399615889910255617
1399617041238212608
1399617070602543104
1399617125975789570
1399619251716173826
1399621571241779203
1399621749390692353
1399621850506932226
1399621949974777863
1399622467962933250
1399623171729506305
1399623599124779010
1399624963041136640
1399625114409443329
1399625135603306500
1399625136685391873
1399625194260545538
1399626125773578244
1399626330296225793
1399626336759656451
1399626606910611458
1399630875810222080
1399630876921810944
1399631430225965056
1399631817318166537
1399633069636792320
1399634698389819393
1399636837342269440
1399636943915335682
1399636965344038913
1399637339144556545
1399637604497334272
1399637654833188864
1399639189554085888
1399639360425824256
1399639406269579268
1399639705386467330
1399640618847117313
1399640930026758147
1399641101808640000
1399643383270891523
1399645590548537344
1399648742521847810
1399649220450209797
1399654981662347265
1399655724913991680
1399655804094058498
1399656968592138246
1399657880568147970
1399658258240053249
1399658455544303616
1399658814568386560
1399659252990439428
1399659587486224384
1399659845897359360
1399659846799179777
1399660465521938435
1399660522178498560
1399660674641502208
1399661409856806916
1399662630000857088
1399663003465916420
1399664063454584838
1399664115560464384
1399664204639002626
1399664430393212932
1399664462995628033
1399664517890514946
1399664751374909445
1399665073711374339
1399665322777526274
1399665598892843009
1399666788036710405
1399667038889512961
1399667717817442305
1399667815544655874
1399668048429305858
1399668083007098881
1399668091353714691
1399668150464024576
1399668492606087170
1399668598336102400
1399668829106606083
1399668841140178945
1399669386072440832
1399669844950216706
1399669966144692225
1399670082175913984
1399670159212699650
1399670165537689602
1399670817449992192
1399670823254999041
1399671255918329858
1399671766885224449
1399671947554852867
1399672002961723394
1399672176454811649
1399672485470146560
1399672907954073602
1399672930032885762
1399672963063029760
1399673125822996481
1399673208102703105
1399673316512833536
1399673375094620161
1399674584769515520
1399674586124464131
1399674613630701568
1399674912743297025
1399675087612268550
1399675301773418497
1399675753134952448
1399675839881564162
1399675913516711944
1399676241586921473
1399676411582025729
1399676509732978688
1399676714683453445
1399676835928195076
1399676844161605635
1399676921991073792
1399677113268068354
1399677754602409986
1399677966003716101
1399678005023166469
1399678241812647936
1399678354337505281
1399678364290519043
1399678517076451330
1399679260990840838
1399679553669373953
1399679583092359169
1399679595671064576
1399679626482356224
1399679721835802624
1399679938312212482
1399679995484717056
1399680000249450497
1399680001662914560
1399680089768538117
1399680244991283202
1399680443750957060
1399681014868365312
1399681077514543105
1399681568755572738
1399682061426958340
1399682136668442627
1399682139671732231
1399682140988600326
1399682141332684800
1399682166733348864
1399682168561995780
1399682246873862146
1399682284719124480
1399682383767650304
1399682400255365123
1399682499429666819
1399682512360722435
1399682627494350852
1399682942130135049
1399683067900481536
1399683211123384321
1399683533636055043
1399683595665657856
1399683607648735234
1399683662426345475
1399683670802370566
1399683709859663872
1399683792076521474
1399683799382888450
1399683822141255680
1399684194557743106
1399684564507717634
1399684857958121480
1399685414978457606
1399685525917863939
1399685710840479745
1399685745674178561
1399685909008769025
1399686074914516992
1399686255076687872
1399686264836796416
1399686266845868033
1399686294020792321
1399686475906756613
1399686536447377410
1399686618852859905
1399686696669749249
1399686881001066504
1399686927306018816
1399686938597249024
1399687060399689735
1399687119019315201
1399687389388345345
1399687665218428931
1399687751587483651
1399687753923694592
1399687909641445376
1399688070002200578
1399688216127672323
1399688434617405443
1399688694311780361
1399688753367683074
1399688782618705927
1399688911908184065
1399689563992363011
1399689577196048388
1399689597978923008
1399689646003601408
1399689656946544643
1399689696213704712
1399689722906263554
1399689809094926337
1399689874983194630
1399689876979818499
1399690156991561730
1399690210473136129
1399690397551636485
1399690405088800768
1399690446750760962
1399690483476189184
1399690729811763200
1399690901056806916
1399690965422690307
1399691023035645952
1399691090903457794
1399691138034978820
1399691362115674117
1399691406894063616
1399691409616162817
1399691594727661568
1399691601564377090
1399691613262200838
1399691668048302080
1399691943349829633
1399691977453625350
1399692087029866503
1399692137038585863
1399692143753678854
1399692155824787457
1399692214268272643
1399692242701459458
1399692246656733184
1399692269586952193
1399692294744330245
1399692322544173060
1399692358652997635
1399692361039597573
1399692504912564224
1399692733346947073
1399692750703022084
1399692785221996547
1399692873407373313
1399692885012922368
1399693005489991685
1399693222721593344
1399693303243751434
1399693397506600963
1399693417337196544
1399693458521001987
1399693584085966852
1399693599135125506
1399693607515430913
1399693671243583493
1399693672803975169
1399693884133982209
1399693914412572673
1399693970549116932
1399694074458873857
1399694144763842561
1399694152120549377
1399694314142420993
1399694341124284419
1399694680539942912
1399694716925526016
1399694724957626370
1399694776879005701
1399694857040326662
1399694862895796228
1399695060871045121
1399695121038430214
1399695149773512705
1399695257718210563
1399695267679674376
1399695359891365890
1399695463796838403
1399695552514871296
1399695619346866176
1399695632042975234
1399695736460255235
1399695882451394560
1399695894237397001
1399695897504714752
1399696210848628745
1399696311570554884
1399696361205927942
1399696384224284676
1399696397918744582
1399696614059646981
1399696739871907840
1399696776949551110
1399696846822330369
1399696857438121989
1399696870113308674
1399696894264283144
1399697076187971586
1399697115203489796
1399697125454270464
1399697235064012804
1399697235781242881
1399697240210481154
1399697284615397377
1399697505802203136
1399697786933854208
1399697819229900802
1399697853463896064
1399697873541996546
1399697934657150978
1399698034313814027
1399698090127462404
1399698267818979331
1399698315504201735
1399698380025171969
1399698470592733186
1399698488674471939
1399698489056051202
1399698571369254914
1399698651249877000
1399698793122222080
1399698834419290114
1399699017211301891
1399699094503936004
1399699111402782721
1399699228880998403
1399699233540874242
1399699375765479427
1399699439590285315
1399699555063640066
1399699559983484929
1399699617172836354
1399699750299918345
1399699755387731970
1399699803236442119
1399699827764731904
1399699835385692160
1399699890029142016
1399699995272650757
1399700042739486721
1399700050687692802
1399700170506375174
1399700255613009925
1399700281722613760
1399700293558939652
1399700446076362756
1399700596723179521
1399700607569641473
1399700612284092418
1399700629292044290
1399700638926319619
1399700645716938754
1399700655850274823
1399700662640812035
1399700663521665026
1399700703686299649
1399700721285672960
1399700792517529602
1399700809999433730
1399700883932319744
1399700886172094465
1399701096558432259
1399701278519742466
1399701310992228361
1399701321008271362
1399701500482498562
1399701623354580999
1399701826635710465
1399701846973898757
1399701868960485378
1399701904708583430
1399701948509659140
1399702026213367809
1399702145566400514
1399702155234136076
1399702174221930499
1399702221768605699
1399702241712422917
1399702311774134283
1399702360541347840
1399702401993560064
1399702416249950208
1399702462869786625
1399702470931226624
1399702546630033413
1399702686354845701
1399702710132350986
1399702739005935621
1399702778440790016
1399702868869976069
1399703073128423426
1399703356805898246
1399703383414607876
1399703516013342722
1399703599354204167
1399703639720071168
1399703821392166917
1399704008919597058
1399704034328649732
1399704074174533632
1399704078754762752
1399704108114792450
1399704113781350400
1399704136988475398
1399704189475958788
1399704301149331462
1399704395265228807
1399704398629117953
1399704446838263809
1399704562391465988
1399704758391349258
1399704785276661762
1399704831363850244
1399704852100521985
1399704860631654401
1399704911193989122
1399705002466332679
1399705225481658368
1399705292338864129
1399705687945625600
1399705814349324288
1399705862629908484
1399705869122772998
1399706047791648769
1399706390059532288
1399706401241550865
1399706675884535810
1399706771095175170
1399706809531650056
1399706832889864192
1399706861411127301
1399706939802767361
1399706944672350212
1399707002629148675
1399707141112532992
1399707151870922752
1399707227422920707
1399707397401333761
1399707397422292994
1399707806287138820
1399707902076764166
1399707928752541705
1399707961895829512
1399708048306970626
1399708063800627200
1399708100421160962
1399708126509637632
1399708200946044935
1399708223251353601
1399708304478195712
1399708305174536192
1399708416227086340
1399708449412370432
1399708470287470593
1399708484745183233
1399708506215882762
1399708529406119936
1399708561232515077
1399708572917800963
1399708578336886791
1399708593927208961
1399708595134947339
1399708603599237129
1399708626013634573
1399708678723362817
1399708710587437059
1399708713410301953
1399708784357003270
1399708788169625604
1399708820302147586
1399708842993274885
1399708885557071875
1399709136372240387
1399709172116099074
1399709266949427209
1399709381265133571
1399709389607608324
1399709539453313025
1399709588371521536
1399709701378560003
1399709816457596933
1399709977812647944
1399710082171031556
1399710342054387717
1399710363613073409
1399710396282327044
1399710437302800385
1399710515044171780
1399710606668795910
1399710619281014788
1399710671122714631
1399710721437433856
1399710895509544967
1399710989172588550
1399711040749850628
1399711151647297536
1399711229157969924
1399711269465231361
1399711295063068676
1399711351568834564
1399711375686090760
1399711386150883328
1399711580191870982
1399711653575512065
1399711687918370817
1399711696357298182
1399711702502019074
1399711732038242306
1399711860421808128
1399711899978186754
1399712021705285632
1399712093067165699
1399712116249088000
1399712117951979523
1399712153658134532
1399712293814951943
1399712339151233025
1399712448538628104
1399712756182523909
1399712850474672131
1399713070725873667
1399713088312594434
1399713088350326784
1399713112585015305
1399713124777959432
1399713194243989504
1399713272782274562
1399713293481218051
1399713340541263879
1399713386607357954
1399713423299121155
1399713443381383172
1399713560796839936
1399713614160748545
1399713634368901123
1399713868557996034
1399713875172397058
1399713933032841224
1399713995284791297
1399714031477346307
1399714078277443584
1399714337082822667
1399714395052183558
1399714418401988615
1399714575210196992
1399714579031199744
1399714720941215745
1399714820883111938
1399714889829081090
1399714999937949707
1399715203089059848
1399715353341669378
1399715527484968960
1399715614286045189
1399715696637005825
1399715808515964932
1399716005740490755
1399716033888460800
1399716143577845762
1399716258552201222
1399716276558307329
1399716447644012547
1399716455424348164
1399716461120196611
1399716550622466057
1399716587410800644
1399716703957929990
1399716727332687878
1399716772824207364
1399716903501901832
1399716947026141191
1399716955729371136
1399717075342536706
1399717132724629509
1399717144112345089
1399717199334547458
1399717204258656259
1399717226161356800
1399717245312458762
1399717289616945157
1399717296956919808
1399717365298892805
1399717572908625928
1399717596254121989
1399717694459502593
1399717726726332417
1399717900840325121
1399717976669052932
1399718060563513345
1399718071628148746
1399718111058800649
1399718148178317313
1399718174157910025
1399718183758614530
1399718250196484101
1399718256714321922
1399718385995423748
1399718461073498119
1399718474986016776
1399718642179362816
1399718729475362827
1399719279910662155
1399719283580715011
1399719302010392578
1399719375377256452
1399719415147552778
1399719444742656000
1399719499587362823
1399719523117199361
1399719564099960842
1399719748535996424
1399719755213324291
1399719765736935433
1399719797357699079
1399719871366193159
1399720086588596241
1399720096864653322
1399720127436931075
1399720130263891974
1399720282512924675
1399720314569990162
1399720330277666830
1399720374972125190
1399720393942913038
1399720461169266700
1399720559135674371
1399720654048579585
1399720657848573959
1399720703520292865
1399720782603984899
1399720834072252425
1399720957556707335
1399721014632800258
1399721193448558596
1399721202378227719
1399721284519534602
1399721337946529796
1399721342027681792
1399721582004682766
1399721618927243272
1399721640133545996
1399721666037653505
1399721667610517515
1399721717287768064
1399721831947452421
1399721870304362496
1399721912180170752
1399721992614563842
1399722156641107975
1399722211943067653
1399722215311085570
1399722256230760452
1399722325185073156
1399722348434046985
1399722409796767748
1399722411289939970
1399722604626432005
1399722697152733192
1399722736625324033
1399722796842954753
1399722811539722246
1399722842162356227
1399723087902515200
1399723249622192129
1399723274423111688
1399723299417042946
1399723402840231944
1399723404698263556
1399723413179179017
1399723521169833991
1399723575049850884
1399723596990255112
1399723703139770390
1399723719904350216
1399723732168581123
1399723888553115659
1399723981431791624
1399724148797104128
1399724150005055499
1399724212047253505
1399724231160700933
1399724231215222793
1399724267642687498
1399724435725291522
1399724488015683598
1399724543732764687
1399724578138636307
1399724641271398402
1399724794950696965
1399724821534101504
1399724964325085191
1399724967965700111
1399725008902045696
1399725035045150724
1399725036257394693
1399725041441464321
1399725137541447683
1399725148937281542
1399725176619601920
1399725184244977671
1399725269183864846
1399725292785111040
1399725379120680965
1399725379192041481
1399725389065379843
1399725435219496970
1399725474910191625
1399725530740572167
1399725531088756752
1399725733182951425
1399725830784290835
1399725877475397635
1399725961575337986
1399725984006520834
1399725986988634118
1399726023667814410
1399726081234645001
1399726225275371537
1399726285157511176
1399726405651513345
1399726430615965700
1399726704843792394
1399726772514590725
1399726802910822405
1399726826797375490
1399726893159620614
1399726919877382163
1399726983924305940
1399727116946640903
1399727256071725057
1399727256159797248
1399727262837137416
1399727266003931145
1399727376158834690
1399727436829380609
1399727436913266695
1399727444073005060
1399727473449914375
1399727559772971013
1399727598486360072
1399727614684770311
1399727843454734340
1399727864510038016
1399727936245276672
1399727943077748736
1399728016889204738
1399728032944906248
1399728109910384645
1399728288684199937
1399728438353838084
1399728566640783360
1399728632914919428
1399728639319678976
1399728662371516417
1399728675323535367
1399728703895134210
1399728738758242311
1399728881549123593
1399728900926812161
1399728929368383496
1399728956069269505
1399728983059619845
1399728986993922052
1399728997001568256
1399729017687842820
1399729090085765121
1399729105508130816
1399729148193652738
1399729170570256388
1399729174340947973
1399729279726989312
1399729494945112069
1399729618568028166
1399729683390939142
1399729756011069443
1399729784998043648
1399729842518740998
1399729891344592901
1399730126254919682
1399730173277360130
1399730182911561730
1399730296262729728
1399730505134845960
1399730574575685633
1399730592527310852
1399730717307846656
1399730824573034500
1399730871641513986
1399731062822031362
1399731239121195009
1399731360642830339
1399731374479790085
1399731406931169282
1399731430398337024
1399731802323963909
1399731864424886273
1399732003818426368
1399732040355008514
1399732178041327616
1399732189642870784
1399732241811509248
1399732309998325760
1399732329476730880
1399732598855831556
1399732824698142723
1399732922622648326
1399733106773479425
1399733159231623170
1399733233907027976
1399733448131153922
1399733498458611715
1399733517496557573
1399733545728450569
1399733684526321669
1399733844086079497
1399733874817646600
1399734080854503430
1399734207711219722
1399734292515807233
1399734303274278918
1399734337344581634
1399734357301080068
1399734391119679491
1399734431057956867
1399734443313668103
1399734624599818254
1399734643444883464
1399734675883663365
1399734717495324672
1399734737112080392
1399734737665675270
1399734798277558273
1399734944671449099
1399734955329077253
1399734982277361672
1399734984668237826
1399734994550071301
1399735015940919297
1399735016557453317
1399735024212008963
1399735024556154888
1399735181527879681
1399735192034623491
1399735204827312130
1399735239530979339
1399735254001369091
1399735314495807490
1399735328622223360
1399735332019576833
1399735402920034304
1399735426215260163
1399735426932432899
1399735501419057154
1399735657610756102
1399735722702221316
1399735729652129797
1399735772270501889
1399736048771604484
1399736054375190532
1399736054484250626
1399736251281035265
1399736258746667011
1399736291978272776
1399736296642256901
1399736316129075207
1399736337452969986
1399736470139805700
1399736482907267075
1399736486132649984
1399736562741657601
1399736630450208778
1399736695642365954
1399736738453626882
1399736796104245252
1399736809844887557
1399736957023014921
1399737093283323904
1399737128507031556
1399737151164661762
1399737157380624385
1399737189605548036
1399737352583532553
1399737353019740163
1399737387153084418
1399737398821597184
1399737409001164800
1399737562395254786
1399737616606584833
1399737709028073486
1399737739075981319
1399737900510633987
1399737911340306432
1399737953711267844
1399738070455422983
1399738386668298246
1399738449125593096
1399738473872080900
1399738481849548802
1399738514971955201
1399738619338932230
1399738653493149697
1399738676490375172
1399738679313240065
1399738714868400132
1399738763987795973
1399738901648969732
1399738948243578884
1399739005508464643
1399739226435080194
1399739254188785668
1399739280361103364
1399739416353062914
1399739425253322756
1399739446245965826
1399739478332354560
1399739594342600706
1399739668711854084
1399739674202185731
1399739701955813386
1399740034346008576
1399740059901906948
1399740078503694338
1399740190160211972
1399740378379653120
1399740389846929426
1399740409467871237
1399740496399028229
1399740563935612928
1399740589436981253
1399740623100448774
1399740624077791232
1399740626938302480
1399740647272296448
1399740830651498500
1399740890676035584
1399740912280997892
1399741207383875588
1399741315672379394
1399741355002318855
1399741404469997570
1399741419313680385
1399741469062279169
1399741500062318592
1399741553988435970
1399741644090576900
1399741904619773956
1399741907148939264
1399741938656550913
1399741979295203329
1399741998911963140
1399742011004145669
1399742083804499973
1399742096844722184
1399742113084968963
1399742123696553985
1399742222673842187
1399742303879630850
1399742304299229188
1399742332115861507
1399742522650468355
1399742549909151748
1399742566334185473
1399742673041465348
1399742678485639171
1399742722022518789
1399742754771640325
1399742779857817603
1399742804583137286
1399742882198835207
1399742933130227713
1399742938473771017
1399743052596514816
1399743113137209344
1399743134725193731
1399743268754268160
1399743323695456261
1399743633486647306
1399743701467938816
1399743739644583942
1399743772968296448
1399743805146939395
1399743810578616323
1399743838743314433
1399743870217428994
1399743927196872707
1399744160924585984
1399744166020648963
1399744235541258248
1399744259419426817
1399744295620550658
1399744337651589121
1399744427439046657
1399744451862536195
1399744459701723145
1399744528568012800
1399744568409477127
1399744579872735233
1399744583504904193
1399744697061548034
1399744740954886146
1399744748802486273
1399744781362806794
1399744784449875968
1399744949147652106
1399745148339228678
1399745156862128130
1399745195307114508
1399745254794924036
1399745306187730945
1399745334390185986
1399745391709540353
1399745447502225408
1399745540280274950
1399745542184439810
1399745604734095371
1399745641375535104
1399745730298925057
1399745764180570117
1399745868824297473
1399745881629470721
1399745921395593216
1399746052400553985
1399746093223661572
1399746098701357057
1399746127025553410
1399746133908467714
1399746232877256713
1399746325097373699
1399746454994968582
1399746458715316230
1399746577565208578
1399746583009234947
1399746819408773123
1399746847250464768
1399747142403694594
1399747148040790024
1399747197244223488
1399747199689445383
1399747239153655809
1399747394221260810
1399747444196454405
1399747544608030722
1399747565269229568
1399747594188775425
1399747596781068288
1399747633409835008
1399747735490895874
1399747768743305218
1399748006858080256
1399748107253030912
1399748124596441093
1399748197078212610
1399748200966275073
1399748205408096263
1399748432449916941
1399748457951383559
1399748571784790017
1399748712906203136
1399748732082606080
1399748878900072450
1399749028489879552
1399749192537493507
1399749285516910594
1399749441574391809
1399749452055842816
1399749620096507909
1399749631169413122
1399749759225810950
1399749885356916736
1399749915954319363
1399749993938964488
1399749997990658055
1399750083059539972
1399750085706096642
1399750088856064004
1399750181348909064
1399750273560678406
1399750375264206848
1399750587357483009
1399750614301675524
1399750627492773895
1399750657012346880
1399750657062625282
1399750715594190854
1399750769172123648
1399751012861231112
1399751103324033024
1399751110416609283
1399751142930792451
1399751182344720390
1399751345700315141
1399751354751594497
1399751418081316864
1399751475337875459
1399751489707515906
1399751501682286595
1399751593944363010
1399751654199672833
1399751671366959105
1399751735497867267
1399751779152244736
1399751877596692483
1399751893971357700
1399751929232871428
1399751964368515074
1399751986375970817
1399752014448533509
1399752045545111552
1399752096489119746
1399752126792814595
1399752135861063681
1399752248624926725
1399752255683899400
1399752334805278720
1399752405244383236
1399752580276928515
1399752639814963213
1399752688510832641
1399752706135408640
1399752749844213768
1399752756898979848
1399752870585638919
1399752910171422725
1399753034561900550
1399753095727534090
1399753125284679689
1399753140438769665
1399753368516583427
1399753439987576833
1399753454713806856
1399753723212095490
1399753954863558658
1399753973960261633
1399753996525608964
1399754090176028672
1399754120106549248
1399754132903317512
1399754241594609668
1399754442933628931
1399754547921358849
1399754562412683266
1399754570818101249
1399754759834423297
1399754843523272706
1399754933554012170
1399755085178101763
1399755095286468613
1399755102295150595
1399755187540086786
1399755307962748931
1399755377655177218
1399755419304841218
1399755530323824640
1399755545196781576
1399755780228800519
1399755825649008643
1399756175504293894
1399756175797784576
1399756221083795461
1399756224338530304
1399756390143561733
1399756429708439558
1399756489661816838
1399756622013112322
1399756651129970691
1399756727441104903
1399756750287519749
1399756760664219651
1399756771305086978
1399756872220123140
1399757087127789569
1399757301318311945
1399757349758320648
1399757410349174788
1399757451264675845
1399757485553197059
1399757619514970118
1399757636526956547
1399757673407651841
1399757706588733440
1399757752637997059
1399757782648295424
1399757824532660228
1399757908540379139
1399758054652928003
1399758068074921989
1399758099108540417
1399758103734784000
1399758159787532291
1399758325479358474
1399758447806189569
1399758479284445186
1399758539564929033
1399758628404580354
1399758716367425541
1399758736344989704
1399758751800905732
1399758755236044802
1399758820151341057
1399758869023367170
1399758917706694659
1399758947830087691
1399758965236436992
1399758968659091462
1399759046878633988
1399759073948618752
1399759189954674690
1399759253582254086
1399759296292868098
1399759386864754700
1399759476647944203
1399759577831333893
1399759678565986304
1399759730848026626
1399759752729661443
1399759757305651207
1399759822883594246
1399759861869592588
1399759949668945933
1399759951971618817
1399760222982393861
1399760342511726595
1399760354893307905
1399760382340784129
1399760532304023553
1399760534002671620
1399760831567609860
1399760865071620103
1399760888752754690
1399760930741780482
1399760942729138182
1399761069124501506
1399761075369828363
1399761250897248259
1399761263232786444
1399761339652972555
1399761400071921667
1399761420582100994
1399761484528373767
1399761525682884611
1399761548101386243
1399761602077990921
1399761670537363459
1399761671833493505
1399761679978680320
1399761696114233346
1399761722349588482
1399761737495236611
1399761753823756291
1399761759427309578
1399761775797719053
1399761818776752142
1399761820156678148
1399761823579185157
1399761869523623944
1399761877966729222
1399761923638431751
1399761976012726275
1399762014763896833
1399762085253423109
1399762190631161856
1399762258939592707
1399762433191841803
1399762435129724929
1399762498425872385
1399762501693227012
1399762514007707656
1399762590809612288
1399762674817409025
1399762807315382275
1399762837535350788
1399762881122557954
1399763092054085637
1399763175457935361
1399763187352969223
1399763324447961089
1399763473857495040
1399763669525925889
1399763784323977219
1399763790548422662
1399763820776759298
1399763824778125313
1399763826296377345
1399763833787461641
1399763869531316232
1399763960887496708
1399764143016665092
1399764259224141827
1399764311107588103
1399764356230004738
1399764361644814341
1399764418691579910
1399764478615490568
1399764489088782349
1399764493325025283
1399764524257927169
1399764531304337410
1399764583670222848
1399764713374982145
1399764765258420225
1399764806228484098
1399764971349757953
1399765022327328772
1399765062538104847
1399765298643886088
1399765325667778563
1399765333473439753
1399765357498339329
1399765467435241476
1399765506274562055
1399765617452929024
1399765645978484737
1399765697362808843
1399765710528651274
1399765783568433156
1399765820771799041
1399765880792399877
1399765969761976320
1399766163064856576
1399766206907826183
1399766298532401153
1399766372993884161
1399766400382783490
1399766531266039814
1399766700774526977
1399766712946364422
1399766733196513282
1399766795922333700
1399766875450511373
1399766996317843458
1399767131114422279
1399767139179970564
1399767175385300995
1399767268045754374
1399767275239096323
1399767323951632386
1399767383770898432
1399767437613187085
1399767439525744657
1399767523432747010
1399767557117186050
1399767557482110980
1399767594371010560
1399767659852541952
1399767708791619584
1399767713778700290
1399767759253348357
1399767767478308867
1399768032541646852
1399768153761226755
1399768165282897922
1399768167736561670
1399768187173019655
1399768220366774284
1399768236053471234
1399768286796132355
1399768314654625793
1399768321986338820
1399768354416693258
1399768394690351105
1399768419864559625
1399768448499077124
1399768640573120513
1399768747628433417
1399768750157619203
1399768764766371841
1399768861935869952
1399768953770086408
1399769006416990208
1399769056086040576
1399769078064111631
1399769107466182657
1399769174835138561
1399769209278812166
1399769215633068035
1399769229377802252
1399769241511944201
1399769303411572736
1399769321308573699
1399769401394663429
1399769401591730182
1399769459083055107
1399769753485557762
1399769827418517508
1399769845349195783
1399769938399801348
1399769963821473797
1399769976869953539
1399770026421391371
1399770053734772740
1399770118301814789
1399770141919961100
1399770145933963267
1399770150753144836
1399770165995315202
1399770214338908164
1399770258345504769
1399770359398756364
1399770619064037385
1399770623883292684
1399770628173991948
1399770709551980546
1399770893396676608
1399770922102439940
1399771006139572228
1399771099756478468
1399771125580800009
1399771127396847621
1399771133583499264
1399771147034521602
1399771170279469056
1399771422541627393
1399771475029151750
1399771477579345921
1399771611142705158
1399771657003278339
1399771769112870915
1399771788633063424
1399771847949012994
1399771945663664131
1399772063318085635
1399772092040634371
1399772280264220676
1399772316142342145
1399772487454449670
1399772618971045892
1399772720678772737
1399772726131314689
1399772734352207872
1399772747304255493
1399772755508314118
1399772757651566592
1399772855701807110
1399772921699225601
1399773019011231744
1399773290407907332
1399773382820904967
1399773418174783496
1399773519664369664
1399773539310444551
1399773591391158278
1399773601369296899
1399773625192955905
1399773728083415042
1399773881225953293
1399774017150664709
1399774058208710661
1399774118438920193
1399774127817314305
1399774169034788864
1399774173120155653
1399774285447696386
1399774636636872708
1399774642236186636
1399774755641860097
1399774857580224522
1399774912991182851
1399774954103750661
1399774999104339973
1399775053336793094
1399775094914834434
1399775120382730248
1399775258610180100
1399775431830740996
1399775665587621893
1399775775662952453
1399775864099856386
1399775935935696901
1399776144019361797
1399776189514928136
1399776208552960005
1399776434437111808
1399776526653177860
1399776590712684545
1399776818987782150
1399776858787418115
1399776968376307721
1399777048042815501
1399777083967082496
1399777158634127362
1399777285507407874
1399777379376111625
1399777439371431946
1399777497592573956
1399777503871438851
1399777547177631748
1399777819400577028
1399777922500673538
1399777971670560772
1399778012393000961
1399778096170127362
1399778160485482496
1399778198771146753
1399778233009201157
1399778377213616135
1399778438144200709
1399778491005116417
1399778495560044548
1399778693422145538
1399778737802055688
1399779180112457730
1399779184831078402
1399779240409812992
1399779242699902976
1399779265336467459
1399779462393307136
1399779485264879628
1399779594673262595
1399779673370935307
1399779706354929665
1399779708724731904
1399779714743558146
1399779787619590158
1399779933661143044
1399779991961886725
1399780021263286275
1399780052431249417
1399780062958960647
1399780069585920000
1399780137038667776
1399780283021410307
1399780283168161793
1399780283449229313
1399780355561897986
1399780689952788481
1399780691152412673
1399780784651878400
1399780932039569409
1399780994857721866
1399781010234130436
1399781051262775297
1399781052416024580
1399781148809629697
1399781207672492034
1399781224659525633
1399781266690609155
1399781285523042307
1399781499612848134
1399781537734967305
1399781758342729734
1399781794128482305
1399782061125287940
1399782288309862402
1399782426633768967
1399782493604220935
1399782577980989447
1399782605118115843
1399782651570044933
1399782824513785857
1399782912984326147
1399782955350953987
1399783066277761027
1399783128646881281
1399783139552075779
1399783269823045632
1399783396218490881
1399783451591598080
1399783560421183496
1399783583200419840
1399783591240888321
1399783592960532482
1399783629467836423
1399783700859174916
1399783844983848962
1399783963770687495
1399783967419768839
1399784055768600577
1399784056376553473
1399784072159936512
1399784072201842692
1399784077323034624
1399784136945045511
1399784200048418830
1399784294705504257
1399784364372901889
1399784400267644929
1399784579066740739
1399784807991812100
1399785049772412932
1399785170832662529
1399785212624650246
1399785243310276612
1399785254605443073
1399785276034142211
1399785356954943492
1399785376416473093
1399785382242312192
1399785501775835141
1399785542582083585
1399785548198338568
1399785549796413443
1399785651541889025
1399785777836527624
1399785840058978311
1399785862020354051
1399785919771725829
1399786102043643915
1399786334189916167
1399786440632963077
1399786497662988300
1399786510598262784
1399786530273644546
1399786598565298181
1399786649832337415
1399786820351758338
1399787087700897795
1399787115060342793
1399787358569086978
1399787364533350405
1399787482460430339
1399787522721566723
1399787541092503552
1399787769447084034
1399787806344417282
1399787836572905474
1399787838460153863
1399787863999279109
1399787866134298625
1399787875210653696
1399787892977946631
1399787918328156167
1399788000297500673
1399788499402903554
1399788525919391747
1399788574988554240
1399788592726151170
1399788667133104131
1399788691711840260
1399788784464629762
1399788791364268038
1399788864097689603
1399788865657864196
1399788904211955712
1399788974709870597
1399789063671107585
1399789098756345858
1399789214045294597
1399789259469594624
1399789306210889729
1399789337424826368
1399789355628175365
1399789376423477267
1399789429305360389
1399789553616142341
1399789605654777861
1399789621391855618
1399789726090108935
1399789748047187970
1399789754875588608
1399789959612092420
1399790011080400897
1399790033717039106
1399790070547243013
1399790104831475712
1399790192521891840
1399790206593679365
1399790208615337993
1399790208946688011
1399790233420500995
1399790324415877123
1399790327364567050
1399790372214251527
1399790373866725379
1399790399431090177
1399790471967301636
1399790494238998538
1399790570617421824
1399790789169983488
1399790906480472065
1399790938466271234
1399790980585426947
1399791063460614144
1399791275910512647
1399791427597606912
1399791445993787397
1399791575014809604
1399791629029027840
1399791888308178945
1399791894452912139
1399791906314461185
1399791977969950725
1399792110925234178
1399792129606553603
1399792150351683586
1399792402227892226
1399792416698376198
1399792454757404674
1399792681883156486
1399792891925520395
1399792904869134355
1399793129876766724
1399793309938241540
1399793313050468356
1399793340254666757
1399793353882058754
1399793561525182471
1399793577442615296
1399793652457783298
1399793789980446720
1399794004577898498
1399794083065892869
1399794311554813962
1399794371600556038
1399794372170899460
1399794532347170820
1399794585602232325
1399794815387193345
1399794969485791233
1399795030446022664
1399795059265052679
1399795100927119364
1399795313142075393
1399795370968948736
1399795381723148300
1399795509582352384
1399795925963489286
1399795968732708875
1399796003553882114
1399796074768916480
1399796131245211656
1399796199285211144
1399796287822782467
1399796416759971842
1399796461047529487
1399796499853332480
1399796583236046850
1399796755789758473
1399797035193282560
1399797148988985346
1399797176570507264
1399797313443336192
1399797320661753868
1399797397841133574
1399797500719009794
1399797511032877056
1399797767145504773
1399797770509336579
1399797778583273480
1399797892257304576
1399797925820182531
1399798022129827843
1399798390007947265
1399798460086378507
1399798555708203010
1399798556681191429
1399798637673259015
1399798935032631297
1399798993182498818
1399799180328058887
1399799253258616834
1399799261550854149
1399799324108861443
1399799403976724486
1399799527687835653
1399799893087113216
1399800077099671554
1399800213972291584
1399800619720978433
1399800681062612998
1399800684208439304
1399800725316718596
1399800989276848128
1399800990015135745
1399801045220528136
1399801048286601218
1399801337462902787
1399801436339384320
1399801459097677834
1399801463874928646
1399801476302712839
1399801610713325572
1399801762341691395
1399801830700376067
1399801901080887308
1399801997042372617
1399802035411771396
1399802103204356103
1399802189665742848
1399802196024197123
1399802221714345992
1399802389318803456
1399802717447598083
1399802827577376772
1399802868694237190
1399802883130937344
1399802930761551877
1399802931902361607
1399802932833394688
1399802935282868231
1399803074022195202
1399803175104921600
1399803204687310848
1399803235779633154
1399803246986907654
1399803335297863687
1399803422254239747
1399803546904711172
1399803567263862796
1399803609341116419
1399803619579502598
1399803797057118208
1399803846889705481
1399803868272336903
1399804071322820615
1399804161647165441
1399804171692482561
1399804345747705860
1399804471924989956
1399804573016076290
1399804577218805768
1399804929330589705
1399805117260615682
1399805176706437127
1399805185371906048
1399805266540089357
1399805269870317574
1399805279391387652
1399805453245239296
1399805455136956420
1399805455916994566
1399805476683067396
1399805481527435268
1399805570153168905
1399805618903519234
1399805692211613696
1399805999272374278
1399806047951503367
1399806236451905541
1399806468350787587
1399806539142205448
1399806724274540548
1399806750027567105
1399806890775810052
1399806926939213829
1399807030198738946
1399807051170189315
1399807082480668681
1399807133613428741
1399807227209433088
1399807367101943815
1399807383594061832
1399807422781399049
1399807456058957828
1399807569439465475
1399807647428268039
1399807694232559627
1399807772896673795
1399807773811134470
1399807849379897349
1399808013268140035
1399808022273310730
1399808031282585602
1399808083451428870
1399808090434834435
1399808103655350279
1399808126371704832
1399808450205519875
1399808674361757698
1399808714589282310
1399808719454625793
1399808737250926593
1399808869271052294
1399809162754863105
1399809184951119873
1399809219537342466
1399809272423366659
1399809320297156614
1399809362416259075
1399809425079164928
1399809459304665095
1399809471317221379
1399809483371696128
1399809668113911811
1399809672467582984
1399809699680342023
1399809711512469505
1399809752184545283
1399809881285267459
1399809888776298509
1399810008230027270
1399810087393312769
1399810252657283082
1399810393770430471
1399810481993420801
1399810489010565124
1399810518890733578
1399810654090018817
1399810846730211333
1399810875737923585
1399810879961636871
1399810962060976128
1399810994424139787
1399811133641527300
1399811172292087813
1399811193817206787
1399811255892725760
1399811681195335680
1399811784832323586
1399811880751820803
1399811917875748876
1399811989799542786
1399812086486667265
1399812314623352832
1399812330909798400
1399812349385752581
1399812532857094145
1399812557188304899
1399812618815148034
1399812625014349834
1399812949242486784
1399813003948789764
1399813032696553474
1399813127655636996
1399813217413742602
1399813262439497739
1399813266608734209
1399813348829679619
1399813472481853440
1399813508200648709
1399813588181737482
1399813733912920067
1399813838342610954
1399813874468196352
1399813877387386882
1399813982849019909
1399814113035968512
1399814148389703682
1399814156404936707
1399814232607186949
1399814283932975107
1399814287254753285
1399814291881181188
1399814461536587784
1399814481631395845
1399814793196888065
1399814821214928896
1399814842052079619
1399814853867585538
1399814954266640395
1399815191047639042
1399815210681225219
1399815286337859588
1399815758243418117
1399816028838846464
1399816048908591113
1399816053543297025
1399816054285778947
1399816285526003712
1399816293956657152
1399816377314197507
1399816790532780033
1399816865476710400
1399816961014517773
1399817218750353417
1399817285532065796
1399817357091037185
1399817370961649677
1399817388019929092
1399817671890423813
1399817969602080774
1399818027869343745
1399818030557892610
1399818031090393090
1399818034026627075
1399818063218884620
1399818158496755713
1399818423509606405
1399818489410510861
1399818643475734528
1399818716955742211
1399818722941059073
1399818874531549185
1399818876490235908
1399818889668739075
1399818969780035589
1399818978332192780
1399819286382796800
1399819373976723457
1399819493765963778
1399819539798429697
1399819591258411008
1399819599873556487
1399819600372637707
1399819616629792772
1399819635957116933
1399819647826935811
1399819661542367234
1399819670425935872
1399819678617321473
1399819687656050697
1399819701203656710
1399819872620711940
1399819973682515986
1399819982196854784
1399820010604879873
1399820155253833735
1399820190716661766
1399820202280472578
1399820217925111813
1399820271247368192
1399820435651543043
1399820555423977472
1399820607991255047
1399820650978721799
1399820666208141314
1399820784764342273
1399821032609964036
1399821135764676610
1399821231998836741
1399821313884098564
1399821343097503744
1399821430234173442
1399821450488516614
1399821664066605058
1399821674833494025
1399821762695774214
1399821838222512135
1399821875153444870
1399822071010676736
1399822083690057733
1399822119639433222
1399822141600698369
1399822199494688770
1399822203030474757
1399822266217779206
1399822279417151489
1399822331929899010
1399822447700893696
1399822448485232642
1399822620703477762
1399822647807070212
1399822708351844357
1399822793982812160
1399822920483053568
1399823018168307717
1399823053408935945
1399823105518866441
1399823188578742273
1399823192076791811
1399823213409013761
1399823342119571456
1399823342207651843
1399823476781891586
1399823493617836032
1399823553181196288
1399823588216258567
1399823813634891778
1399823848539832324
1399823864046276608
1399823887278428165
1399823919901667329
1399824049740685315
1399824087359365123
1399824108431495174
1399824242116550665
1399824323465125889
1399824369229180928
1399824441199190020
1399824548611100676
1399824694640091136
1399824730039914501
1399824748398485514
1399824882783952898
1399824908377526277
1399824915637940226
1399824925922312196
1399825002464227334
1399825051868975107
1399825074958516241
1399825083376472067
1399825092700479489
1399825116742262785
1399825133049724933
1399825289350352901
1399825356350279683
1399825541415510017
1399825597367521283
1399825641554518019
1399825699263897610
1399825706666835971
1399825716338954243
1399825716577980424
1399825746042970115
1399825919024455684
1399825976742318094
1399826237070131202
1399826276152643589
1399826295903731713
1399826350614134784
1399826393748410372
1399826447758512131
1399826525336244226
1399826628755312643
1399826785785860101
1399826874516267009
1399826880782536704
1399826897157201920
1399826914139906061
1399827006376787969
1399827159141826561
1399827187675668481
1399827207430848515
1399827297398558729
1399827421155713027
1399827464931708931
1399827493096509444
1399827522280382470
1399827607886180364
1399827709736411136
1399827743383097346
1399827866322358276
1399827960585150466
1399827990775832576
1399828000783351813
1399828117670277124
1399828171994902532
1399828232359317514
1399828306300653568
1399828427725848582
1399828476560035840
1399828493156945927
1399828526640078852
1399828526665240582
1399828693472665601
1399828767179251715
1399828792064065537
1399828916525846544
1399829033899147267
1399829079050817542
1399829113100242952
1399829126878568451
1399829262312558595
1399829377639141378
1399829386744979458
1399829422220447752
1399829451639304199
1399829464566075394
1399829506857242630
1399829520014843904
1399829568610095107
1399829659613810688
1399829703461060613
1399829741386059790
1399829809585344512
1399829837712433153
1399829952678313992
1399830307956740097
1399830533329272835
1399830608541519875
1399830782487707651
1399830854512386051
1399830866906521604
1399831100466335748
1399831272579637248
1399831495313969155
1399831500997251077
1399831514158829569
1399831557309882374
1399831609839398915
1399831619322720258
1399831661890740237
1399831699102519298
1399831743662854148
1399831841402667012
1399831886852235265
1399831946138509314
1399831966996910080
1399832020558258189
1399832047863074819
1399832419981791232
1399832609656614918
1399832631638958083
1399832638819553282
1399832690371612672
1399832706322636802
1399832727407398914
1399832751633731585
1399833024313892870
1399833046006722561
1399833097328340995
1399833129561464833
1399833133391007750
1399833145122463745
1399833168836923395
1399833182653104133
1399833242463719425
1399833258238619655
1399833331018223617
1399833382142496769
1399833413574668290
1399833453588221954
1399833465659355136
1399833503857102860
1399833562866610180
1399833758736564225
1399833799677054976
1399833820749238283
1399833835383185415
1399833842635218945
1399833987502256133
1399834054866911236
1399834274946338817
1399834386833547265
1399834397487083522
1399834398573346818
1399834469662658567
1399834472690896896
1399834476558131205
1399834584326590470
1399834623815847943
1399834640781877255
1399834670544601088
1399834670808932359
1399834751578615812
1399834795237122055
1399834824878272513
1399834964502495235
1399834991442415616
1399835053337710595
1399835110124494862
1399835184728625156
1399835274390212611
1399835543664480259
1399835566221496325
1399835572202528771
1399835664733163520
1399835677232144387
1399835787345100802
1399835789312376832
1399835853032247299
1399835854097596431
1399835975128342536
1399836001422487555
1399836040521818114
1399836089041526785
1399836111862648832
1399836181098020868
1399836329844805634
1399836441740406784
1399836453153222658
1399836488981008388
1399836491703013377
1399836629641072641
1399836704152948737
1399836793470586881
1399836845060628484
1399836911146045450
1399836971984474117
1399837039466586124
1399837138116562946
1399837146941464578
1399837427632644098
1399837435341815813
1399837456036503552
1399837576526245888
1399837708961341444
1399837737000308736
1399837746512924674
1399837822870331399
1399837930189770758
1399838022942736392
1399838106929537035
1399838127250870274
1399838161530937347
1399838190261968896
1399838246390190087
1399838259769974784
1399838278015193094
1399838301092298758
1399838432663326728
1399838504566284300
1399838591577112579
1399838592541806597
1399838709965639681
1399838804467388416
1399838843021451265
1399838867281399810
1399838951075160068
1399839065701240843
1399839135599403012
1399839144369692681
1399839192595763200
1399839468044042240
1399839470724202500
1399839581734850563
1399839672038162432
1399839720176300041
1399839807979859974
1399839834592665600
1399839894571294723
1399839932374523912
1399839982987141125
1399840002759008259
1399840021805514752
1399840120296153095
1399840259421184005
1399840347723812866
1399840366438895616
1399840380108128261
1399840391784972292
1399840441105739776
1399840445606338561
1399840605426139137
1399840649650884617
1399840650208681985
1399840679119921152
1399840724611383297
1399840815543951361
1399840823844511747
1399840947740028934
1399840956149649415
1399841008741912581
1399841054153641987
1399841066682130432
1399841071060996107
1399841137918087171
1399841207686160394
1399841337080430594
1399841386082492424
1399841499488165891
1399841509965447169
1399841527543775234
1399841553942814723
1399841559894544390
1399841661723635713
1399841684821794818
1399841759228829697
1399841978238570503
1399842025340612609
1399842053522087938
1399842069007437824
1399842106261262338
1399842118751997955
1399842166223085576
1399842262406795268
1399842275614658566
1399842317519949835
1399842318719537153
1399842447765671939
1399842466648313856
1399842467147653121
1399842489855586313
1399842517206683652
1399842561645232128
1399842611268030470
1399842644998688773
1399842664426741761
1399842685591212034
1399842691542888454
1399842726527516672
1399842763735240706
1399842785885405191
1399842948163031049
1399842992043827209
1399843018513993730
1399843053737807883
1399843083777368067
1399843088860954633
1399843243907452929
1399843257224400898
1399843278225395721
1399843286924382208
1399843324849233924
1399843453454929921
1399843510417866755
1399843543154401281
1399843589400694784
1399843785752858634
1399843946340175872
1399843997242245123
1399844057220882437
1399844361156894721
1399844365049159680
1399844386062602242
1399844513695383554
1399844570020593666
1399844612953477121
1399844737712934915
1399844742150508544
1399844799562358785
1399844859176013828
1399844875747696640
1399844877752573955
1399844916352753672
1399844927383744512
1399844946748841986
1399844998095462405
1399845128546795520
1399845461020790787
1399845695599820801
1399845722741223429
1399846148840505345
1399846321649963008
1399846431335370759
1399846443465252870
1399846541125369857
1399846669039046657
1399846871988834304
1399847043095486466
1399847043997261840
1399847055359623169
1399847116911091719
1399847269986451464
1399847301783433217
1399847351494266880
1399847362781224960
1399847371081666565
1399847396171993090
1399847502640201728
1399847560408449028
1399847764322832384
1399847786028412935
1399847801626972164
1399847870476341248
1399847898607673347
1399847952588410882
1399847975724236801
1399847999505903617
1399848003981152265
1399848202581458944
1399848207375556613
1399848219102822406
1399848247275888641
1399848302888116225
1399848341496811533
1399848354880921600
1399848355136692231
1399848374342410243
1399848391161618448
1399848438196543490
1399848448824852484
1399848537391828994
1399848552302526471
1399848567544725505
1399848632589950985
1399848698818052096
1399848736071770116
1399848796268421126
1399848845706661888
1399848897116258304
1399848983854452738
1399849068197724165
1399849084060581892
1399849134195105802
1399849175005728774
1399849184107319305
1399849192135200775
1399849288222621696
1399849325384060929
1399849346078806021
1399849489108811776
1399849505193971714
1399849537041223682
1399849555324289037
1399849562752290822
1399849566682419202
1399849634307227648
1399849775827128321
1399850028512944131
1399850209140674563
1399850219299348483
1399850222856122374
1399850381241245697
1399850391047704579
1399850417631137795
1399850465257562114
1399850489244684291
1399850597378048000
1399850599508811779
1399850719419801609
1399850724201279492
1399850752538025986
1399850754010189826
1399850784322379779
1399850848423927816
1399850857206796302
1399850878010544129
1399850880711593988
1399850916254257152
1399850920486318082
1399850998672375808
1399851004317810689
1399851006867906560
1399851202465128450
1399851256420634629
1399851531839541248
1399851700991758336
1399851727545946114
1399851960963108865
1399851970287046657
1399851988997771269
1399852024603332609
1399852046275289092
1399852114835345416
1399852139787309061
1399852165452242950
1399852320532336648
1399852362441936896
1399852381173698561
1399852392078848000
1399852448383221770
1399852471204331520
1399852680860872709
1399852691082338304
1399852694190407686
1399852735370084365
1399852738687668232
1399852823098150915
1399852837643984901
1399852892530438144
1399853047375974410
1399853132302147588
1399853169518301186
1399853202930028551
1399853271133700096
1399853286568644608
1399853296567959553
1399853389048168452
1399853534879924224
1399853577967910913
1399853622482067462
1399853647278772225
1399853734449065986
1399853806507204608
1399853925671526401
1399854019586240519
1399854029740527617
1399854038573895681
1399854085868822530
1399854260804886530
1399854296255156224
1399854318778474496
1399854366165700609
1399854488291250176
1399854508436566023
1399854640502616066
1399854650552115206
1399854736044613635
1399854781754138627
1399854796987940865
1399855061317177346
1399855134943948803
1399855155353460737
1399855170905939969
1399855228535595016
1399855617565724679
1399855624851185666
1399855652864942084
1399855847749128205
1399855953898524673
1399855974446514179
1399855999209594890
1399856061792796672
1399856082470719488
1399856176607776784
1399856251249496071
1399856304034881537
1399856360163102723
1399856376336293888
1399856402533867528
1399856590942056452
1399856711930941444
1399856781224988672
1399856791173926913
1399856834790539268
1399856980047638530
1399857022443659264
1399857146548965376
1399857153721122816
1399857155050770444
1399857174340419584
1399857223489236994
1399857268271763459
1399857303155888135
1399857321124184064
1399857372814725121
1399857393702408196
1399857463134937093
1399857514225836034
1399857516616552448
1399857522299842561
1399857523667226628
1399857662389587971
1399857682098573315
1399857784997486598
1399857839649300483
1399857861648322564
1399857901733359619
1399857924307103748
1399858117022789637
1399858123544875014
1399858138719862788
1399858184634912768
1399858210098536449
1399858294873804812
1399858370601959426
1399858380718723076
1399858384384499717
1399858401023246340
1399858438730129410
1399858479674933248
1399858517222248451
1399858696398807042
1399858840603140099
1399858887751241734
1399858956365934593
1399858993523212300
1399859067724734467
1399859150075662336
1399859172733296644
1399859186264068099
1399859277729353728
1399859301854949376
1399859329986183169
1399859351460925440
1399859416275591168
1399859449339207681
1399859648262402049
1399859665530458119
1399859713089626120
1399859787312078850
1399859846393085959
1399859876453568515
1399859901539786752
1399859962529124354
1399859982657536001
1399860020066541573
1399860032418766849
1399860048701145092
1399860113607888898
1399860189373812739
1399860217341526019
1399860226543734784
1399860238354993155
1399860264770617344
1399860276913135616
1399860306353000452
1399860367837257728
1399860389656018954
1399860687363579911
1399860709568167936
1399860825301606408
1399860831790145536
1399860835070140422
1399860930851246082
1399860932566831104
1399860945380417540
1399860989366091776
1399861044139409409
1399861100322099200
1399861143326310402
1399861320292474885
1399861329335291908
1399861331365408771
1399861449850339330
1399861450458468356
1399861470507241483
1399861504141369350
1399861535124623361
1399861541177016329
1399861550677204992
1399861602510376962
1399861639512477699
1399861640963690496
1399861643094507524
1399861644184936455
1399861655434051585
1399861667140415491
1399861672207130631
1399861747998154752
1399861751735373826
1399861786858373125
1399861796207480834
1399861812615647238
1399861839765331972
1399861850746114048
1399862017293496325
1399862069525204992
1399862069873180675
1399862124642459650
1399862237318291460
1399862339751514112
1399862396760559624
1399862529569050628
1399862550121127939
1399862666970161156
1399862688340230147
1399862836134920192
1399862858146480130
1399862897711497218
1399862983191412741
1399863033522966531
1399863170936807424
1399863230319763459
1399863320715350023
1399863335303139330
1399863383223148549
1399863525623877632
1399863575448100871
1399863596000157701
1399863660907016195
1399863689180860416
1399863695858098178
1399863715823038464
1399863721254555649
1399863754494550016
1399863761444409345
1399863777043128333
1399863837411663874
1399863887990870019
1399863933268381699
1399863947931619334
1399864065363693569
1399864084712116225
1399864099497025537
1399864136897646598
1399864179494899715
1399864203612246024
1399864211614973958
1399864244418588676
1399864306187980801
1399864366292520960
1399864396936007690
1399864404888465408
1399864540150517760
1399864560333557762
1399864586606505985
1399864606642819076
1399864612871454725
1399864691963351040
1399864856304553984
1399864904144896007
1399864931227521024
1399864972516155398
1399864991528988675
1399865074853031936
1399865124886880259
1399865156163850245
1399865173788217346
1399865192708706306
1399865199923019780
1399865288162746369
1399865359516196864
1399865482610626562
1399865547056160770
1399865599065563144
1399865636411564037
1399865813750927360
1399865814099038212
1399866049265389570
1399866139149324294
1399866181851484161
1399866289733222400
1399866303570186241
1399866363804479492
1399866400571809804
1399866518553387008
1399866520440905734
1399866581367365634
1399866640725155840
1399866657833730048
1399866669879734274
1399866758727622663
1399866776054206465
1399866800226045959
1399866841468739586
1399866882572926985
1399866909261172744
1399867017230966788
1399867050454040583
1399867065436184578
1399867081374453767
1399867103054909441
1399867157152944132
1399867172436860931
1399867248819507202
1399867278095683584
1399867309200756737
1399867430491545600
1399867485759971336
1399867488037376001
1399867567766974467
1399867570111627267
1399867606044139520
1399867628819202048
1399867746633097220
1399867755101310976
1399867759421448192
1399867800831791104
1399867812550778884
1399867815725785090
1399867826140336129
1399867861447892992
1399867933338345473
1399867994747060224
1399868002036768768
1399868062040563715
1399868232715091977
1399868260737236993
1399868344325529600
1399868344887545856
1399868352261197830
1399868365175406595
1399868372754513921
1399868394061635589
1399868510012993539
1399868560902705157
1399868574064431107
1399868591013613573
1399868692846977025
1399868696043180032
1399868728444026884
1399868789601222659
1399868821364690944
1399868871243407369
1399868917804376067
1399869028785692674
1399869091503132677
1399869105570783240
1399869133475434500
1399869149225140224
1399869200756350977
1399869229583814659
1399869288165560320
1399869308495400961
1399869573999083524
1399869574263287812
1399869592403652609
1399869806338265088
1399869809643372544
1399869829281112070
1399869885107298307
1399869910109626371
1399869995081998337
1399870015650811904
1399870031060779010
1399870125076066309
1399870127617753090
1399870168369614851
1399870175705452546
1399870211055050752
1399870244198535170
1399870295557738497
1399870309180887040
1399870336397725699
1399870391020048385
1399870411739967488
1399870479931002881
1399870519411941377
1399870524499562496
1399870674047586306
1399870701557977093
1399870755811344386
1399870772383043584
1399870878729474049
1399870879014612998
1399870887210504192
1399870911411597313
1399870916163772418
1399871004655046656
1399871104311771141
1399871107939901444
1399871127288225792
1399871163300470792
1399871182397218820
1399871265503068160
1399871370478112770
1399871472290598914
1399871503911555075
1399871542570459139
1399871634354458624
1399871685634019330
1399871745704841222
1399871785710018564
1399871838453391361
1399871846753914881
1399871872586682368
1399871889779138564
1399871934888878086
1399871941553623044
1399871974432808962
1399871994729058305
1399872016807870469
1399872063112986628
1399872189529313282
1399872286371598336
1399872518555643906
1399872615943114753
1399872657345089540
1399872675791659010
1399872732754481154
1399872750190268417
1399872826702712832
1399872840854380547
1399872854376726529
1399872901986258945
1399872909162786818
1399872919023591426
1399872921938636804
1399872980696633348
1399873035050569729
1399873062829502464
1399873161626370051
1399873312243716103
1399873352622346241
1399873388861132800
1399873400563187714
1399873424973983745
1399873442569146370
1399873450328612870
1399873584449867778
1399873673331449856
1399873811059781636
1399873853548122112
1399873918664577029
1399873939309051908
1399873964432936961
1399873989137289226
1399874120515473408
1399874149967929354
1399874189671215104
1399874269979590656
1399874283283914755
1399874345263108104
1399874358504460289
1399874429572857856
1399874467854172171
1399874514767470592
1399874531771228163
1399874540742787083
1399874572502114307
1399874599836389380
1399874682904526848
1399874874970198019
1399874910957314048
1399874971816677376
1399874975708889090
1399875102729281545
1399875149818703873
1399875214725599234
1399875240608604161
1399875318215753728
1399875364512542727
1399875383391043584
1399875397253271554
1399875402173145091
1399875419097255939
1399875519215063041
1399875521350041606
1399875525347315712
1399875549452017667
1399875627973591043
1399875658289979393
1399875725235195906
1399875798765502468
1399875803496787968
1399875812640411653
1399875879824678921
1399875881854771201
1399875904797544449
1399875938331004931
1399875976818008071
1399876001786646532
1399876122259640322
1399876122557431814
1399876343697903619
1399876798721282052
1399876836524498944
1399876837241675781
1399876890190561283
1399876958398390272
1399876971476226049
1399876982167543809
1399877036785688580
1399877069169991683
1399877282097946625
1399877296274784263
1399877370996301826
1399877371923161090
1399877445290020872
1399877491163078660
1399877648491368448
1399877829815377925
1399877912426332164
1399877920529715203
1399877945536176129
1399877978201505792
1399878053115924487
1399878053833195524
1399878111013982210
1399878174201286658
1399878189267161090
1399878192492601344
1399878197848772611
1399878230811762688
1399878286822551553
1399878342271062020
1399878379315335171
1399878390082113536
