1324864139227926529
1324864140041740290
1324864140159148034
1324864141677404160
1324864141891350528
1324864142088548353
1324864261819133955
1324864265644339200
1324864266978070530
1324864380308221953
1324864391167184897
1324864474394849295
1324864574915555329
1324864606528036864
1324864837311225859
1324864847184605192
1324864922514173954
1324864958996295684
1324865011899052032
1324865152269869059
1324865161681915910
1324865191910252546
1324865238756454401
1324865324680884225
1324865493703008258
1324865500845838338
1324865518042484738
1324865549139124229
1324865699165204480
1324865706266140672
1324865800990318594
1324865895097917443
1324865937405784064
1324866091210969088
1324866183489794051
1324866193581350912
1324866609505308674
1324866656082948097
1324866656989032448
1324866727591763968
1324866752946315270
1324866869111742464
1324867008048078848
1324867057486323713
1324867306833457152
1324867378178646018
1324867537553809408
1324867585326936069
1324867615462920192
1324867683452588032
1324867870678016003
1324867922947403777
1324867925623234560
1324867928496496641
1324867929318567936
1324867935912022020
1324867960377368576
1324867960591224832
1324867966941409280
1324868066631692289
1324868232789061632
1324868456114688008
1324868542945169408
1324868551191113728
1324868674017177607
1324869054176194561
1324869168412434432
1324869172682125312
1324869260884267010
1324869413783408640
1324869433425354754
1324869598462705664
1324869645355118599
1324869754843246595
1324870037753237514
1324870167701098496
1324870260248485888
1324870298060156928
1324870301042216960
1324870335401897986
1324870364434984961
1324870398731804673
1324870627132645378
1324870681306271747
1324870705608056833
1324870752127115270
1324870842438840321
1324871426042712066
1324871464814866434
1324871685846208513
1324871690099314691
1324871690766069761
1324871818839207937
1324871899302813696
1324872055091834882
1324872177368371202
1324872417295147010
1324872518495313920
1324872662804475909
1324872866697981954
1324873030766649345
1324873042024140801
1324873088631255048
1324873105853067265
1324873154817368064
1324873205757177856
1324873207279546368
1324873370601738241
1324873468211499009
1324873480786104320
1324873607374381057
1324873636218626054
1324873735615246336
1324873736630267904
1324873841273925635
1324873947943460874
1324874035621203968
1324874103023689728
1324874140998918146
1324874148099874816
1324874213866475522
1324874264915402752
1324874343663460353
1324874360809791489
1324874380300734467
1324874455890399235
1324874482448789504
1324874605962661890
1324874717161902082
1324875115386048512
1324875139410956288
1324875241533939714
1324875292083703810
1324875463756378112
1324875482102370307
1324875508530737153
1324875592412647429
1324875609013694464
1324875657327865857
1324875746796597257
1324876069959299072
1324876435304161280
1324876443877257217
1324877018316599301
1324877280154439681
1324877531363889155
1324877708002795520
1324877843894038528
1324878127420600321
1324878221310107651
1324878520082903040
1324878788354846721
1324878838053146630
1324878989022928902
1324879058128285708
1324879062318411782
1324879069511442432
1324879147617882112
1324879207617474560
1324879235526299650
1324879238906802177
1324879240077086721
1324879241641660430
1324879242128220172
1324879308440150017
1324879315075538944
1324879374471061517
1324879425939382272
1324879440682377216
1324879456272592897
1324879487528562690
1324879842626727937
1324880053273059328
1324880260639330306
1324880357553004546
1324880406563483650
1324881249836666881
1324881394150072320
1324881772564373506
1324881783004033026
1324882376070205440
1324882393950527488
1324882770024259586
1324882771647496192
1324882987197100037
1324883013784702977
1324883027034562560
1324883027303018496
1324883163949232132
1324883274712408065
1324883489326587905
1324883565788721152
1324883661469179905
1324883831363612672
1324883948309270528
1324884014390513669
1324884026369470466
1324884097676812288
1324884271924977665
1324884523515932672
1324884610266886147
1324884769998577665
1324884935400943617
1324884973116121093
1324885164313481223
1324885318064082946
1324885419306209280
1324885482719817731
1324885779479482379
1324885781790531585
1324885811351982080
1324885915198746625
1324886054852304897
1324886383283089408
1324886479890509825
1324886635956334592
1324886788867940353
1324886789270671362
1324886789606141952
1324886794924601345
1324887343992541185
1324887464276877314
1324887648310349825
1324888046949572608
1324888055514271744
1324888308342804482
1324888432892588034
1324888454535241728
1324888477809389573
1324888544805064704
1324888552912670720
1324888804264710145
1324888809419411456
1324888854197919745
1324888916974051330
1324889224261283840
1324889368390209536
1324889571885244416
1324889861141258241
1324889897782693888
1324890150602756097
1324890287383179264
1324890526789890052
1324890581999505409
1324890662995628034
1324890744151281664
1324890881565085696
1324891137346244608
1324891284574711808
1324891340619001858
1324891797252878336
1324891961522868224
1324892487337582592
1324892609806995457
1324892711271325697
1324892954679517190
1324893048350920707
1324893389024845824
1324893406615769089
1324893544771936257
1324893883147427843
1324893901673656320
1324893910951481344
1324893942454906885
1324894048914726912
1324894339030380544
1324894339789565952
1324894429346484224
1324895024350453762
1324895336440229889
1324895436969299969
1324895568334884864
1324896168715935745
1324896566423945216
1324896727271354369
1324896828035305477
1324897004749778944
1324897067689447424
1324897183435517952
1324897436117192710
1324897600307343363
1324897682188607490
1324898118597562370
1324898120745021440
1324898489776689152
1324898909504872448
1324899193044033537
1324899234357899264
1324899314355867651
1324899383234732034
1324899592165527557
1324900067971567617
1324900657900515329
1324901156217384962
1324901492961271810
1324901787334283265
1324901888588918784
1324901897090846720
1324901898055454722
1324902000128036864
1324902218546503681
1324902564962459648
1324902883901509632
1324902888460652544
1324903208570023941
1324903314589437952
1324903967822917632
1324903971098677250
1324904239479611393
1324904326708518913
1324904395843244033
1324904454655778819
1324904593499811840
1324905060367802369
1324905113924890624
1324905277519515652
1324905518469668864
1324905544151339011
1324905622966513664
1324905633980833798
1324905669628207107
1324905890395402241
1324905925874954246
1324905986486841344
1324906150261886978
1324906271317905409
1324906581335678976
1324906878070120449
1324906982646702082
1324907157888905217
1324907440698253317
1324907519416872965
1324907802704433152
1324907832861462528
1324907966517170176
1324908034204766212
1324908341156585472
1324908813225504778
1324908877410934785
1324908955475320833
1324909228088287237
1324909594381062145
1324909679537958912
1324910158925926402
1324910192991989761
1324910277171810304
1324910291663151105
1324910295144427522
1324910844107485185
1324910954207993856
1324910968158220288
1324911392969924608
1324911409273114624
1324912084564512768
1324912280136507392
1324912306850062337
1324913222978297856
1324913244813873152
1324913489660551168
1324913527841312769
1324913615959420928
1324914172904267777
1324914478039900161
1324914478522241025
1324914482146123776
1324914690779209728
1324914951811719168
1324915076676120576
1324915717733543943
1324915885463773184
1324915909677510656
1324916262472970242
1324916403531558912
1324916439002779656
1324916585153355776
1324916793488650240
1324916999252705280
1324917000553029633
1324917016139091968
1324917091678511105
1324917251137527810
1324917518440554501
1324917555191013381
1324917719041503232
1324917814600339456
1324918315639300096
1324918366784589824
1324918482924756993
1324918492844396544
1324918679033745409
1324919050372255744
1324919268266356736
1324919504007270400
1324919626871017472
1324919787064057856
1324919988046733314
1324920121723412481
1324920225805049857
1324920448359014400
1324920551056568323
1324920722414837761
1324920762206130176
1324920777397907456
1324920835405123586
1324921050807869441
1324921206991183872
1324921322443599874
1324921934858113028
1324922004764504066
1324922216425861120
1324922305672318977
1324922382629396482
1324922546874146818
1324922815750008834
1324923134143815682
1324923166293172224
1324923416181272576
1324923425593438210
1324923653872644096
1324923801390419968
1324924322692128772
1324924532247973888
1324924771117780992
1324924861416923136
1324924923664609280
1324924955071401985
1324925067189493761
1324925305694408706
1324925572775079936
1324925671290916864
1324925800827809792
1324925929152458752
1324926016322678786
1324926095943233536
1324926336046133249
1324926526350036995
1324926966970134528
1324927001476681730
1324927053657903106
1324927390435450881
1324927410563854341
1324927541136805888
1324927545909895169
1324927795345108992
1324927812688547840
1324928398427348993
1324928568984555521
1324928852964089856
1324929460530016258
1324929579501432832
1324930530861854722
1324931656650805253
1324932273888768002
1324932505057832960
1324932833127915520
1324932841910784014
1324933104948170754
1324933332245897216
1324933443508170752
1324933621027889152
1324933662924812288
1324933755363074049
1324933803534659585
1324933848526950401
1324934997715857408
1324935635174617088
1324936214227640322
1324936493148889088
1324936816219353089
1324937323105153024
1324937639271649282
1324937958466707456
1324938217997684736
1324938429533188096
1324938994552025089
1324939242125058048
1324939385104551937
1324939485658886144
1324939506542325760
1324939639166279682
1324939639216607232
1324939654462844928
1324939829520568321
1324939998974586882
1324940489460756481
1324940599175352320
1324941046749437952
1324942169472430083
1324942808483041283
1324942868734160896
1324942907158237186
1324942969171046400
1324944317681717248
1324945015534186497
1324950970535731202
1324951541640548353
1324952349631246336
1324952636584587264
1324953659688558592
1324953779758911495
1324954224883589120
1324954555814195200
1324954736324304896
1324954763612524546
1324954866880491521
1324954943338450944
1324955017477058561
1324955140324024323
1324955626749882368
1324956598108889095
1324956895367622657
1324957137752236033
1324958517925703681
1324959597103341573
1324959619471593473
1324961109292453889
1324961217421717504
1324961292998701057
1324962294716133376
1324962641585065985
1324963446484512768
1324965111262552065
1324965807479283713
1324966091429449728
1324967217038057473
1324967623965159424
1324968818947534849
1324969453885530113
1324970605012267009
1324971019233275904
1324973620159016961
1324976572013686786
1324976881725272064
1324977152627011584
1324977352951160832
1324980554115272704
1324984935007072256
1324985151798079489
1324986193705046022
1324987179928522753
1324987414956429313
1324987871309279232
1324988717468176384
1324988730478899200
1324989863838556162
1324991173967089664
1324992510201126912
1324993491546542080
1324993614120955905
1324993616176164864
1324995881196720129
1324995891644739584
1324995910116454400
1324995923991269376
1324995937962512384
1324997620700504066
1324998129196916737
1324998140970348546
1325000036111982593
1325000037932425217
1325000257386786816
1325001109627424768
1325002560244211716
1325003643242897410
1325003819705638913
1325003843667709952
1325005743012143104
1325007402488504320
1325007447325626370
1325007859697020928
1325010217508229120
1325010859320553473
1325010963720966146
1325011370417512449
1325011403762249728
1325012479009824774
1325013411235844097
1325014717065256960
1325015182901391361
1325015204296495105
1325015397444296706
1325016364998926338
1325018226061959168
1325018473634947072
1325018920978247680
1325019556218331136
1325020167676420097
1325021685565722624
1325022693184458753
1325023558590926848
1325023700412981249
1325023702862295040
1325023736966295553
1325024745893597185
1325024800453103617
1325026041677701125
1325026667484631041
1325027630337363969
1325028182756618240
1325028332833034241
1325028489272111104
1325028664384303105
1325028965212446723
1325029384655417350
1325029615279218689
1325029708166213633
1325030235495165953
1325030237432901632
1325030376612499456
1325030408812171264
1325030497072803840
1325030905782611968
1325031654373593089
1325031752772018177
1325032006581846017
1325032396752900097
1325032770494722048
1325033465000173568
1325033738166804480
1325033931490594816
1325034019436851202
1325034020778991617
1325034038143438849
1325034042186674177
1325034788479184897
1325035150481166336
1325035850812563456
1325037193941954563
1325037568946212866
1325037844214259713
1325037954042130432
1325038513251889152
1325038582596300801
1325038604045914113
1325038657363972096
1325038693141385217
1325039260358074373
1325039494744186881
1325040236930412548
1325040534864408576
1325040866067697665
1325041144120680449
1325041558501040128
1325041672804311040
1325041812390760450
1325041854652542981
1325042117740269568
1325042147217825792
1325042231552729088
1325042277761359872
1325043002897805312
1325043147559276550
1325043381714694144
1325043520206467072
1325043820535418880
1325044255564439553
1325044478676176901
1325044569998848000
1325044791986581505
1325045064545038336
1325045081489993729
1325045339301187585
1325045339330588675
1325045410226909184
1325045547900792832
1325045615542329344
1325045836724760576
1325045839425908736
1325045862557511680
1325046780099260416
1325047735297323009
1325047899697242113
1325048009596481536
1325048109404188673
1325048118459686916
1325048645364879361
1325048797358157826
1325048801560813568
1325049045690281985
1325049108051193858
1325049117916229637
1325049143191072768
1325049252817629185
1325049664232583168
1325049890205011968
1325049907846279169
1325050298436644866
1325050424181862401
1325050636975661056
1325050739853549568
1325051001989107713
1325051021576597504
1325051132276858880
1325051211540819970
1325051297888948224
1325051409142861826
1325051545155727360
1325051725426946048
1325051828778700803
1325052025151877122
1325052078813745152
1325052111349043202
1325052240013520897
1325052314584018944
1325052477369176068
1325052632323534848
1325052692331433984
1325052883147124736
1325052978840133635
1325053257203462144
1325053384508968961
1325053460237135873
1325053462044958721
1325053836680192001
1325053981715034116
1325054401225121792
1325054551704162305
1325054835834675200
1325054931955556353
1325055120363708416
1325055157009199104
1325055218279706624
1325055244582219776
1325055400945848321
1325055413117710336
1325055421455929345
1325055856761823232
1325056164158115840
1325056399630536704
1325056455423221762
1325056665989820416
1325056778225262592
1325056873305956354
1325056961075965952
1325057600224956416
1325057668957040640
1325057871713886209
1325057962935803904
1325058122189320194
1325058167944835074
1325058234764365825
1325058423860432898
1325058564671623170
1325059155128889347
1325059155611283456
1325059206605574144
1325059583577042944
1325059603953053696
1325059691899195392
1325059910682415104
1325060006589427712
1325060164760776704
1325060432806223872
1325060433989038080
1325060436564320258
1325060437961007106
1325060438053310465
1325060439374327813
1325060441081602048
1325060533905723392
1325060599991164929
1325060900202680321
1325060947455651840
1325061188107919361
1325061452806447105
1325061915358408704
1325062240983273472
1325062490502426626
1325062521074675712
1325062693116637184
1325062697608761344
1325062699768836096
1325062889745620993
1325062893197553664
1325062985774223360
1325063427505655808
1325063439455313921
1325063723753611264
1325063744251162625
1325064109503766528
1325064241049710593
1325064246032527361
1325064596567203841
1325064656277426176
1325064710996291585
1325064721872023552
1325064725550362624
1325064790541279232
1325064995978227714
1325065085656702977
1325065140774055946
1325065149598851075
1325065225557729281
1325065310072938499
1325065313302552577
1325065315831713792
1325065511718297603
1325065548229734405
1325065827016699907
1325065951541403648
1325065971489452033
1325066034500542465
1325066529453580288
1325066625553473537
1325066724333510658
1325066988557905925
1325067157865181184
1325067576842579969
1325067954489274370
1325067983568465926
1325068121309212672
1325068209339457536
1325068377799462915
1325068621895196673
1325068661879672832
1325068904859918337
1325068989303721985
1325069064323133442
1325069071004602371
1325069075589058560
1325069118417068033
1325069144400818176
1325069209458647041
1325069249921114112
1325069737785700354
1325069757024964612
1325069790801780737
1325070046792740864
1325070187729707010
1325070201654751233
1325070290360143874
1325070297599537152
1325070510670090241
1325070804900605953
1325070864652623874
1325071158509776896
1325071592653807616
1325071737244016640
1325071768202174465
1325071897000878083
1325071931150884864
1325071988763799552
1325072109383639040
1325072219165368325
1325072268293189632
1325072278619648002
1325072400573227010
1325072541619286024
1325072680463323142
1325072856745644033
1325072927340056576
1325073132772798467
1325073278902415360
1325073395608940544
1325073528396242944
1325073604485246978
1325073668867756032
1325073876783685634
1325073979946758145
1325074232435421185
1325074302719455234
1325074806438584320
1325075113277091841
1325075268986400770
1325075274963300352
1325075354852192256
1325075490043006977
1325075533965664256
1325075654782709762
1325075681785630721
1325075715860140032
1325075736319889408
1325075788329328640
1325075815227400193
1325075879903584259
1325075888271216640
1325075915529998337
1325075970613776385
1325076049085009921
1325076084837244930
1325076127321370625
1325076144287313926
1325076176629604352
1325076201883512832
1325076355445305344
1325076407588777986
1325076604100481027
1325076636493090816
1325076666000011266
1325076799647326208
1325076806777643008
1325077020347412481
1325077110277468160
1325077111338569730
1325077143361970187
1325077225285300226
1325077475236474882
1325077476066856960
1325077559982297090
1325077908684148737
1325078093472653312
1325078259063730178
1325078541365600257
1325078564362842114
1325078802708508672
1325078803643838467
1325078814007779328
1325079083080962048
1325079268666302465
1325079328003076097
1325080062010355712
1325080302310617093
1325080437623025664
1325080438667358210
1325080536923201539
1325080588177575936
1325080662039093248
1325080704867299329
1325081111748370432
1325081380032819200
1325081527152226305
1325081690058928129
1325081876697145350
1325082055802318848
1325082166498390017
1325082231719735299
1325082384543469570
1325082387903090689
1325082445620850688
1325082567448686592
1325082616106803205
1325082667990315009
1325082783266590722
1325082861205147650
1325083059910275073
1325083083419262978
1325083084283240449
1325083086380560388
1325083136095621120
1325083181889032192
1325083578405974018
1325083602598682625
1325083871860449282
1325083983487627266
1325084027750141953
1325084145492631552
1325084272881971202
1325084394567200768
1325084866719838209
1325084866862600192
1325084995908726790
1325085153341943808
1325085320841486343
1325085335269863424
1325085584579289089
1325085598466576386
1325085608344170497
1325085608570740736
1325085912750059520
1325085999291125760
1325086101791404034
1325086129855606784
1325086151254953985
1325086169407873024
1325086331190603777
1325086468574949378
1325086856904499201
1325086857235894274
1325086862818553856
1325086890253496320
1325086931395424256
1325086969660125187
1325087082197475328
1325087565431664640
1325087742544535561
1325087779974504452
1325088213136977921
1325088300043038721
1325088366321340416
1325088373632012289
1325088377914462210
1325088462417108992
1325088510525788161
1325088625906757634
1325088679333924864
1325088718663856128
1325088852822913024
1325088893742555140
1325088936742555654
1325088974965252096
1325089136756191232
1325089264103813120
1325089301785440257
1325089304847249408
1325089504982675461
1325089806544752640
1325089979224219653
1325090068151881728
1325090086933893122
1325090434897612800
1325090594969051138
1325090599909945344
1325090631740354560
1325090631765553152
1325090632830840839
1325090632864468994
1325090634122850305
1325090634798129153
1325090636492648452
1325090638681927680
1325090640422604802
1325090685721194497
1325090707858731010
1325090732789682177
1325090898896687106
1325091107286491136
1325091191227080706
1325091246164107265
1325091497100922882
1325091529564823554
1325091533368987650
1325091609244037120
1325091727900807180
1325091771550986242
1325091805013159936
1325091855286087681
1325091928183083009
1325092035855060998
1325092152326582272
1325092211206332417
1325092278516453376
1325092287806926855
1325092606116851717
1325092621451210755
1325092638429687811
1325092769740845058
1325092906408013827
1325092949810704384
1325093023286497282
1325093102751715328
1325093423221760000
1325093629711405059
1325093739820421121
1325094075750621184
1325094081714921473
1325094207485259776
1325094218990309376
1325094419020869632
1325094451681824769
1325094478663868418
1325094542429851649
1325094637082697728
1325094768356057088
1325094811859345409
1325094828900835331
1325095001257353217
1325095080278040576
1325095150335520768
1325095252227710981
1325095269747331073
1325095335295905792
1325095396713041920
1325095688615694336
1325095862469582850
1325095910704115712
1325096005260414976
1325096329853480961
1325096384488484868
1325096419825393664
1325096568580673538
1325096747585179648
1325096877243715584
1325096923137773577
1325096931937423360
1325097024333770769
1325097279146094592
1325097379339644929
1325097435174232066
1325097496964689927
1325097500949291008
1325097808882446339
1325097931658170371
1325097991116640256
1325098181978304519
1325098182863319040
1325098260349001731
1325098278413873152
1325098432827174912
1325098784800563201
1325098807332397056
1325099034290384896
1325099154968891392
1325099178540871681
1325099316827070464
1325099358442954753
1325099601171533826
1325099749372997632
1325099846089510915
1325099916054630401
1325099960916979712
1325099980881858568
1325100046770184194
1325100064088449025
1325100401822208000
1325100710732640264
1325100925644656646
1325100972528590849
1325101107375460353
1325101443330805762
1325101458040246274
1325101515825156098
1325101542412783621
1325101627796287490
1325101761745580032
1325101868377313280
1325102017627500544
1325102180572008449
1325102283311427584
1325102489532854274
1325102645980311555
1325103019357315079
1325103050592317441
1325103181580410882
1325103223338905600
1325103287943696385
1325103434790531072
1325103777586753539
1325104223122558976
1325104228839415809
1325104384506818560
1325104387186978837
1325104612802764802
1325104818101293069
1325105217906544643
1325105374152843267
1325105560082116608
1325105731356352514
1325105732207976448
1325105733709430784
1325105734007345153
1325105735223681024
1325105736179998720
1325105736267964418
1325105738650411009
1325105894418509826
1325105997229207552
1325106166897250305
1325106178674855938
1325106180163854337
1325106185540931585
1325106339262164996
1325106474771755010
1325106483068022784
1325106543377993729
1325106616371453952
1325106842712870913
1325107011718172675
1325107016461856769
1325107019926409217
1325107400467226626
1325107464946278404
1325107515768582144
1325107602045472769
1325107668592300040
1325107796791189510
1325107897404190720
1325108454034468866
1325108851792879621
1325108871476748293
1325109030956756995
1325109062502125568
1325109254508990465
1325109301866868736
1325109456154353666
1325109506385145856
1325109514081857537
1325109522910896136
1325109553495732226
1325109582960717824
1325109931327041538
1325110062063505410
1325110103624847363
1325110350853910528
1325110421213368320
1325110514519773184
1325110646246002688
1325110718082019328
1325110786428166145
1325110857932615680
1325111268097871872
1325111352428474368
1325111725549555714
1325111983134404610
1325112145646907392
1325112153838379008
1325112632697876480
1325112798901366787
1325112809307463680
1325112831222681603
1325113015092514824
1325113283322376195
1325113387865477122
1325113707278561281
1325114001127247872
1325114018714034177
1325114098779099136
1325114158745079811
1325114325225381895
1325114530440024064
1325114539411730434
1325114539747192832
1325114974860152833
1325115042354917382
1325115169295511553
1325115349369565187
1325115434195169287
1325115846335795209
1325115862018383872
1325116093694963712
1325116195201310720
1325116521002233856
1325116627407560705
1325116777630724096
1325116884593815552
1325116888301658112
1325116939870547976
1325117019717570566
1325117028781367296
1325117063887646722
1325117072343445504
1325117129377591299
1325117160658784256
1325117348605550593
1325117397758521347
1325117408835678208
1325117604579713027
1325117874940342275
1325118026870616064
1325118083044958210
1325118108743442433
1325118129257783301
1325118315585482757
1325118358132551682
1325118423211368448
1325118463438942209
1325118594783522816
1325118881288122371
1325119107407073281
1325119242367356934
1325119586069569536
1325119596475527168
1325119648468234241
1325119708870238212
1325119789853913088
1325120088266182658
1325120354898079745
1325120731613716487
1325120834843848708
1325120837385596934
1325120912585207814
1325120996387352579
1325121001298952198
1325121002016174080
1325121101395972098
1325121126570356737
1325121298729631748
1325121307562815493
1325121362642558981
1325121651432972289
1325122219719057412
1325122349272887297
1325122686817865728
1325122741834452995
1325123347789697029
1325123477934780417
1325123508817465344
1325123914318684161
1325124203591294979
1325124354007429121
1325124565597499393
1325124585453400064
1325124605762134019
1325124605862768645
1325124615056871425
1325124670086115328
1325124711152431104
1325124861883084800
1325125010810396675
1325125219200065541
1325125287647064065
1325125413765603329
1325125649464397827
1325125664803086337
1325126272335417344
1325126279528591361
1325126367164370947
1325126387095703552
1325126482008694790
1325126677823938561
1325127013779165185
1325127104732782592
1325127122441052160
1325127481452474369
1325127599778115584
1325127695286464514
1325127756179415040
1325127842108223488
1325127917488254976
1325128041186488322
1325128317725413376
1325128380904321025
1325128381889835008
1325128381902434304
1325128491042394113
1325128552811954180
1325129027561025537
1325129183064895490
1325129255852847110
1325129402078748672
1325129468155846656
1325129548153802756
1325129638813687809
1325129656161480710
1325130122274500608
1325130155577073664
1325130243087196161
1325130294211600386
1325130450919100416
1325130995608276997
1325131013178097666
1325131110146318336
1325131179893272577
1325131196024713216
1325131456809758725
1325131612925931527
1325131690315030530
1325131727644160000
1325131800918839298
1325131900449513475
1325131964790267905
1325132155291365377
1325132155337367553
1325132164132827136
1325132405687148545
1325132415921127425
1325132463744626689
1325132514818732032
1325132807874764800
1325132821158002690
1325132929677189124
1325133161966178308
1325133237111255042
1325133318870851584
1325133463578501120
1325133639139483648
1325133809570832384
1325133941326614529
1325134073946202112
1325134097484832769
1325134104258633728
1325134117004931073
1325134123841712134
1325134486133215234
1325134574079287298
1325134655813791745
1325134751917776896
1325134782708277252
1325134857916223489
1325134995170549762
1325135007241793538
1325135050631835648
1325135092004528130
1325135597879635968
1325135605500678144
1325135730369208322
1325135755908407297
1325135766066925569
1325135930580033540
1325135932203429889
1325135933533024258
1325135933616873474
1325135934996717568
1325135943918084096
1325136096792023042
1325136111291813888
1325136125544030211
1325136141490647041
1325136258645942272
1325136267093241860
1325136277818109962
1325136287775387650
1325136446269784069
1325136542025846785
1325136695784853505
1325136915859968001
1325136937120899073
1325137012555313152
1325137135398232064
1325137188875546624
1325137313115017217
1325137414818508800
1325137680729055237
1325137832814391298
1325138010833252352
1325138028873084928
1325138240106614784
1325138253813592064
1325138348348899329
1325138452053102593
1325138627823742978
1325138948117598208
1325138953234735105
1325138997811830785
1325139212602142722
1325139213881282561
1325139389760958464
1325139623249645568
1325139884655345669
1325139988586123264
1325140146056949760
1325140459220467714
1325140497174704133
1325140504200187907
1325140673910075392
1325140898389385216
1325140963577065472
1325141075149922305
1325141088156446720
1325141249188376577
1325141336580792320
1325141448459739136
1325141529250459648
1325141630718971904
1325141652743331840
1325142238612099073
1325142349115240448
1325142449568641027
1325142594809024517
1325142831032365056
1325142836740812800
1325142945918578690
1325143005158924288
1325143449973239808
1325143481648508929
1325143577660325888
1325143853163143169
1325144108596277249
1325144267547959298
1325144298497716224
1325144486662561792
1325144513426329601
1325144879295426561
1325145007729176576
1325145113006383104
1325145666834878464
1325145965171499008
1325146005075996673
1325146058104725506
1325146361344372740
1325146506085724160
1325146606459637760
1325146698524610562
1325146815562457089
1325146820150849537
1325147076162883587
1325147266248663041
1325147358078918656
1325147700006883329
1325148144972259328
1325148203591688193
1325148209312837632
1325148237523681281
1325148252149219329
1325148467933536259
1325148611504726016
1325148757990793217
1325148862391181323
1325149362805067777
1325149525028212736
1325149896454922244
1325149974183645186
1325150092995649536
1325150102625767432
1325150152106024960
1325150385732870144
1325150540095922179
1325150982129537024
1325151030485676034
1325151030628278273
1325151081035403264
1325151097413984257
1325151308324597760
1325151315861798913
1325151538050969601
1325151725116821504
1325151939299045385
1325152060472320001
1325152251032207361
1325152297819623427
1325152300285849603
1325152324566745089
1325152433782181888
1325152515105595394
1325152604427464704
1325152979050246144
1325152984867741696
1325153133455011846
1325153245577146368
1325153392457605120
1325153419733168136
1325153535550517248
1325153546275328001
1325153555842392065
1325153654551273473
1325153782435614720
1325154084832337920
1325154181749993476
1325154223554613251
1325154385232621568
1325154804537159680
1325155022968074241
1325155116886990848
1325155271631540227
1325155403567607809
1325155542549979137
1325155621935738880
1325155985875300352
1325156062966657025
1325156471622012928
1325156722160373760
1325156865496522753
1325156950129045504
1325156980110061570
1325157014104809473
1325157129561333763
1325157342363717632
1325157361917460480
1325157534735413248
1325157605811998729
1325157653677436930
1325157731532120064
1325157887832895489
1325158549970939905
1325158580023042050
1325158644724375554
1325159105120571393
1325159144010240000
1325159211743866880
1325159455957381123
1325159719946776576
1325159751487905792
1325159878827118594
1325160018589704193
1325160143940628480
1325160163112792065
1325160292830113793
1325160834818052097
1325161047762771968
1325161096148213761
1325161294677336064
1325161365628203008
1325161404928823296
1325161504962990081
1325161558473904128
1325161683673706498
1325161820613709826
1325161854679674880
1325161855434842115
1325162354359808000
1325162367144108034
1325162675920400384
1325162714138894336
1325162771911114754
1325162975578107911
1325163045958594560
1325163091860971520
1325163112496951302
1325163120902463488
1325163121854599173
1325163130666831872
1325163298459963395
1325163333700317189
1325163340595830784
1325163612730634242
1325164007515250688
1325164116126752768
1325164597330890752
1325164654939705344
1325164802520481792
1325164870929510400
1325164940320100355
1325165094188187649
1325165217978875905
1325165231396556801
1325165382739521541
1325165402549313538
1325165501937557504
1325165954871959552
1325166131162836992
1325166192223399939
1325166218916081664
1325166239480639488
1325166418237804546
1325166684009861120
1325166688468348928
1325166985831854081
1325167170905518081
1325167506198327301
1325167508521803780
1325167575748104193
1325167595423719424
1325167639187005440
1325168113793392641
1325168279854280706
1325168778649366528
1325168990562390017
1325169119008854017
1325169289926647808
1325169904144814081
1325169913288302593
1325169915788144641
1325169937879457794
1325170407255781377
1325170407348039680
1325170793911906306
1325170964213104646
1325171339087503360
1325171492800196609
1325171674237587457
1325171688863002624
1325171704537051136
1325171879502557184
1325172011820175371
1325172202715508738
1325172420618067970
1325172626663170048
1325172899573981184
1325172938518130697
1325173009133559808
1325173465884680192
1325173545601626115
1325173560751521792
1325173678825377792
1325173679714689024
1325173688761724928
1325173741874278400
1325173744470515713
1325173745330302982
1325173963002159104
1325173971751329792
1325173972338532354
1325174114638733317
1325174182246748160
1325174253918957568
1325174317135486976
1325174355353952256
1325174464687071232
1325174719079919619
1325175613116870656
1325175799163465728
1325175854729551879
1325175917740761088
1325176288798191618
1325176344456683521
1325176502770569217
1325176611423969281
1325176645360087041
1325176951745572865
1325177122147741696
1325177153529421824
1325177158671634432
1325177255333605376
1325177275873189888
1325177385222885377
1325177465929560066
1325177567385542658
1325177820297924608
1325178034693963781
1325178327997444100
1325178499179585539
1325178509749350401
1325178589977825281
1325178595694686215
1325178621598855168
1325178794253168640
1325179474254594048
1325179558518124545
1325179571277238275
1325179571457695744
1325179648435609600
1325180321680265217
1325180369897844737
1325180516216213504
1325180696219054080
1325180718989914113
1325180725277069312
1325181117905985537
1325181231667896321
1325181231936450565
1325181233048023041
1325181362362490881
1325181632886706181
1325181732354580482
1325181740047069184
1325182347889668096
1325182660981919746
1325182913403478019
1325183636665036800
1325183637164339202
1325183801165639681
1325184169455087617
1325184248714768384
1325184764924420099
1325184800282472448
1325184999973416960
1325185003643400193
1325185028733743104
1325185033703878657
1325185057221275651
1325185069498068994
1325185333747716096
1325185408968261634
1325185411770146816
1325185524945084416
1325185797373513728
1325185879481098241
1325185991540436998
1325186261829656577
1325186379035238401
1325186426032578567
1325186449826836482
1325187268571766784
1325187331087798272
1325187479146782720
1325187480702734338
1325187611405688834
1325187617839673344
1325187729139912705
1325188254426140672
1325188401000275969
1325188542545362944
1325188592998752257
1325188646165647360
1325188778256961537
1325188778437337090
1325189165730865153
1325189362703757314
1325190038729220097
1325190261949956097
1325190385048686592
1325190385451196416
1325190415734091778
1325191140295942146
1325191208629534720
1325191310198837248
1325191485801689089
1325191519389675521
1325191859103150082
1325191940044976129
1325192034106421254
1325192081564987392
1325192318387810304
1325192353028694016
1325192458737770496
1325192553457623040
1325192665093328896
1325192692964487168
1325192786791063553
1325192787185164288
1325192787684446209
1325193244813176834
1325193425201803271
1325193525181472768
1325194099272544257
1325194574277402624
1325195205927202817
1325195211484532738
1325195224864366604
1325195256556638208
1325195357060550656
1325195493614481414
1325195825958416384
1325195949564628995
1325196031441719297
1325196328981442561
1325196332194172929
1325196421637804034
1325196522967986177
1325196534699319298
1325196899587141638
1325197083465314304
1325197111525318657
1325197147873005569
1325197594642026499
1325197640670179330
1325197839694061570
1325197870270705665
1325197895054848000
1325197983122673665
1325198102484062208
1325198117688537089
1325198180049428481
1325198194620379137
1325198422668943366
1325198570689978375
1325198655012343809
1325198832490176512
1325198939738439681
1325199059804712961
1325199116826275840
1325199444288024579
1325199662291279872
1325200142010515457
1325200210729922562
1325200363419443203
1325200489256951810
1325200793927036928
1325200802042970118
1325200995169697799
1325201125109235713
1325201247473979393
1325201288217255938
1325201297801437184
1325201414184824832
1325201433084518402
1325201574512234496
1325201719706398721
1325201736374525952
1325201820352966657
1325201835762782209
1325201914401787906
1325201949470429184
1325202075559616514
1325202124188381185
1325202180215726080
1325202354237399041
1325202425599291392
1325202544482680837
1325202569614876673
1325202883101429761
1325202885290848257
1325203038173237250
1325203045819449346
1325203124424937472
1325203275570950145
1325203317614649347
1325203327290757120
1325203371041517575
1325203486041051136
1325203626197995520
1325203630153068544
1325203671886438401
1325203754875052032
1325203797933690880
1325203799246516227
1325203878061600773
1325203878200176641
1325203878258806784
1325203878640553984
1325203888727678982
1325203933669838850
1325203935276240899
1325203963075911682
1325204272074678277
1325204321777184769
1325204381424254976
1325204623691485185
1325204706315137024
1325204940978065408
1325205069671903233
1325205272835469312
1325205533612253184
1325205891076018176
1325206190117171202
1325206214242754563
1325206300863639553
1325206383428427782
1325206394287624193
1325206746114224128
1325206888124870662
1325206906680569856
1325206927840862209
1325206979271331841
1325207655783272453
1325207724242595841
1325207796657295363
1325207885584822272
1325207955587821570
1325207994573877248
1325208015977508864
1325208082947989504
1325208140716019713
1325208261402845187
1325208264095670273
1325208342042718208
1325208348581486595
1325208352872300544
1325208811666337793
1325209462542458880
1325209591479750658
1325209740960411650
1325209744865329153
1325209782689566720
1325209915703525376
1325210999687950336
1325211194483826688
1325211237601325058
1325211428521979904
1325211430325530626
1325211430962991105
1325211431663398915
1325211431902601218
1325211432678551552
1325211452924334085
1325211670180843525
1325211679458816000
1325211679739707392
1325211747087572992
1325211762031878146
1325211823134617600
1325212143126392835
1325212251981307904
1325212514498572289
1325212701535121409
1325213028758007809
1325213274749743105
1325213384787177473
1325213473760976900
1325213512956776448
1325213691562749952
1325213768746414081
1325213823708454913
1325213953358622725
1325214229037785088
1325214311556521988
1325214321681502208
1325214469132177413
1325214748921753602
1325214875996413952
1325214978689757185
1325215011166285825
1325215187129995264
1325215215450005504
1325215224656490496
1325215230146785280
1325215261084049413
1325215607504179201
1325215641247232000
1325215686852042753
1325215900761460737
1325215908437118976
1325215958177251329
1325216132840656896
1325216152126070784
1325216173982580738
1325216270116122624
1325216728805113857
1325216877317152768
1325216963812085762
1325216964017577984
1325217095731343365
1325217236131393540
1325217702135402496
1325218166159577088
1325218348091797504
1325218426193924097
1325218447190593536
1325218515322875906
1325218546062925826
1325218651851591680
1325218713965129728
1325218896090177539
1325218896304025600
1325218972812279808
1325218978650755072
1325218993175752704
1325219412111224833
1325219515505004545
1325219518357057537
1325219628558266369
1325219703728562178
1325219733654941696
1325219887560716289
1325219996432265223
1325220047682494465
1325220082713235456
1325220082981670915
1325220272958533632
1325220348904804353
1325220477153980416
1325220537556217857
1325220552903176193
1325220671320952833
1325220902729113601
1325221071910481924
1325221176684240896
1325221346884931584
1325221424311754752
1325221458193289218
1325221493891010561
1325221508877316103
1325221519044251649
1325221595137314821
1325221837320708096
1325221962554208258
1325222199528058880
1325222251474661377
1325222343543820288
1325222599224414213
1325222766879059973
1325223091920904194
1325223275643940865
1325223349480513536
1325223445383303168
1325223578065920004
1325223672848715780
1325223802213720064
1325223858086047745
1325223870111100928
1325223883373416448
1325224242082967555
1325224284210540544
1325224514796576775
1325224688952467456
1325224907983237120
1325224916711518208
1325224960575598594
1325224992188018688
1325225035452342278
1325225293825662976
1325225319423500288
1325225516450914305
1325225525074341901
1325225539100139520
1325225665327747074
1325225915245350912
1325225959163826177
1325226171739627521
1325226275401818113
