1419085157580038144
1419085238618230786
1419085755209633793
1419087504523898880
1419087849190825987
1419088296026726402
1419089090012647427
1419089938742759427
1419090202983870464
1419090268154904586
1419090300568367105
1419090599290998786
1419090652483182594
1419090994524561412
1419091150548389890
1419091289052700674
1419091417910087680
1419093729017831425
1419094399263313920
1419094612711559169
1419094709327343621
1419096519106498564
1419096840956518402
1419097408605204487
1419098244634787845
1419098271201570819
1419098619731451906
1419098714531106819
1419099495418286080
1419099541073190913
1419099547322789891
1419100101595762696
1419100169358954499
1419100391631884289
1419100962552221696
1419101256249974787
1419101262591766530
1419101919843340288
1419102227373989890
1419103115219976201
1419103289879171079
1419104454662520835
1419104901368619011
1419105374825848841
1419106218602283010
1419106439864496130
1419109111099269121
1419109753356181505
1419110503750766594
1419112129475534852
1419113381039153152
1419113657200431104
1419113768857047049
1419115531320365059
1419116671772635137
1419116716320243714
1419116824428490754
1419117572251922432
1419123356218109963
1419123550607314946
1419129491893465089
1419130302572683268
1419130485775667202
1419130572157423616
1419130904597913603
1419131550319456256
1419131598952226817
1419132947286814724
1419134712270966795
1419134881074909186
1419137737005875200
1419138377853636615
1419138417301102592
1419138975038676994
1419139397497335810
1419140576746819592
1419140626524905472
1419142569196498946
1419143071841886208
1419144111106494465
1419145448867123200
1419145708037447684
1419146531819589639
1419146653496320004
1419147254796009472
1419148163651305474
1419148671510265856
1419149036242841600
1419149396307025921
1419151382280613893
1419152157828435969
1419153600648040448
1419154216501796864
1419155076476817413
1419156715904372738
1419159286702280705
1419160111466090499
1419160501607612423
1419160611485782024
1419160991816949767
1419161373305675776
1419162281510907906
1419162427476877313
1419163017825169410
1419164579205160960
1419167219142078467
1419167451984584710
1419167522331451401
1419168032241328135
1419168673152094209
1419169065482997763
1419169262606901250
1419170137047977990
1419170367587987456
1419170686552133633
1419171045962092545
1419171634028716033
1419172347882450944
1419172411937787907
1419172701655109638
1419172721867567106
1419174255749705729
1419174857460301828
1419175337389432832
1419175581934043140
1419175583540338688
1419175601769009153
1419175632924205059
1419176174740283393
1419177159852232705
1419177505441951745
1419178097753038849
1419178244956360704
1419178892221374464
1419179267838119936
1419179371332608003
1419179763139235840
1419179868923867137
1419179913714753542
1419180614318579713
1419181000601440258
1419181152317886469
1419181208810950657
1419181367934468096
1419181867526414336
1419181872710565888
1419182183521062912
1419182402157547521
1419183131161149440
1419183132046098432
1419183404503822338
1419183743810539520
1419183773967597568
1419184532482187267
1419184603370229761
1419185449701150722
1419185539786346496
1419185631155167233
1419185887737520129
1419186178100629511
1419186439082811395
1419186915966963718
1419187190043660292
1419187283081760769
1419187585222692867
1419187607817310208
1419187890911907843
1419187928106897414
1419188176455979017
1419188533273808898
1419188977169534977
1419189182400958465
1419189427247763460
1419189596416397312
1419189606482911238
1419189661247938561
1419189785365815296
1419189932665544704
1419190461168771073
1419190479153938435
1419190682053455874
1419190683496292352
1419190684284751872
1419190699501801474
1419190702349684737
1419190720552968197
1419190777582915584
1419190800290881539
1419191357420318721
1419191633308884994
1419191642326765568
1419191662094520320
1419191665663819780
1419191724333699073
1419191726594564104
1419191829128486915
1419191837261189120
1419191846522265601
1419191972154253313
1419191973110587397
1419192183442350080
1419192190723579905
1419192226089930754
1419192282515914754
1419192370726309889
1419192382671654915
1419192500603002880
1419192664260550656
1419192684187639808
1419192714269270019
1419192755679633412
1419192808351666176
1419192808766910470
1419192813699407874
1419192815775592448
1419192926098370561
1419192945476096002
1419192999683272706
1419193062241210369
1419193064178995202
1419193121309659136
1419193140339167232
1419193191077752834
1419193223885606912
1419193270706520065
1419193356337418244
1419193395247992834
1419193447999807490
1419193476806283271
1419193511262531584
1419193518636113926
1419193528530448386
1419193605596405761
1419193671795290113
1419193676719403008
1419193694985535493
1419193703474868225
1419193731081805826
1419193809255161856
1419193921113034755
1419193989258006530
1419194058455592964
1419194126512295938
1419194185928876036
1419194237254578178
1419194262298767361
1419194277029195776
1419194357937315840
1419194455660261382
1419194538107801600
1419194606340685825
1419194617766060032
1419194840949088256
1419194989079322627
1419195051205332993
1419195162593579008
1419195176430493699
1419195283041361920
1419195330969604099
1419195358404648962
1419195447286042627
1419195447554494466
1419195471810207747
1419195488105111552
1419195500511834112
1419195521143607297
1419195635593527296
1419195787930742787
1419195965471342593
1419196068139618309
1419196078860210179
1419196139656687620
1419196193490579457
1419196313888083978
1419196419836104705
1419196455227641856
1419196525780127744
1419196616041447428
1419196734375407618
1419196764264058880
1419196927762108422
1419196951103512582
1419197153977802755
1419197211376766978
1419197235133403137
1419197260118863873
1419197261716889602
1419197281329352705
1419197366675066881
1419197370848489473
1419197440880746497
1419197502625042432
1419197557557940225
1419197690634719238
1419197932323184640
1419198230362050568
1419198230554767372
1419198230626242565
1419198231011991553
1419198236028440577
1419198245725671428
1419198259726327809
1419198300029325313
1419198330874351618
1419198363552133122
1419198411505639424
1419198446167281668
1419198461459714051
1419198492044664843
1419198611552866305
1419198663037964288
1419198682503819264
1419198819762425858
1419198928894013444
1419198937370664960
1419198952134610945
1419199081734365187
1419199169223352321
1419199241667371009
1419199493610803204
1419199628420001800
1419199631121072129
1419199731499208704
1419199747873705986
1419199786268438529
1419199788801736707
1419200034785071107
1419200138644492288
1419200504115122180
1419200560272642051
1419200696499441665
1419200746889744386
1419200886031757314
1419200892964773888
1419200934882729985
1419201041757782017
1419201042370138115
1419201124062666753
1419201166743904258
1419201275196059648
1419201304933568517
1419201305889943554
1419201660178534400
1419201888575266816
1419201908196139009
1419201996381376513
1419202005306945537
1419202012361658368
1419202035900207109
1419202096558231552
1419202335738408964
1419202443943059462
1419202488079732736
1419202510233952257
1419202523177566212
1419202573941317637
1419202899985403905
1419202940238237702
1419202962845577220
1419203105271558145
1419203126855356417
1419203163542982659
1419203244858003456
1419203269939929090
1419203273219792896
1419203317851426826
1419203388579909637
1419203466946400256
1419203554636705792
1419203620566929410
1419203622882226179
1419203658835808260
1419203705530945537
1419203820693987329
1419203882643767298
1419203993398616065
1419204010653933570
1419204158654197761
1419204161204330499
1419204258050842627
1419204274215661569
1419204349969014784
1419204593465102337
1419204843126800389
1419205004607594496
1419205040804450305
1419205300532523009
1419205485895602180
1419205505919107073
1419205535589666816
1419205548705189891
1419205723070816257
1419205756302372865
1419205759112515585
1419205785737904129
1419205786161631234
1419205811377672200
1419205910082297862
1419205939341762562
1419205979422478338
1419206051375849473
1419206093385916417
1419206111408889857
1419206182699421701
1419206400539041793
1419206414757732353
1419206510882721794
1419206601437859844
1419206624967864323
1419206691221118976
1419206930137075712
1419207052283584512
1419207052371668996
1419207129198702601
1419207232974163972
1419207440374059010
1419207625162608642
1419207747451621376
1419207806293618692
1419207959423356941
1419208001420996614
1419208040595734531
1419208157793079296
1419208295496228864
1419208585746305025
1419208596966019073
1419208676129312770
1419208730642718724
1419208755565240322
1419208948230590469
1419208962638061569
1419209009542963203
1419209035782500353
1419209058305855491
1419209073057275905
1419209269463879683
1419209321402019843
1419209402943512584
1419209997477625857
1419210093392973826
1419210108362444801
1419210147461795841
1419210150087364610
1419210227350650893
1419210254961856512
1419210293440299010
1419210665030561793
1419210769091239942
1419210889169883140
1419211035303677954
1419211134607953923
1419211303940509697
1419211390200524800
1419211398513664000
1419211398899507208
1419211404008165376
1419211534472040451
1419211595012521985
1419211855617220610
1419211956569919488
1419211956611739652
1419212064665579520
1419212085947473924
1419212213286440960
1419212353816641536
1419212408309129217
1419212469885603840
1419212625255272450
1419212725327212550
1419212752191635456
1419212793425891332
1419212883825733636
1419212922333581313
1419212979694931975
1419212991883526145
1419213118954217474
1419213168312651782
1419213188114132995
1419213300299087874
1419213337238425602
1419213519548043266
1419213558689239041
1419213583544619015
1419213636275523586
1419213664297660416
1419213722237775874
1419213725559631875
1419213750037536776
1419213899178651650
1419214073435234306
1419214157203791872
1419214200753332225
1419214275625750529
1419214398330228739
1419214411449999361
1419214419184259076
1419214687347019776
1419214690626985988
1419214826350469121
1419215104613179395
1419215142315769856
1419215536869806084
1419215576589901828
1419215595434807296
1419215663986581506
1419215874075074561
1419216203717951492
1419216276610818054
1419216357019770880
1419216500125147142
1419216613442785288
1419216860151750660
1419216868653649921
1419217012392345602
1419217022953607178
1419217023603781639
1419217396573802497
1419217454383968256
1419217471295442945
1419217652770242561
1419217654884315136
1419217693123698691
1419217814733340674
1419217954932146177
1419218049488596994
1419218135320772608
1419218336773255170
1419218383426490374
1419218503073103876
1419218615493173248
1419218643905392641
1419218658786697216
1419218791771299842
1419219239609700360
1419219263165026304
1419219404743655424
1419219735120654339
1419219891970846720
1419219898258051075
1419219927525904386
1419219936401108993
1419219953765474305
1419220307932499969
1419220585427656704
1419220607464525826
1419220649499836416
1419220826428252170
1419220879804928003
1419220880656191497
1419220883000893441
1419220883370135553
1419220903049768961
1419220903213293569
1419220981877460993
1419221068645027840
1419221138761293824
1419221186572165123
1419221205819744258
1419221306545934338
1419221351370530816
1419221394659762180
1419221405082787843
1419221841844056064
1419222147646566400
1419222216902955009
1419222224150704131
1419222290114486273
1419222306069622787
1419222389729210375
1419222471727849472
1419222563587248128
1419222858576826368
1419222881955889153
1419222887345557506
1419222921608900608
1419222959223414789
1419222985714585602
1419223033466732546
1419223346613526533
1419223396328558593
1419223401428922368
1419223420282163208
1419223465022873600
1419223926702551046
1419224001449103372
1419224050266738694
1419224092268498946
1419224322367950856
1419224377464328192
1419224417876516865
1419224662593126406
1419224683392733188
1419224738723938306
1419224831317393410
1419225038658625537
1419225166912053251
1419225319337340930
1419225360852561921
1419225378493763585
1419225470818717704
1419225476304969729
1419225505493094401
1419225524401020929
1419225588351606786
1419225657683419136
1419225791980720130
1419225920091660288
1419225939171553281
1419226240993615872
1419226253954068480
1419226265979170820
1419226301764882442
1419226339542896649
1419226350305611778
1419226361261174785
1419226607450050561
1419226667994652684
1419226891115016192
1419227091392925696
1419227111638851586
1419227326739537923
1419227328710860800
1419227546030247936
1419227550862221319
1419227758392225792
1419227853275684867
1419228026743705601
1419228075506782210
1419228219333652480
1419228309221777414
1419228333435461632
1419228352603467776
1419228429761712131
1419228430562828289
1419228434983698432
1419228442982223876
1419228486011703296
1419228592723144708
1419228763452284928
1419228803738505216
1419228876430102531
1419228937763295232
1419229023092236294
1419229026984529921
1419229228416053249
1419229456573472768
1419229460872708102
1419229514564046849
1419229595799330820
1419229608663265284
1419229668327235587
1419229782219309056
1419229824065818626
1419229843779063809
1419229862859051008
1419229957142683652
1419229958363254786
1419230005486292996
1419230064609202179
1419230253977899008
1419230343362752514
1419230369744830466
1419230405882957825
1419230620367138817
1419230823929241602
1419230946012930048
1419230980259389444
1419231108626059266
1419231122513334272
1419231157921660932
1419231227781992452
1419231245960196097
1419231280911339521
1419231325735772161
1419231519361675265
1419231712509300736
1419231759774933001
1419231762228695041
1419231770717863938
1419231894495973380
1419231907750060033
1419231964931006466
1419231977119617028
1419232006546804736
1419232106782265350
1419232113975566337
1419232212504006657
1419232420113666050
1419232496949080071
1419232893486960642
1419232945907421187
1419233268470370305
1419233528617881602
1419233562277163008
1419233635417444354
1419233729772277762
1419233767877660676
1419233879693701121
1419233879819423744
1419233977232150529
1419233978972786689
1419234195948326912
1419234394053779457
1419234607099121665
1419234664896778240
1419234799491948545
1419234834808033281
1419234922817064961
1419234977728892928
1419235091365122054
1419235154908827648
1419235205466972164
1419235559533424640
1419235572288270336
1419235621063872513
1419235808029126656
1419235813150298112
1419235979383160837
1419235984479244288
1419235986496651266
1419236002368008195
1419236055014952960
1419236063038644225
1419236218353721350
1419236223110074370
1419236236535947264
1419236238830276611
1419236274532143104
1419236288318877698
1419236366005669892
1419236372355895332
1419236406786936833
1419236412323504128
1419236451699601409
1419236454161604612
1419236566233452546
1419236606205104129
1419236733284196353
1419236783179681797
1419237119873228805
1419237199762100227
1419237213636804608
1419237347225481216
1419237407875080192
1419237575626264577
1419237694241222656
1419237985313337345
1419238098345603072
1419238106079895555
1419238150333943811
1419238330634547209
1419238455666745344
1419238499773988868
1419238644926320640
1419238672134770692
1419238800811872256
1419238976054087681
1419238988632760322
1419239002209759233
1419239419178012680
1419239604692062211
1419239762980900869
1419239769029107715
1419239831532605442
1419239961543462915
1419240063829958658
1419240122005041152
1419240160814829570
1419240186765090816
1419240207560462336
1419240288455909381
1419240481389744128
1419240495197401088
1419240515707547650
1419240576378097666
1419240681931956225
1419240715272470531
1419240827000442882
1419240873431293954
1419240938866610182
1419240946911305728
1419241184157966339
1419241254173425669
1419241302722547713
1419241303649435649
1419241515361214465
1419241564426182656
1419241600333537281
1419241847185199105
1419241873131151362
1419241883029622785
1419241947282149376
1419242023362732034
1419242165050519554
1419242266825220106
1419242285364035587
1419242675996434434
1419242763778994178
1419242944079581184
1419243143724158977
1419243290659016707
1419243381922881539
1419243493621370882
1419243536331984898
1419243660525412355
1419243804717195264
1419243836702924805
1419243853052317696
1419243967812669442
1419243968387223554
1419244025681485824
1419244038469914626
1419244110607757313
1419244169902559233
1419244193134915586
1419244228497088512
1419244315684048899
1419244392196583429
1419244392687325185
1419244432482881539
1419244476279709698
1419244514506645504
1419244589878239233
1419244616969334784
1419244916148944898
1419244963129397251
1419244964488298497
1419245096751480832
1419245112387907588
1419245113079914502
1419245115722420227
1419245118671007745
1419245266113286148
1419245475627208705
1419245484779220992
1419245553532162049
1419245692892192768
1419245793794347012
1419246129695404035
1419246167272173569
1419246245546188802
1419246338089398273
1419246575969308672
1419246650241998850
1419246677601497091
1419246723160068099
1419246864893894658
1419247303773220864
1419247310962413568
1419247320873459718
1419247387051180038
1419247446278901761
1419247767751430145
1419247906779979780
1419248094475079680
1419248096987463680
1419248154113978369
1419248233533083650
1419248328810934276
1419248397245157378
1419248406703353858
1419248479528960005
1419248524345106433
1419248562089734147
1419248577470214146
1419248654305697792
1419248837906948098
1419248884417769475
1419249346453942273
1419249549592383490
1419249825065967620
1419249828014481409
1419249885166067714
1419249913993568257
1419250072076750852
1419250459102130176
1419250475635855361
1419250562231570432
1419250584109174786
1419250641617235971
1419250799197278208
1419250877274144770
1419250905548038146
1419250977719324672
1419251050368884737
1419251080135860224
1419251082459435011
1419251086674653190
1419251141288898565
1419251223417421829
1419251255243849735
1419251322872864768
1419251323887837186
1419251346037948416
1419251528947408903
1419251559238705154
1419251721424052225
1419251724691427330
1419251752516345856
1419251791875780608
1419251800935391234
1419251943533387776
1419252071442915330
1419252098714247168
1419252167211458561
1419252283636867074
1419252317916905472
1419252797933965316
1419252871783084038
1419252898056208384
1419253385459650561
1419253401016324098
1419253719645016064
1419253854663815168
1419254098688237569
1419254166204125184
1419254224366579715
1419254445918011393
1419254633638342663
1419254822419771395
1419254863616253952
1419254887397969925
1419254997305397250
1419255258040180736
1419255269582942210
1419255360775409668
1419255508221956096
1419255913702207488
1419256042068889600
1419256079909900289
1419256167696568324
1419256256615702531
1419256334353108993
1419256420277657601
1419256857387053058
1419256976140296193
1419256999808753669
1419257165274091520
1419257456685891586
1419257620301598721
1419258061009608705
1419258079674347520
1419258308494565380
1419258419647815682
1419258420251840524
1419258550510133250
1419258679002603524
1419258718416424962
1419258722342297608
1419258775169548294
1419259113046003712
1419259199251484672
1419259638814584832
1419259710369316871
1419259875473956866
1419259895375880197
1419259956621156352
1419259997041614853
1419260134367301637
1419260146308485121
1419260291091681285
1419260344648839168
1419260368828968967
1419260536974450691
1419260610991345667
1419260663759884291
1419260779270840324
1419260784174059526
1419260921818533889
1419261345736888323
1419261389626036224
1419261453069074433
1419261716706308098
1419262036605751298
1419262036651896835
1419262045107724289
1419262119002902534
1419262386234593281
1419262403427115009
1419262654972051460
1419262654984511495
1419262655034920963
1419262768583225344
1419262850636337154
1419263016814665730
1419263062209613831
1419263131893878787
1419263365982179331
1419263438077968385
1419263658190938118
1419263679304896513
1419263724251144194
1419263899082399746
1419263929684041731
1419264045530722308
1419264187017175045
1419264196370382848
1419264209137938436
1419264214879907843
1419264525711388673
1419264763713007618
1419264919875330054
1419264941467611137
1419264958467035139
1419264987890061319
1419265054558593031
1419265219252080643
1419265381756243978
1419265641706569733
1419265655929442304
1419265696622579716
1419265890508550145
1419265989120872450
1419266084583186438
1419266181786083328
1419266185644843009
1419266202770321413
1419266283443560452
1419266349851987969
1419266437571653636
1419266528151810050
1419266575752892420
1419266587245301762
1419266678131724290
1419266709781991434
1419266852522446850
1419267096580603904
1419267198661451778
1419267265837649924
1419267299173875718
1419267332980019203
1419267347660120070
1419267473019490304
1419267612685570049
1419267642888794118
1419267659766566914
1419267769409937408
1419267794961641475
1419267824443293701
1419267824741093380
1419267826624339982
1419267885655117825
1419268238224076801
1419268344042119170
1419268438279786498
1419268906838069249
1419269069304475654
1419269131505897477
1419269164443779072
1419269449870233605
1419269780385697796
1419269859670740995
1419269883729227778
1419270122469003272
1419270160846888961
1419270248667172864
1419270297488969729
1419270307907575812
1419270363821842436
1419270366585933827
1419270390870908931
1419270793893224449
1419271011577602051
1419271071782559745
1419271107899576322
1419271122525335557
1419271324619399171
1419271430093561856
1419271447529365511
1419271455351660546
1419271575468183562
1419271770432020484
1419271819878621185
1419271850035662851
1419271955279122436
1419271975655116807
1419272114813681665
1419272341624922113
1419272357508653059
1419272467172966401
1419272497279782912
1419272723109449730
1419272740180316174
1419272781196402698
1419273013372010497
1419273058246930434
1419273153277214720
1419273481263456258
1419273536292671489
1419273597651144706
1419273728404434947
1419273733903106053
1419273778643734533
1419273796872294400
1419273869135958020
1419273922915229696
1419274061973270528
1419274298976526340
1419274325169950722
1419274396435456008
1419274421529939971
1419274496993759236
1419274648626376706
1419274649414811655
1419274665843904513
1419274803962331138
1419274901635141642
1419274914343923713
1419274959126515714
1419275065707872256
1419275503857410056
1419275503995809797
1419275549369946119
1419275769025638404
1419275941088534531
1419276042896879621
1419276759535521796
1419276768758829056
1419277140625870849
1419277163635806208
1419277240798531586
1419277553701953540
1419277598878801922
1419277860410437634
1419278203080921095
1419278379879124996
1419278437970333699
1419278453325680647
1419278454147715073
1419278650550145031
1419279030096994308
1419279056349052930
1419279197202173953
1419279210024144903
1419279240219045889
1419279330467778574
1419279575494889472
1419279577973657602
1419279679211593736
1419279801672732674
1419280044984315910
1419280057542004741
1419280385117196293
1419280810084032512
1419280835627339781
1419281153362702339
1419281284577124359
1419281285223178245
1419281399752937472
1419281427426906117
1419281470062010372
1419281473295761409
1419281520628535299
1419281641902645256
1419281757468336128
1419281816599638018
1419281857892569090
1419282006949732353
1419282108523106305
1419282311481286663
1419282317508501511
1419282589479800833
1419282691715997698
1419282974168784907
1419282984365133825
1419283294655496193
1419283432572702725
1419283675846434820
1419283722680082439
1419283788018995205
1419283798127169538
1419283806037610500
1419283849780072448
1419283937197797376
1419283980252323841
1419284070496817152
1419284676896768005
1419285143496314887
1419285211829968897
1419285429417877507
1419285488641495040
1419285745592934402
1419286209164189699
1419286863861403649
1419286911227768833
1419287100072112133
1419287211703476226
1419287219211317255
1419287221128007682
1419287334235910146
1419287588326854657
1419287872264417284
1419287967391223814
1419288120646938625
1419288405238820865
1419288579608653825
1419288641059368960
1419288835037536260
1419288937034616834
1419289010720153603
1419289306808659968
1419289437314371589
1419290055911292931
1419290207875178496
1419290395431813124
1419290417649041408
1419290823842279424
1419291197479301126
1419291206878732292
1419291747746783232
1419292098872758274
1419292221287849992
1419292411369594885
1419292458798698499
1419292482626412553
1419292611613974530
1419292835740798977
1419293150724640772
1419293163026620419
1419293254512779265
1419293296606818306
1419293618179919873
1419293868797923334
1419293900636819461
1419294001145040901
1419294181474902024
1419294316091133952
1419294604864757764
1419294687127539714
1419294817201315840
1419294825405423619
1419294911216726018
1419295142423535628
1419295147959926787
1419295194516791296
1419295259704664069
1419295505356558340
1419295667114151945
1419296125224464385
1419296152978141190
1419296263170822147
1419296332720787457
1419296387066437633
1419296429739323392
1419296488878919682
1419296537172135939
1419296606004842500
1419296609989496832
1419296794123587586
1419296802935910403
1419296906266697734
1419297158977802242
1419297180846862338
1419297187037650949
1419297631247998979
1419297693269204993
1419298117351092224
1419298338592133122
1419298431038889986
1419298650996498434
1419298775080869896
1419298852411224070
1419299137980452867
1419299259808092160
1419299719524896768
1419299939235123205
1419300126678454278
1419300218097606660
1419300747385217030
1419300862082551814
1419300956479623169
1419301019918475272
1419301020698611720
1419301506491289613
1419301623948627971
1419301692202389514
1419301932460646401
1419302052501639177
1419302171426832384
1419302267983908864
1419302632959758336
1419302756872069127
1419302823578189824
1419302875981914116
1419303166076674053
1419303221932265474
1419303546625970183
1419303573612081155
1419303692705189892
1419303748111851521
1419303790881214466
1419303926365663235
1419303928022192133
1419304059144712195
1419304114299748359
1419304132108853249
1419304148667863042
1419304370248749059
1419304617150763018
1419304884877381638
1419304966234296326
1419304991882420228
1419305059301613568
1419305327229554690
1419305477079457794
1419305482737553416
1419305976113553408
1419306122947796997
1419306534962712579
1419306888169201664
1419306956594958336
1419307150409617418
1419307210807578624
1419307456941989888
1419307495374397443
1419307707757125636
1419307901945061379
1419308085169037317
1419308377008656388
1419308624460095489
1419308636275417091
1419308929075531780
1419308937673912320
1419309108646268928
1419309210211344389
1419309358752600069
1419309547550871568
1419309726618300425
1419309861515534341
1419310328240816132
1419310563377680385
1419310597452312579
1419310872175030279
1419310998951976963
1419311042321162241
1419311078257963010
1419311078576644096
1419311151494672386
1419311302422405126
1419311408349696000
1419311486820835332
1419311573575815170
1419311699354689539
1419311775036629001
1419311897522888708
1419311910533599232
1419311993417314313
1419312068495302658
1419312217732812801
1419312243351642112
1419312243389259780
1419312556875866113
1419313122511409156
1419313531820941312
1419313547537002498
1419313974676426761
1419313989104906242
1419314055085441027
1419314154008158210
1419314203119259648
1419314632309755904
1419314921855143943
1419315141603168256
1419315218883174406
1419315264685068288
1419315314270130182
1419315654663053312
1419315952785797120
1419316244080218117
1419316278326607875
1419316400519323648
1419316540197916673
1419316611362738177
1419316836563406848
1419317103513980941
1419317163853295623
1419317257826717696
1419317340693540865
1419317513075240962
1419317640380751880
1419317684634890248
1419317952738963463
1419318373251420162
1419318681620951040
1419318682719866885
1419318735756738565
1419319026606481413
1419319028036820993
1419319042704297992
1419319232672718849
1419319278113853441
1419319370124251143
1419319446464696323
1419319448574611456
1419319529973313543
1419319535363137537
1419319802049536004
1419320065070145540
1419320117196886019
1419320191167733761
1419320230384443393
1419320813682057216
1419321494765809666
1419321552307425283
1419321856503336960
1419321978528444418
1419322261874610177
1419322593421705218
1419323026789867527
1419323721458802691
1419323896180920326
1419324378316218370
1419324556091744259
1419324723784298508
1419325102664163334
1419325146863702017
1419325277801431040
1419325329248825353
1419325563009970177
1419325885191229441
1419325935002730496
1419325999234301957
1419326008080097280
1419326018771427334
1419326296883085315
1419326531273465857
1419326582334922752
1419326936854183936
1419327028784926723
1419327079846400006
1419327285619011591
1419327359963082757
1419327762544877573
1419327853318057986
1419327879880527874
1419327887153451014
1419327946498715650
1419328012592558085
1419328105420886016
1419328124089782273
1419328242457235457
1419328314938888192
1419328340520022017
1419328369141985281
1419328576252485641
1419328627645292547
1419328710176657416
1419328826308448256
1419328896290414594
1419329203992924163
1419329449242374145
1419329645535768587
1419329658500354057
1419329853740945410
1419330166082375681
1419330369825001473
1419330458886811653
1419330507914059776
1419330585819025411
1419330607453286408
1419330667826106371
1419330948701773834
1419331076900655107
1419331163127222273
1419331597715791879
1419331609413791748
1419331954521018368
1419331962997706758
1419332022103851010
1419332219886264327
1419332285170651138
1419332577018646539
1419333001582981125
1419333207338754048
1419333327035801601
1419333328583462923
1419333699385139201
1419333808655044609
1419333846944919554
1419334043330564097
1419334140252631041
1419334312709787654
1419334653681537025
1419334752591650819
1419334974084456450
1419335281090629635
1419335607864762372
1419335650755686401
1419335790174289920
1419335814379671552
1419335850933080069
1419335911117107206
1419336048778297345
1419336064729296896
1419336093317664769
1419336111759974404
1419336483786403840
1419336741341782019
1419336953351258112
1419337224978583554
1419337300820078596
1419337335850815489
1419337360999862276
1419337394160082953
1419337395107995656
1419337464884436992
1419337538167312388
1419337563282759683
1419337598229692416
1419337939100880898
1419338029127421958
1419338154444738561
1419338389938216961
1419338490937024515
1419338502823714819
1419338855195549696
1419338907309719555
1419338924950966278
1419339267751489544
1419339353424334849
1419339713400516620
1419340072978108424
1419340104854917123
1419340294882013188
1419340312913367043
1419340485018144768
1419340548356427781
1419340613028352002
1419341039635140611
1419341106001678344
1419341267327234058
1419341330451419137
1419341457966747648
1419341675671941120
1419341682080894985
1419341734992130048
1419341985773670402
1419341985899548674
1419342097799385094
1419342246634213381
1419342512490156033
1419342532715089926
1419342580538544133
1419342759710896133
1419342764857339908
1419342806062075904
1419342921212612608
1419343072958291972
1419343185554206725
1419343332568936450
1419344195786059778
1419344222742798346
1419344310668075010
1419344376866689029
1419344409523593216
1419344635667877888
1419344638327021571
1419345046554517509
1419345078179467264
1419345134840426496
1419345182693208070
1419345229673607168
1419345237395259395
1419345450784550912
1419345459525652487
1419345500407533570
1419345507839889410
1419345535618662404
1419345546695819265
1419345627163541513
1419345662626476034
1419346128743637000
1419346189963649029
1419346211367235587
1419346257173045249
1419346462102720515
1419346485053952004
1419346626280402945
1419346706530029570
1419346771705319429
1419346992397004800
1419347415652573191
1419347582996844544
1419347832952266753
1419347994223251460
1419348227002966016
1419348301133094914
1419348495052517377
1419349143118614536
1419349232742453256
1419349510216617984
1419349594295742467
1419349765851160583
1419349871551684608
1419350001273253891
1419350071397830662
1419350122731872256
1419350225026756616
1419350307390337033
1419350453687566342
1419350477695766535
1419350569563697155
1419350759431409669
1419351183370694659
1419351354192142336
1419351372135378946
1419351909270532096
1419352059120345092
1419352264981061636
1419352359675826176
1419352776841302017
1419353033499189252
1419353061965934594
1419353233978494978
1419353250973814788
1419353381592780816
1419353508814495750
1419353529098047507
1419353591463170051
1419353634828165128
1419353729828982785
1419354204494344197
1419354217064681476
1419354298488692745
1419354315270066184
1419354354277142538
1419354597374705675
1419354900991971328
1419355023612465152
1419355056671969280
1419355089047900160
1419355131817205763
1419355153786880000
1419355467734732807
1419355545807507463
1419355622928261121
1419355723360870404
1419355898477223943
1419355898972155912
1419355958560575488
1419356159316791298
1419356775996747779
1419356779545124864
1419356780996567042
1419356797148745730
1419356802152636416
1419356915704999937
1419356955106234369
1419357090288738308
1419357375815987205
1419357658549784583
1419357707920891908
1419357848119676928
1419357940398632961
1419358458466480132
1419358499012808707
1419358893025681408
1419358938206818317
1419358961233432579
1419359047086653448
1419359063134007298
1419359090522959875
1419359281661480972
1419359302796599303
1419359762504994818
1419359930574786560
1419359974531248128
1419360480414642177
1419360607946543104
1419360877246038019
1419361090773819393
1419361092585889795
1419361268406837253
1419361445515464705
1419361588268703746
1419361713367961601
1419361808331198470
1419361994910674945
1419362264499593221
1419362298729312262
1419362311530295300
1419362565461876739
1419362931616231424
1419363066555342849
1419363089129033732
1419363093025546241
1419363113351196679
1419363167910735874
1419363412723765257
1419363480990326787
1419363653397123074
1419363719579111426
1419363775224950786
1419364046940344320
1419364204285464577
1419364293137534978
1419364297206009857
1419364468874694660
1419365123286777856
1419365124930945029
1419365220930232328
1419365439965175813
1419365517178060800
1419365899094614020
1419365997945970693
1419366531818037249
1419366593084145666
1419366851109400581
1419367002288836610
1419367116067717121
1419367307684548619
1419367368254443523
1419367479466463235
1419367491655114752
1419367530595033095
1419367650707247109
1419367819830079491
1419368128354586624
1419368232176209920
1419368278812659716
1419368350212296706
1419368438133399554
1419368443208478721
1419368455959089154
1419368464968519690
1419368594585137154
1419368616928190469
1419368627053027328
1419368720590413826
1419368930418831362
1419369075155816448
1419369597128646656
1419369694235082753
1419369745590194176
1419369849038454784
1419369877840830467
1419369968488132610
1419370033537601537
1419370329999282181
1419370396026118144
1419370476196007939
1419370496991322112
1419370615849504771
1419371044947865600
1419371086991532033
1419371119715524608
1419371223847522304
1419371375580618755
1419371389430255617
1419371508867244039
1419371581848031236
1419371654657060870
1419371874581053443
1419371874732048386
1419371875424157697
1419371879211487232
1419372005686644740
1419372198192717824
1419372235039576064
1419372356926050312
1419372701462978563
1419372985497042944
1419373175721316359
1419373379010928648
1419373399957200899
1419373407800631300
1419373431456415745
1419373630065188869
1419373679717322753
1419373700512681987
1419373761665638400
1419373775917916161
1419374178579386372
1419374229045317634
1419374289791315969
1419374748803424257
1419374770324377605
1419374951103180800
1419374959789551619
1419375127523954689
1419375162126868481
1419375348136005637
1419375639849836546
1419375649559515138
1419375649957892097
1419375655163138054
1419375675174162434
1419375732917157888
1419375745302945794
1419375788953153543
1419375932406738957
1419375938203267074
1419377002906275841
1419377108338544644
1419377226517303305
1419377294209163267
1419377809701625858
1419377910369095685
1419378061435457536
1419378897632759819
1419379262470172676
1419379313980358663
1419379375296991234
1419379444100251650
1419379639303159809
1419379798607122433
1419379808279093254
1419379823483498501
1419380305241288706
1419380466604548096
1419380720603123719
1419380792577429504
1419381003651624965
1419381149084930052
1419381429075652613
1419381761818124292
1419381952600330251
1419382667477463047
1419382868892082180
1419383371000598529
1419383708482670597
1419383771095355394
1419384211883106321
1419384235790585859
1419384259178008581
1419384278815739909
1419384311766212608
1419384468960387078
1419384893025538049
1419385241375027207
1419385318315282436
1419385464574914561
1419385863914631169
1419386254538518528
1419386291679019010
1419386393856458759
1419386473565020164
1419386755397074954
1419386992480116740
1419387231618359300
1419387232679612418
1419387233174446084
1419387507960160258
1419387874986926086
1419387967060254732
1419388051906777089
1419388156344995849
1419388208404701195
1419388483974557700
1419388713277304837
1419389069310795781
1419389308209926145
1419389721436954629
1419389778764697600
1419389791632871428
1419390030116794368
1419390102476886019
1419390208831860737
1419390693215285249
1419390753520947206
1419390873679409156
1419391026117107715
1419391190647066628
1419391234033004550
1419391385677959172
1419391593589653507
1419391910158995457
1419392007206809601
1419392007508611072
1419392544237031424
1419392572099813379
1419392773879439362
1419392981124231170
1419393094622011394
1419393266328408071
1419393286167568388
1419393332174888963
1419393350768250884
1419393408334958594
1419393432871739395
1419393822656712716
1419394027959508994
1419394116706787333
1419394523759792129
1419394527635382274
1419394531255099397
1419394532014268422
1419394552679501830
1419395000807329795
1419395007639871489
1419395308946067464
1419395451388899328
1419395790255046669
1419395805010608128
1419395910195466241
1419395926574215170
1419396049618231303
1419396109865308169
1419396315889418242
1419396488325738496
1419396927205089283
1419396939381153793
1419397137994063874
1419397191773429760
1419397900866568201
1419397950871060480
1419397959905681416
1419398298675277824
1419398307810512904
1419398435615252485
1419398481400274946
1419398502015188995
1419398502195552256
1419398632537796614
1419398870623195139
1419399011694522371
1419399025179217928
1419399128698822659
1419399351588335622
1419399465421656069
1419399565841772544
1419399571441176584
1419399690085412864
1419399700093063174
1419399788160749577
1419399798113832962
1419399839297716225
1419399926623215617
1419400140880764929
1419400332753477634
1419400382762164228
1419400402131431426
1419400422733881347
1419400531328577539
1419400760920530949
1419400829006753804
1419400879757742082
1419400992513273858
1419401107391004674
1419401463483310081
1419401528872423424
1419401562221387777
1419401676444872717
1419401797257551872
1419402034449731592
1419402073670488066
1419402078452162563
1419402154683637760
1419402295503200261
1419402587636477956
1419402820915286017
1419403036762456064
1419403236302282763
1419403483732643849
1419403899459543047
1419403918073860102
1419404020750368771
1419404590160637954
1419404630778392579
1419404934890627075
1419405051328667648
1419405056064040963
1419405113366560771
1419405784945991682
1419405863014502401
1419406312262279173
1419406688046784517
1419406729952079878
1419406835098992640
1419407781707321345
1419407894148222982
1419407909851705348
1419407914935148547
1419408649689178112
1419408718110859271
1419408774113157123
1419409372531265538
1419409625011654658
1419409655470645253
1419409694066630657
1419410272268193795
1419410301750026240
1419410471556468743
1419410502334173186
1419411323121713153
1419411860668002310
1419412398843351050
1419412852214059009
1419412862875971596
1419413030379560964
1419413033781133313
1419413424451293194
1419413805554151429
1419413849795596291
1419413994696216577
1419414032302419971
1419414056591572995
1419414187235680258
1419414279804030978
1419414301694169102
1419414596121673731
1419414716196298760
1419414719966875651
1419414944093704195
1419415159668416514
1419415169541738499
1419415409716039680
1419415460697808896
1419415677975269376
1419415719020797953
1419415912352976898
1419415989352075265
1419416366893961219
1419416513564618753
1419416558892367874
1419416925331808260
1419417184653258760
1419417192853131268
1419417557614923785
1419417652745981956
1419417660627066880
1419417915762282499
1419418237809405952
1419418706736783363
1419419079287336963
1419419321139441665
1419419941191798794
1419419994476224513
1419420227419394049
1419420389306998785
1419420479933255680
1419420982087925760
1419421059724550146
1419421083544047616
1419421284555964422
1419421318416683009
1419421638391644166
1419421754292948995
1419421883775307777
1419421944022196230
1419422011718254594
1419422199946035203
1419422206740807685
1419422307098009601
1419423211016663043
1419423402910265348
1419423464688001025
1419423537807384584
1419423965550886917
1419424229917925379
1419424319663493123
1419424461170921474
1419424569258086400
1419424584789594115
1419424956878839809
1419424981029724166
1419426005756768256
1419426111142993926
1419426376101339139
1419426780880986121
1419427183194484736
1419427252425662480
1419427432008933376
1419427529446862851
1419427880128421889
1419427891432103943
1419428192952143877
1419428230277353476
1419428477120483328
1419429078038351875
1419429242920648715
1419429675953266688
1419429829825470468
1419429839648567298
1419430614898462724
1419431426760626177
1419431715064459265
1419431721439739907
1419432155340546050
1419432205256953859
1419432205831528448
1419432277554040833
1419432278346719233
1419432304225792012
1419432486271082496
1419432622468567040
1419433350939414529
1419433361429385227
1419433619442094080
1419433969121218563
1419433998066098176
1419434032723644418
1419434547238813703
1419434635050815492
1419436262147203074
1419436579274244103
1419436672110956549
1419436910825680900
1419436970518925312
1419437077394038788
1419438250658250757
1419439232813240323
1419439902291283977
1419440133678456839
1419440218529308677
1419440333243535364
1419441025102266378
1419441341101187075
1419442582753579008
1419442898752450568
1419443541928026115
1419443940005138435
1419443940013522946
1419444084633128964
1419444366960041986
1419444722020536322
1419444996978135042
1419445121196691456
1419445382917021697
1419445643328868356
1419446811853398018
1419446889418735617
