1353130392614817800
1353130395471138816
1353130434897588225
1353130857905741824
1353131148747141121
1353131346928005121
1353131595293712385
1353131752911499264
1353132480715497472
1353132950997626881
1353133175166414849
1353133524279242752
1353133562288107520
1353133580881420288
1353133883982807040
1353133905407332352
1353134411370401798
1353134551174963201
1353134899008598017
1353135462332948481
1353135673369387013
1353136054233149441
1353136724747182080
1353136818099806209
1353137028590919681
1353137074912768005
1353137693358698497
1353137785423753220
1353138098654375937
1353138260931969024
1353138361599479809
1353138542474645504
1353139827160580096
1353140460760543233
1353140481404899330
1353140598144954368
1353141353841102848
1353141573840723968
1353141896789565440
1353142299258187777
1353142365213483008
1353143010834456578
1353143310093844482
1353143387143237634
1353143394911051784
1353143411910582272
1353144641969909760
1353144728896872449
1353144873990443009
1353145251221757952
1353145332289458176
1353145492419403777
1353145615744704512
1353145765061939200
1353145969559408641
1353146118163603459
1353146214095740929
1353146287563137025
1353146592606482433
1353146677155262465
1353147479534018566
1353147925761839110
1353148057441996803
1353148307225374727
1353148460694962178
1353148727565946881
1353148835535736837
1353148911410700295
1353149654356135936
1353149965649010688
1353149988071735297
1353150000436543489
1353150533306109952
1353150961330565120
1353151256957759488
1353151453469290496
1353151704729059328
1353153042443431936
1353153054724526085
1353153862312591360
1353153957313581056
1353154257399250945
1353154579572154369
1353154627752112133
1353155528160145408
1353155727699947520
1353156110941880321
1353156177144774658
1353156434658258944
1353156502920556545
1353156927442853888
1353157128891084800
1353157153423548418
1353157286261387264
1353157326656729088
1353157455711100929
1353157520802652160
1353157612066500608
1353157773534625793
1353157855831093248
1353158010672205824
1353158377552150529
1353158682540961792
1353158711724933121
1353158773779689473
1353158895540314114
1353158921335304194
1353159724984918016
1353159977104519169
1353160477392723970
1353160613476921344
1353160617931255809
1353160618333843456
1353160906377715729
1353161616733429766
1353161683120881664
1353162537223778305
1353162547692765184
1353162812412067842
1353162998349778946
1353163106294370304
1353163108437684227
1353163381457506305
1353163863559188480
1353163969498914817
1353164080559886337
1353164379173187585
1353164683189100544
1353165060710014977
1353165132566827015
1353166138927058945
1353166158808100866
1353166189795618816
1353166488983785472
1353166658450448384
1353166681204514817
1353167148567429127
1353167349440983040
1353167404352888832
1353167457012342790
1353167520937738244
1353167779017355264
1353167954960117761
1353168047910100993
1353168059368878080
1353168142508417029
1353168507110895616
1353168687268847616
1353168759335374848
1353169844242444289
1353170109762834435
1353170513074520064
1353170836144979970
1353171575030378497
1353171675890790401
1353172050077073408
1353172256105619457
1353172374015905792
1353172398607118336
1353172495428366339
1353172528391467011
1353173275883528196
1353173654096523264
1353174179030380544
1353174504558755843
1353174537609818113
1353174945220743168
1353175503130284032
1353175959223083008
1353176528163659778
1353176806984179712
1353176949661687809
1353177085250924545
1353177481977716737
1353178327507480576
1353178718001389569
1353178970162941953
1353179865630048257
1353180655409127431
1353180735209877504
1353180863995867137
1353181131483574274
1353181193462812673
1353181518773022721
1353181524322095105
1353181984324005897
1353182225567801344
1353182335362064389
1353182679655702528
1353182832315813888
1353183099165810688
1353183240887050240
1353183594638929920
1353183615782424576
1353183700993912837
1353183707461529602
1353183862675943424
1353183886344335360
1353183950919913472
1353183954715742209
1353184064514220032
1353184115944796161
1353184913353306112
1353184915987304448
1353185100721238017
1353185441407758336
1353185509942685696
1353186043097468929
1353186169366966272
1353186605616476160
1353186754078113793
1353187044328136706
1353187351695126528
1353187411744993288
1353187789295165442
1353187789978873858
1353188233576910849
1353188465165414400
1353188718027403265
1353188913372934146
1353190659486871552
1353191099175743488
1353191294214889472
1353191935146663936
1353192204131557381
1353192245600657408
1353192436575555585
1353192802679738369
1353192997932904448
1353193279819538432
1353193478700879874
1353193523210809344
1353193527547715584
1353193583260610561
1353193639195897856
1353194331524321280
1353194415024705538
1353195104761245698
1353195123237130244
1353195320021295104
1353195336932712448
1353195477060251648
1353195486912589824
1353195678554583041
1353195704286642181
1353195824101158912
1353195864353890304
1353196303426203650
1353196359411752960
1353196406828392448
1353196477569495042
1353196710072381440
1353196938171191296
1353197067808747522
1353197323795505157
1353198227835678722
1353198451585130496
1353199075101978624
1353199707586236422
1353199926558208002
1353200050294435840
1353200091855802368
1353200739158470661
1353200857093836800
1353201234052861952
1353201379217727489
1353201749704794112
1353201863533846528
1353201916914900992
1353202710171021312
1353202835375202304
1353202869235814401
1353203373563117568
1353203448737648641
1353205313302917122
1353206171096805376
1353206618415132672
1353207300815773697
1353208342307598337
1353209023672299520
1353209850872754176
1353209922612244480
1353210434552258561
1353210437882544130
1353210593503801344
1353210631839772673
1353211079107747840
1353211079225180162
1353211919814037504
1353211942874173441
1353212686595719171
1353213035096236032
1353213099667501056
1353213318023024641
1353213578401239040
1353214359049269248
1353214476816887808
1353215869636268034
1353215906126712833
1353219019868934144
1353219750877388800
1353220820693381120
1353221562271490049
1353221637571809285
1353222457495347200
1353222906931605506
1353223396943745025
1353225213467570176
1353225849970028545
1353226176584699906
1353226663354503170
1353227016758304769
1353227283335684097
1353227311471067142
1353227726665240576
1353233778584510464
1353236090874949633
1353236734071492608
1353239615122116608
1353243779222958080
1353246034210783232
1353246155363250177
1353251192361639937
1353251720634093569
1353251977443082240
1353252271447027712
1353252626540998657
1353256428618846208
1353260226166849536
1353261935609970692
1353262629058473986
1353263060853678080
1353266291021242370
1353266291071709185
1353266292468428800
1353267061791846400
1353271500552482826
1353274488335560704
1353275289166639104
1353276196755267584
1353276956062740480
1353277211411963905
1353277400956739585
1353277497903697921
1353277902339629061
1353280342338232320
1353281389437702146
1353281389592891399
1353281390276653057
1353281391136444416
1353286420841050114
1353286622603857920
1353287472189485056
1353287754449362944
1353287886834180100
1353288715104178176
1353289771880218624
1353290623667888129
1353293412947079169
1353293726236479489
1353293873485905921
1353294325476712449
1353295476993486849
1353295891726299136
1353296435681386502
1353296489494290432
1353296489573986305
1353298172102242305
1353298388180213760
1353298541914034183
1353299916878131202
1353300028778020864
1353300214837374977
1353301520348028929
1353301520423464960
1353302188739747840
1353303242596376577
1353304728608923655
1353304958158958593
1353306495153287169
1353307117290221569
1353307526427783168
1353309058443472896
1353309082619322368
1353309391894827009
1353309862944518145
1353309883446288384
1353310230810157058
1353310266046480386
1353310421386731520
1353310682842861572
1353310741609271296
1353311159244517384
1353311251900850180
1353311589424750592
1353311592004292608
1353311621079298049
1353311928320331776
1353312682418597896
1353312985754849280
1353313996758163456
1353314325159698432
1353314778178064394
1353314926413099009
1353315097922457600
1353315182479605760
1353316068174004224
1353316597662969857
1353316619800502273
1353317454617980928
1353318862457069569
1353318886859485184
1353318907747196928
1353319222856851456
1353319511483703302
1353319859120205825
1353320864733921281
1353321033097502720
1353321538603397121
1353321716420902912
1353321752135401472
1353322134840500224
1353322152079065088
1353322413522628610
1353322501837877249
1353322928910331905
1353323387238678529
1353323546064416768
1353323571561558016
1353323933827796993
1353323947220217856
1353324008813555712
1353324140263075840
1353324455003639809
1353324839172452352
1353324877068042240
1353325314051461120
1353325459740782593
1353326627644731392
1353326833396285441
1353327091069177856
1353327368794943490
1353327782403710977
1353327818453757953
1353328125204115457
1353328344419495939
1353328575794053126
1353328741624242176
1353328743859838976
1353329318827536386
1353329595324489728
1353330034552016899
1353330354048917505
1353330416770555904
1353331126543245312
1353331670997467136
1353332798904557570
1353332819389526018
1353332916126941184
1353332992681406466
1353333104027594753
1353333866426216449
1353333866619170818
1353334132261138432
1353334236749549568
1353334353934348295
1353334762216288257
1353335266967228417
1353336494644199426
1353336665004265473
1353336785271717890
1353336850086326272
1353336979379933184
1353337053904302080
1353337176302497792
1353337298285449216
1353337300252504064
1353338006086823937
1353338311067262981
1353338339013881861
1353338725267288067
1353339041387859968
1353339347681083392
1353339408322183170
1353339841929474049
1353341235252125697
1353341401816326144
1353341791471284226
1353341863684689920
1353341878029201413
1353341965845356545
1353342076285554689
1353342462799052800
1353342732698345474
1353342739103035395
1353342784904769536
1353343321242968064
1353343324829093890
1353343355502157827
1353343730078666752
1353343902204518400
1353344064134008832
1353344302362075137
1353344621074644992
1353344644134948868
1353344694751784963
1353344777916469248
1353344885714247680
1353344984976674817
1353345208218492934
1353345833148837894
1353345972672339969
1353345976136851456
1353346061004374016
1353346173046820865
1353346223881777153
1353346413443346434
1353346450520870912
1353346920517939200
1353347449247707138
1353347600125218816
1353347671298363393
1353347723781689344
1353347750528737283
1353348202687246336
1353348369696088064
1353348518291927041
1353348873637527553
1353349286923268097
1353349474408534017
1353349604239147008
1353349632869474305
1353349688460800000
1353349707507052545
1353349744899325953
1353350126404853760
1353350133899997190
1353350237369335808
1353350403673518080
1353350463463284737
1353350518773571584
1353350793500499969
1353350797220831233
1353351094412472320
1353351144437899264
1353351206022881280
1353351683233951745
1353352055902121984
1353352138131386368
1353352181798367232
1353352534858100744
1353352607402762240
1353353012580900864
1353353114234052609
1353353151588524035
1353353248246095873
1353353361932902401
1353353386406641666
1353353699675037696
1353353720508112896
1353353808559136768
1353353808764661767
1353354088881262592
1353354129473630208
1353354132032110592
1353354133655277570
1353354311573647367
1353354527672561665
1353354759672123397
1353354862403203073
1353355119329300480
1353355346232942592
1353355579968860160
1353355635316895744
1353355636914888705
1353355868012597248
1353356216748150789
1353356408352366592
1353356836477542402
1353357060004429824
1353357068539813890
1353357120369012736
1353357338258890753
1353357603208916994
1353357648117305344
1353358181444055040
1353358211315765259
1353358238960517120
1353358473568821248
1353358720848244738
1353359295165980674
1353359459054051328
1353359488070381569
1353359621948370944
1353359778827948035
1353360154188648448
1353360174078070785
1353360249139425280
1353360425983774720
1353360655777210368
1353360754280460288
1353360790615547905
1353360972942028803
1353361219105808385
1353361297740492801
1353361678356926464
1353361896720760832
1353363003413049344
1353363246334537728
1353363678926663681
1353364181223837697
1353364196558336001
1353364278967939074
1353364591187685379
1353364685505122304
1353364762348969985
1353365076514758657
1353365762698842114
1353365811818164226
1353365814640955393
1353365827723157509
1353366711785893888
1353367399798550540
1353367757002309633
1353367764300427264
1353367902766948353
1353368066403405824
1353368445056856065
1353368554435960833
1353369075850899458
1353369468009738240
1353369520459673600
1353369587992195073
1353369684108693505
1353369705554165764
1353369878430961664
1353369968059027457
1353370109293682690
1353370115669172224
1353370283420344325
1353370310070956033
1353370318476353537
1353370322649669633
1353370395676717058
1353370430858354688
1353370575822057475
1353370746958000128
1353370882027220993
1353371128853626880
1353371223791697926
1353371372110684160
1353371384764919808
1353371573072359424
1353371986605395969
1353371990493552641
1353372104331317248
1353372368140345345
1353372739839684615
1353372779782008833
1353373081520254977
1353373479089954822
1353373557145759747
1353373806287585280
1353373863908933632
1353373996469903360
1353374058252029953
1353374275479228417
1353374596192342026
1353374660407283713
1353374734793191424
1353375046476115969
1353375984792334337
1353376152438542344
1353376153864552449
1353376154959265796
1353376652038815750
1353376655293595648
1353376747346132992
1353376749141151744
1353376840140918784
1353377177211822080
1353377316362014730
1353377363455741953
1353377683627855873
1353377707107749888
1353377741761081350
1353377809884966913
1353377819909369856
1353377927363223553
1353377928487325697
1353377933814095872
1353377972720455681
1353378433959567360
1353378605473161216
1353378794787262464
1353378956314083330
1353379026136690689
1353379508263542784
1353379624986808326
1353379927907774465
1353380275187802112
1353380412509184001
1353380694701953024
1353381007693643777
1353381271330672641
1353381582812319746
1353382071499034625
1353382157805350919
1353382389427232770
1353382427897589766
1353382545069629440
1353382551205933063
1353383332860538886
1353383650663014402
1353383795383283714
1353383933392646144
1353384083259322370
1353384152876396544
1353384159738265600
1353384224426889216
1353384301560287232
1353384357201903616
1353384453201039361
1353384457131069440
1353384558515810305
1353384733837848577
1353384788674056192
1353384920043958272
1353385475101356034
1353385583524114434
1353385798150840321
1353386173071290368
1353386229790859265
1353386610650394625
1353386969049403397
1353386969158414339
1353387087031103488
1353387089157443584
1353387104319975425
1353387290106576900
1353387468662448128
1353387571632599041
1353387598849298435
1353387859953201152
1353388080741429249
1353388549538770944
1353388674881368067
1353388796574916608
1353388805693337600
1353388891034841088
1353389055774519296
1353389204495982593
1353389227803860992
1353389248632786945
1353389348964581376
1353389379272769538
1353389536118624256
1353389697670672389
1353390314598375424
1353390409804869632
1353390455258542082
1353390640948633601
1353390808582467585
1353390859119521793
1353390859195179008
1353391282282926088
1353391312393940993
1353391414223261702
1353391594666418176
1353392257135595520
1353392604675596288
1353392779997679616
1353392794673545216
1353392912080498688
1353392944758272005
1353393094851497984
1353393206403055616
1353393364859822081
1353393386875740162
1353393477959241728
1353393752354779136
1353393800446697472
1353393933812903937
1353394447162085377
1353395277600710656
1353395425957576704
1353395458475868161
1353396210715877379
1353396330597646336
1353396340043227137
1353396593177759745
1353396788577718273
1353396902331604993
1353397097022824448
1353397204342325254
1353397419120058368
1353397551110758402
1353397735689486336
1353397765804613634
1353397766727335936
1353398017525772294
1353398430866018305
1353398485782032385
1353398586080456709
1353399186792751104
1353399274860470274
1353399293479170049
1353399463495282688
1353399544361463813
1353399834087194624
1353400026563796995
1353400042900471808
1353400145895858178
1353400266108903424
1353400348673794052
1353400549790654467
1353401025928048642
1353401290072727557
1353401428140814338
1353401745045663745
1353401889803685888
1353401898410237953
1353401922196267009
1353401958674137092
1353402184340180992
1353402185351008259
1353402186034786305
1353402368520556546
1353402502603935744
1353403407558725637
1353403460335460352
1353403928780664833
1353404239406641153
1353404471183872005
1353404767465332736
1353405189084958720
1353405242902196224
1353405347373883392
1353405496544387075
1353406123022413827
1353406203657904128
1353406278006136832
1353406450471628800
1353406907420086272
1353407016308363264
1353407216884314114
1353407296278171648
1353407352280674304
1353407779885764609
1353407921384730625
1353407923255275522
1353407987675766784
1353408278223609857
1353408638799364097
1353409152048103425
1353409209388462091
1353409529313193987
1353409808586711040
1353410195033116673
1353410238674825217
1353410257611939840
1353410298397536256
1353410310586179585
1353410535975477257
1353410600479698945
1353410642783383555
1353410813596327936
1353411549533245446
1353412006506766337
1353412259607941120
1353412437777637387
1353412600298688513
1353412922291200000
1353412982844387329
1353413150327123968
1353413413175762944
1353414065633288195
1353414121677578241
1353414431187865605
1353414740999999488
1353414833971068928
1353415415859351553
1353415444288466948
1353415485493227522
1353415607933427712
1353415742746669056
1353416097605640197
1353416216069746689
1353417369184428034
1353417390139322368
1353418175061258241
1353418177196269568
1353418215578284033
1353418245613694977
1353418355252707328
1353418480612208641
1353418487335682048
1353418615601713155
1353418824519979011
1353419333771223041
1353419367988355072
1353419639544541184
1353419705386729473
1353419799435620352
1353420135323865089
1353420481676849153
1353420613193527296
1353421271967670272
1353421736482467841
1353421837636685826
1353421953562894336
1353422095150174209
1353422329330733067
1353422657262215168
1353422673938968577
1353422819154124808
1353422859335577601
1353423299909476352
1353423473255788546
1353423750843121664
1353424135582588930
1353424172756697093
1353424195762454528
1353424243766292486
1353424281435328512
1353424340314775552
1353424352952332288
1353424498322714626
1353425310344224769
1353425431010144258
1353425510974578688
1353425704508002305
1353426964183396353
1353427271072309248
1353427586383302656
1353427990114406400
1353428041884725248
1353428381061296128
1353428416872271873
1353428798402945024
1353428913947480064
1353429086664757251
1353429334653075457
1353429599745581057
1353429707086123008
1353429738555985926
1353429885243412480
1353430176768565249
1353430656500592641
1353430866140094464
1353430930522861578
1353430946893074433
1353431269363867649
1353431380806537219
1353431902162714625
1353431933515145217
1353432382838366209
1353432383391842305
1353432386000707585
1353432541391327233
1353432638250483712
1353432899610058754
1353432928617967619
1353433116665290752
1353433641200848896
1353433652374470656
1353434228168355846
1353434294912475137
1353434483849129986
1353435456021680129
1353435714311094272
1353435751518760961
1353435835853643778
1353436152074792962
1353436205929684992
1353436775470010371
1353436798819708934
1353436861830725633
1353436962040983553
1353437615916199944
1353437678075691008
1353437783600279555
1353438354499579904
1353438486825738241
1353438546367926273
1353439302747881477
1353439792567091201
1353439932317134849
1353440050986455041
1353440184206028817
1353440234650923008
1353440274400169984
1353440459738157058
1353440565724114944
1353440596371771392
1353441296443207684
1353441350407041027
1353441783229898753
1353441834547236864
1353441903417716737
1353441993444220930
1353442014017310720
1353442097748041728
1353442232666365954
1353442586904698886
1353442611814666241
1353442666164449280
1353442681326866432
1353442938458664960
1353443293342916609
1353445052937285632
1353445285456969728
1353445394865410048
1353445973767450624
1353446066557870082
1353446241187803136
1353446393118121984
1353446605874204673
1353446789597208576
1353446856127295488
1353447375994580993
1353447483209256960
1353447486950531072
1353447662884941824
1353448193002885120
1353448327916871681
1353448967191879680
1353449336596688898
1353449675274117120
1353449952932995079
1353450079831646211
1353450274166214656
1353450428827103234
1353450512553799680
1353451321035206663
1353452174747963393
1353452347893157888
1353452515208159234
1353452585123000326
1353453671930093568
1353453710580609029
1353454088818733056
1353454542537379841
1353454991428694017
1353455065055412224
1353455219158482944
1353455280676339713
1353455564978872320
1353455950619926533
1353455975613804544
1353456146942717955
1353456203410640897
1353456225040666627
1353456284209713152
1353456301171331073
1353456405748076544
1353456691434696706
1353457217551392768
1353457421172150275
1353457561006039040
1353457748285956096
1353457807828414465
1353459081416241152
1353459219014447105
1353459827536752642
1353460122723508231
1353460261764689920
1353460481294393344
1353460595593367553
1353460767488663563
1353461027304841216
1353461092379316225
1353461299938693120
1353461388128247808
1353461467274768391
1353461750344151040
1353461767901487104
1353462096483278848
1353462240972730394
1353462485437849600
1353462557261103105
1353462586168258560
1353462586340233221
1353462586357014531
1353462699217350661
1353462801226842112
1353462801692549120
1353462900199989254
1353463111806812166
1353463194761756674
1353463206887501824
1353463430808743939
1353464092602806275
1353464395838447618
1353464495214092292
1353464664458289152
1353464930914213888
1353465785461694466
1353466178363150336
1353466600435798016
1353466939343917056
1353467030922547207
1353467247356825602
1353467359214919681
1353467443776262146
1353467595299631104
1353467624961798145
1353468380271923200
1353468496290721792
1353469043018244096
1353469124656029696
1353469391585890307
1353469467829936130
1353469505695932417
1353469928733626369
1353470148372520960
1353470232149565441
1353470611364990976
1353471059979350016
1353471153659117568
1353471401685102597
1353471587249500163
1353471790199279616
1353472523782991878
1353472640279830528
1353472647955443718
1353472660668379137
1353472718537162753
1353472835788931072
1353472895553568768
1353473076160245763
1353473123795021825
1353473519162699781
1353473582421090306
1353473834893062144
1353474068796895234
1353474161155387395
1353474221612163074
1353474971243311104
1353475288848592901
1353475458424315905
1353475896389357570
1353476029600428033
1353476084386439168
1353476266947735554
1353476296161038339
1353476431234420737
1353476460334428160
1353476607894282245
1353476616480022529
1353476689406251008
1353476830372704257
1353477207113535490
1353477392774422528
1353477477658714112
1353477616708235269
1353477685733777409
1353477700405649410
1353477894618677248
1353477973505093638
1353478643482243072
1353478740991467525
1353478946831147008
1353479287513509889
1353479966315352067
1353480197404827648
1353480197832495104
1353480406763503617
1353480644576370690
1353480864949219331
1353481165097873408
1353481364352491521
1353481455930896386
1353481974812471297
1353482283546771458
1353483254398128129
1353483320756207618
1353483403191062529
1353483474666139648
1353483514935709698
1353483525857701890
1353484434461356033
1353484612266205184
1353484614665289728
1353484656340033536
1353484684659994624
1353484743522844672
1353485241860694019
1353485457955430400
1353485494290706435
1353485509922848769
1353485834692022274
1353486489297027075
1353486549569183749
1353486578094632964
1353486918646968323
1353487050473922561
1353487113942147073
1353487124071395329
1353487402946408448
1353487523574665218
1353487747441418242
1353488211910287360
1353488526252236800
1353488627012132864
1353488991509737474
1353489229230329856
1353489646131535874
1353489793548746754
1353489794874171392
1353490028228464641
1353491228021706754
1353491329855217664
1353491840658497537
1353492372865359875
1353492493971697664
1353492547633471490
1353492550380707840
