1415098741766381568
1415099073384927235
1415099234114805767
1415099931245780996
1415099988275826691
1415100295445684225
1415100816441106432
1415100828768215040
1415101033173356544
1415101463366406144
1415101800965984256
1415102099235479553
1415102221654634498
1415102492723978243
1415102630578298880
1415103257324687368
1415103688193024013
1415104022323900420
1415104047942717442
1415104087054503937
1415104357528375299
1415104647719755777
1415104809150070787
1415104831644127234
1415105041359384576
1415105883072253955
1415106080624021504
1415106734973235201
1415107424965509120
1415107567005614090
1415107972414517253
1415108001388761088
1415108721466777600
1415108754283147267
1415108788022022151
1415108796171661315
1415108940581462018
1415108980620341249
1415109563246809088
1415109903136460801
1415110057872793602
1415110294058110985
1415110650766954500
1415111412251303937
1415112080286486531
1415112585805017093
1415113545897893888
1415113817361686533
1415113820301938689
1415113890774540289
1415113955857534977
1415113977735045123
1415114138670534666
1415114138821566473
1415114179699150857
1415114376147841027
1415115137757945860
1415115308252246025
1415115738076098560
1415115885111558147
1415116303980023810
1415116500097187842
1415116906676297728
1415117343877894146
1415117565257453571
1415117829662183428
1415118750186045443
1415118836060377088
1415118878506733571
1415119003455037444
1415119285677084674
1415119437452267521
1415119877908668423
1415120211469025281
1415120547965542407
1415120847963136002
1415120876404715523
1415121785708756994
1415122124491137024
1415122550733017092
1415122634912800769
1415122876802424832
1415123636432908288
1415123809066172421
1415123947872468998
1415124432037756930
1415124657238335488
1415125385965080577
1415125649623298051
1415126458784227328
1415126971068162048
1415127852882792459
1415128210292023299
1415128219725008916
1415128743736135682
1415128775226974210
1415128823184637953
1415128917778829313
1415129242199801860
1415129397229666306
1415130310942068740
1415130376125788163
1415130579113234432
1415131296251228161
1415131442510770177
1415131483665219595
1415132455162548225
1415132691838558210
1415132946848178176
1415135476135038983
1415136467022712832
1415136956598702082
1415138239233630212
1415139116392529921
1415139130883850241
1415139133425651714
1415139989424328705
1415141100013109248
1415141507590467590
1415141623667826692
1415142041898598403
1415142509995597825
1415143522399834113
1415143646769426434
1415144020347604994
1415144650864795654
1415145221889921027
1415145278643056642
1415145724031930373
1415145870333550592
1415147116784242689
1415147534683627520
1415147581676703744
1415147785813467137
1415148567325519876
1415148633327026183
1415149450109104137
1415150195965313027
1415150448705744898
1415151356508352512
1415151366079717382
1415151575404843018
1415151603674406912
1415151863327043589
1415152218299420673
1415152748446748674
1415153904967430148
1415154762828423171
1415155242920972288
1415155572404523010
1415155688519704577
1415155919730659330
1415156372816097285
1415157414899421188
1415157428233113600
1415157496386363399
1415158101406359555
1415158120586878984
1415159266340741120
1415159526702059523
1415160178996092928
1415160272893927433
1415160714726187010
1415161126854221824
1415161242742837249
1415161536360890369
1415161776564539392
1415162055875780609
1415162151199727618
1415165910554456064
1415166432531390467
1415167212349009921
1415167509276282881
1415167635105501186
1415167932162789386
1415171711071305730
1415174776419663873
1415179278359085056
1415179339222618114
1415179454469611523
1415180470141267968
1415180548583182336
1415181448743735299
1415181660153331715
1415182472896294912
1415185256223846406
1415189469486059520
1415191227838963724
1415192104066764801
1415196292972695552
1415200038188306433
1415202294635847680
1415204045829062660
1415210446244569088
1415210849216581633
1415211815999528963
1415214345248718851
1415214484549951489
1415214510042910721
1415214522671980546
1415214545451298817
1415215322697715714
1415215345846169603
1415215355656552450
1415215361704738818
1415216843564982277
1415217645432025088
1415217669150740480
1415217676528590848
1415217684204212225
1415217709365829634
1415220764047986691
1415221213966872577
1415221336381743107
1415221667643551750
1415227692362960897
1415228211512832006
1415249981108228100
1415250581673938944
1415256698139422720
1415256772911067136
1415257655589937154
1415257660807684101
1415257977804709888
1415259655597658113
1415259790985531394
1415264816025849857
1415264816315392001
1415264944526962695
1415265228644880385
1415267472048074759
1415267537496023042
1415268370489004035
1415268520850599937
1415269271958138881
1415270069790257157
1415270622893125635
1415270736525099012
1415271830835847172
1415272621223157764
1415274395078209540
1415275416038912006
1415275948187000840
1415277425789911043
1415279440800722944
1415279913297453059
1415280338146840577
1415281481086275593
1415281755850952707
1415282116552708096
1415282244747419648
1415282273268731907
1415282448674533376
1415282500960768001
1415282580698632195
1415283778960957440
1415283842819280905
1415285058978652167
1415285313891717127
1415286385062334470
1415286571755085830
1415286686980923392
1415286689375924228
1415287432132562944
1415287468425945088
1415287468937650177
1415287571446472705
1415287572192972800
1415287813877080064
1415288141183819776
1415288193558188041
1415288246754549765
1415288429219389440
1415288582084890629
1415288859407962121
1415289077050511365
1415289997985525764
1415290340014235649
1415291212190343169
1415291751401762825
1415292104427900931
1415292302629785608
1415292655546912773
1415292881363931136
1415294331930484740
1415295013601251331
1415295014314287107
1415295016361136129
1415295196355510273
1415295312529350660
1415295636367360000
1415296413244661763
1415296625430388737
1415296824282337280
1415297528128413706
1415297833436020736
1415298500854747139
1415299659392864258
1415299937873534979
1415300233899171843
1415300262965780480
1415300317848158212
1415300547691823104
1415300718098096138
1415300992015421441
1415301380504494085
1415301578794405894
1415302410768195586
1415302701089447936
1415302858774392835
1415303096281018369
1415303492256796676
1415303597986770954
1415304079006384135
1415304192344866817
1415304200981000196
1415304700442841093
1415304846488571917
1415305090202755072
1415305152786014210
1415305932326719500
1415306673472868355
1415307026532605957
1415307486949748739
1415307581212528648
1415307594210680836
1415308231585435649
1415308668950695937
1415308752912371715
1415309698140721153
1415309734295621632
1415310828702666758
1415310958155739141
1415311131577622532
1415311395613298693
1415311602929344518
1415312013933285384
1415312110087778307
1415312382939762693
1415312391164727309
1415312501835698177
1415313514642694144
1415313516001640450
1415313526852366337
1415313731010113541
1415314024540033029
1415314275606810631
1415314400458719232
1415314657263431680
1415314773684768771
1415315118896844803
1415315212446666755
1415315395616157703
1415315454558707716
1415315499089637382
1415315884365778955
1415316215116058638
1415316915556392964
1415317244658257922
1415317310986932226
1415317379618332677
1415317549617606666
1415317662687764481
1415317697727025153
1415318241866653696
1415318333239529475
1415319400392142850
1415319462585139200
1415319515362119682
1415320067835838476
1415320159712157698
1415320876094984197
1415320891429462030
1415321071641796609
1415322057747935233
1415322454143217668
1415322770313973766
1415323295520628743
1415323929091186688
1415324041917964291
1415324048402395138
1415324098562072579
1415324162411966474
1415324323443888134
1415324758342873091
1415324993555140608
1415325111301951494
1415325438340128772
1415325822114832388
1415325832046911490
1415325867157381123
1415325883494174725
1415326181923119107
1415326204262064128
1415326391235710981
1415326469962616832
1415326524962652171
1415327811758403590
1415327973067067393
1415328126666686466
1415328263598088196
1415328518603513865
1415329027859046406
1415329749308686337
1415329797564153859
1415329981962539008
1415330090242740231
1415330539020636161
1415330770374246402
1415331106208034819
1415331141071130629
1415331915951923209
1415332135829970946
1415332887809908739
1415333206350569473
1415333397602447366
1415333551663468551
1415333577286356993
1415334184965529601
1415334436393132035
1415334730417987587
1415334731856728072
1415334948681175042
1415335121067053066
1415335167086895105
1415335338927706113
1415335827907940352
1415336019369635845
1415336407917338629
1415337032172322824
1415337238834069509
1415337332614615046
1415337538710085639
1415337773553405964
1415337818495279105
1415337996103127040
1415338129763049479
1415338172351926274
1415338501260947457
1415338762545020935
1415338840336658438
1415338913539973123
1415339027033624581
1415339048852414481
1415339088996093955
1415339111548866565
1415339268675878917
1415340123915423747
1415340320728838147
1415340379403075586
1415340388005580801
1415340486156595203
1415340768940658698
1415340940202491908
1415341624314540034
1415341689703653378
1415341912089845763
1415342101680771077
1415342131351375876
1415342303921721345
1415343388442959872
1415343437914775552
1415343512946712583
1415343590579056644
1415343669062868995
1415343671705276421
1415343851963883522
1415344490030804993
1415344735053570049
1415345118551416841
1415345905352466438
1415345918237368321
1415346667365277697
1415346669575626760
1415347081150042116
1415348009039273988
1415348568571924480
1415348784205373444
1415349110190841858
1415349361580597250
1415349759066337284
1415350363247493121
1415350452707864578
1415350632744210435
1415351246538555394
1415351333306130432
1415351628052434950
1415352165925900293
1415352192974868486
1415352310784536578
1415352473955471360
1415352570432868358
1415352593451261952
1415352607263141889
1415352613374152709
1415352645372547076
1415352704759697410
1415352917851361284
1415353389089755156
1415353407813136391
1415355114685075456
1415355231383302150
1415355406436687875
1415355409070792705
1415355410861760519
1415355413462138886
1415355507561439245
1415355591762010123
1415356100984152065
1415356214133854214
1415356707929092102
1415356737935265794
1415357150868684801
1415357335082516486
1415357443291291649
1415358229845057538
1415358491091476493
1415359184183365636
1415359230782099458
1415359297270255618
1415359559196098561
1415359561024872460
1415359588422111235
1415359998725591042
1415360162676756485
1415360467254530051
1415360748704968711
1415360979882463240
1415361027768823814
1415361497291702277
1415362455580987399
1415362642751930373
1415362680769159171
1415362685970128897
1415362700251648005
1415363491154776072
1415363600399491076
1415363641243754503
1415363650257293312
1415363712651829249
1415363801088675847
1415363835901399044
1415363858227675140
1415363943883751425
1415364143897579523
1415365034797158402
1415365119475949570
1415365375378829314
1415365469683560455
1415365806217744386
1415366369638592512
1415366653827760133
1415366864071499778
1415367296940400651
1415368010869641221
1415368140700241921
1415368480161927176
1415369253604179968
1415369483682783235
1415369569208778752
1415369777980321793
1415369991294177285
1415370208949178369
1415370259142516740
1415370486012338184
1415370517410840577
1415370544296468481
1415370690618929155
1415370776287584260
1415370875889725442
1415371181851648003
1415371207172575234
1415371572815310850
1415372314905022464
1415372528705490949
1415372597986988036
1415373209424252930
1415373360104620034
1415373590359384072
1415373608935956481
1415373883541164035
1415373935898775555
1415375523816034310
1415376054869450761
1415376286638383111
1415377031026651142
1415379150886612995
1415379532157177858
1415380533345935365
1415380648601210885
1415380748551561222
1415380809574490121
1415381027078512646
1415382399467368448
1415382682234589184
1415383129813028870
1415383154479833090
1415383282359934981
1415383360818585603
1415384322069209089
1415384448401563649
1415384823590445058
1415385071121584132
1415385468833865731
1415385616162844672
1415385646496108545
1415385663042621456
1415385674828685316
1415385937077538817
1415385966781607936
1415385981230927878
1415385996292726790
1415386019667513352
1415386108377055239
1415386131164635137
1415386220042104833
1415386334668247054
1415386527551606784
1415386576155185158
1415386755168100359
1415387176926392321
1415387571853615106
1415387722404016131
1415387889937047570
1415387954554486788
1415388086360592396
1415388097148342275
1415388269987221510
1415388671440793600
1415388869290299402
1415389197339435008
1415389338284740608
1415389357146583040
1415389423366287367
1415389453355454472
1415389574742818819
1415389580207996929
1415389623103131648
1415390001559396354
1415390291431940100
1415390345450381315
1415390574799204355
1415391058901577733
1415391176736247809
1415391988011122696
1415392000363356168
1415392028662321154
1415392130697244675
1415392157087666176
1415392203103477768
1415392301371858949
1415392307671715842
1415392871163867138
1415392946069848077
1415392971353169926
1415392983478939650
1415393158448533507
1415393620937564167
1415393807064084483
1415393997896437761
1415394354534010891
1415394573900210178
1415394829970857993
1415394885746806787
1415395271983472646
1415395325540454402
1415395446193860613
1415395612590215169
1415395675332808704
1415396041973719042
1415396185821560834
1415396362976378881
1415396393427034114
1415396698097164292
1415396897985007620
1415397132933255173
1415397162352009221
1415397296573927429
1415397709964582912
1415398024742850560
1415398261209321475
1415398289684549634
1415399427980894216
1415399820429234177
1415399827622539270
1415399960640724992
1415400445858680834
1415400707801313281
1415400715032440834
1415400727774744576
1415400728630382600
1415400799283388422
1415400830056939526
1415401293900881921
1415401310803873798
1415401610612772864
1415402221722816516
1415402293265108992
1415402559850831873
1415402651731337222
1415402757956251652
1415402967923048462
1415402980396896257
1415403260815585286
1415403560569823233
1415403717390704640
1415404104755650564
1415404112049549322
1415404351863017477
1415404377410609154
1415404435535187971
1415404443877756928
1415404483090149379
1415404712141197322
1415404957340160001
1415405049019129858
1415405058741600258
1415405108460986371
1415405227721859073
1415405298534207489
1415405542307033091
1415405584371888131
1415405610812809217
1415405757412032512
1415406168319668233
1415406758814748679
1415406790020321281
1415407682970865668
1415407830266433537
1415408004128718852
1415408089180868612
1415408257636708352
1415408257787695113
1415408258198564864
1415408258366332929
1415408258739695618
1415408258853003274
1415408259557699584
1415408260274819072
1415408261499658243
1415408275441340419
1415408333683625995
1415408441649254402
1415408906789179393
1415409063626633218
1415409497170927625
1415409664322310154
1415409843406577672
1415410152849674242
1415410330583412737
1415410397935509508
1415410533344366595
1415411286859464704
1415411411212242957
1415411511099527174
1415411678431350784
1415411890713464836
1415411969927045123
1415412809672929287
1415412935434850304
1415413054339174400
1415413070332141574
1415413106516369420
1415413257033109509
1415413730939006976
1415413760257372163
1415413792624848906
1415413821708120075
1415413995490758662
1415414128731168770
1415414319609647105
1415414568495599619
1415414591027351553
1415414878463045635
1415414951993294849
1415414989293342725
1415415091449761799
1415415281984344065
1415415453091078145
1415415464835047430
1415415699481190401
1415415713062346754
1415415744280604680
1415415781173628928
1415415832813899791
1415416168664506379
1415416366459392008
1415416531526340622
1415416995613380613
1415417074172694530
1415417239193391108
1415417652613365761
1415417665976479748
1415417733567627266
1415417907157340165
1415418391326859267
1415418465784107008
1415418562831962115
1415418819384852482
1415419474078060554
1415419582383329285
1415419693985320960
1415419938400002048
1415419952899710979
1415420036391608321
1415420177013952521
1415420713729679361
1415420998896193542
1415421667069894656
1415422011996790791
1415422663623856133
1415422908206403585
1415423026628333568
1415423232853872642
1415423442862682112
1415423862532149254
1415423918182178822
1415424220104908802
1415424608472346630
1415424762931818502
1415424778115207169
1415424862772989954
1415424978162434048
1415425381901930496
1415425707732357124
1415425786480402434
1415425794915065856
1415425873390407681
1415426579514241032
1415426838982283277
1415426892321144838
1415426944196173828
1415427076023275526
1415427165160722435
1415427274866843648
1415427505742286848
1415427621542940674
1415427869128417284
1415427936589598726
1415428196431011840
1415428299837345797
1415428355030228994
1415428505068838918
1415428525847371777
1415428576011292677
1415428900780396548
1415429037451796483
1415429125096067076
1415429937570406401
1415430173122514945
1415430835952574474
1415430907536855043
1415430912334958592
1415431316720455684
1415431890899722245
1415432144483192833
1415432238364348417
1415432673707929614
1415432815584350213
1415433517882908673
1415433561231007744
1415433927393689600
1415433947916365825
1415434175788818444
1415434184668160007
1415434467259392005
1415434636881285121
1415435290374717444
1415435366102822912
1415435499783794693
1415435946368110597
1415436615720243200
1415436914744827904
1415437086962831361
1415437127031169036
1415437405759361026
1415437644000018433
1415438676289630209
1415438738990276610
1415438915671138313
1415439929455357954
1415440525927329802
1415440836775579659
1415440973371424770
1415441048722096129
1415441372883128322
1415441652328681472
1415441666576723971
1415442310029062150
1415443040823619584
1415443051670089729
1415443244633268227
1415443345330085901
1415444663276802048
1415444786543317008
1415445354405941249
1415445396038602758
1415445883294994434
1415446007228162056
1415446114455724034
1415446180423741440
1415446929744572416
1415447019192299524
1415447542033125377
1415447552812535811
1415448882926981120
1415448901751083010
1415449054591455235
1415449208597929985
1415449505894445072
1415449990185562121
1415450021068222467
1415450563639070723
1415451931418533893
1415452172272144385
1415453450024984581
1415453965018353666
1415454017828884484
1415454317398614020
1415454420473720832
1415454754420019200
1415454810401296391
1415455201226641411
1415455489861865472
1415455961636950020
1415456596860313605
1415457019499356161
1415457495968059394
1415458146512953344
1415458503074922507
1415458797083152390
1415458978067271683
1415459522097946626
1415459910658281473
1415460084986040323
1415460638273556488
