1279565736474787841
1279565775804776448
1279565806410567680
1279565823691063296
1279565909611380742
1279565911939330051
1279566151283023872
1279566180731281409
1279566357017870337
1279566435136741377
1279566522663546880
1279566613713432579
1279566635859410947
1279566802540994560
1279567257253957633
1279567591594393603
1279567623370559489
1279567649320689671
1279567674322956288
1279567877264347137
1279567892934209539
1279567913301741568
1279568258585280519
1279568376264904705
1279568609677803523
1279568619752521732
1279568809121198081
1279568941069864963
1279569160830357504
1279569191784374272
1279569266958876673
1279569280766525443
1279569361875996673
1279569453479366656
1279569462073544704
1279569476439216130
1279569489835761664
1279569568852332546
1279569665895825410
1279569696149385216
1279569785798512646
1279569944926183425
1279569980447772673
1279569982997790720
1279569984767868930
1279569988194635777
1279570186920738818
1279570315845283840
1279570398598791168
1279570567612583944
1279570700983062528
1279570792376926208
1279570812207607813
1279570901898375168
1279570910253547520
1279571018336612355
1279571524979220480
1279571606977814529
1279571743145963521
1279571806068920322
1279571815929720835
1279571983190175745
1279571983458500613
1279572127075663872
1279572145060880385
1279572155420889088
1279572309527932928
1279572380776529920
1279572499374751744
1279572635773526016
1279572689280282624
1279572788727201799
1279572854812573698
1279573129665359881
1279573206425313281
1279573206513471488
1279573214415421441
1279573246791254016
1279573255481851905
1279573398784487425
1279573427712557056
1279573628514979842
1279573702884175872
1279574049878933505
1279574078005936129
1279574313109241856
1279574441597571074
1279574576968720384
1279574737761558532
1279574988312530950
1279575130537177090
1279575307259912194
1279575501653377025
1279575854033633283
1279575984249827328
1279576089078235138
1279576236294094855
1279576279960956928
1279576342774919168
1279576438518185984
1279576507535568899
1279576549923135489
1279576610350514177
1279576671834824704
1279576969143881728
1279577129613746177
1279577255723913216
1279577294529495050
1279577425635086342
1279577543910346752
1279577588109922306
1279578030218903552
1279578122850054145
1279578136771002370
1279578301632307203
1279578475003809793
1279578964919488512
1279579096385798144
1279579182654279680
1279579218964250625
1279579238560075776
1279579274052337665
1279579430848004097
1279579507519881216
1279579511877709827
1279579591338799105
1279579599727398919
1279579668593680384
1279579729427869696
1279579856485965824
1279579995652993024
1279580121586860033
1279580213085712384
1279580592095596545
1279580594394062848
1279580670604566529
1279580756856066048
1279580797486403587
1279580863425130502
1279581014755508224
1279581152567795714
1279581321761783808
1279581508639096834
1279582210346168320
1279582295167578112
1279582775272787968
1279582792989511681
1279583046870740992
1279583068072935425
1279583138268745730
1279583475847311365
1279583600921509892
1279584340649877506
1279584356152074244
1279584554689404929
1279584675615453185
1279584936949944321
1279584952615612421
1279584977731178497
1279585107242778624
1279585117632167936
1279585678930649088
1279585815786643457
1279585818789785600
1279585874590732289
1279586030174248962
1279586143005298688
1279586770821222402
1279587131506262016
1279587183607889920
1279587277312790528
1279587596155453440
1279587749042040833
1279587761352257536
1279587789047320576
1279587839001481217
1279587902557749255
1279588282117095426
1279588378347003906
1279588599655096321
1279589095237390336
1279589329820618752
1279589333452951552
1279589420962807808
1279589646666739712
1279589674412056582
1279589833728557061
1279590213526917120
1279590341788696577
1279590594097090560
1279590717229346816
1279590886100422656
1279591166791618560
1279591363114393600
1279591830347296768
1279592226536820736
1279592819334791168
1279593299335172099
1279593479799296006
1279593937007673348
1279594153127673866
1279594295364894721
1279594419889623041
1279594468577095682
1279594787566489601
1279594793174261761
1279595184272093187
1279595243051069442
1279595253142556673
1279595627098148864
1279595637298941952
1279595671054622720
1279595835718844416
1279595861375365121
1279595947866144774
1279596014522032129
1279596201940303874
1279596309008261120
1279596323667402752
1279596335394689024
1279596533122510848
1279596634813448194
1279596643818655750
1279596783912603649
1279596848311910400
1279596868016787456
1279596968751357952
1279597085579452422
1279597105913487360
1279597204899082241
1279597556050337793
1279597754726178816
1279597762598899712
1279597815677825026
1279598081693057025
1279598142443466757
1279598354545156097
1279598385230577666
1279598441799262214
1279598509524729856
1279598860067844097
1279598893399973892
1279598964317327360
1279599035620474880
1279599158408679427
1279599182618275841
1279599184614699008
1279599287899426817
1279599463808499712
1279599466165735426
1279599501007884290
1279599561737199618
1279599659678412802
1279599725801607169
1279599744696946695
1279600009349038082
1279600125468381184
1279600291818676226
1279600533775540224
1279600626951950337
1279600818908532739
1279600990832996354
1279601235298058241
1279601236833165314
1279601265614430209
1279601277542912000
1279601725436026884
1279601872568025088
1279602044417048576
1279602066583891972
1279602348055302151
1279602765971456001
1279603082737913857
1279603270084784131
1279603358685331456
1279603404554280965
1279603490935967750
1279603916594974720
1279604031334354944
1279604509300396033
1279604820404551680
1279604934707679232
1279605490830446593
1279605563366801409
1279605696741478400
1279605750193688578
1279605800009371648
1279605969429966848
1279606058160398336
1279606388935872514
1279606643580448768
1279606748979048449
1279606866428022785
1279607232372580353
1279607342343106562
1279607497268101120
1279607515450310656
1279607552561549313
1279607668320149504
1279607829884743682
1279607886549827584
1279608104989200387
1279608215576219649
1279608345515753474
1279608608850939904
1279608618011279360
1279608684088373248
1279609052755042309
1279609106290970626
1279609188994502661
1279609211564036098
1279609369437655040
1279609778025701378
1279609968552030209
1279610030594162693
1279610301416181762
1279610447759650816
1279610473181216769
1279610516311343104
1279610530655862784
1279610832381448192
1279610931018895364
1279610979765104644
1279611476597145601
1279611516787077122
1279611665487626241
1279611739546497024
1279611956186546177
1279612196104912897
1279612331455021056
1279612449495416832
1279612937351684097
1279612954711859200
1279612961741561856
1279613197188845568
1279613558293233665
1279613655101902849
1279613684290125826
1279613722676400130
1279614441169063941
1279614619074670592
1279614984947990530
1279615028828737536
1279615372551954433
1279615783816040448
1279615785221136388
1279616163216068610
1279616693157978112
1279616693782937601
1279616860657528834
1279617150899159043
1279617375697080321
1279617752270077952
1279618347500474368
1279618852079521793
1279618966672023553
1279619299766865920
1279619695042277376
1279619754978881536
1279619946205626368
1279620054146048000
1279620375366811648
1279620610793123841
1279621362001350658
1279621534802477057
1279621823894827008
1279621905205649410
1279622027591266304
1279622441564848128
1279622494320824321
1279622710927245312
1279622872974196742
1279622931010772992
1279623112229818368
1279623426915827712
1279623489838776322
1279623608739024897
1279624120334942210
1279624275079712768
1279624425684549632
1279624583885344768
1279624808968392704
1279625094990565377
1279625213718589440
1279625341192060928
1279625928625270785
1279626017498451973
1279626042764820486
1279626054181797890
1279626608693981184
1279626807638200320
1279627079408070656
1279627211834884097
1279627268369690624
1279627559945342982
1279628187828355072
1279628504410316800
1279628510915592193
1279628881046188034
1279628928181731328
1279629232688246784
1279629298551468032
1279629326196097024
1279629996831715328
1279630249823801345
1279630504220860417
1279630751366107138
1279630792789016585
1279631767289376769
1279631887770804224
1279631912030666755
1279632079190458368
1279632261093228544
1279632708809953280
1279633033264594944
1279633234226266117
1279633471019851776
1279633955373961224
1279634502218809344
1279634896928071680
1279635219478384641
1279635863316684801
1279635863379550218
1279635990169235457
1279636954867478528
1279637492011016194
1279637783947153409
1279638201850789888
1279638336316018688
1279638510908080128
1279639545198399488
1279639835641339904
1279640201288208385
1279640600493596672
1279640860934668289
1279641080867295232
1279641179924189184
1279641481100365825
1279642086871048192
1279642279880413187
1279643105592070144
1279643674759004160
1279645353755791361
1279645484047532033
1279645542667243520
1279645939272167424
1279646133111881729
1279646235817840640
1279647083973222402
1279648350518816771
1279648736474550274
1279649177501413376
1279649245616799744
1279649315909181441
1279650222080131072
1279650932343611393
1279651250838089728
1279651399165411328
1279652176634273792
1279653633135697921
1279655248278237185
1279656929862836224
1279657048565825537
1279657413264670720
1279657511516123136
1279658388448784384
1279659112045907968
1279659637470625792
1279661533426077701
1279661865342296064
1279662144766849024
1279662471666634752
1279662854388449280
1279663371374206983
1279663477393686534
1279663605827489793
1279664139003211778
1279665337760387074
1279667771639562240
1279668117397024769
1279668832664260610
1279668997693345793
1279669108670451712
1279670188288475136
1279671352304246792
1279672329627480064
1279672794129862657
1279673076964302848
1279673391545552897
1279674159547797504
1279674275864227840
1279674729092259840
1279674742254063617
1279674745110368257
1279675942567321600
1279675946820345856
1279677050933125120
1279678030550577152
1279680342354526208
1279680755015258114
1279683567811989505
1279686854615367680
1279688003221323777
1279690263917744128
1279690506730188801
1279690650083041280
1279692424974143490
1279692669648764928
1279694063587987456
1279695442104762368
1279698965001355270
1279701555768258561
1279703340931338245
1279706615667712001
1279707997640540160
1279708260015243264
1279711838868037632
1279713524097286144
1279713823134494721
1279714431337992198
1279715045316927488
1279715676165419008
1279716650925699073
1279716714876489728
1279717943270690816
1279720026006786049
1279720818289901569
1279720962297073664
1279722394337390592
1279723838931177473
1279724201830526976
1279724570698711040
1279724722733953026
1279724977688895489
1279725159751077888
1279726092157358080
1279728187732353024
1279730544369119232
1279730674749050880
1279731754484580352
1279731828413411328
1279733049400397831
1279733193713778694
1279733416242577408
1279733728672186369
1279733829188628481
1279733992753938433
1279734093656309762
1279734699003449347
1279734765483175936
1279734949654994945
1279735603706376192
1279736287096901632
1279736859644571648
1279737824628158472
1279737970690600961
1279738559717662730
1279739067991801857
1279739122651971584
1279739475506204675
1279739526995419136
1279740570362171392
1279741922144387072
1279742156513652736
1279742242362667008
1279742584349392896
1279743255215824901
1279743496275050496
1279744628577746944
1279744666670379008
1279745344788664321
1279745417329156096
1279745511856263169
1279746294408458240
1279746582334918661
1279746854528454657
1279746893141114880
1279748165957230593
1279748243400908800
1279748324296441860
1279748393888350209
1279748553687085056
1279748561958318080
1279748902606888960
1279749752570163201
1279749815891607552
1279750648586698752
1279750761543499776
1279751066192695296
1279751286485893121
1279751755279011842
1279751809985400832
1279751917321752576
1279753350200938499
1279753738257825794
1279753785288638464
1279754267272925189
1279754285933305856
1279754400391671813
1279754454129152001
1279754908191854593
1279755800899211264
1279755809522700288
1279755813284962306
1279756440241086465
1279756640938532864
1279757041771393025
1279757210491539456
1279757277709447169
1279757994310369283
1279758204143050752
1279758270639595520
1279758861923168261
1279758965035991042
1279759080148664321
1279759486018781186
1279759493220446208
1279759576716455937
1279759762142507010
1279759790147854338
1279759821495918593
1279760245187903496
1279760252980822018
1279760317401182209
1279760367514681345
1279760379833442305
1279760450679238657
1279760465778876416
1279760491586428929
1279760789725949959
1279760813658701830
1279760949843542022
1279761069112799239
1279761259311890434
1279761527709597696
1279761679056805895
1279761847193919489
1279761879871696896
1279761955234803712
1279762001842094081
1279762045257351168
1279762453199417349
1279762507402543105
1279762598184050688
1279762616269918209
1279762641679011841
1279762725283999744
1279762966393610241
1279763475934347264
1279763594234789888
1279764344184725504
1279764688381923328
1279764690432860160
1279764745499918336
1279764867700973568
1279765124623011840
1279765171909476353
1279765696562561024
1279766000125255682
1279766272121671680
1279766276190154754
1279766389755174914
1279766631896485889
1279767017495703553
1279767204523843586
1279767596355792897
1279767698021416960
1279767837163298816
1279768142634516480
1279768248716857347
1279768313715986435
1279768995885756422
1279769002126872576
1279769298584719360
1279769332558503936
1279769343388196865
1279769660829896704
1279769811065679872
1279770072077291520
1279770141652287489
1279770218999566336
1279770226469601280
1279770234958815232
1279770258199457797
1279770657883131906
1279770788984311808
1279771114034642944
1279771141813538816
1279771200638668801
1279771497075052545
1279771624418553858
1279771680508907526
1279771816375001088
1279771837728243714
1279771866522161152
1279771975154569216
1279772136622772225
1279772140036907010
1279772152720510977
1279772309461569537
1279772327924957184
1279772630485209088
1279772641696665601
1279772709904437248
1279772774173728768
1279772913760116737
1279773044815409152
1279773146653097984
1279773247379210240
1279773345848885250
1279773370251386880
1279773507782619137
1279773535502848001
1279773674988605441
1279774277068304387
1279774294999019521
1279774665502797824
1279774695211110402
1279774814576750601
1279774921938268163
1279774979467481088
1279775047679385600
1279775156324511746
1279775173042933760
1279775263086333952
1279775369181216768
1279775381340524549
1279775444099874816
1279775539432218625
1279775659473211393
1279775697108697093
1279775748811882496
1279775907402731520
1279776146637414402
1279776231786000385
1279776276929224704
1279776379459026944
1279776433905139713
1279776752223600640
1279777048873988101
1279777101340696576
1279777146383134721
1279777158953607171
1279777391120977920
1279777407776555013
1279777435450572800
1279777654938443778
1279777848258109441
1279778565140164610
1279778777896280064
1279779099653832707
1279779123678916608
1279779124115116033
1279779153064140800
1279779169006686210
1279779185347760130
1279779287906869250
1279779316658774021
1279779381888659457
1279779421461889024
1279779521508651009
1279779677100560385
1279779832243634176
1279779900271013891
1279779923255754754
1279780005472501761
1279780153888051200
1279780534508552199
1279780670424973313
1279780767132987394
1279780839052673026
1279780907805786112
1279781016299868160
1279781043491557377
1279781095366701056
1279781195002318849
1279781280176123906
1279781338808086529
1279782039944859649
1279782150674550784
1279782177748762624
1279782184883273728
1279782265149628417
1279782784391876617
1279783024729690112
1279783073127727105
1279783224831619072
1279783280406126593
1279783308029759490
1279783337977090054
1279783533360435200
1279783703095455756
1279783807088877569
1279783850009169922
1279783862575529984
1279784015676035072
1279784208421003265
1279784341585965057
1279784378164535296
1279784435420987392
1279784443377594374
1279784491804848128
1279784599229521921
1279784645861744641
1279784675649769472
1279784757476446209
1279784941405036545
1279784980156239873
1279784984790761472
1279785220896587776
1279785636841603076
1279785654474465280
1279785768144207872
1279785836968579072
1279785987007275008
1279786086391316481
1279786267123777537
1279786383876534276
1279786491061796865
1279786543167700996
1279786564185358338
1279786702018678785
1279786729130676224
1279787065283096576
1279787224343760904
1279787253649342464
1279787422604308482
1279787475070836736
1279787529160601600
1279787659053973505
1279787663080505344
1279787670542192641
1279787751848673280
1279787799676403713
1279787848653254656
1279787906652127238
1279788263511920644
1279788444923953153
1279788500506812416
1279788753024933888
1279788863066685440
1279788970960920576
1279789189144498178
1279789405054656513
1279789528790728704
1279789733061820417
1279789865245315078
1279789887848419328
1279789995918794754
1279790103183925255
1279790147463151618
1279790222109261824
1279790321556164610
1279790607318290432
1279790613890830337
1279790636183572483
1279790664276942852
1279790813896155144
1279790925926076418
1279790976710643715
1279791033425948674
1279791160899371008
1279791219275636737
1279791344089784321
1279791401635635201
1279791449496858624
1279791458653011969
1279791462918623234
1279791475522494464
1279791491486023680
1279791757941760003
1279791956965679107
1279791966507741186
1279792070601957379
1279792114902216704
1279792210842714114
1279792497414287361
1279792761349312513
1279792875048493056
1279793282772602881
1279793298761285632
1279793305929289732
1279793354583289857
1279793359960195075
1279793445285101568
1279793686277246981
1279793751406321669
1279793853390823424
1279794101915914240
1279794133218086915
1279794208946171905
1279794213811621889
1279794222808403970
1279794254890643457
1279794442589876224
1279794732097511424
1279794820920336385
1279795041809072130
1279795260395266048
1279795603732680704
1279795651174379520
1279795732653002753
1279795735840555010
1279795839939022849
1279795999259734016
1279796052539949057
1279796094545866752
1279796159750590467
1279796191140683777
1279796193355128833
1279796194818965504
1279796227786313728
1279796391590723586
1279796517759565825
1279796981058199556
1279797499130191873
1279797689916538881
1279797765829201920
1279797830702505986
1279798082490609664
1279798165466681344
1279798510121095175
1279798616165679104
1279798625774772224
1279798850857906176
1279798859540070400
1279799043787493377
1279799233093275656
1279799340870049794
1279799533849976832
1279799584664027136
1279799615706009600
1279799698119786496
1279800028882747394
1279800131370528768
1279800350531338240
1279800668656631811
1279800971346968576
1279800991580327936
1279801141665189888
1279801219880452101
1279801503658708992
1279801561452032000
1279801595535003648
1279801738392940550
1279801774279479298
1279801826326597632
1279801851307794432
1279801858379350016
1279801865652310017
1279801992504905729
1279801997990952961
1279802047496404997
1279802080002269187
1279802161719803906
1279802211531468800
1279802325222281218
1279802400488984584
1279802485163646977
1279802496161062912
1279802520462901249
1279802846947532802
1279802856112087042
1279802884104880131
1279803062002110464
1279803106620878854
1279803141773561856
1279803995767427073
1279804002671173635
1279804255113752577
1279804353314947072
1279804432402825216
1279804550841544705
1279804583905300481
1279804590406479872
1279804751950106629
1279805042627928064
1279805274816200707
1279805297465450496
1279805368630116352
1279805469964603393
1279805546917437443
1279805649732411398
1279805688194179073
1279805734008557568
1279805950858276864
1279806300118036480
1279806305457311748
1279806611427602434
1279807025862582282
1279807031688474630
1279807251126071297
1279807252577148931
1279807351902613505
1279807807802552325
1279807888773562369
1279808017635004416
1279808022911606784
1279808279263182854
1279808431340355586
1279808497455173634
1279808675994107904
1279808711830241281
1279808714573217793
1279808719379890179
1279808848619098112
1279808865882824706
1279808896593362944
1279808910401167367
1279809088164167680
1279809333556056071
1279809339977609219
1279809543564922882
1279809638398144514
1279809728718217218
1279809746309189634
1279809773765083136
1279809842396508160
1279810029919633408
1279810129387499522
1279810265840783362
1279810396942188553
1279810565523886080
1279810652446605312
1279810686751838210
1279810742624059394
1279810744587038721
1279810861239066624
1279810973206003712
1279811023017349120
1279811108724002817
1279811261564432386
1279811281785151488
1279811323149213696
1279811638816903169
1279811756525867014
1279811795524386816
1279811841414369281
1279811852881530883
1279811979629285378
1279812073703251971
1279812117017907200
1279812268398608385
1279812424611368961
1279812459990310915
1279812712562855948
1279812878678347777
1279812879911464961
1279813224263794691
1279813561401950211
1279813829917057030
1279813978772955136
1279814294310391808
1279814686192648193
1279814849900556291
1279815072240545793
1279815189735579649
1279815296975605762
1279815528522145792
1279815566832918528
1279815654007324672
1279815758172884993
1279816024418902021
1279816121512853504
1279816239775387649
1279816513181057025
1279816710204383232
1279816935329447937
1279816943428685828
1279817099872030720
1279817100622790658
1279817121808158722
1279817195695083522
1279817348342583296
1279817399764758528
1279817443372929026
1279817579574460417
1279817769844948992
1279817776295747585
1279817918340005893
1279818105074614275
1279818213396791304
1279818675051278339
1279818706856615936
1279819148529471490
1279819326464364545
1279819352955596801
1279819447335878656
1279819475752280066
1279819551794958336
1279819709257527297
1279819905530048514
1279819963751116800
1279819972844322822
1279820128398512132
1279820230257192960
1279820391687561216
1279820720382578692
1279820910602735616
1279821246331576321
1279821246373531650
1279821268339040257
1279821372227756039
1279821577710960641
1279821622740910081
1279821729301499910
1279821749329317889
1279821942758035456
1279822028036550657
1279822252272504832
1279822347562897416
1279822431562186752
1279822466450415617
1279822644188270592
1279823005112303616
1279823236151181317
1279823243831099394
1279823315780145154
1279823318795812865
1279823341323464704
1279823471984459776
1279823734522753025
1279823843029397512
1279823967545626625
1279824170751270912
1279824410204090368
1279824431825793025
1279824901537517569
1279824980491059200
1279825009092055045
1279825262520213509
1279825262893568001
1279825355994513409
1279825525939277825
1279825704033583105
1279825816076107776
1279826129239629825
1279826301906452480
1279826439425208320
1279826603615404039
1279826820775514112
1279827090427305985
1279827134924627970
1279827176775393285
1279827217183322112
1279827223453802496
1279827591839584258
1279828048238567424
1279828126567194626
1279828215536726017
1279828262060011520
1279828807160135681
1279829252221874182
1279829420694548480
1279829440797855746
1279829657408253953
1279829659409055745
1279829825746763777
1279829897154670592
1279830028038045696
1279830159852539907
1279830199039930370
1279830268606664711
1279830350986907648
1279830417819021312
1279830426761207808
1279830541366329345
1279830737433264130
1279830867997794305
1279831394366226432
1279831558162186240
1279831878246322177
1279832306589581312
1279832343314907137
1279832461237784578
1279832477629124608
1279832537150427137
1279832680276819969
1279833178455150592
1279833383187685376
1279833978804097025
1279834248283906051
1279834302084153345
1279834788447293440
1279835042429239302
1279835046598397952
1279835056907919360
1279835067154665472
1279835100788789250
1279835171773177857
1279835446089048067
1279835505799110665
1279835553991741440
1279835692843982848
1279835724234272768
1279835791968153604
1279836283058208768
1279836454286495749
1279836822303133696
1279836827982147588
1279837111840133120
1279837179653623809
1279837221974048770
1279837301510672385
1279837613763985408
1279837982250479617
1279838020468969473
1279838032452034562
1279838099049263104
1279838116313006080
1279838148084760577
1279838165038100481
1279838528214577154
1279838687593979904
1279838836693110784
1279838898550702082
1279838912974815236
1279839580963946498
1279840010502582272
1279840105793040384
1279840107491659777
1279840269228216320
1279840273942687744
1279840981693747203
1279841180310781955
1279841221582651393
1279841259813658625
1279841268093210624
1279841352138862593
1279841472427237378
1279841527020359683
1279842640666730496
1279842721168011268
1279842764486778880
1279842899568603142
1279843338779332614
1279843342885543936
1279843523794264064
1279843564529299459
1279843597534269440
1279843600843649024
1279843739272388608
1279844341998063619
1279844702246895616
1279844767698952193
1279844793938513923
1279844855976529920
1279844955629006849
1279845404654415874
1279845502461325312
1279845632296001536
1279845938517999616
1279845971476840450
1279846224632348672
1279846677306892291
1279846733762215937
1279846862921621504
1279846879640064002
1279846908413042689
1279846960619454468
1279847176378748930
1279847581112295424
1279848039444656128
1279848336992997376
1279848374762684417
1279848425526366210
1279848577318227968
1279848888627793926
1279849034224631808
1279849560970387456
1279849787320303616
1279849802147250182
1279850153265037312
1279850303089762305
1279850387051331584
1279850932721930240
1279851134837014529
1279851190264741888
1279851273106358272
1279851436894048259
1279851516434808833
1279852587861389314
1279852607415205891
1279852756648460290
1279852761606127618
1279853040611328000
1279853145112416257
1279853463929790465
1279853558200971265
1279853618720583686
1279853648407932935
1279853712572321800
1279853959939796995
1279854121848356871
1279854204610392064
1279854294129348610
1279854321312595969
1279854321950171136
1279854346784604162
1279854438711267330
1279854583347654656
1279854719314296832
1279855005697220608
1279855512968970245
1279855520912945152
1279855526290100225
1279855539996905472
1279856229448286208
1279856235970519041
1279856238050914305
1279856304186687493
1279856481970597890
1279856585540612099
1279856779090952192
1279856869872488448
1279857002714411008
1279857008338927616
1279857252044812288
1279857279031009281
1279857338334302210
1279857519444328449
1279857979609821189
1279858027953348608
1279858395512782855
1279858550102163456
1279858585829363713
1279858720806252553
1279858982526562315
1279859254606823424
1279859351189098503
1279859456092901376
1279859586850324482
1279859731301974016
1279860059942653954
1279860096143708172
1279860097427156993
1279860154893287424
1279860488604549120
1279860492412968960
1279860629239738370
1279860787876712451
1279860886656737280
1279861063689867264
1279861077485015041
1279861088415354882
1279861208770887681
1279861293348945922
1279861563164409857
1279862072680034304
1279862086642929681
1279862103982116864
1279862267933339651
1279862290758713344
1279862399588347912
1279862474376970240
1279862809560580096
1279862819085783040
1279863043338493952
1279863133855641601
1279863247571750912
1279863251329847297
1279863447862292481
1279863458805223424
1279863507257749509
1279863536735465472
1279863728327057410
1279863740784152577
1279864126978830338
1279864702114369537
1279864786310893568
1279864811711496192
1279865011049914369
1279865098677424128
1279865198673887236
1279865624659976193
1279865655970467841
1279865808240467970
1279866127384969216
1279866433586057216
1279866829662552072
1279867116242505729
1279867452436905986
1279867647715246080
1279867651200880640
1279867914309566465
1279868354694656001
1279869058255642626
1279869315043471362
1279869376334909443
1279869410346401795
1279869631545724928
1279870045431181317
1279870558935621634
1279870819741642752
1279870903984283649
1279871054156951552
1279871079507529729
1279871237481791490
1279871247996813321
1279871343618555907
1279871538473447430
1279871644119465989
1279872025524350978
1279872294010130432
1279872495026343939
1279872534486355968
1279872558536540172
1279872783716139008
1279872869577695244
1279872984367407107
1279872991011241985
1279873324768731138
1279873376308408321
1279873643032580099
1279873669750235137
1279873730357997568
1279873844673753088
1279874114468171785
1279874325928173568
1279874849255669767
1279875022564270081
1279875196485283840
1279875785986277382
1279875865602555904
1279875896204316678
1279876144314138631
1279876223770992640
1279876326082691072
1279876422677549059
1279876793642647553
1279877699444580357
1279877855413972998
1279877905779167232
1279878117524455426
1279878527714832385
1279878666282041356
1279878683239559172
1279878777925963776
1279878977289682945
1279879076434632704
1279879353833324551
1279879518061309955
1279880041153863680
1279880302748487681
1279880383379714050
1279880502334435334
1279880646085627905
1279880744941256706
1279880805616156674
1279880813883068417
1279880819264217088
1279881168310198272
1279881331116331008
1279881387781304321
1279881514159833088
1279881602227675136
1279881620703436800
1279881771962826755
1279881908424527874
1279881957271392256
1279882098187423747
1279882141216780288
1279882424357437443
1279882454325694464
1279882517437452288
1279882765803151361
1279882965150023680
1279883406927704073
1279883614197596166
1279883863108521987
1279884494359744518
1279884565272834049
1279884752720408576
1279885137912770560
1279885325339430918
1279885406100762627
1279885523688001545
1279885691170836480
1279885956343050241
1279886067198377984
1279886200829104135
1279886245020274689
1279886360762028032
1279886445885472769
1279886513795485696
1279886539141648385
1279886707647709184
1279886740648493056
1279886896194355201
1279887022522499072
1279887059784777731
1279887087345467393
1279887090004692992
1279887716164014080
1279887888466018307
1279888147606798336
1279888211872006144
1279888647425331200
1279888947615797254
1279889036820262912
1279889044462202880
1279889397937307648
1279889699402854407
1279889770617937926
1279889863584579584
1279890110385999873
1279890441396158466
1279890455229054977
1279890729276497920
1279890945329319939
1279891186770010112
1279891187709513728
1279891188141576193
1279891188275752960
1279891381591441409
1279891839768760320
1279891920316174339
1279892145957228549
1279892486090088449
1279892487784615939
1279892489449725952
1279893189437141000
1279894601957072896
1279894770228367363
1279894946368061446
1279895015599345665
1279895150077054976
1279895494446272517
1279895745995431936
1279895810944139268
1279896135738576910
1279896810484457473
1279896928306827264
1279897173174423552
1279897222323339270
1279897281450442752
1279897324815351809
1279897395917193217
1279897554562560001
1279898072714223617
1279898675997741057
1279898865567662080
1279899650259107845
1279900071467913216
1279900134143406085
1279900257598484486
1279900536431575040
1279900602751950849
1279900625459953665
1279900666518003717
1279901242941194241
1279901356921368577
1279901378572238848
1279901589478821889
1279901648236818432
1279901732257107968
1279901805695193088
1279902121484259330
1279902569230409728
1279902610821177345
1279902642081234949
1279902736797126656
1279902832452349953
1279902894582566916
1279903036098457600
1279903123943960581
1279903239446630402
1279903410658123776
1279903649624440833
1279903657903996928
1279903768604299265
1279903796735488001
1279903899961511936
1279903946572734465
1279904005561384963
1279904031448674309
1279904434223484940
1279904528888934400
1279904891503349761
1279904996646105092
1279905040426242055
1279905262896365574
1279905384354975744
1279905395943731200
1279905564944973826
1279905660319260672
1279905799624679424
1279905838946279425
1279905939580227585
1279905958865616896
1279906130551099393
1279906172217307139
1279906181834825729
1279906261983731716
1279906270573662213
1279906316832604160
1279906573616320512
1279906874725449728
1279906902625923073
1279906950399000582
1279906999048732676
1279907164094640128
1279907227973963777
1279907281539383296
1279907371247112192
1279907415278977027
1279907447789039616
1279907484237475848
1279907504915468289
1279907551400939522
1279907677112610816
1279907768330264584
1279907778333679621
1279907823166652419
1279907861334757376
1279907880729223169
1279907881375105025
1279907922814722049
1279907954171379713
1279908013768409089
1279908074967502848
1279908103266488324
1279908144039301120
1279908166352977920
1279908249630801922
1279908348746444813
1279908365049589760
1279908389817135123
1279908433295224832
1279908438034825216
1279908599960088577
1279908602673868800
1279908716087738379
1279908720261181441
1279908777412702215
1279908838469177346
1279908853488988160
1279908944211828737
1279909040626302977
1279909061996228608
1279909256104488963
1279909270717333507
1279909324442214400
1279909346936266754
1279909406851940352
1279909458500554762
1279909461738602504
1279909510887411714
1279909525408096257
1279909561504346112
1279909605640994817
1279909997124739072
1279910026774265856
1279910058273443840
1279910076401287175
1279910159251316736
1279910245939261442
1279910307696123906
1279910396946780162
1279910434863226885
1279910440638783488
1279910440877899776
1279910693945344004
1279910727545954306
1279910794793279491
1279910796458328064
1279910805438431233
1279910911088693252
1279910999102021639
1279911023957487631
1279911065934090246
1279911132094922761
1279911279604518914
1279911420164018179
1279911581850238977
1279911639135989763
1279911793964580865
1279911800432099329
1279911807986081792
1279911881885564930
1279911895013773314
1279912078254518272
1279912087960125441
1279912114107437056
1279912191752376321
1279912296819671041
1279912312623845378
1279912487698169858
1279912498922164230
1279912647228633089
1279912659887013888
1279912946441883654
1279913071927058432
1279913074842128385
1279913080064020481
1279913108690124801
1279913121868546049
1279913136720576512
1279913158552047617
1279913252101730305
1279913259307581440
1279913278911758336
1279913310876467213
1279913311535071237
1279913332556914688
1279913365012439043
1279913464069328897
1279913529450135553
1279913557598121984
1279913574278860807
1279913628402147329
1279913703278891008
1279913719405953024
1279913757892845568
1279913833927192578
1279913907063316482
1279913921403588611
1279913935169339396
1279913990127259649
1279914137041154048
1279914145073283075
1279914218758733824
1279914256717225984
1279914367006490624
1279914371817385985
1279914385008459777
1279914401177403392
1279914429568729095
1279914465878777859
1279914526205530112
1279914631331528707
1279914692434169856
1279914707609104385
1279914813855010818
1279914817604771840
1279915023326941185
1279915070756175872
1279915088309338114
1279915135436496897
1279915197646454785
1279915222845796352
1279915498570952704
1279915668029288449
1279916025098784768
1279916157106077701
1279916536409526272
1279916595062718465
1279916635164479488
1279916658556121088
1279916663958274048
1279916914060546050
1279916934507749376
1279916970805084162
1279917219464597505
1279917224409681920
1279917281548611586
1279917289043869696
1279917335894282240
1279917356274327552
1279917371239645184
1279917394002161664
1279917637762514946
1279917677616783360
1279917716883869696
1279917772559040512
1279917777915166721
1279917851743313920
1279917867111190529
1279917982412607491
1279918148272246784
1279918226734972928
1279918264760635392
1279918364601835520
1279918455974699008
1279918482822488064
1279918550489186305
1279918584005890048
1279918638246629376
1279918967692439552
1279918986470268930
1279919247276126208
1279919273733959680
1279919297968603137
1279919346307997696
1279919435818700800
1279919482887196673
1279919484317433857
1279919578890592256
1279919943140741120
1279920043959222272
1279920048979808261
1279920188402610176
1279920195176484864
1279920206400360449
1279920404879065088
1279920472583528448
1279920504372158464
1279920637826523137
1279920641672609792
1279920892202684417
1279920941087305729
1279921080585650178
1279921152631111680
1279921169102225410
1279921206028840960
1279921303852638208
1279921326392856576
1279921349243305984
1279921393103142913
1279921429698543617
1279921589316878336
1279921623387209728
1279921648527970304
1279921845660237824
1279921895547207680
1279921937150590977
1279921950865981440
1279921979726987264
1279921991705939970
1279922074694430720
1279922211281928193
1279922299844648961
1279922383135158275
1279922452362117121
1279922464383021057
1279922778091720704
1279922924477128704
1279923031687729153
1279923241876951041
1279923250609426432
1279923378862907393
1279923403085025280
1279923477399601152
1279923497863651328
1279923503983136771
1279923514213089280
1279923636468690945
1279923818170064897
1279923822855106561
1279923853829996544
1279923854668955649
1279923886134423554
1279924029546250240
1279924035057520640
1279924201097486336
1279924222614216704
1279924310145224704
1279924477195943937
1279924588403724290
1279924704091004928
1279924816816992256
1279924835624325121
1279924842406518787
1279925001961996290
1279925053203927040
1279925092991086592
1279925204769214464
1279925292593807360
1279925423107956739
1279925508986241027
1279925566242725888
1279925574505500672
1279925737638821889
1279925769427390465
1279925915917578249
1279925971362164736
1279926097661091841
1279926100035022850
1279926128816336896
1279926224912080896
1279926556337594369
1279926692442767360
1279927075034497027
1279927121238990849
1279927220631474176
1279927281960603648
1279927347018379266
1279927626686181377
1279927652175032324
1279927743698870275
1279927793195909120
1279927838980870145
1279927958824783872
