1371612178252435461
1371612259730997252
1371612312528941059
1371612417260724229
1371612519907913728
1371612771339677701
1371612959752003585
1371613004538732544
1371613050185342980
1371613276669423618
1371613281115369474
1371613332692733952
1371613403173773312
1371613706182873095
1371613762554376193
1371613901150957572
1371614043614642179
1371614110295719938
1371614122983456774
1371614353577836544
1371614396041023495
1371614484675108873
1371614667584458755
1371614673095770117
1371614709271658497
1371614765747949568
1371614808437620736
1371614817841250311
1371614820638810114
1371615113879375879
1371615181827153933
1371615398395789318
1371615610489147393
1371615711559184389
1371615831357071363
1371615949728669698
1371616170948882437
1371616213474766848
1371616367108050947
1371616391770542083
1371616482040426497
1371616567247699970
1371616573383962629
1371616640236986368
1371616708432166912
1371616738182369280
1371617012686987271
1371617104101842944
1371617174012493825
1371617274809966593
1371617342657081345
1371617487335346180
1371617529400025089
1371617617501417472
1371617660753092608
1371617759944138752
1371617812255506434
1371617998956544008
1371618193144430592
1371618506907729920
1371618599727681541
1371618637757480963
1371618657139326976
1371618865294290949
1371618880284672009
1371619072710955010
1371619146086162432
1371619318589497345
1371619362273173507
1371619482221821960
1371619520692027394
1371619583384285194
1371619682340454400
1371619746781798401
1371619953149894662
1371619964088639491
1371620000000278528
1371620061094510592
1371620068900155392
1371620194255265800
1371620304456409088
1371620358596521985
1371620570379530242
1371620725493280772
1371620830887747586
1371620988731940868
1371621054066610177
1371621082160111619
1371621101546188803
1371621182835941381
1371621258845163522
1371621901337001984
1371622039769976836
1371622069461471236
1371622130174025737
1371622182862872576
1371622207575748610
1371622267009044484
1371622282653790209
1371622294959882244
1371622547284955139
1371622547310133255
1371622610258255879
1371622759118336002
1371622992866914306
1371623166964068357
1371623182038405121
1371623380944830473
1371623404030328841
1371623493368971266
1371623676257374214
1371623790543769600
1371623862325100546
1371623912228986880
1371623917597691904
1371623946987171842
1371624034660724738
1371624300919283713
1371624465721876597
1371624541219340288
1371624712992911361
1371624734580998147
1371624756089389062
1371625115230875649
1371625141617168385
1371625158490927104
1371625225700409346
1371625293291601930
1371625473491472387
1371625706883579907
1371625786910912515
1371625856599261185
1371625859522650112
1371626138511028224
1371626261735428104
1371626326503870467
1371626408150204418
1371626443034267650
1371626451481604099
1371626600098304001
1371626612618366979
1371626657841344514
1371626682826813443
1371626710932844550
1371626809834536964
1371626930559193091
1371626948468834308
1371627175238062082
1371627196058599426
1371627340925657095
1371627590302191621
1371627897702776833
1371627973791604737
1371627974815023108
1371628117031333889
1371628267011182595
1371628489686851587
1371628762710867970
1371628779660046336
1371628829786128387
1371628916251766792
1371629009969250305
1371629127833387011
1371629231332020225
1371629431752638464
1371629439235321858
1371629763945725952
1371629774146310148
1371629797512773633
1371629927263535108
1371629950046994438
1371630092493918212
1371630147439357960
1371630161372848130
1371630202074361856
1371630339861450753
1371630342185058315
1371630413676941316
1371630492823527426
1371630495491100672
1371630555142361088
1371630752329306113
1371630983708090369
1371631029186932739
1371631093787590656
1371631247013855239
1371631267180085248
1371631415595503624
1371631422490955776
1371631481408327681
1371631487016169472
1371631496805629952
1371631607497555968
1371631672085643265
1371631917922197506
1371631959823286277
1371632154967425028
1371632320801861632
1371632387252224006
1371632529606914054
1371632568412614656
1371632613996306440
1371632708049338372
1371632820460736514
1371632828614643715
1371632906070802433
1371632985267712003
1371633237802487809
1371633314952536064
1371633418568486913
1371633753492164614
1371633857137627137
1371633981746257931
1371634079859376128
1371634109727047681
1371634254526943233
1371634411763077124
1371634424928948225
1371634425134481413
1371634491912036356
1371634512661204994
1371634732950294528
1371634761266044930
1371634778022236162
1371634975779471362
1371635008184651780
1371635038618591242
1371635095963066374
1371635126464081921
1371635234442256384
1371635400356339713
1371635472187985921
1371635527779299330
1371635528806850562
1371635832734547970
1371635964473393153
1371636015019008000
1371636100813385732
1371636141850509313
1371636449536307200
1371636636384133122
1371636821994659845
1371636889367810049
1371636909533958144
1371637245808160768
1371637281187041281
1371637302330589185
1371637436988669960
1371637520367243265
1371637669760016389
1371637852820361216
1371638143204614144
1371638153661005826
1371638379113234432
1371638389489987585
1371638850267848705
1371638966038986757
1371639251687911429
1371639516851810307
1371639599496364037
1371639734766874624
1371640036383408134
1371640058659418117
1371640223696879617
1371640791836282881
1371640858731294725
1371640978973601796
1371641221681192961
1371641337452331008
1371641423989202944
1371641460471300096
1371641579702784002
1371641605363486720
1371641674305314816
1371641720908230661
1371641746086625284
1371642091986685953
1371642373051191300
1371642631705493504
1371642696511721473
1371642744834306050
1371642749137608704
1371642844310552582
1371643469974937608
1371643627445886977
1371643644155953156
1371643946015846400
1371644154053283847
1371644161414328323
1371644272001183744
1371644273142157315
1371644926912561157
1371644946747379720
1371644967895044097
1371644976971546625
1371645092591730688
1371645180126842881
1371645182492426246
1371645451976515584
1371645626384015363
1371645639302467587
1371645859969007617
1371645865643941888
1371645919507017732
1371646147790569476
1371646214500986881
1371646411226365958
1371646429698125838
1371646700931198976
1371646758007234561
1371646803691642881
1371647058562662400
1371647408246034434
1371647431469830145
1371647494451564545
1371647608784089088
1371647674957565957
1371647805400432640
1371647873079775232
1371647930009018376
1371647982660161537
1371648008161533955
1371648368439595013
1371648522555113474
1371648762570027010
1371648930308558848
1371649210177748992
1371649338955464704
1371649380021862401
1371650042164043778
1371650290210996228
1371650418070147075
1371650496860160000
1371650538941599745
1371650705379917826
1371650935689252866
1371650940449751042
1371651111480926211
1371651490369142787
1371651592852750341
1371651599425212417
1371651999620554758
1371652003445768193
1371652048492621834
1371652109016391683
1371652339426287617
1371652368241164299
1371652564073205761
1371652824015245317
1371652918965850114
1371652967586267140
1371653000989671424
1371653112981823489
1371653539261513730
1371653903368921088
1371654107338051584
1371654185050050563
1371654336887988224
1371654371268788226
1371654576672231425
1371654721291816961
1371655011474804742
1371655110770704384
1371655132824399873
1371655173056176128
1371655501134622720
1371655778935930882
1371655937388388352
1371656838215782407
1371657096949796865
1371657140063068160
1371657207415181312
1371657251354771456
1371657345109999618
1371657397488484353
1371657662832709637
1371657826930724865
1371658565061083139
1371658665166573571
1371658948273713155
1371659045816389633
1371659432275369989
1371659853547077634
1371660039015006217
1371660260709175296
1371660381597351936
1371661240217534466
1371661401945673731
1371661609618247684
1371661963122577410
1371662005380210688
1371662028075569152
1371662131058331654
1371662152180899841
1371662371664629761
1371662688498114565
1371662930270425091
1371663350053101568
1371663631549673472
1371663948316090368
1371664075411841026
1371664390802526209
1371664405969174528
1371664479222661122
1371664610319872000
1371664974553231361
1371665102059999232
1371665236000931841
1371666282265911297
1371666305976315908
1371666377371742208
1371666460804792323
1371666607932592131
1371666810609762305
1371666986413998080
1371666987798175745
1371667064969175041
1371667152718159877
1371667161811464194
1371667198473830403
1371667263191928835
1371667298155646976
1371667457438547969
1371667511154970626
1371668199696183296
1371668353098649602
1371668816242085891
1371668871434866688
1371669143091617795
1371669656642146308
1371669813068713992
1371670099933995011
1371670275939520517
1371670483989639168
1371670623177613315
1371671041215451137
1371671049188880388
1371671664858181635
1371672020065325057
1371672051480678400
1371672237917474819
1371672751723909127
1371672791263612931
1371672974282133505
1371672996377690116
1371673057060864001
1371673220743565315
1371673437673025538
1371674018877702147
1371674182812061697
1371674711390887940
1371674801538994177
1371675126287241217
1371675310886940673
1371675751913754624
1371675814719291392
1371676025931841536
1371676681602265088
1371677159903870982
1371677296067801088
1371677604936261633
1371677792954355714
1371678055765250049
1371678122693779457
1371678655680774146
1371679111219970049
1371679276022513664
1371680524972998662
1371680917807316992
1371681625180880898
1371682324513951744
1371683326906527744
1371683438256865281
1371683920060805124
1371684465861345280
1371684605900783619
1371684709701459968
1371686463016988672
1371686699714101254
1371686787488288770
1371687356638584832
1371687671509229573
1371687802719645700
1371687832054595584
1371688538207584256
1371691343404281858
1371691446156193793
1371691769738502145
1371692496439369728
1371692668313595904
1371692994802429955
1371693644437188608
1371694556828336129
1371695012270968832
1371695532821860352
1371695610215215104
1371696273544339458
1371698316589862913
1371698480469643265
1371698882728562688
1371699144675491845
1371699602777313282
1371700254131769344
1371701783077257216
1371703396617572353
1371704720675471360
1371706132406886401
1371708937687433218
1371710837178650630
1371711126115876864
1371712320649502720
1371712852709507072
1371713982453719042
1371714149353467905
1371714685376995330
1371718625518882817
1371720263168065538
1371720270914928640
1371721242231865344
1371721270241456128
1371721278906904578
1371721283231219712
1371721285630320642
1371721289153515520
1371722459762806784
1371725201231249414
1371725458614652928
1371728498784632837
1371729336986791938
1371729650452467713
1371730200984182784
1371730691738775554
1371731054864822273
1371731054885748736
1371738669720174592
1371738819410690049
1371740124925530112
1371740771427131392
1371741977943891975
1371742532791627777
1371744294713896962
1371744302989242368
1371746119089291266
1371747392551325698
1371748095210455042
1371748929990225920
1371751139641860096
1371751576872886276
1371753102504685571
1371754047263375365
1371754333100990465
1371755474408898562
1371756143148740609
1371757118517342209
1371758021148303362
1371758145236766721
1371758361906192386
1371758404428050433
1371758416977408001
1371759239241330692
1371759580947083264
1371759914998202368
1371760326891409409
1371760355123281925
1371760418377457664
1371760619116974087
1371760937187807232
1371761475786838016
1371761576890490881
1371762013567877121
1371762253159133185
1371763224278892545
1371763522774896643
1371763848806592513
1371763882826551301
1371764032676503555
1371764875668680705
1371764930509160449
1371765036809662466
1371765413328134151
1371765502540931080
1371765685488078849
1371766061301915650
1371766650089959425
1371766739986485257
1371767106300215298
1371767283044003843
1371767283706650625
1371768160723030018
1371768233041231877
1371768714614476800
1371768846797959173
1371768896550809607
1371769315196870657
1371769479148011526
1371769513033801728
1371769791241936899
1371769982565093382
1371770058196848644
1371770605167640579
1371770631411400704
1371770681898176512
1371770719525298177
1371770734813474820
1371770970281807875
1371771005010640899
1371771218823684098
1371771222002909186
1371771568112726016
1371771848812335113
1371772335632551938
1371772683281698818
1371773310556602368
1371773392874049538
1371773430299815936
1371773939148595205
1371773961726533637
1371774279277248512
1371774501697032193
1371775115327836162
1371775119316639747
1371775280780566529
1371775899117436939
1371776017191333888
1371776267721269249
1371777123174744068
1371777597739253760
1371777734473580544
1371777875255427072
1371778221000298497
1371778341460660224
1371778520469413889
1371778834949939202
1371778889840795651
1371779058145619971
1371779254162235403
1371779285095223296
1371779289893515270
1371779734091227139
1371779895584555008
1371780113814142979
1371780274304978949
1371780546750210048
1371780637024260100
1371780776187080711
1371781216291131403
1371781218161811457
1371781368984834049
1371781395656404992
1371781779183525888
1371782933732855810
1371783137865437195
1371783480602939392
1371783562857418752
1371783799940526083
1371783983856500737
1371784048771702794
1371784068719853573
1371784105751363584
1371784228283777029
1371784229944762372
1371784324748619779
1371784326124298242
1371784490662658059
1371784568039178242
1371784669457448963
1371784874672148482
1371784923997175815
1371785140821749760
1371785172690075661
1371785379800625156
1371785479805399047
1371785583362678791
1371785595538829313
1371786022560878593
1371786027287859201
1371786033185062912
1371786068220129281
1371786579707060224
1371786670958333957
1371786673009360898
1371786723013840902
1371786831054970881
1371786986391007238
1371787166485995520
1371787499962576901
1371787579859767297
1371787743391580164
1371788018894450689
1371788092646981639
1371788269617348608
1371788281298444297
1371788334540980226
1371788341658726406
1371788667342180352
1371788923920343045
1371788926105624579
1371788929985314817
1371789137490116608
1371789325919223810
1371789444811005956
1371789593209667584
1371789625543507971
1371789643914575873
1371790067300249600
1371790126653829124
1371790160166334466
1371790291158597635
1371790357537636354
1371790362507886598
1371790439351717888
1371790664527134724
1371790724748951557
1371790862213115912
1371790882295402501
1371791083215147009
1371791546354446337
1371791745638301703
1371791750759596038
1371792094180818950
1371792094927462400
1371792384602816515
1371792564790161412
1371792608473841664
1371792700761051137
1371792805538959360
1371792913886240773
1371792990532960259
1371793105721171974
1371793170338566148
1371793418209361920
1371793512904146946
1371793614976778241
1371793776470003713
1371794192842776577
1371794247045820418
1371794287625695233
1371794397856198656
1371794435957227521
1371794470375718912
1371794503779160069
1371794661375942656
1371794895954907147
1371795038070579202
1371795123055509504
1371795410797408262
1371795492338864132
1371795530230198273
1371795619006836736
1371795638350938114
1371795773172686848
1371795914361335811
1371795991578476547
1371796084842987520
1371796205030756354
1371796367337779207
1371796952359256068
1371797088699224064
1371797157091573768
1371797245855723528
1371797404513632257
1371797438151938055
1371797631115091968
1371797753572036610
1371797921776218113
1371798138823061504
1371798348261392392
1371798617766428675
1371798761152843778
1371798766257311745
1371798786859798531
1371798848885112834
1371798880854159367
1371798946662715396
1371798953889394689
1371798970377383939
1371799118490832896
1371799192239276042
1371799296421548040
1371799315438567427
1371799533643051009
1371799713318588419
1371799800400785421
1371799920294850561
1371799961667522560
1371800034736541697
1371800086506799106
1371800303603957767
1371800304191176704
1371800357089775620
1371800424093605889
1371800635541192704
1371800807407030272
1371800842056167426
1371800917595553796
1371801114329423873
1371801129995141120
1371801332236087299
1371801425643237380
1371801686939815940
1371801821178695681
1371801885154414594
1371801944457613318
1371802052586831875
1371802136225456130
1371802147482972162
1371802162414682123
1371802187177680897
1371802346808868866
1371802420720902144
1371802455948808192
1371802466786942978
1371802545237200896
1371802574471462912
1371802671989018625
1371802707695169539
1371802756353249282
1371802820756733956
1371802873902817283
1371803095433424897
1371803096595247109
1371803179084476418
1371803179332014084
1371803187154464768
1371803371615707143
1371803410245246981
1371803445238321154
1371803502477987842
1371803659512778756
1371803665217028099
1371803886458171398
1371803972491751427
1371804085624700932
1371804307805380611
1371804508343402498
1371804710127165447
1371804750036021255
1371804827223793667
1371804908534530048
1371804981335064580
1371805174352728065
1371805281026502663
1371805309270953987
1371805472567746561
1371805641375944706
1371805696518410243
1371805771839721473
1371805791158743046
1371805938617884672
1371805968670076930
1371805994418864137
1371805998088871937
1371806038140276737
1371806250783096833
1371806396111593477
1371806510666424320
1371806602219638785
1371806699082952705
1371806790556520449
1371806836404461571
1371806913546043392
1371807077438529540
1371807130815234048
1371807218715140096
1371807219952594947
1371807239745462273
1371807408809504771
1371807587147116544
1371807775693672450
1371808005788995589
1371808143747977217
1371808283003133954
1371808421100523525
1371808470505246723
1371808476360507399
1371808560376639491
1371808576927371268
1371808636083830787
1371808748189147136
1371808894624862214
1371808925012652039
1371808956721549316
1371808971049234434
1371808983237939204
1371809052062277634
1371809113731121154
1371809268249161729
1371809277183135746
1371809281264259079
1371809308275580931
1371809464022630406
1371809555798196227
1371809583417729027
1371809633116033029
1371810000847392770
1371810147106971652
1371810229160058881
1371810266850156547
1371810325633327106
1371810365990912005
1371810572757561350
1371810646770204673
1371810774511980546
1371811189425123329
1371811318701907970
1371811430845005829
1371811707581042693
1371811721321590787
1371811789822910467
1371811790191955980
1371811809204781056
1371811870596825093
1371811877718609924
1371811928746688521
1371812070379945984
1371812239603331074
1371812304304680962
1371812426669305856
1371812921819402243
1371813041004744706
1371813091042807810
1371813349722353665
1371813582057443333
1371813746339897344
1371813855307960329
1371813930004312064
1371813932973891585
1371814071289397251
1371814155645284352
1371814387477057536
1371814405416099844
1371814441793302532
1371814582856077317
1371814641404411904
1371814735780397058
1371814760371609601
1371814833612595203
1371814871625568259
1371815093491658752
1371815121589309445
1371815205714464770
1371815272579993603
1371815319317192705
1371815331283492869
1371815343384039426
1371815436388499466
1371815679205244932
1371815776978624517
1371815826735693829
1371815854858514433
1371815897996877827
1371815939784728576
1371815960613683200
1371816017094045702
1371816018222276615
1371816019963035654
1371816030700515333
1371816032885694465
1371816091991834624
1371816296334159875
1371816322619834368
1371816385853153290
1371816535455633413
1371816557156970502
1371816557253382144
1371816570423492611
1371816571186909192
1371816809419116552
1371816934661062656
1371816943766937601
1371817060636966915
1371817088709451776
1371817136964956163
1371817197920747524
1371817282821820417
1371817461771812865
1371817717498544129
1371817723597094912
1371817732090560513
1371817970041819139
1371817972747096065
1371818187935907840
1371818188317601792
1371818285826727937
1371818286799855619
1371818434850398210
1371818541100498947
1371818692334485508
1371818865223725059
1371818891714953220
1371819000204828673
1371819002926862341
1371819016940044291
1371819077711302661
1371819096011071497
1371819108409487363
1371819160964071424
1371819250990600198
1371819554540769280
1371819605237317638
1371819737118806018
1371820104644751365
1371820117496041473
1371820119962292232
1371820297289089025
1371820318663270410
1371820332949114880
1371820365278814212
1371820529016041472
1371820530869886982
1371820586394128390
1371820620804202502
1371820687258685449
1371820939927711749
1371820960375054340
1371821130261094405
1371821162007777281
1371821253917605888
1371821260406202369
1371821261031141376
1371821320326029313
1371821335404498944
1371821397786365953
1371821398524628993
1371821764293099521
1371821954848718852
1371821984624021509
1371822032388755458
1371822120368545797
1371822312136310790
1371822424342286337
1371822499823038464
1371822580412387329
1371822581926539264
1371822726646800387
1371822793331986436
1371823194676600834
1371823203593650178
1371823223671767042
1371823553067237384
1371823574940585989
1371823577192873986
1371823693358317573
1371823807984500737
1371823842822385668
1371824021394837508
1371824332842921989
1371824378170736645
1371824413042151425
1371824601655881736
1371824926416637954
1371825024626216960
1371825161310253059
1371825261969354753
1371825309859909635
1371825509965910020
1371825842297446406
1371825865110253574
1371826104860868615
1371826196003033089
1371826283022270471
1371826333140058119
1371826566053961730
1371826603681005568
1371826614628139015
1371826665765101577
1371826862721282053
1371826931574976514
1371827100613808142
1371827114882826242
1371827337898176516
1371827348753035266
1371827370412408835
1371827487047622666
1371827640097775619
1371827675640307721
1371827711891677184
1371827722645831680
1371827862840442884
1371827910995230737
1371827931270500361
1371827963243737093
1371827968109117442
1371828009599037441
1371828040746029056
1371828085289578501
1371828109201260553
1371828220891381766
1371828230324371464
1371828335727292422
1371828476488089606
1371828486021771270
1371828531227983877
1371828654653775879
1371828679974735873
1371828713197875203
1371828727513022465
1371828938742325264
1371828982585376774
1371829024507445251
1371829129604173828
1371829156342812678
1371829158574182400
1371829277835067393
1371829304657580033
1371829404863762442
1371829441035386895
1371829493837537282
1371829586682638336
1371829595637481475
1371829613949812747
1371829744006758403
1371829882590756864
1371829908025044995
1371829999544700928
1371830081006546944
1371830256844279809
1371830294442049537
1371830322669744135
1371830329732960259
1371830348464685058
1371830366596698112
1371830423295307777
1371830452856750082
1371830498931085314
1371830516996055051
1371830540287021066
1371830643823423492
1371830848551550987
1371831012225847309
1371831058489081864
1371831097630294016
1371831130236846081
1371831145978023940
1371831204727635982
1371831212189364231
1371831249342492679
1371831319790034956
1371831379248476161
1371831427281657859
1371831519577313286
1371831600602882053
1371831601924018176
1371831640650084360
1371831695213797376
1371831712376819713
1371831788348313619
1371831890399928325
1371832068712316943
1371832084298366977
1371832174375272459
1371832249646260224
1371832356101820421
1371832370597355532
1371832511651778565
1371832669093425157
1371832726572183554
1371833094869819399
1371833181553430540
1371833260800626697
1371833461233827849
1371833566498291721
1371833567110631433
1371833588472287249
1371833622110609416
1371833751748149254
1371833796996251650
1371833852226846727
1371833883398963215
1371834152903921666
1371834558560210946
1371834653024337923
1371834685802881025
1371834864375320583
1371834928149762048
1371834929181495307
1371834929743560706
1371834946109722631
1371834958323531781
1371835130893991937
1371835262058311682
1371835315791540226
1371835554166358027
1371835848463900675
1371835876519636992
1371835880604860420
1371836325310173191
1371836579333963780
1371836592688599044
1371836750293831682
1371836943772885000
1371837081861902341
1371837209322606594
1371837292676067337
1371837347797553162
1371837367309467652
1371837390726254600
1371837500847747073
1371837687414525959
1371837687515217924
1371837726371291142
1371837957729058819
1371837968521039880
1371837987600932874
1371838024959549441
1371838055347318797
1371838060317532173
1371838067196227588
1371838473083232261
1371838555161563142
1371838671473627136
1371839311260364806
1371839374443360259
1371839409046306818
1371839415648194575
1371839478248144896
1371839538096705541
1371839588956835844
1371839670519267337
1371839718002921479
1371839746142564353
1371839763565715457
1371839770100436993
1371839785116045315
1371839988917284870
1371840045204844553
1371840215564881925
1371840288679993358
1371840393957023750
1371840590405586947
1371840697557520385
1371840700451581953
1371840773759586305
1371840788951359492
1371840848820850693
1371840849093521408
1371840920493162506
1371840932690194445
1371841065741869056
1371841082229727235
1371841153625174020
1371841168124809224
1371841190652416003
1371841192695115789
1371841253625765902
1371841411386052615
1371841820330749956
1371841862760333313
1371841998857060353
1371842083225489414
1371842226389725186
1371842441179885568
1371842445760196608
1371842479318835203
1371842501632475139
1371842605537976321
1371842620431949827
1371842718075326464
1371842777064046601
1371842819518820370
1371843014382006279
1371843026381848581
1371843139409952780
1371843184234536973
1371843187178930180
1371843336378662913
1371843434080829451
1371843576079003651
1371843699483713537
1371843776323465221
1371843814197972997
1371844041613119494
1371844261029765123
1371844296043814914
1371844297734098944
1371844396258320384
1371844624101355526
1371844675007606788
1371844782792835075
1371844922731532298
1371844954025246726
1371845127786876935
1371845176713428993
1371845196321849350
1371845491969900547
1371845545690554374
1371845548181970961
1371845603903291401
1371845613906759688
1371845657003180034
1371845674753478671
1371845752981454848
1371845763765010439
1371845973547319300
1371845976571453445
1371846462670258184
1371846520895590404
1371846591301226501
1371846635085565966
1371846686650286088
1371846864664997898
1371846919752978434
1371847112741302280
1371847137005350928
1371847151475638272
1371847178549932048
1371847191002820611
1371847238121578506
1371847327791595523
1371847461413748742
1371847462135160836
1371847478052536320
1371847502828290052
1371847565357019156
1371847727051640838
1371847800393191433
1371847841069547520
1371847859541266437
1371847881406214144
1371847895863943180
1371848274487939072
1371848706710994944
1371848873904332807
1371849123549351945
1371849365451587587
1371849421315579904
1371849466647605252
1371849470984458250
1371849516702445568
1371849522951954441
1371849559593394176
1371849601360265229
1371849749993766916
1371849795590049798
1371849896383352832
1371849912602796042
1371849967871070214
1371850103821107202
1371850144086392839
1371850171022249991
1371850304438874121
1371850359522652162
1371850395253891074
1371850410282074114
1371850483648884740
1371850668265381900
1371851230650241036
1371851249369247744
1371851256537481223
1371851271632736261
1371851274371600386
1371851284085682189
1371851294244278276
1371851350225661956
1371851476297977857
1371851510867492864
1371851660830605321
1371851963311218692
1371852059293724674
1371852078474223619
1371852295554658310
1371852304765366277
1371852775458492427
1371852822376022023
1371852885504495630
1371853034297384967
1371853038441406467
1371853086231298052
1371853089972621312
1371853114102407174
1371853328301314053
1371853363382476803
1371853368231100424
1371853421679149063
1371853670992723969
1371853700378017797
1371853776550727680
1371853781822935040
1371853898764464133
1371853978775003149
1371854245679534092
1371854315011334146
1371854703412322311
1371854751655165961
1371854823172231172
1371854917971943426
1371854945004163072
1371854964532858880
1371855365764222983
1371855665300439040
1371855689509965830
1371855814672187392
1371855922608406531
1371855997850034178
1371856159758553088
1371856168319090690
1371856373101821952
1371856524021264393
1371856785749942278
1371856880339980293
1371856949445328904
1371857226764328967
1371857361132994560
1371857414828474369
1371857521124782088
1371857612891951108
1371857688016093186
1371857873718943748
1371857995395690497
1371858269262733312
1371858366415437824
1371858378713096200
1371858429975916546
1371858467154235394
1371858675153960961
1371858681835487236
1371858717839388674
1371858798919389184
1371858841953038339
1371858843886567427
1371858890111991810
1371859103396548616
1371859129652936721
1371859150616068102
1371859237106769927
1371859284309504002
1371859367524511748
1371859571459956740
1371859689999319045
1371859727907483648
1371859756411973632
1371859871407218696
1371860020346904576
1371860036805390341
1371860066773635077
1371860188907601922
1371860450518962178
1371860709328486400
1371860738516656129
1371860738776662026
1371860749723787275
1371860818900439047
1371860847107145733
1371860905017929732
1371860954401624067
1371860973913583624
1371861060559462402
1371861145804476417
1371861359894392834
1371861571182428166
1371861572193255432
1371861919368372224
1371861950389485570
1371862133059813388
1371862163447496712
1371862366695088128
1371862385418502144
1371862432742838278
1371862441718583301
1371862472408305665
1371862719465357312
1371862817700200449
1371862897215815682
1371863155505254403
1371863211562123269
1371863219665534981
1371863268868886530
1371863275080663050
1371863403942268933
1371863578937020418
1371863721648267270
1371863765097066496
1371863782398496772
1371863843517952014
1371863919183167488
1371863952326594568
1371864252890365958
1371864552434974721
1371864587218210816
1371864607833403393
1371864739555463169
1371864832908070912
1371864948532465668
1371864995336757257
1371865250757230592
1371865398224752642
1371865512368541696
1371865612511744013
1371865700764114950
1371865765108981761
1371866278491791362
1371866313715560450
1371866369583677440
1371866417079934978
1371866430543659009
1371866577050730503
1371866653672284167
1371866772803059714
1371866802775527428
1371867030832418821
1371867048901554187
1371867067750703111
1371867191008763904
1371867314900062208
1371867636561289216
1371867706861977607
1371867744887578630
1371867980871647235
1371868167727894528
1371868592921325572
1371868668125143049
1371868683014971400
1371868823167635462
1371868867253784576
1371868869220954112
1371869008031547393
1371869390401064968
1371869591387930628
1371869643984547842
1371869835290939396
1371870033836535814
1371870064606085122
1371870085078511616
1371870378935615490
1371870408828448769
1371870724638572547
1371870809048952837
1371870891928211459
1371870893627084803
1371871063848714251
1371871161198510085
1371871308275986436
1371871435933806593
1371871589592145922
1371871691165609989
1371871706751631368
1371871727253389313
1371871749298610178
1371871928760344584
1371872002546536452
1371872011274878986
1371872084385796101
1371872322290921481
1371872425718190081
1371872436048830468
1371872577619120132
1371872597072359427
1371872669101137921
1371872745542258694
1371872748847370246
1371872955492352001
1371873110031482885
1371873166528745472
1371873319440506882
1371873410305888262
1371873455608635393
1371873503008407555
1371873646843662336
1371874376115716098
1371874416657842177
1371874553748668423
1371874749928865799
1371874809253134336
1371875365820456962
1371875370950139906
1371875507176890368
1371875575506345985
1371875800518123522
1371875871234142213
1371876039312412674
1371876076281065474
1371876417047162882
1371876422512472068
1371876691283415057
1371876733712994311
1371876746799239173
1371876819247497223
1371877018716016642
1371877173531967491
1371877177386483719
1371877321481805829
1371877431200612356
1371877673727881217
1371877710423801856
1371877827176501248
1371878207591419908
1371878352278204421
1371878379650228228
1371878511342944259
1371878604922044416
1371878678683123713
1371878727454486530
1371878747817836548
1371878847981948929
1371878935009628163
1371878939833069574
1371879191227031558
1371879385708560388
1371879432344985606
1371879466213982209
1371879530797862913
1371879723723329539
1371879767377645569
1371879822939545606
1371879871052451856
1371880011326750723
1371880069577211906
1371880158622314496
1371880351786803202
1371880365057527811
1371880412499283973
1371880438751318024
1371880531617517576
1371880628493414400
1371880862749503504
1371880957695823872
1371880989249638414
1371881012989427715
1371881017645088772
1371881246943510529
1371881251448176640
1371881365646491649
1371881386081148928
1371881398139752448
1371881428271648774
1371881524660948994
1371881611881553920
1371881772682727425
1371881972130328584
1371882007081406464
1371882042267422720
1371882050551226369
1371882177391116295
1371882423647109126
1371882459676221445
1371882459751665668
1371882622771679238
1371882675510915072
1371882716808019975
1371882730850549768
1371882747929763846
1371882766137233412
1371882876304773120
1371883141846142980
1371883153183416325
1371883206702727175
1371883327309950991
1371883349791420419
1371883389180121093
1371883823294779400
1371883902588088320
1371883965817237504
1371883978232373249
1371884068061712389
1371884139251703813
1371884524515291137
1371884589489270793
1371884604253110274
1371884652093390852
1371884706137001997
1371884723073601537
1371884840291827723
1371885183746592774
1371885468690833409
1371885474864840705
1371885549590605826
1371885624739905539
1371885755602235394
1371885792025534474
1371885973907333127
1371886081667440643
1371886233027219460
1371886420550356997
1371886587580194822
1371886783949049857
1371886928979709954
1371887010483470344
1371887295914201093
1371887360355536897
1371887551766749188
1371887657253543946
1371887705211211777
1371887716472852488
1371887746881568771
1371887801374019596
1371888003904372737
1371888114331963397
1371888148494610434
1371888187350659081
1371888292900315142
1371888405055954945
1371888693863186439
1371888787903635462
1371888798825656321
1371888998109507586
1371889045224235009
1371889225612820480
1371889956185063424
1371890145427869698
1371890645065994248
1371890794181898241
1371891090614272000
1371891300556021763
1371891516298366981
1371891516709478401
1371891581318479877
1371891659999485954
1371891688050995220
1371891695441305600
1371891733424914433
1371891855055536130
1371892188049723395
1371892513955590146
1371892679303430145
1371892860027559951
1371892863894749191
1371892931083304961
1371893004940816386
1371893061610057729
1371893300513280000
1371893407711424527
1371893448106725382
1371893455966900225
1371893661512953859
1371893927125585924
1371893996134543370
1371894109674348553
1371894115709952004
1371894134231990272
1371894225181216774
1371894310208212992
1371894535274561540
1371894553381281794
1371894715642175490
1371894937067925510
1371894948317040643
1371894960228872203
1371895219160027150
1371895263070146561
1371895398181314563
1371895614305370122
1371895910054178826
1371896013150113798
1371896026337017861
1371896037422608389
1371896230494736384
1371896231329472516
1371896348522471426
1371896397931413505
1371896472468344832
1371897120358199296
1371897256094408710
1371897374193430534
1371897481202708489
1371897526962491399
1371897542368235534
1371897771855347720
1371897832278482946
1371898090781880334
1371898232167665667
1371898236525494273
1371898267362004992
1371898300375384070
1371898334760345604
1371898340024143874
1371898446672752643
1371898485721739265
1371898624532176898
1371898854988255239
1371899124417695746
1371899249915523072
1371899549317468164
1371899647912988675
1371899723234299906
1371899779647684610
1371899857695293440
1371899963643428865
1371899990319230984
1371900322952617985
1371900323330150406
1371900410659803138
1371900473754669059
1371900506105335817
1371900565022765061
1371900591501422601
1371900607473319944
1371900609268432902
1371900734451634181
1371900849128103941
1371900916442497028
1371901069308100608
1371901139701096451
1371901379191697409
1371901469104955395
1371901549530726404
1371901679487098882
1371901867744182273
1371902013903147016
1371902077027356681
1371902168056356869
1371902187467587591
1371902243298029573
1371902318782844933
1371902467194097665
1371902508948451332
1371902539516542981
1371902648119595010
1371902891481559043
1371902963304763397
1371903002836152325
1371903071354298369
1371903105428754432
1371903186961846275
1371903189499453450
1371903280218042374
1371903446002065415
1371903568488361986
1371903645382537217
1371903698570510337
1371903740073156616
1371903793420460038
1371903837506826241
1371903952711737356
1371904069846114308
1371904118449668096
1371904552753000448
1371904573368119301
1371904573401669636
1371904629773074444
1371904983155802114
1371905005716967431
1371905171043848198
1371905255823323139
1371905275138076681
1371905298701647879
1371905353319907333
1371905434303467525
1371905480218533889
1371905483842449411
1371905579216736258
1371905625844768771
1371905630617927689
1371905676017086475
1371906014761648131
1371906101529153549
1371906102498037764
1371906135826046982
1371906154108964868
1371906319200964612
1371906536491061253
1371906562055413766
1371906614073171976
1371906865685266432
1371907029426651136
1371907144308654082
1371907297073537026
1371907384155717633
1371907734644391942
1371907780613976066
1371907921739706370
1371907928538636290
1371907976940883971
1371908072575275013
1371908094473682945
1371908119580794883
1371908127583506434
1371908139986132992
1371908358396055553
1371908470971240448
1371908484095168512
1371908520933752834
1371908539191492609
1371908812869922820
1371908853516931072
1371908930062983173
1371909077056520192
1371909153522868231
1371909378366918660
1371909585049640966
1371909629836455943
1371909644227112960
1371909903556747269
1371910054044110851
1371910145341489152
1371910387126435842
1371910525601390603
1371911065987072003
1371911170626576384
1371911183431782413
1371911226180173828
1371911344820264962
1371911498184933381
1371911523300425730
1371911546792710151
1371911550068518920
1371911597644521483
1371911673548836864
1371911721573580802
1371911724408901633
1371911728586489858
1371911907033157639
1371912131508064257
1371912180669546497
1371912400480448522
1371912418209656833
1371912443073552387
1371912492646076422
1371912630332456975
1371912845777108994
1371912860847198211
1371912938265710592
1371913007140323330
1371913122714427392
1371913250183471112
1371913305636372481
1371913318986874884
1371913319779610632
1371913380995473411
1371913534859317256
1371913775532621834
1371913788241362944
1371913892755091462
1371914032228220933
1371914130039377923
1371914146552422414
1371914148896997380
1371914170573144069
1371914177590231043
1371914189007126539
1371914227988975619
1371914328455122947
1371914379403399173
1371914450400337924
1371914539772616705
1371914661029896192
1371914700653477892
1371914738377093122
1371914760036421636
1371914815275462661
1371914878735253506
1371914884137488388
1371914928366358534
1371914934234193920
1371914947102400519
1371914995584352261
1371915067541839878
1371915297465196547
1371915406760407041
1371915446061051909
1371915446681747473
1371915766661013505
1371915894746669072
1371915911788118024
1371916134228836352
1371916210347126789
1371916330388103175
1371916354182336523
1371916402253299712
1371916468858814468
1371916694466269187
1371916840482566148
1371916953493905415
1371917023316426768
1371917078328918025
1371917222046797834
1371917259946479616
1371917359552856071
1371917569532248066
1371917608312827904
1371917693041979393
1371917789829550080
1371917884046336003
1371917915109404680
1371918052103708675
1371918082764079109
1371918165047934978
1371918260720046083
1371918439972024325
1371918444115992580
1371918574504325124
1371918598273437706
1371918729492193284
1371918739386548230
1371918746785353728
1371918779408646144
1371918793040101383
1371919145944686599
1371919209589014532
1371919242535264260
1371919431983587328
1371919478238367745
1371919480306163717
1371919711634612227
1371919726834769925
1371919929075757069
1371919934918434824
1371919947400630272
1371920096088707073
1371920164053209096
1371920224602091521
1371920265697984513
1371920627184066560
1371920700890570761
1371920788627066881
1371920849461260297
1371920937893953539
1371921013399769088
1371921035646361610
1371921117317894144
1371921374353240071
1371921499800678407
1371921725525348354
1371921797017387012
1371922047954214915
1371922139603988483
1371922233963188225
1371922283795787776
1371922453929324549
1371922501870174217
1371922543368663041
1371922714957611008
1371922734008045570
1371922758037307403
1371922766874705921
1371923081464324096
1371923470259515396
1371923625285128192
1371923710874107908
1371924063967457281
1371924224844181505
1371924230229532672
1371924235195670533
1371924236290428936
1371924283312775175
1371924333300490241
1371924597642297355
1371925030343487493
1371925069144920065
1371925126132994054
1371925259025268751
1371925435890696192
1371925445197889536
1371925499979653121
1371925656808873986
1371925836824244229
1371925980135227395
1371926071151628300
1371926096585887747
1371926454032871429
1371926780005785600
1371926824373129220
1371926848972673024
1371926918904356865
1371927205593415684
1371927405745569797
1371927567159205894
1371927892255514630
1371927904586756111
1371928006806110208
1371928161676627980
1371928641400102925
1371928669590073344
1371928803459670020
1371928874624372740
1371928897885929472
1371929073958715396
1371929349935534082
1371929372278525953
1371929378930712581
1371929533369159684
1371929636268036101
1371929855114240002
1371929924412583936
1371930118306861057
1371930125986631681
1371930312159137792
1371930521941504001
1371930539817631746
1371930641546293254
1371930659942395904
1371930704221765632
1371930757556486147
1371931104068960264
1371931120514822148
1371931122091839488
1371931128492343301
1371931132699246592
1371931305680715779
1371931342955495424
1371931343249158144
1371931354389225478
1371931373905272841
1371931671851892742
1371931772590637056
1371932116016054273
1371932274426535938
1371932339517939716
1371932341023731717
1371932346648264711
1371932848752578563
1371932882902642690
1371932964909633540
1371933232405577731
1371933518381600777
1371933520088731650
1371933663089324039
1371933681154207747
1371934133946097668
1371934142728957956
1371934218901671943
1371934296529850370
1371934298576683012
1371934326003208199
1371934668405243920
1371934675682353158
1371934748138995718
1371934780804239368
1371934792275623937
1371934808272736257
1371934829676224518
1371935086573146121
1371935194425524224
1371935246778839040
1371936265147400198
1371936287058501633
1371936447536717827
1371936463114416137
1371936466142687236
1371936563463127045
1371936579288186885
1371936716538445829
1371936720506257415
1371936890262335495
1371937053261303808
1371937148945960961
1371937180441018368
1371937394824519681
1371937419285704707
1371937539351842824
1371937819074117632
1371937826829385739
1371938126092984323
1371938261636157442
1371938289029120011
1371938381534527498
1371938426929483779
1371938428644904968
1371938445736742917
1371938539814916100
1371938739925180419
1371938808275554307
1371938963171254277
1371939042481344518
1371939063687745543
1371939066237890566
1371939086571831298
1371939087888826375
1371939258806722563
1371939260971020289
1371939316126060553
1371939339266048007
1371939505687646210
1371939513711398922
1371939764312678404
1371939770759319557
1371939971490328577
1371940178399531014
1371940237614678018
1371940423887953926
1371940561805058048
1371940712757989380
1371941061992583169
1371941078744633344
1371941433607852038
1371941477253799938
1371941526067105792
1371941553103634441
1371941722574495745
1371941735555813382
1371941768049131528
1371941802043961347
1371941975314857993
1371942158039662600
1371942277539577860
1371942645841399810
1371942671753826304
1371942717928902659
1371942774518464513
1371943006593556481
1371943175225507844
1371943228707123207
1371943417111060480
1371943518739046402
1371943546912190465
1371943573759922178
1371943721382580229
1371943722959704069
1371943739518820358
1371943831940313090
1371943859576537096
1371944379502505988
1371944389375889411
1371944448020643842
1371944603369230341
1371944762547310595
1371944768628998148
1371945165364006913
1371945185530241028
1371945275493847046
1371945300542291975
1371945345475866628
1371945566175961095
1371945684103016448
1371945743326543875
1371945767376719874
1371945797265264644
1371945823626481670
1371945859794022406
1371945871156387841
1371946123649294336
1371946282449833985
1371946336799580172
1371946376108548096
1371946409839169537
1371946617188839429
1371946739507298306
1371946745651953667
1371946873196527622
1371947064767156224
1371947083511500805
1371947201199542273
1371947204936630276
1371947270078394368
1371947337275293704
1371947362839633920
1371947476119384074
1371947597485768708
1371947647645446146
1371947667765485570
1371947854550474762
1371948066698375170
1371948265940324361
1371948636402237441
1371948757886111745
1371948778450718723
1371948796297547782
1371948903394906112
1371948933308678148
1371948938278936576
1371949027487547396
1371949168944689164
1371949194068516869
1371949308837298179
1371949559769890820
1371949635762282499
1371949684676263941
1371949731170111491
1371949760295342083
1371949760727375873
1371949842646327307
1371949858916028421
1371949925240610818
1371950149962973193
1371950234625044480
1371950412694183941
1371950480067330049
1371950495288397826
1371950526787694592
1371950838810357761
1371951343288602628
1371951499996192784
1371951514772779010
1371951697434656775
1371951820948529154
1371951829848821760
1371951989639221256
1371952122489663488
1371952307160674307
1371953003289251842
1371953056519184388
1371953128808013824
1371953137087614981
1371953169220124673
1371953225079869440
1371953265684910083
1371953358832033792
1371953369850515461
1371953401139986433
1371953500754743296
1371953630933291008
1371953925839011841
1371953961431932930
1371953962484695043
1371954010169696262
1371954038292557829
1371954288294035456
1371954432754221058
1371954504715866116
1371954509027631107
1371954570964918274
1371954609070166018
1371954804906414080
1371954949614141440
1371954998716854278
1371955020825034760
1371955316829605893
1371955395745419271
1371955458752311308
1371955606601543687
1371955636628508676
1371955804568453127
1371955916006907913
1371956067039653900
1371956143086579712
1371956166536916994
1371956186757660676
1371956244584488962
1371956294920384512
1371956427397476356
1371956472372940805
1371956479817879559
1371956553973166080
1371956580237856777
1371956621035851778
1371956771233873924
1371956789319720969
1371956860773892097
1371957226664034306
1371957351566217223
1371957484030734337
1371957824381669376
1371957837182689280
1371957915226112005
1371957936340275200
1371958199935504390
1371958210316398594
1371958461966249994
1371958535953727491
1371958590903349250
1371958893396516865
1371958941937188866
1371959028784463872
1371959035977736200
1371959098690912259
1371959102625226755
1371959108203646977
1371959135940583426
1371959156102606851
1371959252915523588
1371959297442209799
1371959549901598724
1371959680755511303
1371959784166014976
1371959797864656903
1371959959911550976
1371960235120820229
1371960304989519879
1371960385314643972
1371960542827454466
1371960582497263616
1371960740626767876
1371960746175791106
1371960771991732233
1371960961691697154
1371961013197811714
1371961075005063171
1371961135897935876
1371961202453196800
1371961382954995715
1371961556146196486
1371961576652214272
1371961731287822337
1371961831175172098
1371961851584581635
1371961888813289472
1371961951111294977
1371962097593122816
1371962131873169413
1371962404079296513
1371962406155513856
1371962469191663617
1371962475093053447
1371962487143288838
1371962571692064769
1371962581435490313
1371962678994944001
1371962790857031683
1371962808615731200
1371962844162428934
1371962856145567744
1371963038715219968
1371963125382144008
1371963156147355664
1371963157187592197
1371963297008910336
1371963349118898181
1371963541914320899
1371963582808793088
1371963639591284741
1371963667869229057
1371963695295823876
1371963744490770442
1371963819778527233
1371963830625042440
1371963948468219905
1371964016080347141
1371964026666807304
1371964060791668740
1371964132438769668
1371964136540798976
1371964141364244481
1371964183508611076
1371964242677665793
1371964290157187075
1371964330258890755
1371964400828088321
1371964430876033026
1371964537864388610
1371964541026852865
1371964561365078019
1371964562401026050
1371964580914663424
1371964689308127234
1371964738964447233
1371964753891983364
1371964942199496704
1371964951103995908
1371964975183503363
1371965069265895429
1371965249792921609
1371965266339491845
1371965295254966279
1371965408572506116
1371965484090986498
1371965608812744708
1371965655306670084
1371965655583440905
1371965757626650624
1371965768678703104
1371965893052276737
1371965988225351682
1371966048438730756
1371966058291208193
1371966076825841666
1371966122363387913
1371966247454314496
1371966248939061260
1371966353440182272
1371966395878101000
1371966456854949891
1371966477960683524
1371966716805255168
1371966855829671936
1371967014042968070
1371967043386408964
1371967049803689990
1371967094976356356
1371967218855071747
1371967350552064003
1371967374988087296
1371967532316422151
1371967547982110721
1371967579665874945
1371967629682937859
1371967636985233411
1371967729448673281
1371967730128150528
1371967766983372801
1371967774571032584
1371967809039839237
1371967843437322242
1371968034206851072
1371968121255366658
1371968135750844416
1371968234476474368
1371968246514135045
1371968312708628483
1371968572931596292
1371968682352599040
1371968739160293377
1371968754444349444
1371968764967804932
1371968793275207684
1371968900787736577
1371968901446299651
1371969008191340544
1371969065284145154
1371969115942969345
1371969163271548941
1371969168837345285
1371969274038878209
1371969395770204160
1371969429517565960
1371969447381102597
1371969454708510724
1371969477257146368
1371969506969550850
1371969551571816452
1371969610866655237
1371969629640347648
1371969716428931072
1371969795172753414
1371969813254393860
1371969927863762944
1371969965604155392
1371970004552409088
1371970019035348994
1371970065252417540
1371970084793634819
1371970108592164867
1371970175713562625
1371970265375256578
1371970372720005124
1371970373797830656
1371970392450011141
1371970422200274951
1371970587116109825
1371970647446945795
1371970713029070851
1371970731244990465
1371970792351752202
1371970810597027840
1371970973591859200
1371971023978049536
1371971029682294789
1371971062896979970
1371971086024335362
1371971101375528960
1371971219386421249
1371971237338054665
1371971256057217026
1371971395404566528
1371971421124108288
1371971436303237123
1371971695372812290
1371971902445662211
1371971911324946432
1371971989448036354
1371972047983755268
1371972068955275267
1371972096985866241
1371972108700499971
1371972229509099521
1371972269367513088
1371972326934335491
1371972351752085505
1371972369397452809
1371972409293742084
1371972432102363137
1371972521000587264
1371972580941381633
1371972667046293505
1371972670741438470
1371972733211447297
1371972787036913664
1371972809354776576
1371972825054117894
1371973077534408705
1371973105334284291
1371973122384089090
1371973222544072704
1371973418510385152
1371973457555111938
1371973492858572810
1371973573334736896
1371973585967910912
1371973592620138498
1371973636664479749
1371973722131812352
1371973724589678593
1371973731065663490
1371973747821969409
1371973772807446530
1371973790968741888
1371973841677914113
1371973903061504012
1371973915346665472
1371973944794812418
1371973960854859776
1371973965661503489
1371974087367622656
1371974166870638593
1371974182829969409
1371974286823596037
1371974390548664327
1371974421855006721
1371974430088368134
1371974458383155206
