1371612175828090881
1371612373832851458
1371612728117370881
1371612883084177408
1371613436250046464
1371613438393344000
1371613646627999747
1371613880150069248
1371614229632057348
1371614564706611205
1371614699461218304
1371614907578343425
1371615459540361216
1371615721894121473
1371615948617232388
1371616073884299264
1371616291556048897
1371617085525266432
1371617139245907971
1371617373107654661
1371617710400925698
1371617795545387008
1371618213243588618
1371618334647726082
1371618654962466820
1371619109662822401
1371619723549450240
1371619724035952641
1371619729920692224
1371619730411425795
1371619999324979201
1371620052433313793
1371620260911181826
1371620270641926145
1371620666835759105
1371621774887165960
1371622091565510656
1371622096464412672
1371623168302055428
1371623327140352001
1371623498506993664
1371623820856061954
1371623941429661698
1371624664712294405
1371624695313920000
1371625526864003075
1371625707571404800
1371625833778057219
1371626441234862081
1371627273397276675
1371627593141739521
1371628968412078081
1371629388618465283
1371629471523045380
1371629627333042182
1371629811920211968
1371629903557312517
1371630998425862148
1371631048300273666
1371631109113577474
1371631798464167941
1371631974788501508
1371632065590915073
1371632283883601921
1371632319115763716
1371632798210088966
1371633327904591873
1371633388445171720
1371633816570368003
1371634092941381633
1371634319706320896
1371634839368175629
1371634868141105153
1371636103376162817
1371636198838575106
1371636355978121221
1371636535959904256
1371636703648174087
1371637279471644676
1371637554664071169
1371638101802557444
1371638135701041152
1371638336050319369
1371638597972021253
1371638598101921794
1371639114433454081
1371639329563541507
1371641376329244673
1371641393291091970
1371641743498690561
1371641851959259138
1371642373587955714
1371642482405081088
1371642555599831041
1371642624700866560
1371642631000838146
1371642631562919938
1371642836635021315
1371643013823307781
1371643080286343169
1371643678725439489
1371643839237271554
1371643923597234178
1371644393610956802
1371644598439845895
1371644967928619013
1371645052129308678
1371645283336077312
1371645845456756743
1371645969666867200
1371646686649581568
1371646946100838401
1371647418140348418
1371647830943731716
1371647925114257409
1371648285572730880
1371648638208897027
1371648670433693697
1371648915804729350
1371649011376095236
1371649108113559558
1371649369498263557
1371649410342469635
1371649670942920706
1371650767942193152
1371650976696909824
1371651187334844416
1371651298198753286
1371652482925989896
1371652590841237507
1371652673175498756
1371652825416134660
1371653697411772417
1371654509328470016
1371654709048659971
1371654977643511810
1371655091564994565
1371655552380592133
1371657208971333634
1371657484398645249
1371658981287079936
1371659087822397441
1371659134484017155
1371659162489393153
1371659466127589376
1371661081920278533
1371661163205890049
1371661190825447431
1371662052549345280
1371662210380992514
1371662274277081088
1371662331378339843
1371662514723885063
1371663260546703360
1371665659235610625
1371668617344004097
1371668903148011529
1371669176050450437
1371669608248266759
1371670557163393026
1371670920050409472
1371671101751885828
1371671397823578114
1371671433403858944
1371672276261814273
1371672577077284864
1371672610027749379
1371672706756775937
1371673069933236224
1371673292902391810
1371673714681610241
1371674336168394752
1371675286736097280
1371675861984890886
1371676025634050049
1371676633938210816
1371676644134490112
1371676765945495553
1371677104505520128
1371677402393378818
1371679643837825028
1371680077671452673
1371680894520586243
1371681026666336259
1371681478921367553
1371681618310598657
1371682809522307072
1371683815073144833
1371684401881448451
1371685154788286464
1371686484873519105
1371686930698539011
1371690389263028224
1371692486813421572
1371694529930272768
1371694906595491840
1371697039508127746
1371703545540575234
1371706002815516673
1371706625539592194
1371709206181519364
1371712102176538630
1371714655337521152
1371716630246490112
1371720897418117121
1371722920687452167
1371725220957069315
1371725328155041793
1371728811704922112
1371728817644048386
1371728830524719108
1371729510215905280
1371731044857184258
1371731064868245504
1371740541084401665
1371745839308279812
1371757941699833856
1371758022486327300
1371758196948369408
1371758471595573256
1371758859589664768
1371762716814237703
1371762895336435713
1371763681852203009
1371770692253941763
1371773107476832260
1371773118814040065
1371774163271172104
1371776963363360771
1371778123344273408
1371779173082140678
1371779526947131393
1371780290734080002
1371782282470682624
1371782604907773952
1371782959259389955
1371783301581529090
1371783421396148226
1371783731376181252
1371783754595852289
1371783805850288136
1371784112663638016
1371784559742775305
1371785257565978624
1371785468182892547
1371785817983746049
1371785873495310340
1371785895066624002
1371786331005755401
1371788164319305731
1371788334620680202
1371789214241718273
1371789440184647682
1371790069883879424
1371790250746478592
1371790851244843008
1371790866373808129
1371791389017710592
1371791453802881030
1371791851804561410
1371792124740534275
1371792126099476482
1371792245268037635
1371792631995502595
1371792776350859264
1371793397455929349
1371794398862786561
1371794519071600643
1371795374604701700
1371795385258237952
1371795403688046594
1371795856177954816
1371796078786441218
1371797614711222279
1371798228170072066
1371798422257348611
1371800310914617348
1371800533397295109
1371800618155773952
1371800663517233153
1371800666600013827
1371800721029541892
1371801057010016261
1371801666698231810
1371801672830308352
1371802016494796801
1371802316945375234
1371802680302170125
1371803096712671233
1371803275578769408
1371803458827923459
1371803688319254530
1371803851393761283
1371804324226011138
1371804855078158337
1371805218736836608
1371805265906036740
1371805811589136385
1371807291067006980
1371808112697565185
1371808500351913988
1371808628546617347
1371809295000604681
1371809736476200966
1371809903925428224
1371810982666907648
1371811379150262273
1371812042454274052
1371812261971509249
1371812935392182275
1371813313261285389
1371813644497993736
1371813645051645952
1371813675472977923
1371814800569856004
1371814861458526211
1371815010419232772
1371815124768526338
1371815734700081162
1371815754878877702
1371815861250449418
1371816019216371722
1371816048819847168
1371816640510361605
1371816720135041024
1371817158297202688
1371817398299459587
1371817649651474435
1371817893013430272
1371818168155471873
1371818697023758343
1371819581581492231
1371819641773826056
1371820032871821318
1371821937849204741
1371822235724419078
1371822527148916744
1371823076707565570
1371823091744137224
1371823263236640770
1371823465033043969
1371823617491763203
1371823625830023169
1371823830319181832
1371824065959321605
1371824974995066882
1371825108633985026
1371825844541403143
1371826739056410624
1371826817238196225
1371827084444774400
1371827118632538120
1371827309624369153
1371827385541275657
1371827431028449283
1371827804849983492
1371827930989465602
1371827955417157641
1371828538278547461
1371828621074169863
1371828680515801094
1371828705262243840
1371829103557554178
1371829679276056581
1371829886080446469
1371830413707116548
1371830660835508230
1371830937642807304
1371831028193619976
1371831093956075528
1371831116672368640
1371831146653290503
1371831165485776904
1371831256317632527
1371831605627662338
1371831813568614404
1371831871932350470
1371832031852773392
1371832118247104512
1371832260383625217
1371832401270292482
1371833543601577992
1371833663931944966
1371833680541417473
1371833798682419204
1371833826922598405
1371833867011817486
1371834689258930191
1371834871216283659
1371834891957063681
1371835606276448260
1371835647737131013
1371835699247386633
1371835822299873281
1371835910745120769
1371835954261016588
1371836004005449738
1371836174847860749
1371836193688715271
1371836197685825538
1371836638943383553
1371836683147153413
1371836807038566402
1371836954745143297
1371836967059603458
1371837031295356928
1371837397403631636
1371837664387809288
1371837806486695936
1371838069289144322
1371838120849764364
1371838156715261952
1371838635499208718
1371838669644992512
1371838674392944640
1371838942107025421
1371838959400202249
1371838980010995718
1371839045052071944
1371839200740442115
1371839393107968006
1371839400343187460
1371839416793247745
1371839915781206018
1371839945262895108
1371840462898741248
1371840498072178695
1371840586542645257
1371840749671682051
1371841007768240135
1371841234944294927
1371841653024129028
1371841768212328452
1371842356912226312
1371842441821626368
1371842442148769792
1371842920500842503
1371842963232411660
1371842967665840136
1371842971583275015
1371843471888224273
1371843690310856704
1371844040954634240
1371844113604227079
1371844265714798599
1371844470656933889
1371844638236086275
1371844701138092032
1371844996270325774
1371845149857304586
1371845215644966912
1371845302240563201
1371845302731280392
1371845743636537348
1371845750343270407
1371845858543697928
1371845928118784000
1371846234554662918
1371846236605722630
1371847110035918849
1371847637213843459
1371847927153459215
1371848265990340613
1371848291097411592
1371848324039467013
1371848507984904203
1371848678307168267
1371848725786689547
1371849138598469636
1371849354261241857
1371849445235625988
1371850183508639745
1371850387913904128
1371851032507060227
1371851281262858252
1371852116206178309
1371852631610695680
1371852642352295941
1371853300933521411
1371853325147193344
1371853359196598289
1371853768233472007
1371853770418708480
1371854275391930373
1371854527608070150
1371854650522152967
1371855095458041858
1371855258335506433
1371855419119960065
1371855548791029766
1371855700721274882
1371856073984864257
1371856219820978181
1371856410594656259
1371856670221955075
1371856864485507080
1371856932013813762
1371856942138806273
1371856945871720449
1371857260356513798
1371857533128876033
1371857587080097794
1371858276778979331
1371858386019610625
1371858456873943043
1371858530790219778
1371858545768009728
1371858578903076868
1371858606996525058
1371858666010390536
1371858921808351237
1371859369864785922
1371859610286579714
1371859952483115008
1371860160885456899
1371860261871751171
1371860592089268225
1371860887288565760
1371861080922853377
1371861120722558976
1371861178478133251
1371861511229046786
1371861540488482823
1371861615751102466
1371861663494905861
1371861778611703809
1371862013358538753
1371862870632378377
1371863102845816837
1371863449723080704
1371863937004748812
1371864137656107009
1371864424034807812
1371864605618810882
1371864694827388929
1371864720127496194
1371864792256950272
1371864847722422277
1371864859172868099
1371865128119963653
1371865252611117056
1371865255190618114
1371865441291886597
1371865845463359490
1371865978787794944
1371866162968068098
1371866742704726022
1371866802779779073
1371867237846376448
1371867393211969543
1371867595448713221
1371867760880459779
1371868134701895681
1371868170609377287
1371869177280135170
1371869243952730113
1371869369073029123
1371869497984946186
1371869604658708481
1371869791624003585
1371869949292056586
1371870035497598978
1371870188606529538
1371870406890696711
1371870536175910913
1371871050963812360
1371871163694129154
1371871696551051264
1371871938193338369
1371872278313627653
1371872282793160707
1371872317345820677
1371872383229947911
1371873068574969856
1371873280873926662
1371873283151384590
1371873906370416640
1371874225561219083
1371874435393785857
1371874462694567937
1371874811190915078
1371874950273978368
1371875101965119491
1371875255116042243
1371875787947802631
1371875817618337794
1371875886799159301
1371876292245737487
1371876293428584452
1371876417110216706
1371876683452669953
1371876823479558146
1371877002651836416
1371877192519589894
1371877205102501889
1371877344974098435
1371877351454302209
1371877958391058437
1371878006101262337
1371878020353568770
1371878175710584836
1371878419500314634
1371878423661019140
1371878435916816389
1371878664942596108
1371879508769447940
1371879767616712706
1371879877905907718
1371879989184978949
1371880225848635392
1371880779257643009
1371881187287965696
1371881472047599623
1371881823437983762
1371882129974423553
1371882295108501511
1371882657169149958
1371883092315627528
1371883131054219267
1371883292094558208
1371883790281359374
1371883896292380677
1371883969751441416
1371884175364657162
1371884387432812553
1371884514880884739
1371884728597544961
1371884887905607688
1371884950841098243
1371884954850840586
1371885140079738880
1371885240529129475
1371885612299603968
1371886199204352008
1371886597336076288
1371886623042899969
1371887638634987522
1371887739637878785
1371887740183191555
1371887793341878273
1371888145197899784
1371888674812624904
1371889369955598336
1371889598939422721
1371889690740203530
1371890027299532808
1371890198917824513
1371890426031005699
1371890536517353484
1371890603483668487
1371891246948614144
1371891268075323394
1371892051571249154
1371892260946731010
1371892606947459074
1371893522937307137
1371893634799435788
1371894466466959364
1371894818129993742
1371895224692277266
1371895317898072065
1371895334134222854
1371895367181156353
1371895392988753922
1371895710677929987
1371895852709650436
1371896165579554824
1371896193186418690
1371896292771823620
1371896317165846535
1371896547990851585
1371896662466179073
1371896691574603776
1371896766036119555
1371897276654837762
1371897599586865161
1371897859143041030
1371898860222681091
1371898894808924171
1371898935233626125
1371899135964688393
1371899753986920450
1371900366120443905
1371900493572796418
1371900728101453835
1371900799027150850
1371901125956358155
1371901253421252614
1371902420163260417
1371903980285071362
1371904026439163906
1371904290218971141
1371904414932422664
1371904498294267911
1371904559514275847
1371904647699427328
1371905277625315330
1371906329871314947
1371906832390840323
1371907564464697344
1371907845520769031
1371907853489954816
1371908626592456709
1371908688047439878
1371909040641605633
1371909095972814850
1371910448380006409
1371910485994573827
1371910518433329161
1371910913863909377
1371910950949900288
1371910967051833344
1371911160367345665
1371911167891890179
1371911903052767237
1371912095093166089
1371912915360579588
1371913109716283397
1371913389153337345
1371913589741719559
1371913699666108423
1371913754368208909
1371914169121968130
1371914460982439937
1371914484831432708
1371915511722741760
1371916183008600071
1371916722152869893
1371916770676776968
1371916911966031874
1371916982937915396
1371917116048293901
1371917971505999876
1371918093593743361
1371918252822171653
1371919032060874754
1371919033134682121
1371919101170450433
1371919159785881605
1371919262487576577
1371919418167549953
1371919488527040514
1371919685395083269
1371919748825550850
1371920012198486020
1371920585836625921
1371920960908038148
1371921128017559555
1371921145377734656
1371922221770346507
1371922274765398021
1371922288807976962
1371922468542296068
1371922796251643904
1371922999792795653
1371923009498386432
1371923243146346501
1371923549359865863
1371923938264162312
1371924407946510344
1371924597180928012
1371924997711794189
1371925401103122437
1371925407268810755
1371925502890549260
1371925756293550087
1371925772479389699
1371925958278676480
1371926215913799689
1371926871114272769
1371926959014432770
1371928037479088132
1371928180391567365
1371928333164937222
1371928669967507456
1371928778000187400
1371929269220294657
1371929313830969347
1371929526519922690
1371930018507595777
1371930366064332805
1371930396540166147
1371930751609020419
1371931001727909894
1371931024976928774
1371931047127085059
1371931296377700353
1371931411377238031
1371931798704373761
1371932059921481731
1371932186132287492
1371932464021639174
1371932664345858050
1371932666384244739
1371932685610934272
1371933038209163266
1371933405282193416
1371933479634661385
1371933528305336328
1371933747860402177
1371934116678098945
1371934296466993154
1371934573538459659
1371934973381509123
1371935224913928196
1371935310108618760
1371935333630238729
1371935536957550602
1371935626208104452
1371935782974423042
1371936016857186305
1371936514603687951
1371936603476746241
1371936701191426048
1371936840530472963
1371937430476046337
1371937468610662400
1371937670214074378
1371937819845750785
1371938130933202944
1371938175359270913
1371938421850136583
1371938642231488515
1371938669590937602
1371939183246389264
1371939329891786761
1371939348262846466
1371939361126809615
1371939366289952771
1371939549849530373
1371939576932077573
1371939676119035907
1371940614552555521
1371940656197816334
1371940692528926721
1371940700506501122
1371941077729619980
1371941086499893255
1371941243882766336
1371941836726673410
1371941917810954244
1371942607266443264
1371942626186948617
1371942658629898240
1371942829002461184
1371943190341820416
1371943311410409472
1371943480587599877
1371943563865554953
1371944083254566912
1371944088073818116
1371944093383860225
1371944316759838722
1371944361479569408
1371944365434703872
1371944424968744962
1371944727138959360
1371944899621355525
1371944987961724931
1371945032954097669
1371945591991894024
1371945617178628103
1371945621314138112
1371945637315493894
1371946240074780672
1371946248236843014
1371946527145521152
1371946536490442759
1371946898685374467
1371946974711312389
1371947085533216770
1371947566582136836
1371947964063711240
1371948417296035845
1371948925385588745
1371949473497280515
1371950946780073988
1371951114954870784
1371951543499522051
1371951624982298624
1371951666761773061
1371951914888364032
1371952164248096768
1371952526526980103
1371952834447601664
1371952919113699331
1371953137402122242
1371953247737495552
1371953485709770756
1371954796517810177
1371954960821317632
1371955403001634818
1371955743822319624
1371955752231899136
1371956093920935938
1371956154977370119
1371956609090473989
1371956965635715074
1371956973311307778
1371957030932656130
1371957055049891845
1371957113078042630
1371957162168225794
1371957204228714496
1371957252010164231
1371957371036110850
1371957448945242113
1371957813078073344
1371957839619575813
1371957932129185794
1371957956158353408
1371958097099563014
1371958107442712579
1371958113419603970
1371958204192624642
1371958758432239616
1371958983389495301
1371959463117123584
1371959817015803904
1371960217492094976
1371960556693884928
1371961606553399296
1371961727789760517
1371961942588411910
1371961985764589571
1371962142610624517
1371962294754803718
1371962389705465857
1371962714302541824
1371963197918306308
1371963204813873157
1371963258152878081
1371963476101496841
1371963604409417730
1371963828636950530
1371964255059197956
1371964422214856710
1371964495833280513
1371964593992572928
1371964789728157697
1371964803514839040
1371964844195377152
1371965197582209024
1371965341035868164
1371965699736936448
1371965729399042052
1371966053501259783
1371966152730157056
1371966243847208962
1371966276743094272
1371966327498358786
1371966513297682432
1371966651709677570
1371966657632071685
1371967029947871233
1371967073597976576
1371967091415343111
1371967278032510979
1371967281048264706
1371967821475946502
1371967899653570566
1371968270438428675
1371968280458625027
1371969041271771137
1371969140324507651
1371969181281873921
1371969538703626244
1371970152774963208
1371970458388684800
1371970549660971016
1371970616446889986
1371970956877565955
1371971243256205312
1371971860083118082
1371972051968389126
1371972298547335174
1371972511286575104
1371972531826143233
1371972571005132803
1371972815411367939
1371972878552473600
1371973405721952261
1371973444351389698
