1436479615887765505
1436480209910439939
1436480438537752588
1436480726002814976
1436480766633029636
1436480907196698631
1436480969918369795
1436481197417410563
1436481404938952704
1436481498534797312
1436481658329436183
1436481730656014338
1436482073645223968
1436482090242134018
1436482118390013954
1436482118515757059
1436482170424528897
1436482298246008857
1436482367603019794
1436482529398296578
1436482634708881421
1436482765835358211
1436482824995999746
1436482844474413058
1436483222997721088
1436483274520489984
1436483563759837186
1436483902701457409
1436484046914195459
1436484098776829965
1436484104497860628
1436484234013782019
1436484240061960207
1436484345842307094
1436484536892854309
1436484714135756800
1436484922655444992
1436484973876318208
1436485109494988801
1436485126578442264
1436485479529123876
1436485911139790851
1436485980270235648
1436486198927757332
1436486356776194063
1436486503341899777
1436486882423083010
1436487232953724929
1436487709208596482
1436487740175101953
1436488159160897549
1436488210046140421
1436488374525779968
1436488616587497475
1436488729691099156
1436489244063764507
1436489389635428355
1436489390377906181
1436489395410980866
1436489438486536192
1436489444811542558
1436489479771115520
1436489666325274624
1436489675649265664
1436489764560060416
1436489806167609348
1436489818477891622
1436489876476727346
1436490077341945868
1436490160984756234
1436490332364017689
1436490460160266252
1436490720760762389
1436491571948621863
1436491871661002777
1436492819456266265
1436492978407804948
1436493029083385878
1436493081730289680
1436493191398805512
1436493225729183744
1436493277226799135
1436493479979454487
1436493511143133186
1436493545972633615
1436493586963566606
1436494067219763236
1436494201403936796
1436494571991666715
1436494707417251840
1436494849092554785
1436494951836274688
1436495051090235402
1436495295681073173
1436496318541795344
1436496372774146068
1436497425850634256
1436497599138304023
1436497840507916308
1436498054937514005
1436498250547269665
1436498546585440262
1436499143858475014
1436499323957751811
1436499461270904833
1436499590161879044
1436499725029621762
1436499734458368002
1436500253960704001
1436500561323507716
1436500617145487372
1436500772318023680
1436500781272899589
1436500807751540739
1436500874852020225
1436500893445263365
1436501180075503617
1436501818947866624
1436501988066439170
1436502006089359361
1436502251682553856
1436502518947729413
1436502779166666752
1436502982892347397
1436503057802485760
1436503097077993473
1436503172357443584
1436503835581849600
1436504006495510531
1436504093808267267
1436504222690906114
1436504279267872770
1436504776993353731
1436504849143717894
1436505775942225925
1436505945207681030
1436506260527099911
1436507064507981829
1436507427210412038
1436508327165431814
1436508363962175488
1436508804468903936
1436508823880179716
1436509804869025793
1436509805443629059
1436509806211260416
1436510187901292560
1436510483129978885
1436510620556333060
1436510780887904261
1436511069216907268
1436511269977305089
1436511433722933251
1436511636152520708
1436511654129410048
1436512076038475781
1436512317383061507
1436512799098875904
1436513519147626497
1436513860526170115
1436513941975404552
1436514171538087937
1436515468051980288
1436515601053360134
1436516057250947072
1436516173294809092
1436516701827477505
1436516804579430402
1436517288027598851
1436517350656856068
1436517730694443011
1436518070990868481
1436518912854790145
1436519293966028807
1436519927054229509
1436520168377700352
1436520179849105409
1436520293015642115
1436520573094572034
1436520818884943880
1436521437494452231
1436521772334125058
1436522578437451778
1436523658361638921
1436524714789310471
1436524868997156866
1436524901335060484
1436525355582562305
1436525752573435906
1436526145168715777
1436526354925752320
1436527265052045313
1436527567260033024
1436527590961995776
1436527883112095753
1436527891634868228
1436528459384242182
1436529250547417088
1436529439551197189
1436529933413613571
1436530309156245504
1436530317637062658
1436530463045128194
1436530783804665860
1436531300538757122
1436533496403607561
1436534113952010242
1436534543784239105
1436534733803040768
1436534919128363008
1436535046706434050
1436535735394385920
1436537506921697280
1436539384925286404
1436539552496300032
1436540032978915342
1436540145881255937
1436540229041758214
1436542001604972549
1436543061518163972
1436544454488248320
1436544806793224194
1436544841727594496
1436545579316830208
1436546057220104192
1436549364256739332
1436549509908254720
1436551865576087552
1436552115392942089
1436552257038962690
1436552661189349378
1436552922804936704
1436554459270819841
1436555602684092418
1436555891382308868
1436557127112294401
1436558436490268672
1436561435065298948
1436562242426785793
1436562276933324800
1436563724580491266
1436563846018240514
1436565165634248705
1436566917825892354
1436569633449025540
1436569926077140993
1436571874868215809
1436572649384259585
1436575397613916163
1436575677390667778
1436576490414436353
1436576776340312065
1436577758155509760
1436577769421484032
1436579774789558273
1436579791679930373
1436579867080921090
1436580156928413699
1436583562619367428
1436584899272712202
1436584900891746305
1436588162210541571
1436588953591812097
1436589081836888067
1436589277161340934
1436589344886829057
1436589386842484740
1436589934379470850
1436592859419922433
1436592859591888898
1436594824510070787
1436596437358350338
1436596829395857412
1436597450526101505
1436601800551972868
1436611231448588294
1436615503594733571
1436619511344607232
1436619548640247817
1436619608052613120
1436620342672437249
1436620505713418240
1436620528056520706
1436621480796774403
1436624319459774469
1436625040645279749
1436625188787994624
1436625233935491075
1436626832552517634
1436626966921240585
1436632336213417984
1436632379725074432
1436632468858232833
1436633379932413953
1436633710502334465
1436634376549306371
1436635266857377799
1436636019005210630
1436637150276116484
1436637362520481796
1436638146611990528
1436638636179603461
1436639392769183747
1436639426713632770
1436639897952075778
1436640059508277251
1436640663177555975
1436640819310645249
1436641075142303744
1436641463698403330
1436644956353925123
1436645327902216195
1436648729105346562
1436650257539125251
1436650607725760513
1436651197092483072
1436651631832141831
1436652157990748170
1436653247930896395
1436653343846379526
1436654517312004107
1436655768019873795
1436656072987746310
1436656335773478915
1436657586531618818
1436659137325191169
1436659508735057923
1436660400972521484
1436660617813823488
1436660691805507587
1436660795673284608
1436661184237686792
1436661383706333184
1436661422071730177
1436663324494737409
1436663325912223749
1436663426730840064
1436664456486871040
1436664477601042432
1436664576767139844
1436664999318016001
1436665229484740610
1436665648009125891
1436665799054344200
1436666324017680386
1436666645280342017
1436666721079803904
1436667403778281479
1436667602579820549
1436667734528495620
1436667755361710083
1436668004461338635
1436668352748007424
1436668599482163203
1436668831259369476
1436669396970266627
1436669479803555843
1436670460842893312
1436670875487592454
1436670924636446720
1436671207869456385
1436671380242587648
1436672063012548609
1436672515485704197
1436672714916368384
1436672858567086080
1436673166181552138
1436673233072398338
1436673767535644675
1436674553586061314
1436674556597608448
1436675094177275906
1436675126980972544
1436675722853158913
1436675755086422022
1436675896031596549
1436675900934815746
1436675909428424712
1436675948645134340
1436676694497243142
1436676800613175300
1436677529440563200
1436677868411621377
1436677951924359179
1436677974561071107
1436678572362674178
1436678880237064193
1436679058532847619
1436679611589533703
1436679676492144642
1436679686411755522
1436680629870080004
1436681655532638209
1436681700952748034
1436682286087426048
1436682364067979266
1436682532955766791
1436682755451113476
1436682973575798793
1436683209899749381
1436683432340377605
1436683554759512066
1436683611693006857
1436684040027971594
1436684097921982466
1436684338830233602
1436684502051524608
1436684601469153283
1436685085110046720
1436685747671687176
1436685999002767361
1436687559833395200
1436688384358076429
1436688782426873862
1436690632601481223
1436690666659196930
1436690832493617159
1436690855545425926
1436690996855775237
1436691039620845568
1436691225898278919
1436691332987248641
1436691725385338881
1436691993019752458
1436692228697698310
1436692298495111170
1436692353583046660
1436692579714805766
1436692788817666049
1436693012533350404
1436693203474919430
1436693518504894464
1436693679649923078
1436694108559511555
1436694116318986240
1436694216646742024
1436694770471079945
1436695387272880130
1436695727518932997
1436695780228837377
1436695916174532612
1436696436595376134
1436696439934103557
1436696713696268288
1436697283396050947
1436697429647183876
1436697464183066627
1436697532533510145
1436697728352989189
1436698067718246404
1436698091218948096
1436698158608814088
1436698180561907717
1436698544971268102
1436698630950461441
1436699338319740931
1436699656440909826
1436700228896362507
1436700262111092738
1436700428805279749
1436700446794518539
1436700601560223745
1436701075701178371
1436701541294018563
1436701920673021968
1436701938997997574
1436701969633193990
1436702217021575168
1436702955609247747
1436703052648620039
1436703084927987718
1436703297382064134
1436703339270615054
1436704027828424708
1436705182751014919
1436705524519686150
1436705747056959492
1436706288549859331
1436706957012910089
1436707288295911430
1436707379886833668
1436708012572520454
1436708620629053443
1436708741374689287
1436708890406756352
1436709012544831499
1436709197467557888
1436709202697891841
1436709365885464576
1436709848880660481
1436709960193355785
1436710406186225668
1436710920454086657
1436711689001525248
1436711798913261579
1436711922699735046
1436712290531823622
1436712618937421829
1436713276163899392
1436713325421858820
1436713887366266887
1436713891426443270
1436714056715546626
1436714902517805062
1436716160444030984
1436716170099531784
1436716835244687368
1436716995785994248
1436717598809407489
1436717740434276353
1436718630432133123
1436718815916740610
1436719015481774086
1436719595600191494
1436719706304614413
1436719995719983107
1436720289811927049
1436720848216465409
1436720986892627970
1436721026172211205
1436721387050356754
1436721517434478600
1436721660418220041
1436722039168114698
1436722471869181954
1436722577507037193
1436722994991206402
1436723076360720386
1436723345739948042
1436723421145145352
1436724113306001409
1436724237557854210
1436724969384337414
1436725269407182848
1436725777609932803
1436725796643778560
1436726341244698624
1436726893001195526
1436727105300180996
1436727120269479938
1436727233427566593
1436727602631176194
1436728008325349388
1436728749303771146
1436729006641106949
1436729421126328320
1436729654942048257
1436730267037749253
1436730674346659844
1436731260194283524
1436732857146298376
1436733596576981000
1436734439967662084
1436734629994803200
1436735344578289670
1436735369001766920
1436735522572050436
1436735787392028676
1436735801845559300
1436735804114604040
1436736313085075464
1436737042466185219
1436737551776243718
1436737626090921984
1436737628456505353
1436738521423761410
1436738736931409926
1436738923028439046
1436739063164416005
1436740068010459137
1436740535092486151
1436740554306510853
1436741081631117312
1436741287680557060
1436741407214080005
1436741427892006916
1436741948640043010
1436742751815614466
1436742978815602688
1436743355837341702
1436743495432159241
1436743499433627652
1436743758733848588
1436743952338722825
1436744107137765379
1436744282560475136
1436744411053019139
1436744468074569728
1436744722307977223
1436744875882553347
1436744929057943552
1436745087464116233
1436745360253366276
1436746936233734146
1436747209245143041
1436747737110822919
1436748226259001352
1436748355120607232
1436748395536949252
1436748789319098374
1436749189451550726
1436750001607254016
1436750296148062210
1436750480793866247
1436750980490608641
1436751336960299010
1436751400806014982
1436751441448759297
1436751509803442179
1436752008061591560
1436752765439692802
1436752976597508097
1436753668553035785
1436754022015270917
1436754192056651777
1436754297669160966
1436754619284197382
1436754677555675137
1436754842777575428
1436754852629999620
1436755516269727747
1436755594657079296
1436755998560116740
1436756393479049216
1436756586865758209
1436756619916943363
1436757918997745672
1436758243863416842
1436758284908773382
1436759063061274631
1436761257336520704
1436761458944069633
1436761470822281216
1436761631317430277
1436761705615347717
1436762228175163393
1436762717709275138
1436763343025549315
1436763783645499395
1436763916131094531
1436764541455671300
1436764668396281865
1436764915402952708
1436765040372330504
1436765650308014088
1436765978910760963
1436766054571782145
1436766341273317376
1436766495380410373
1436766904228753411
1436767225369743365
1436767296077320200
1436767532489199617
1436767751083905033
1436767897230139396
1436767986166140928
1436768185857024003
1436768208338526209
1436768449544527875
1436768524329000963
1436768730139316224
1436768817120698374
1436769020007550979
1436769023669198853
1436769062256889860
1436769281652449286
1436769512309809156
1436769747408936967
1436770281264082946
1436771732929581060
1436772047032487936
1436772250611486723
1436772253987917831
1436774081504890881
1436774475756883972
1436774663896670211
1436774807497023491
1436775328614174727
1436775808153030657
1436776254410264583
1436777342215593984
1436777387526610948
1436777537795993602
1436777931532087300
1436778039917039618
1436778223485005826
1436778656207155203
1436779380844417024
1436779435643084801
1436779999420366858
1436780005581803520
1436780993042599937
1436782320179089410
1436782364626141186
1436782915409559556
1436783404536582144
1436783492445003778
1436783644937539592
1436784141043970056
1436784190868033547
1436784314352558084
1436785327264485380
1436785379798048770
1436785413406986252
1436785539038986242
1436785542717493256
1436785585935593477
1436785647440781312
1436786494732111874
1436787370058305537
1436787669904855046
1436787940743467009
1436788327588536320
1436788759987634180
1436789231553290244
1436789262624727042
1436789531320074242
1436789912976572419
1436790004886409217
1436790008933912577
1436791110035197959
1436791644578361345
1436791666149560322
1436792030982664196
1436792801891602443
1436793203156529162
1436793410267058184
1436793727939489792
1436794117703536646
1436794913648173059
1436794957336023044
1436795022054240259
1436795116283379717
1436795212752375817
1436795446194696193
1436796795963727873
1436796888141996034
1436797068090171404
1436797179864174592
1436797269244841985
1436797584731951107
1436797587001167882
1436797813879410688
1436798681156554762
1436799359492841472
1436800086177165315
1436800268587446276
1436800324182978563
1436800411206307847
1436800484577202177
1436801104407367689
1436801189857878018
1436801616879968266
1436801724346343426
1436802462510456833
1436802768321269777
1436803046638604295
1436803296115761157
1436803406786596868
1436803447005777923
1436804221983203334
1436804633968709633
1436804879058710539
1436804953096474625
1436805256264962051
1436805334031609859
1436805510326636547
1436805619714084866
1436806344401690629
1436806488144728066
1436806549087924229
1436806745616261121
1436806774833692672
1436807196604461059
1436807302741385217
1436807313986367491
1436807490088415238
1436807541154013189
1436807594035851265
1436808149495914498
1436808238104723463
1436808348297486341
1436808747184164866
1436808841849671682
1436809083328335873
1436809127020335106
1436809372710080515
1436809405270564869
1436809408298819586
1436809896717168643
1436810156587712512
1436810227173765120
1436810476042731523
1436810536688263181
1436810796864999424
1436810983155150855
1436811429231878148
1436811796774473730
1436811834254893057
1436812222827741185
1436812845702909953
1436813070165229569
1436813246053462019
1436813469450440706
1436814023090126854
1436814374841339906
1436814437093154817
1436814656815910912
1436814833614262274
1436814929210789889
1436815119602814980
1436815427162738693
1436815769145384968
1436816068853452800
1436816101632061441
1436816287519358976
1436816544747560963
1436816566046404611
1436816769885380615
1436816924684562433
1436817042259255298
1436817173675192320
1436817179505307653
1436817674345005056
1436817811268116483
1436818895080468484
1436818930539057156
1436818958485794818
1436819192829906944
1436819206998216704
1436819848995262467
1436820084891267072
1436820176251535360
1436820210984656898
1436820235051470855
1436820357357490177
1436820510034309120
1436820849978454021
1436820981683740673
1436821059630780417
1436821421901156356
1436821761421680658
1436821898323767299
1436822073238822912
1436822114691059713
1436822356312395781
1436822748840570882
1436822864276099073
1436823133521121287
1436823548409139201
1436824146487382021
1436824435240095747
1436824517251379203
1436824844281303040
1436825015253716995
1436825149542735877
1436825283542364161
1436825371819843591
1436825495765753857
1436825689550901250
1436826582530895873
1436826768560828423
1436826845132042240
1436826912672866312
1436827554736975876
1436827611771117570
1436827908513964042
1436828041225834499
1436828257383485444
1436828330154729478
1436828857454272512
1436829544258981897
1436829628593844228
1436829829161234440
1436830135181877255
1436830159802355719
1436830852516913153
1436830932942696450
1436831215974297607
1436831395217805322
1436831771375677443
1436831919686225924
1436831945737003010
1436832218958241797
1436832222871441409
1436832266735468547
1436832501683589123
1436832521560502275
1436832718915084296
1436832890923347972
1436832954123227139
1436833169232302088
1436833867160301568
1436834065588576259
1436834130638082049
1436834331129958403
1436834360309735424
1436834449019207680
1436834768017108995
1436834785092120578
1436834793480654850
1436835100239466497
1436835156954951681
1436835181151805449
1436835654390984705
1436836126224961536
1436836173159276545
1436836283981172739
1436836288553005058
1436836423936528384
1436836536142675968
1436836717328228360
1436836736454340611
1436836969506553857
1436837783692251137
1436838453157769217
1436838566269698054
1436838601107574785
1436838690240794629
1436838801280847874
1436839021662064644
1436839116801560576
1436839132844732417
1436839411128225795
1436839645699092484
1436839829002727431
1436840193449857029
1436840381723910149
1436840456449662979
1436840877213855745
1436841316051206144
1436841443436412934
1436841634604457988
1436841636785541122
1436841752854474753
1436841816217763849
