1306744745830395904
1306744745876574208
1306744746988142599
1306744748523352065
1306744802474627095
1306744824050126848
1306744824985419781
1306744857592029184
1306744886755053568
1306744891440066561
1306744924948303872
1306744939519320071
1306744981382729729
1306745162006245376
1306745181950091264
1306745193450934272
1306745205102645248
1306745405879848960
1306745433440608262
1306745488553713664
1306745504919957505
1306745778577256448
1306745889227243521
1306745979677413376
1306746016436285442
1306746032722714630
1306746054428295168
1306746065455063040
1306746110602510341
1306746114532663296
1306746139895640064
1306746310243110913
1306746395819487233
1306746417273241601
1306746441692577792
1306746493781643264
1306746830810746880
1306746871826780166
1306747355677495298
1306747513626652672
1306747536552624128
1306747633709600775
1306747705096581121
1306747908688162817
1306747979655720961
1306747986798665729
1306748117631619075
1306748386092220418
1306748503918428161
1306748520892784640
1306748593810874374
1306748594960113666
1306748734030729216
1306748746491924480
1306748923625734145
1306749071525376000
1306749079402278915
1306749137493340162
1306749156187426816
1306749278975598592
1306749365483114496
1306749367546773504
1306749379626389511
1306749515114991619
1306749603233046530
1306749613748228098
1306749652428115968
1306749779209142273
1306749791972532229
1306749795499995137
1306749824801427456
1306749960495521792
1306750016313331712
1306750062396166144
1306750191068950528
1306750221205082112
1306750363664633856
1306750476080295936
1306750528173547520
1306750546565632003
1306750662181609472
1306750705273909251
1306750961759727616
1306751280677879809
1306751289959886848
1306751344712310784
1306751356485730304
1306751362974220296
1306751511612059648
1306751537172054018
1306751596190224393
1306751947274412032
1306752075922055168
1306752190216896512
1306752295627972608
1306752296475271170
1306752312627679233
1306752363898777600
1306752385159700480
1306752386095026177
1306752418844160000
1306752425756258305
1306752487790174209
1306752547273678848
1306752552655085568
1306752581893607424
1306752583198007296
1306752653041586178
1306752697425690625
1306752729692463104
1306752934454099975
1306753008429137920
1306753050820845568
1306753220837077003
1306753280731746304
1306753295118225413
1306753312226783232
1306753538798874628
1306753563910172676
1306753565621456897
1306753704771624960
1306753726955352067
1306753788162854912
1306753802515685378
1306753815530614785
1306753838624518146
1306753937240981504
1306754034917875714
1306754169261494272
1306754177134100481
1306754227763544064
1306754364191764489
1306754443182972928
1306754446878298113
1306754509536931842
1306754661953810432
1306754846620561408
1306755044008701953
1306755085821673477
1306755096265580546
1306755143409504257
1306755147343843335
1306755180030038022
1306755254642528256
1306755410112794624
1306755425812049920
1306755445630160896
1306755601368784896
1306756070489034753
1306756086628839424
1306756226764738561
1306756248570916864
1306756625320083456
1306756640826429440
1306756832032165889
1306757218369404928
1306757328784379904
1306757328838950913
1306757346320842753
1306757423911362565
1306757648130469889
1306757807379709952
1306757840279830533
1306757974875045888
1306758169482399744
1306758217473630208
1306758236972953605
1306758659154874368
1306758818223841280
1306758977250832386
1306759255362539522
1306759365047857152
1306759383800520712
1306759456865357824
1306759532811563009
1306759577187295238
1306759593620639744
1306759614193688577
1306759652902948864
1306759722461204480
1306759775246594048
1306759782020284417
1306759813083410438
1306759845316497410
1306759845421305862
1306759845614247936
1306759846755102720
1306759847304556546
1306759847392796672
1306759873007419392
1306759908860342273
1306759909896314885
1306759920239468546
1306759927508144129
1306759988233359362
1306760037587714049
1306760280098123776
1306760349002141697
1306760351355109381
1306760351753613317
1306760369986326530
1306760399728058369
1306760436377944064
1306760529734758400
1306760814448332800
1306760876905631749
1306760950456946690
1306760984724471815
1306761038403194886
1306761117729988608
1306761297804120079
1306761349767344129
1306761462908678144
1306761472375230464
1306761502683279366
1306761639606341634
1306761709605056515
1306762014388367360
1306762026979667968
1306762103655665664
1306762252461236224
1306762254596136960
1306762278952370177
1306762372246372352
1306762413874782208
1306762420820508672
1306762510750691329
1306762572616663041
1306762613133578248
1306762629004705793
1306762647719817217
1306762707543224323
1306762713876631557
1306762729936609289
1306762740980232192
1306762844352937988
1306762928318799872
1306763068299509760
1306763079720603654
1306763106924797952
1306763229914431492
1306763322562355200
1306763501952589824
1306763563034443776
1306763602830012418
1306763610677542914
1306763620173451268
1306763627765157893
1306763668017893377
1306763676922327040
1306763699714129920
1306763779154292736
1306763806924828672
1306763812977213441
1306763963754045443
1306764223586893824
1306764226288025600
1306764308924297216
1306764496640368640
1306764512700379136
1306764638638321666
1306764767164538881
1306764772470411265
1306764957942509569
1306765157998235649
1306765275858186242
1306765365666611200
1306765425007644673
1306765653458784266
1306765706936094725
1306765937421492228
1306765958040690688
1306766136923566080
1306766203541741568
1306766217206738950
1306766298400071680
1306766570769862658
1306766741071110144
1306766919798792193
1306766937641410566
1306766975213993984
1306767290852147201
1306767364533497856
1306767395122417665
1306767395453915138
1306767396254945280
1306767396456161281
1306767408254910464
1306767764045037568
1306767836405288966
1306767937857036292
1306768007654510597
1306768455115436035
1306768665002618882
1306768899875241985
1306768914232139776
1306768940119601153
1306768961732784128
1306768994830028804
1306769223851663368
1306769315417542657
1306769365765894144
1306769385768583169
1306769394685665284
1306769540945149953
1306769548889161728
1306769763901804544
1306769819509940227
1306769942453391361
1306769993535762434
1306770112855379972
1306770341130391552
1306770507640049664
1306770944510304259
1306771170080022528
1306771185158565888
1306771240288477184
1306771346798641156
1306771548477501440
1306771573634985984
1306771711812087813
1306771817428910082
1306771956990173185
1306772201497145347
1306772428195082240
1306772525704245250
1306772557723467777
1306773010997706753
1306773049996386304
1306773144859037697
1306773231853096960
1306773355253706755
1306773531716472833
1306773811031879681
1306774046089121794
1306774085398126593
1306774088581554176
1306774226372878338
1306774286598918144
1306774335223402500
1306774464735174659
1306774562730840160
1306774612991246337
1306774831774552071
1306774946312413184
1306774947830943744
1306774949256925184
1306774957519785986
1306774997348888576
1306775255046852608
1306775280787296269
1306775300047601667
1306775436328939520
1306775520785444865
1306775591866241024
1306775608903577602
1306775838428286976
1306775949481062400
1306776089067479048
1306776101579100161
1306776223511707651
1306776244655206400
1306776312657391619
1306776543692283908
1306776699338739715
1306776797657391104
1306776806197022721
1306776891500777474
1306776917622882304
1306776977618206722
1306777060820561921
1306777404904558601
1306777428128301057
1306777515072139265
1306777535129227264
1306777686052831235
1306777831746220032
1306777845805576193
1306778199007916033
1306778730581372931
1306778732510752770
1306778759173935104
1306778921413869568
1306779350914695173
1306779502496960517
1306779991066189826
1306780195936927745
1306780198092840960
1306780208201166849
1306780309292285957
1306780388614955012
1306780533695930371
1306780575408193539
1306780635814670342
1306780685651279872
1306780742974922757
1306780773027119111
1306780862567141376
1306780910734446592
1306781115823394818
1306781231653236736
1306781236350857217
1306781260820484098
1306781362414850048
1306781447559184384
1306781466840436737
1306781642531442691
1306781670817902595
1306781815806537732
1306781955082670083
1306782029011398658
1306782486098255876
1306782495342428161
1306782495451394049
1306782559855144962
1306782598010675200
1306782641358802946
1306782668768636931
1306782761039003653
1306782792202752003
1306782812650049536
1306782820132683779
1306782952588804096
1306783010113675265
1306783134533517313
1306783187578818565
1306783231086391296
1306783709635510279
1306783800161165314
1306783877697069057
1306783926241898496
1306784394183610368
1306784626191597568
1306784999136538624
1306785012851912704
1306785106103873536
1306785130544013313
1306785262874234880
1306785677510684672
1306785733194051584
1306785861103689735
1306786241946488833
1306786278088814592
1306786308581449729
1306786642158649346
1306786802880188423
1306787240215969792
1306787510639636482
1306787533267832832
1306787564200833025
1306787577358356483
1306787704756199424
1306787801967603716
1306787806753230849
1306787883353886720
1306787936764133383
1306788148765249538
1306788190750150657
1306788278549577729
1306788301152694272
1306788396401123329
1306788565725130754
1306788577855107072
1306788882260930561
1306788885398261763
1306788914250776577
1306789159709945859
1306789307923955712
1306789357467115521
1306789468565835778
1306789663319953408
1306789846594314242
1306789995529883653
1306790044972331008
1306790047543250945
1306790047664934912
1306790048444985344
1306790049615417345
1306790050684862468
1306790062152187906
1306790062873554944
1306790371557552134
1306790441786978305
1306790590328311808
1306791303146024966
1306791338663346176
1306791350449434624
1306791476144242688
1306791484377661440
1306791569601765384
1306791646420447232
1306791854021672960
1306792010037243908
1306792079708901381
1306792309682569218
1306792520244965377
1306792522220539904
1306792732413788163
1306792945736130563
1306793129182363653
1306793160757174272
1306793244467044354
1306793311525535746
1306793383520882688
1306793407784906753
1306793470477172739
1306793541079830528
1306793682792833028
1306793726682042368
1306793819246071812
1306793839320064000
1306794588812836866
1306794714247561216
1306794763178463234
1306794903737978881
1306794963737497602
1306795058499325952
1306795077570887684
1306795125927010309
1306795181241499648
1306795246722994179
1306795495961120773
1306795595705843713
1306795743026520066
1306796335794917376
1306796345521516544
1306796374017662976
1306796500517900289
1306796568729788419
1306796583770521600
1306796761952989184
1306796862326935556
1306797288011051009
1306797377806839808
1306797594006482944
1306797594182475778
1306797594929057792
1306797595478626306
1306797595633876993
1306797646103949312
1306797743902461953
1306797760792981505
1306798491688218634
1306798493961465857
1306798504963125249
1306798593618128897
1306798671934218241
1306798699637547010
1306799289109303297
1306799384940752896
1306799424111292419
1306799448136261633
1306799584442753024
1306799639249772547
1306799677308796929
1306799709592391683
1306799726550020097
1306799741896982529
1306800032348344320
1306800161792946179
1306800192323280897
1306800296446898176
1306800333683748864
1306800362473615360
1306800508800299008
1306800601062408194
1306800755475652609
1306801032148783104
1306801290048090112
1306801381978845184
1306801556348641281
1306801569493585920
1306801613177270272
1306801643539910656
1306801758216368130
1306801973421895685
1306802021064937472
1306802179597045760
1306802278960168960
1306802327236608000
1306802431880200193
1306802444425363457
1306802518698024960
1306802852715786243
1306802903324282881
1306803420263862273
1306803506041454592
1306803772321079296
1306803790947942401
1306803932740702212
1306803941510909952
1306804208235171841
1306804445926305797
1306804509310685185
1306804689674080263
1306804706493304837
1306804994990051333
1306805143866732551
1306805144890163204
1306805145414508546
1306805165144580097
1306805191572938752
1306805332983910407
1306805551662235648
1306806016076664832
1306806231588315138
1306806273405583361
1306806341781139456
1306806356700205056
1306806436618539008
1306806449482461184
1306806511113506816
1306806653719699456
1306807345805221888
1306807414168186880
1306807660327567361
1306807766795812865
1306807969754091522
1306808147357708296
1306808222637002752
1306808254199214080
1306808835965947904
1306808921684930567
1306809229014110208
1306809518458888192
1306809668187037696
1306810071385600000
1306810105099419648
1306810242798440448
1306811028320247810
1306811197912686592
1306811289805762566
1306811345204113410
1306811456080445440
1306811745403580416
1306812468602318850
1306812759611445260
1306812859318448128
1306813171466895378
1306814172542500864
1306814762731397121
1306815132559908864
1306815220761927680
1306815445023035392
1306815677114855424
1306815807758970880
1306816200626900995
1306816727930613760
1306816731906600962
1306816851104739328
1306817115383648256
1306817364873314304
1306817505613275136
1306817726774685697
1306817799722065920
1306817810270740480
1306818396277936129
1306819100921004033
1306819219489804289
1306819446506426369
1306820263426826242
1306820277985251330
1306820295181959170
1306820304166150144
1306820495116054528
1306820798116749312
1306820843700355074
1306820889548292096
1306821033727602690
1306821316071370752
1306821563262664704
1306821806473576449
1306821938472509440
1306822018394849280
1306822671649443840
1306822999954292736
1306823372211355648
1306823501517594624
1306823777506832384
1306824234669350912
1306824508687384578
1306824950930694154
1306825093662859265
1306825180233203713
1306826612093186048
1306827246007726080
1306827281357250560
1306827793007665154
1306827809034297347
1306828050798125057
1306828111024189443
1306828143001505793
1306828378578849794
1306829992140189697
1306830612267925509
1306830704047726593
1306831561007009796
1306832239184015368
1306832699961880578
1306835346638794753
1306835361000304646
1306835527115694080
1306836775428591618
1306838639553384450
1306839131591520256
1306841112573890560
1306842973154480129
1306843164318355456
1306843800875266048
1306844282897137666
1306845300968095745
1306845364293701636
1306846920569245696
1306848131989098507
1306850379796185092
1306850445676093440
1306850761448607744
1306850858274107393
1306850930114146304
1306850945905471489
1306851314610196480
1306851496647155713
1306851540825780225
1306852262350934016
1306852792351502336
1306853569321197569
1306854217471098880
1306854961612042240
1306855869762674688
1306856507494084610
1306856509154955266
1306856518797717507
1306858005376520192
1306858817569853440
1306859072080220161
1306859074315784192
1306860536789950464
1306860787089027072
1306861354008088576
1306861374790930434
1306863669066649603
1306864163612958720
1306865218526556168
1306865396537012224
1306865544952344578
1306865548702052353
1306865557262622722
1306865721658486784
1306865811143962628
1306866232545742854
1306866713611374592
1306866821543452673
1306866970994847758
1306868191503605763
1306869324024553472
1306869453326409734
1306870309681860608
1306871298509934594
1306871808117878784
1306871851285721093
1306871915643113478
1306873395678674944
1306873927549976577
1306874371764613123
1306875337658302466
1306876623422189568
1306876906487394305
1306877916823814144
1306878659869974528
1306878757651742720
1306879448634064897
1306880275419475969
1306880647147843584
1306880669151309826
1306880681948196865
1306880777406349312
1306882466586730496
1306883857149501443
1306885607856144384
1306886735872372736
1306887008263057408
1306887310823301126
1306888271771897865
1306888447890776067
1306888983910047744
1306889290190860293
1306889515106103297
1306891082991570944
1306891965993160705
1306891977204563968
1306892240065789959
1306892587266080768
1306892866589990912
1306893271738847232
1306893471282847745
1306894187535765504
1306895484045471746
1306895755525971969
1306895765642641409
1306895832252403712
1306895992344764416
1306896520348827648
1306897280025243648
1306897465103310848
1306897518823956481
1306897606614884353
1306898017837109248
1306898288789065728
1306898321114624002
1306898446952075264
1306899446081433600
1306899979965956100
1306900277468057603
1306900789739298817
1306900965753323522
1306901020098912257
1306901759797923841
1306902032301817856
1306902101621170176
1306902435278057472
1306903306850230277
1306906391542726660
1306906499076284416
1306906754912051200
1306906826974339073
1306907004728991745
1306907038841221120
1306907065420578818
1306907680729165828
1306908148024967171
1306908323690754055
1306908923895652354
1306909315509477386
1306909373994860544
1306909734348435456
1306910840768131077
1306910845935312897
1306910847717928969
1306910868773498882
1306910888318861314
1306911044053471238
1306911068044906499
1306911096960413697
1306911200173797378
1306911323800973313
1306911613614780417
1306911718803746817
1306911921287901184
1306912175215214592
1306912578401169408
1306912638237061122
1306912772152852487
1306912989421817856
1306913044887482368
1306913093495263242
1306913124512137216
1306913169353445376
1306913262898946049
1306913393589260288
1306913972038381570
1306914030406246401
1306914428676382720
1306914442656067584
1306914693488021506
1306914704024121344
1306914722697154567
1306915204316397574
1306915258301206528
1306915409963225089
1306915692604731394
1306915755481587717
1306916020234354695
1306916515015516160
1306916559080902661
1306916823938543618
1306916890632216579
1306917144517644291
1306917146056896512
1306917146707079169
1306917410751078403
1306917425166856201
1306917480007438338
1306917706109800449
1306918156032790528
1306918562616029184
1306918684053602305
1306918747148562432
1306919001587625991
1306919020390686722
1306919079068999680
1306919232454766595
1306919773423521794
1306920137686122497
1306920165720952834
1306920169546096640
1306920414086492160
1306920712318451713
1306921236094750721
1306921549857988610
1306921603486429186
1306921962757816322
1306922029971632129
1306922069951680514
1306922165028007936
1306922442955382785
1306922978488221696
1306923229907488769
1306923625207955457
1306923966980919296
1306923992159195137
1306924109612417038
1306924231524061184
1306924313526718464
1306924501616283648
1306924690016030723
1306924951681880068
1306925212999528448
1306925541870706688
1306925758888243203
1306925816459276288
1306925949980733445
1306926051130568707
1306926198493249536
1306926272342298631
1306926308681752576
1306926363593576448
1306926534599544840
1306926688924774403
1306926925529710598
1306927151933947908
1306927189963624448
1306927221039345664
1306927373846220800
1306927384319406082
1306927597159411713
1306927626355867649
1306927761253167104
1306927767926321152
1306928023195840512
1306928038232428544
1306928209796227072
1306928485995343872
1306928653356457986
1306928663938715651
1306928721035751424
1306928865021964295
1306929162016436230
1306929298285244416
1306929714792194048
1306929902805897216
1306930057655521281
1306930084616568833
1306930210428784641
1306930990271561728
1306930992314290176
1306931114477453315
1306931269993979905
1306931295319207939
1306931326398988289
1306931476647358466
1306931737000398849
1306931952600182785
1306932110519828480
1306932633704771584
1306932655276122113
1306932895118962689
1306932915465531392
1306932919949234177
1306933003411750912
1306933056578695170
1306933217853874177
1306933291744931840
1306933490911379457
1306933950783389696
1306934151170396161
1306934642445082629
1306934865074552832
1306934871781244928
1306934969189773319
1306935090832908289
1306935278188335105
1306935707739529225
1306935925704921088
1306936072421748747
1306936075026341892
1306936327909380096
1306936762774814725
1306936770190336000
1306936811986587656
1306936887916089344
1306937024511844358
1306937213620494336
1306937278795743232
1306937284063899648
1306937292418961409
1306937382533562368
1306937405421891584
1306937641162678272
1306937703074758659
1306937903080235008
1306937954141691905
1306938166729900032
1306938251102560256
1306938391511138307
1306938503972950017
1306938544057974788
1306939025366953986
1306939086784155648
1306939173585276928
1306939233676992512
1306940035535712259
1306940063549460480
1306940063650123776
1306940556753461249
1306940724764647424
1306940812891168772
1306940842532376577
1306940864284045312
1306941039270297605
1306941042202013701
1306941042290077700
1306941044831862784
1306941049101848577
1306941065056915460
1306941121587744768
1306941224616689664
1306941402203512832
1306941561385648128
1306941615232163844
1306941745528217601
1306941860833824768
1306941995110334465
1306942095916257281
1306942170889367552
1306942182994010114
1306942242301583360
1306942266196537344
1306942274937466881
1306942298350137346
1306942344571367429
1306942349256388609
1306942548364218369
1306942719286280192
1306942801209208834
1306942813406457856
1306942857190793216
1306943103190827008
1306943250083778560
1306943251258191872
1306943270791131136
1306943276751237124
1306943349807513602
1306943395722653698
1306943555982618628
1306943589222670336
1306943750996926466
1306943801232166915
1306943970405167107
1306943976168206337
1306944023962300419
1306944044526972929
1306944091641520129
1306944176517533696
1306944211867111424
1306944242972061696
1306944433607389185
1306944468512395267
1306944531854655488
1306944574577876995
1306944618332815360
1306944799308754944
1306944828484268041
1306944833605562371
1306944901062553607
1306945101793550336
1306945314889367555
1306945385999601665
1306945569034768384
1306945638085660680
1306945704208760839
1306945821045387266
1306945944458592258
1306946072967741440
1306946108594294786
1306946150428282880
1306946374982918145
1306946513134907392
1306946585918681089
1306946858141523970
1306946946016456711
1306946961518587904
1306946988320133120
1306947037598973953
1306947080951300100
1306947087167352835
1306947604077596672
1306947765663158273
1306947849272295430
1306947931321368577
1306948055233691649
1306948096643956739
1306948128789213186
1306948365549211649
1306948400827506697
1306948465109458945
1306948489033678858
1306948589013200896
1306948589344763906
1306948589759934464
1306948592028938240
1306948640385175554
1306948963770216448
1306949398157578240
1306949458781974528
1306949537618165761
1306949679838617607
1306949788999585792
1306949798868725760
1306949858948009986
1306949860168523776
1306949956469698561
1306949986358304768
1306950027483512834
1306950060094246917
1306950212485869572
1306950379658248192
1306950731883335682
1306950794609123329
1306950849076264965
1306951193604902912
1306951303688531971
1306951420395032578
1306951503849173008
1306951570748321795
1306951752982376449
1306951781495209984
1306951787996471297
1306952108902674433
1306952216599769094
1306952329200128007
1306952364880994312
1306952386980843521
1306952572159381511
1306952629394845697
1306952659681841154
1306952808097296385
1306952828217430018
1306952850023604224
1306952888271491072
1306953141410242560
1306953375049822210
1306953412781715458
1306953433358966784
1306953589760430087
1306953636325531649
1306953678574809090
1306953729409646592
1306953753883480066
1306953767330480128
1306953818513584131
1306953975573417995
1306954017516466176
1306954039222042624
1306954057987305472
1306954163146960896
1306954293094887427
1306954340922535936
1306954459155660800
1306954721043849217
1306954879110348802
1306954907883384832
1306955000028028930
1306955009700122630
1306955063022231558
1306955300541521921
1306955336998412292
1306955446461308932
1306955495144652802
1306955505932345344
1306955527541477376
1306955691303858177
1306955784081805312
1306955845037686784
1306955862494371843
1306955894706536450
1306955971185586178
1306956041792425985
1306956087338430464
1306956139112824832
1306956147094630401
1306956153189007361
1306956290598592513
1306956565547823105
1306956599756492809
1306956755457519616
1306956985108254724
1306957012442505217
1306957056444895233
1306957125487341568
1306957158089715716
1306957315879448581
1306957378584293379
1306957685938683906
1306958214890754051
1306958390497869829
1306958501818892294
1306958555434582017
1306958640876789760
1306958648871137280
1306958689694347264
1306958726570684416
1306958746510295050
1306958796028289025
1306958918275354630
1306958958016561152
1306959060370104320
1306959291270795265
1306959295905439748
1306959433050632193
1306959490034675712
1306959500642054144
1306959506442780674
1306959579608223744
1306959623665090567
1306959724085227520
1306959772139352066
1306959846533672960
1306959853848539139
1306959923847278594
1306959924824604672
1306959977836412930
1306960004960997376
1306960073575616513
1306960668654841863
1306960669934325760
1306960737076752384
1306960750855024641
1306960759201689601
1306960874402459655
1306961136529608704
1306961172751462400
1306961182373351432
1306961204154445825
1306961252552499200
1306961297674829825
1306961385079877634
1306961446543253505
1306961483801210880
1306961494618386432
1306961583902425090
1306961634863337475
1306961652689100801
1306961700407652352
1306961743697055746
1306961780825034754
1306961926140854273
1306962009712402432
1306962062430613504
1306962108257632262
1306962178063372294
1306962449598480384
1306962467751366656
1306962538760986630
1306962674182508544
1306962931649835009
1306962935466655744
1306962944698314752
1306963130707255306
1306963160025497602
1306963456088825859
1306963568873570310
1306963656798859275
1306963664117862400
1306963683470438405
1306963691175247872
1306963700562251776
1306963725459611649
1306963761853542400
1306963785635246081
1306963792685936640
1306963802911584256
1306963892661350403
1306964035527680001
1306964038698651649
1306964076271034368
1306964210119827456
1306964243095396353
1306964277178310661
1306964443733962752
1306964927425454081
1306965187648421888
1306965337087315968
1306965563068026880
1306965832497586176
1306965853829767168
1306966120566583301
1306966164615168000
1306966251546312711
1306966402906062849
1306966615486070789
1306966805085265921
1306966824685314048
1306966860223655936
1306966961511895043
1306967119830147073
1306967213375619072
1306967317742575618
1306967451482062849
1306967468070637574
1306967481395875844
1306967508453392385
1306967575314784259
1306967623817715719
1306967638959099905
1306968051527684096
1306968182436093953
1306968472455446536
1306968645755482114
1306968684704018438
1306968721815007233
1306968735719346179
1306968872709500928
1306969164687568896
1306969217691013121
1306969236665819136
1306969289941975040
1306969364235599872
1306969379112968192
1306969549150060549
1306969705773637635
1306969832777224192
1306969860258357252
1306970003254784003
1306970064776699905
1306970267009384448
1306970290073858055
1306970295035723778
1306970568126849031
1306970687689506817
1306970742395936770
1306970892694585344
1306970898247933954
1306970915742380033
1306971077562699778
1306971241828560901
1306971242306572289
1306971244252794888
1306971244298825729
1306971248606490625
1306971249395015683
1306971295809245191
1306971377166094340
1306971486712987648
1306971649858768897
1306971660910841867
1306971666208169984
1306971719375237126
1306971741638537225
1306971742137724930
1306971829425311744
1306971882118414336
1306971932114522113
1306971995465281549
1306972030038933504
1306972060300832768
1306972332448251905
1306972378111639552
1306972379831324677
1306972454921932801
1306972556403015685
1306972765862465546
1306972817272066049
1306972830718980096
1306972970246696961
1306973003335557121
1306973209414246401
1306973357364084739
1306973726391635968
1306973729507938306
1306973773543936006
1306973975008944128
1306974060774133760
1306974122015109124
1306974169872166912
1306974598211272704
1306974819704078337
1306974838783987712
1306975011325046787
1306975013363478530
1306975104719560705
1306975110960644097
1306975201817657344
1306975221098967040
1306975296990728193
1306975329853075457
1306975490658504705
1306975514008133636
1306975799426404354
1306976047209082897
1306976064619581440
1306976271633723398
1306976464206790657
1306976555969769475
1306976579264839682
1306976664270835714
1306976692012036096
1306976738795302915
1306976750442811399
1306976795544166403
1306977108921643008
1306977122624376837
1306977237187600384
1306977249615376386
1306977371325706245
1306977524979838977
1306977545011822593
1306977592369704962
1306977623806021638
1306977787409039364
1306977815699623939
1306977852856979456
1306978033186664452
1306978044092059652
1306978045232807939
1306978117446258688
1306978209213427715
1306978256667762694
1306978274053181450
1306978348724346880
1306978367879643137
1306978492169494528
1306978516425154561
1306978671530573824
1306978789315031041
1306978789432332289
1306978789478535168
1306978789671407617
1306978790409736195
1306978856453181441
1306978985100947458
1306978995246952449
1306979026712616960
1306979142265692168
1306979226713759744
1306979311271006221
1306979325099544578
1306979369475342336
1306979475427655680
1306979482134339585
1306979494251704323
1306979533388754957
1306979612010991616
1306979614187761670
1306979827136696330
1306979968606445570
1306979969797689344
1306980054791081987
1306980073560510464
1306980097057001472
1306980123057496066
1306980184902569985
1306980196529115138
1306980465795096576
1306980639191846913
1306980659370418177
1306980762403704835
1306981057724588033
1306981111411748867
1306981195507552256
1306981331872690176
1306981556330934273
1306981739278020611
1306981820467208195
1306981915304615939
1306981966454104077
1306982021101740032
1306982068623114240
1306982209971269634
1306982416809177088
1306982601689890823
1306982613878542345
1306982637224054785
1306982732736667648
1306982748108861446
1306982777196367875
1306982781646503936
1306982845093732353
1306982894032900103
1306982924005380106
1306982929168576513
1306983126648881153
1306983235067486210
1306983260942196738
1306983277752995842
1306983326138458123
1306983359499956225
1306983502454423554
1306983808621740032
1306983874799570944
1306983917833138177
1306984163229290498
1306984305890144257
1306984341126500358
1306984347690586113
1306984391277772800
1306984398752043008
1306984413138505730
1306984571980976130
1306984592965017601
1306985195522985984
1306985372547719168
1306985426876608520
1306985693198118913
1306985707341258752
1306985844582957061
1306985969636130816
1306985983234244608
1306986081347350529
1306986168161054721
1306986208896208896
1306986266463014914
1306986340823826432
1306986343734456320
1306986344242122757
1306986347161239552
1306986360172142597
1306986384150933513
1306986405063790597
1306986410478632963
1306986587574722575
1306986781074751489
1306986841460092929
1306986869096357896
1306986874691637248
1306987011522297862
1306987150391545856
1306987505015635968
1306987552629567488
1306987821127868417
1306987836902715398
1306988073939542019
1306988162309382146
1306988189803073539
1306988334431035393
1306988388906676226
1306988408250814470
1306988555575623682
1306988568175415296
1306988728511066113
1306988877400477696
1306988948321955853
1306989001749000199
1306989034930143233
1306989139418664961
1306989224206491648
1306989231974133760
1306989401453416448
1306989440473001985
1306989450354929667
1306989663672991748
1306989893948780544
1306989901150384131
1306989957291139073
1306990113361068035
1306990240675049479
1306990262313455616
1306990462167900166
1306990548847415301
1306990729877770240
1306991134204362754
1306991175044411396
1306991197555249152
1306991241373024256
1306991284545093632
1306991371132248066
1306991535762878465
1306991689727455244
1306991745222279173
1306991825966764032
1306991880459165697
1306992137242849283
1306992247792168960
1306992377131929605
1306992416076034050
1306992519964655617
1306992610582593536
1306992612629504013
1306992627418624004
1306992758494834690
1306992857652236289
1306992911310032903
1306992992167829504
1306993176281059329
1306993316718936066
1306993322926518272
1306993463326576640
1306993521107365888
1306993571304738822
1306993706935955458
1306993746559537154
1306993798258610182
1306993888117153793
1306993888750718976
1306993941112328193
1306993978605273088
1306994400581619713
1306994401793773568
1306994417279152134
1306994531682877440
1306994618295365633
1306994618639228932
1306994752949293061
1306994798755287044
1306994815759003649
1306994864249344001
1306994871396372485
1306994912798355460
1306995254034419718
1306995265044393984
1306995285395210240
1306995716255027202
1306995991640526850
1306996086008172544
1306996101027946501
1306996152131256320
1306996242648625153
1306996273698893830
1306996430343733251
1306996478322253824
1306996515848814594
1306996549751369734
1306996621511725056
1306996912004960256
1306996964710584321
1306997051276886016
1306997071602487297
1306997128099762177
1306997154431537152
1306997215211270151
1306997252838379526
1306997291778281472
1306997553410355201
1306997556384153600
1306997668745482240
1306997687611514880
1306997858088947712
1306997982198403075
1306997994215165953
1306998173706182656
1306998476702654465
1306998625990586368
1306998682936586240
1306998727979274241
1306998853200216066
1306998871126667264
1306998940080930818
1306998953666326529
1306999018992611329
1306999296248762369
1306999357221330944
1306999393162231808
1306999464419373057
1306999538608205824
1306999587048173568
1306999755696988161
1306999793303121922
1306999839289421825
1307000138678906880
1307000178994339840
1307000428735934465
1307000565214441474
1307000661662466057
1307000775810469891
1307001185526853633
1307001191512133634
1307001233861795840
1307001296386392065
1307001390598938625
1307001442994061312
1307001533666557954
1307001549827330054
1307001571922804736
1307001599777275904
1307001705184202752
1307001713451245568
1307001829797101569
1307001941050798082
1307001982029312000
1307002105329258497
1307002114409979906
1307002126082740230
1307002134894870528
1307002222878830593
1307002253807624198
1307002274917609477
1307002386637099010
1307002396678270981
1307002414525026305
1307002485026951170
1307002508057939970
1307002874115887107
1307002942487244800
1307003024292876288
1307003029770702849
1307003052004708352
1307003184586657792
1307003311661486086
1307003323300696064
1307003653639806977
1307003821965619200
1307004083535056903
1307004419687448576
1307004420815753216
1307004457327063040
1307004942578855936
1307005014418821122
1307005212880666625
1307005257029951488
1307005394448011264
1307005433090125829
1307005488819777538
1307005548450263041
1307005590435172362
1307005735792971776
1307005798275526656
1307005970510426113
1307005993117777923
1307006051288580096
1307006118560964609
1307006132578377729
1307006224081342465
1307006270856142849
1307006532391927809
1307006600490749954
1307006613086187523
1307006674725634048
1307006727104212997
1307006754333626368
1307006899297157121
1307007089378840577
1307007128457162753
1307007249911603207
1307007341838176256
1307007530749562881
1307007601838829571
1307007726682288128
1307007750459854850
1307007761658544129
1307007952772046849
1307007969222066181
1307008122461081600
1307008137413693440
1307008177867837442
1307008191172096000
1307008209195020291
1307008240799100929
1307008372059901952
1307008482902671368
1307008530457784322
1307008566637793280
1307008607167434752
1307008616247984133
1307008711601389573
1307008808380751873
1307008840903393281
1307008951767175168
1307008974542307328
1307008986978361351
1307008987519504385
1307008988568064002
1307008989285224448
1307009071371948033
1307009113742811136
1307009181640056832
1307009259750723584
1307009342093361155
1307009435596976129
1307009435722686464
1307009517591425029
1307009558750081024
1307009609861865473
1307009812690075649
1307009907279966210
1307009948723838976
1307010214361694208
1307010240270020614
1307010268640157701
1307010304174325760
1307010304379883520
1307010328362967041
1307010514019647489
1307010805074980868
1307010852961357826
1307010914625957891
1307010925031981056
1307011058473762816
1307011096889438209
1307011135099502593
1307011236006187010
1307011282919358465
1307011320219422722
1307011384681652224
1307011415207809025
1307011434572898307
1307011482337587200
1307011504043065345
1307011745156927488
1307011909116456961
1307011985150750724
1307012165375844354
1307012536940756992
1307012646269575168
1307012697263935488
1307012841950588928
1307013074713563140
1307013075279785984
1307013165960527874
1307013377852571651
1307013462439137280
1307013535369752578
1307013645222719488
1307013903105142785
1307014034001211395
1307014099923075077
1307014213190266882
1307014515524075520
1307014542115786752
1307014546763083776
1307014551293120513
1307014617642795017
1307014621249896448
1307014626794758145
1307014693735862275
1307014760802717703
1307014841798983680
1307014858966208514
1307014933507444737
1307015123165421572
1307015127775023104
1307015250785468416
1307015260327628801
1307015610799456256
1307015819310903301
1307015959077621760
1307015978929270787
1307016239705923584
1307016536729636864
1307016537434279936
1307016538096975874
1307016539472883712
1307016540559089664
1307016545592397827
1307016578022727697
1307016635425882113
1307016714366996480
1307016737972461568
1307016740581380096
1307016822940721153
1307016997998297090
1307017002968666113
1307017040365056004
1307017227980464129
1307017286935621634
1307017511095930881
1307017740750860289
1307017749500170242
1307017763987378176
1307017961891418112
1307018079432572928
1307018098768252936
1307018122977828872
1307018244088385537
1307018566068297732
1307018788924252160
1307018860810305536
1307018874576084992
1307019073440579584
1307019161273540609
1307019191946485761
1307019427205046273
1307019510268952576
1307019552618840065
1307019786610774017
1307019929842053120
1307019943700049920
1307020140182220801
1307020290644471808
1307020446995423232
1307020532290932737
1307020609222778881
1307020686666407938
1307020704488058880
1307020722041171980
1307020880334200832
1307021191555821569
1307021263127412737
1307021289773846528
1307021418425655297
1307021465598951429
1307021569944965120
1307021589498781697
1307021671363158017
1307021849705021442
1307021871662149632
1307021903731793920
1307021911189336065
1307021913655513089
1307021966344421376
1307022076159635458
1307022137488744448
1307022174566469633
1307022285006606339
1307022293919567872
1307022468335403011
1307022700003692545
1307022708694306816
1307022816026468354
1307022830886891523
1307022844719583232
1307023036483330048
1307023152250224646
1307023236551577602
1307023360568762369
1307023470283370497
1307023519847526402
1307023556740608002
1307023635920703488
1307023704946343937
1307023725150306305
1307023788110950404
1307023851730034688
1307023934940942338
1307024088506925056
1307024108589285380
1307024220229177346
1307024229486006275
1307024246514896903
1307024578275876865
1307024732471123968
1307024846451363842
1307024951808057346
1307024993159610368
1307025099292377090
1307025103453028353
1307025686763376641
1307025759496699906
1307025875339182082
1307025933459693568
1307026075298467840
1307026078058385409
1307026186896322560
1307026257230651392
1307026318958174209
1307026494850465798
1307026498373791748
1307026553050673152
1307026637574340610
1307026787885436928
1307026812996915204
1307026817824550912
1307026940566605828
1307027020417769482
1307027156518809602
1307027238303432704
1307027361695698944
1307027419174440968
1307027449310580737
1307027593355579398
1307027620576534531
1307027758736965634
1307027861774032896
1307027873862160384
1307027889045598210
1307028117266014209
1307028159599083523
1307028237629952003
1307028495659393029
1307028601569767425
1307028832164237312
1307028905501618176
1307028958538592257
1307029046409203713
1307029098255060993
1307029132191170565
1307029132535050244
1307029134963609600
1307029148691574785
1307029222138040330
1307029305327857664
1307029352232759298
1307029391592116226
1307029470398775297
1307029981256658946
1307030083333500928
1307030098214780928
1307030277068410881
1307030320617840643
1307030399667834880
1307030631659065344
1307030639716241411
1307030722096529408
1307031014041157637
1307031062946689024
1307031133830492161
1307031251963064323
1307031384851128320
1307031425313579014
1307031505160613890
1307031636941307904
1307031638925139968
1307031639051165696
1307031639223042048
1307031642511273987
1307031643278934019
1307031644117893120
1307031717312630784
1307031760903995397
1307031783461007361
1307031824623902720
1307031828411408385
1307031926570704896
1307031946854309889
1307031975966969861
1307032059551064064
1307032139947372545
1307032194624430080
1307032202081972230
1307032223544152065
1307032272713986051
1307032276795109376
1307032617418711040
1307032663690285057
1307032675237203968
1307032716798496768
1307032867130748931
1307032894993362944
1307032912731279367
1307032920889135105
1307032955303456769
1307032957216067584
1307033567646580736
1307033584977444864
1307033807233658881
1307033884811579392
1307034165288873984
1307034228920643589
1307034418310197253
1307034432088481795
1307034499914530816
1307034739057070081
1307034938655600640
1307034976110751753
1307035354000744449
1307035411227635712
1307035500721696769
1307035521261228034
1307035588370075656
1307035599199760384
1307035766590181409
1307036025026498560
1307036076645781507
1307036287141019650
1307036351162970118
1307036550358859776
1307036550555930624
1307036574799011840
1307036669485305856
1307036669556805638
1307036669611249665
1307036683930685450
1307036695028695043
1307036872036749312
1307036940278083587
1307037082217521152
1307037094892711936
1307037122612920321
1307037240774864898
1307037294042525696
1307037321821388806
1307037355941953536
1307037476855459844
1307037689926111232
1307037836420538370
1307037927726178314
1307037937842950144
1307038010148519936
1307038046689406983
1307038250373185543
1307038338923278340
1307038453117472770
1307038492942315521
1307038513188270083
1307038542498070531
1307038634302988289
1307039147157266435
1307039188303388672
1307039191138807808
1307039254044966912
1307039314673635328
1307039663606169607
1307039966820741121
1307040048131567616
1307040188913377280
1307040224866951173
1307040334686433280
1307040396334247936
1307040496460718080
1307040805245186048
1307040847473541120
1307040863953002497
1307041272440541186
1307041449964457989
1307041451033989121
1307041452980137988
1307041603765313536
1307041661332185095
1307041702633336832
1307041713605824524
1307041724267745280
1307041724389363713
1307041996004118531
1307042099833995264
1307042211297722370
1307042407616335873
1307042409428246528
1307042562956460033
1307042663716319232
1307042960979251200
1307043128524800001
1307043172460171265
1307043281499566081
1307043369009524737
1307043405046968328
1307043425729097730
1307043619161989121
1307043831511121920
1307043884422377472
1307044032875552768
1307044034075000832
1307044080518660097
1307044093441212423
1307044187733450752
1307044235137421313
1307044380612743170
1307044622040956930
1307044634015789057
1307044642035298305
1307044738625949703
1307044920662917121
1307044926291611653
1307045015621971968
1307045030465597447
1307045052045316096
1307045131175026688
1307045267871543299
1307045436033822721
1307045477548994560
1307045595312467968
1307045600228188169
1307045612966367232
1307045619916251136
1307045669736194052
1307045676895924235
1307045713273069572
1307045787063537665
1307045852276555778
1307045919469305856
1307046036700094465
1307046062193082368
1307046093277016064
1307046167247806472
1307046211518693376
1307046258788499456
1307046347221200897
1307046354787725315
1307046445506273280
1307046517820272641
1307046526645137409
1307046565027155976
1307046670459449345
1307046704840085506
1307046715082629126
1307046727862677505
1307046739195592708
1307046741183782912
1307046741275860992
1307046741565304832
1307046750683881474
1307046755582832640
1307046766676717568
1307046770342539264
1307046850327965699
1307046856829145089
1307046911736676352
1307046959665098758
1307046993999654913
1307046997225082882
1307047017240297476
1307047024064372741
1307047087016677376
1307047110597058561
1307047110886535169
1307047140162756617
1307047165819269120
1307047274154004486
1307047490978541574
1307047598432415744
1307047693890605058
1307047699829714946
1307047864074481666
1307047940662407174
1307047944080756737
1307047970848878594
1307048012502503427
1307048117364285442
1307048144878866438
1307048249853911042
1307048292862361604
1307048514871062533
1307048531790893060
1307048541970411521
1307048597784072192
1307048646693867523
1307048687072411650
1307048749701754885
1307048902995124225
1307048929368969216
1307049049107902464
1307049190531518465
1307049252326055937
1307049263311065088
1307049378893492227
1307049411957133312
1307049441208266754
1307049453896060929
1307049491166617604
1307049496656969731
1307049627741573120
1307049897540161536
1307049919790878727
1307050318950207489
1307050495735992326
1307050510629744641
1307050569811587072
1307050680608346114
1307050685117194245
1307050867657453568
1307050907440418817
1307050924687454209
1307051040559321088
1307051079541063680
1307051157404213249
1307051283992530945
1307051300379652099
1307051366523772930
1307051369459863554
1307051371686961153
1307051381841432576
1307051471507259392
1307051646401249280
1307051742702563329
1307051768958930946
1307051769206198272
1307051780199657472
1307051842669604870
1307051887926169603
1307052085335252992
1307052155157778432
1307052174736674816
1307052412197367809
1307052590786654215
1307052601624735745
1307052726493286401
1307052803504963585
1307052819329974273
1307052904805806080
1307052994886799360
1307053027371565056
1307053130773823488
1307053244242370560
1307053296645963778
1307053296646004737
1307053317990871040
1307053396013330432
1307053579094626306
1307053595121065994
1307053640969080832
1307053655640731655
1307053847668494336
1307053899682066434
1307053922956324866
1307053990589476865
1307054074702049286
1307054094692028417
1307054216201080834
1307054219212587010
1307054286505832448
1307054313068470276
1307054363983130626
1307054439530999811
1307054463526547456
1307054472456216579
1307054513195540481
1307054549639802884
1307054955535183874
1307055035151507456
1307055151111380998
1307055164340219905
1307055187136253952
1307055231784685572
1307055238143184899
1307055420314394630
1307055551931707394
1307055559582023680
1307055560597086210
1307055614661718016
1307055726519619586
1307055842248798209
1307055938172575745
1307056067055149057
1307056129567006721
1307056179999371264
1307056256281182208
1307056343359074306
1307056416490913793
1307056677901021185
1307056731286052868
1307056875037483015
1307057029538893829
1307057255708332035
1307057317414875137
1307057318350196737
1307057350361206784
1307057487833690120
1307057521513967617
1307057651185053700
1307057720021921793
1307057726703439875
1307057788229767168
1307057879606800384
1307057883020918792
1307058060406304768
1307058060767252481
1307058065221484545
1307058289717411840
1307058323016110083
1307058358848020482
1307058365940539392
1307058381975359503
1307058410647511040
1307058440263565315
1307058498870693888
1307058531162632195
1307058542751383552
1307058696002899969
1307058730853453825
1307058843936006144
1307058986101997569
1307058996373868549
1307059067249139712
1307059072781488134
1307059318009757697
1307059318899048450
1307059353791406085
1307059512122146817
1307059575846301702
1307059593718181890
1307059670566268928
1307059729110360064
1307059882173005827
1307059910312632320
1307060024154484737
1307060209781792772
1307060331416621060
1307060512228868098
1307060532843872265
1307060577089380352
1307060618130792448
1307060828613480448
1307060893755355136
1307060924008869892
1307061096210194434
1307061446661025793
1307061460120547329
1307061835322068995
1307061835338842112
1307061837981048832
1307061841047072769
1307061882612842497
1307061892045844482
1307061917048020995
1307062055321710602
1307062072832856064
1307062225669181449
1307062262876844033
1307062392631820290
1307062489193078784
1307062566242443265
1307062590569357312
1307062680004579331
1307062736409501696
1307062739047714816
1307062809663090688
1307062815337967616
1307062896795488262
1307062973643489288
1307063019986395136
1307063054312632324
1307063093848150017
1307063093936025600
1307063108800786432
1307063159757377536
1307063319476555776
1307063355698487299
1307063628156342272
1307063728974827522
1307063744992890880
1307063782682787842
1307063916984401923
1307063963407056898
1307064278722195459
1307064351879122944
1307064351975645184
1307064364202106881
1307064369843494915
1307064637943418881
1307064656134123522
1307064790163107840
1307064999643418626
1307065114521227266
1307065187015458817
1307065248227172352
1307065323812777986
1307065349737713671
1307065356327026689
1307065555514466306
1307065576989360128
1307065597960818695
1307065599273717760
1307065610510057472
1307065624754089984
1307065629934002176
1307065667372417026
1307065704789749760
1307065741091500033
1307065914022596610
1307065984663146496
1307066008302223361
1307066053189566466
1307066147473444867
1307066173708738562
1307066301614088192
1307066342525349893
1307066365145214980
1307066446934142978
1307066468635488257
1307066521030623232
1307066595332820996
1307066616325328902
1307066677872545793
1307066709392658432
1307066775562059777
1307066819036012544
1307066839760097280
1307066910681583616
1307066912032124928
1307067010162057216
1307067107461431300
1307067111861366789
1307067120061218816
1307067120174342144
1307067225535401984
1307067462794522625
1307067468351975425
1307067539739021344
1307067552644947970
1307067695825858560
1307067746916749312
1307068038836031494
1307068195132641283
1307068227978235905
1307068277248622595
1307068296618020866
1307068301563121667
1307068317157519362
1307068330000486403
1307068341367037954
1307068378738290688
1307068400741613568
1307068434430267395
1307068610054160385
1307068665356058624
1307068839071490049
1307069074757881857
1307069093615464448
1307069122715488256
1307069271244263430
1307069386440679424
1307069387963338753
1307069407613550592
1307069432917827590
1307069563662721025
1307069631023194112
1307069644881252352
1307069646701551617
1307069942538395650
1307069967616167936
1307070011392045056
1307070033353469962
1307070066584883205
1307070080178630657
1307070089313869824
1307070115729547267
1307070150928105475
1307070150974242819
1307070184704925696
1307070389760282629
1307070433410326530
1307070471968624642
1307070652621484039
1307070698230288385
1307070768442994689
1307070818724319237
1307071083300913153
1307071100208271369
1307071227572482054
1307071299538296834
1307071315032059905
1307071331394035712
1307071450138972161
1307071667013857280
1307071667991195648
1307071820567375872
1307071835834642433
1307071912196091909
1307071912204533761
1307072035328229376
1307072156451377155
1307072159781654529
1307072240652091396
1307072345614540800
1307072493237293066
1307072551898710016
1307072752457834496
1307072888030343173
1307072908251009030
1307072908372606977
1307072928819929089
1307072937112014860
1307073019257524226
1307073072734887937
1307073132453408769
1307073135498407936
1307073159808466944
1307073175151431683
1307073492647653377
1307073671257821188
1307073927752167424
1307073999181053952
1307074064343879683
1307074078033866753
1307074139627442176
1307074220917231616
1307074313976270848
1307074419907612672
1307074669766479872
1307074859462209539
1307074883579514882
1307074920569098240
1307074951342682113
1307075072335785990
1307075164514013186
1307075251487092743
1307075311385878528
1307075364993355781
1307075389861363713
1307075445272334341
1307075468496179203
1307075469850836996
1307075471885074434
1307075514117632000
1307075533675655168
1307075560577929225
1307075583101329409
1307076066507395074
1307076145951789062
1307076274087776258
1307076288063176705
1307076383865217025
1307076584260632578
1307076629655687169
1307076866709295110
1307076871734153220
1307076875404050432
1307076887521435654
1307076890176491528
1307076892227440643
1307076935114203139
1307076935911124998
1307076938096357378
1307076967754334208
1307076976595873793
1307077016009805827
1307077019017109505
1307077036935122944
1307077051069935616
1307077051212591111
1307077080711131138
1307077113401536521
1307077132875714560
1307077138827431936
1307077162994937857
1307077202534707200
1307077226496745473
1307077338241421314
1307077346206285832
1307077359636549638
1307077375612649472
1307077453060374528
1307077565446848513
1307077617263226885
1307077621960904705
1307077643339268096
1307077651039952896
1307077690034286592
1307077724683595781
1307077754219835394
1307077839791980545
1307077871958097921
1307077875397537798
1307077888659906564
1307077916371582978
1307077940673474561
1307077957844959235
1307077991369826304
1307077993777508353
1307078143052853249
1307078157371994112
1307078170177306627
1307078209817718786
1307078269896978437
1307078275341127680
1307078328122306561
1307078337253257216
1307078483600969728
1307078495328186368
1307078563678609410
1307078737440256005
1307078833481412608
1307078858760486915
1307078925844180995
1307079047311249408
1307079166215565312
1307079168551723011
1307079183185608711
1307079195575619591
1307079218719797253
1307079295521763328
1307079297522376707
1307079401251708928
1307079423380852736
1307079464023715846
1307079504410574851
1307079572874244097
1307079591643820033
1307079607166865413
1307079628541112320
1307079905109258247
1307080217979215873
1307080332706013184
1307080372187009024
1307080379015331843
1307080553871663107
1307080611669200902
1307080710029676544
1307080735044644864
1307080843861667842
1307080955010654209
1307081072191188992
1307081082567876609
1307081205586759680
1307081222456303616
1307081223404228610
1307081407731306502
1307081434549583873
1307081471937650690
1307081501780119552
1307081536869724160
1307081650321358848
1307081921751584768
1307081936364544000
1307081967989477376
1307082051556868097
1307082178094866442
1307082221795389446
1307082272378683392
1307082278745538561
1307082394512642048
1307082403127721990
1307082421863616513
1307082454461747203
1307082544962318338
1307082600830377985
1307082633411727360
1307082704127700992
1307082715108384771
1307082726453936130
1307082729251639297
1307082837829603328
1307082849422581760
1307082855034519553
1307082859031785473
1307082942024503296
1307083063910895618
1307083086627254272
1307083150166818819
1307083158286991362
1307083506661679105
1307083515582976000
1307083589583015936
1307083634499780609
1307083672630239232
1307083678602928128
1307083742046048258
1307083789512912896
1307084046372155399
1307084052558684165
1307084098880647173
1307084125401231360
1307084158032805891
1307084310198054914
1307084359162363905
1307084476187660289
1307084484475527168
1307084486048452608
1307084501273718786
1307084542520459264
1307084553937465346
1307084652692340737
1307084746216833028
1307084747013750785
1307084747198402563
1307084792786309121
1307084839087157250
1307084863586078721
1307084918686703616
1307084929629597698
1307085045052604418
1307085052887683073
1307085101692530698
1307085103114457089
1307085112241278977
1307085239613714432
1307085258760871937
1307085282110582790
1307085292801863680
1307085543260532739
1307085565016379392
1307085611287736322
1307085787511562240
1307085794318966786
1307085899667304448
1307085933402042374
1307085942180786178
1307085947239124997
1307085953148899329
1307085975114452999
1307086018617761793
1307086116332490752
1307086135143870469
1307086151724007424
1307086154823598081
1307086232678264832
1307086353671303174
1307086471220862982
1307086509594509313
1307086666730012674
1307086803254546432
1307086889799823360
1307086940924194821
1307087010696441859
1307087169492836352
1307087244667367426
1307087251755741184
1307087311537135616
1307087316675162119
1307087473177235458
1307087529854808064
1307087575832821760
1307087593482465280
1307087679268544512
1307087759287488513
1307087827348393985
1307087837284757505
1307087915080712194
1307088140402860034
1307088199064444929
1307088259386937344
1307088259411881984
1307088380933672963
1307088474470785024
1307088583132680193
1307088701604999168
1307088705065283589
1307088887978831873
1307088972087164929
1307089141449064450
1307089203973496835
1307089237062410243
1307089247090991104
1307089279957467136
1307089715091439619
1307090274791968770
1307090311332737025
1307090330504908807
1307090402785325058
1307090775985938432
1307090787927293952
1307090806268887049
1307091249753722880
1307091335611060230
1307091783642419200
1307091896318087168
1307091957899026432
1307091993366081544
1307092036290449408
1307092037645156352
1307092060114223105
1307092084122411011
1307092114132566016
1307092149838786562
1307092217920712708
1307092272253734919
1307092286241566720
1307092296018677760
1307092341354909698
1307092379892166660
1307092433839230977
1307092471399186436
1307092484619722752
1307092518748565505
1307092542442348544
1307092546242457601
1307092553028775938
1307092769979105285
1307092791835734018
1307092923096461319
1307092980654891016
1307093041346379776
1307093165292351488
1307093277464723460
1307093357836079105
1307093397379977219
1307093713806602240
1307093801404633088
1307093994418122752
1307093996393705475
1307094059895468033
1307094103734325250
1307094111250513920
1307094136324005888
1307094372006219777
1307094528546004997
1307094542198472704
1307094655146885120
1307094710750773250
1307094851629068288
1307094888270438400
1307094908608696324
1307094939344482304
1307094949473681408
1307095071746150403
1307095151630835712
1307095176150740993
1307095196967075841
1307095236817100802
1307095254567456768
1307095271759917056
1307095305817473024
1307095320724205568
1307095552711102468
1307095572969594880
1307095573934354434
1307095632029638656
1307095687239208962
1307095693698437121
1307095727869435907
1307095876356145153
1307095971852148736
1307096020833239042
1307096272579461122
1307096420894355461
1307096570693922818
1307096576821800960
1307096787338039305
1307096852194627584
1307097022403694595
1307097043366825985
1307097062148898867
1307097082638020608
1307097108198109185
1307097111901675520
1307097236128624646
1307097250062110721
1307097570703941632
1307097670205534208
1307097710420529153
1307097766448041988
1307097833087152128
1307097864015839232
1307098175048691714
1307098186901786628
1307098333845041153
1307098335711502336
1307098465567207424
1307098643061760002
1307098650120785923
1307098690528645121
1307098712431308800
1307098713937063937
1307098722208223233
1307098736468922369
1307098776562266112
1307098847592828929
1307098877359726592
1307099189256638469
1307099243619012612
1307099399554727937
1307099492399841281
1307099555385704454
1307099598385803265
1307099606174633985
1307099644451860481
1307100768126799873
1307100935374635009
1307100964722282497
1307101093978148864
1307101262526189572
1307101479086555137
1307101484497199105
1307101709672624128
1307101775464402944
1307101912047783937
1307102033883860993
1307102137130909700
1307102190994165761
1307102228633792513
1307102322544304131
1307102367431774208
1307102391788019715
1307102629076652033
1307102666942808065
1307102710240555008
1307102761255829506
1307102859142533121
1307102927199318016
1307102987546963968
1307103134435684353
1307103282259734528
1307103349448290304
1307103355924369408
1307103359007031296
1307103369799053316
1307103887137091589
1307103949833621504
1307104022952804353
1307104030703988736
1307104081996124161
1307104173348061189
1307104268432936960
1307104341136900098
1307104355745751040
1307104628786462720
1307104747887955968
1307104754649239553
1307104797296922624
1307104871401893891
1307105122472865792
1307105168593424384
1307105223287148546
1307105265678942214
1307105270712197124
1307105336269123586
1307105372130480128
1307105513210077193
1307105535611867137
1307105704470339584
1307105759554088962
1307105765157679108
1307105886251483137
1307105886893211648
1307105970485633024
1307106047287537664
1307106130259312644
1307106303265976330
1307106385470029825
1307106485823049730
1307106782284853248
1307106838295588866
1307106838882779136
1307106976892096513
1307106984626446336
