1411474839270051841
1411475420147556357
1411475536359137284
1411475636439240709
1411475987993354243
1411476093350068233
1411476539926003712
1411476677427961857
1411477553919954953
1411478083631292417
1411479459077701634
1411480565086408705
1411480645835108352
1411481482921717767
1411481697837891587
1411482080207310848
1411482564255260681
1411483188896096257
1411483262002909184
1411485171749167105
1411487098130079744
1411487679074684928
1411489946599313408
1411490181685944324
1411490396874719232
1411490428290019333
1411490956222795777
1411492016559693824
1411492153025564674
1411492846645960704
1411493684961554432
1411494699408429057
1411495402449289216
1411495883267575812
1411495886090391558
1411495923801329665
1411496242639671296
1411496363213291526
1411497229379117068
1411497546233561089
1411497628701970433
1411497724139257860
1411498146304299017
1411498279477596161
1411498451616079873
1411501553538813954
1411502083111534596
1411504150777634816
1411504553200136202
1411504560682803202
1411504847736741889
1411505026229538822
1411505039181418498
1411505276918849540
1411505706591789058
1411506400052842499
1411506877465235465
1411506879059136514
1411508756677017600
1411508842039590915
1411511254901002243
1411511456122773509
1411512473535102979
1411512525406019592
1411512634613055508
1411512733594533890
1411513188558987272
1411513219135516672
1411515006311669765
1411515581497548805
1411515909471096832
1411515983953530887
1411516439262121992
1411517267578429440
1411517379734089731
1411517381378252804
1411518027561046018
1411518298299240451
1411518900794167301
1411518995908468738
1411519165916196868
1411519729643274242
1411520140370354176
1411520185698238468
1411521675498299393
1411522079736930306
1411522164432551947
1411522295504441357
1411522476828508164
1411522571498053634
1411522725886181379
1411523475693621254
1411524310909472772
1411524702921793536
1411524819707961345
1411525706954297350
1411527657766928387
1411527797575671808
1411529338638508035
1411529945629835265
1411530279500582917
1411530717159436291
1411531847637549056
1411531912598937601
1411532316082589698
1411533409797738500
1411535112425050115
1411535353983377409
1411535831215529985
1411536244916510721
1411537712339881984
1411540447026204673
1411541350286299144
1411542255911985156
1411544472668811264
1411544854891569159
1411545124367220738
1411545228708823040
1411545561711448068
1411546472101859331
1411546561683787782
1411546649470586880
1411547183372029954
1411548446679613445
1411548824850636800
1411549391090065410
1411549887997562882
1411549988233089028
1411550283491119106
1411550363816103942
1411551071223357448
1411551642835734530
1411551993030746116
1411553101056720899
1411553868215951360
1411555855313608706
1411555961358229505
1411557777156235268
1411559173112799234
1411559302427467778
1411560047428112388
1411560380271415298
1411560402970763266
1411560930413006849
1411561022360625156
1411561971850387459
1411562512584163328
1411563614272737283
1411565853666168832
1411566798470778882
1411573791533187073
1411577027392532481
1411578662332383232
1411580770813157379
1411583406715162624
1411584606642577408
1411588441276624898
1411603185551167494
1411615856027701250
1411619498214498308
1411619923793743874
1411637215206203394
1411637434358632450
1411638059150548997
1411640996279066627
1411642879580192770
1411643482826067969
1411646605657137156
1411646611088809984
1411652145162694658
1411653971798855684
1411655201220595716
1411659958131769344
1411661455552831491
1411662067065450499
1411663419141468160
1411664607194894342
1411665254849912832
1411666504475680779
1411667766617251846
1411668755805921282
1411669008638644234
1411669576010588161
1411670011811450881
1411671134710337538
1411671136610422785
1411671137793110018
1411671861289758724
1411672789610905608
1411674111676403715
1411674181087997959
1411674437104119817
1411675734645657606
1411675911276089349
1411676147931308033
1411676692779835396
1411677066051813376
1411677560216432648
1411678446271582214
1411679036766670855
1411681086271156229
1411681798036262914
1411682525207044096
1411685397248290821
1411685536943706116
1411685642573029379
1411686232959111172
1411686241121320961
1411686808077934597
1411687565577519112
1411689001514373125
1411689021106003975
1411689389055528962
1411690410595004420
1411692399458361355
1411693564564811778
1411693816101302278
1411695189022982146
1411695314826899459
1411695481583984641
1411695538135781380
1411696932796436481
1411697072613511174
1411697404978532355
1411698674674159617
1411700518242734087
1411700601747034117
1411700618138472453
1411700974800998400
1411702337341726720
1411702760400166921
1411704278876573696
1411705471132655616
1411706311964860416
1411707046374875140
1411707736358858755
1411708220494778369
1411708791129792515
1411709737633292295
1411710605594181636
1411710607624114182
1411710642826924034
1411712940638605320
1411713153474441217
1411713404876754948
1411713926153244672
1411714054637293572
1411714254420459524
1411714339812347907
1411714504900100097
1411714611074711554
1411715124231032840
1411715300735787011
1411716090875498502
1411716431989805061
1411716434703523841
1411716694234513409
1411717255814070274
1411717824658165761
1411717940941107210
1411717941742256132
1411718088823816194
1411718227625979904
1411718689108410368
1411719269172326402
1411719818886234119
1411720032753786888
1411720205839998979
1411720209321402375
1411720451420721152
1411720791184625664
1411720841331675137
1411722047902957568
1411722407606423557
1411722707377459201
1411722763086307330
1411722885954158594
1411722992745336834
1411723282215280643
1411723360766238723
1411723967757434882
1411725023627427840
1411725159418023946
1411725821950234632
1411725940418351107
1411727023173738497
1411727520626532360
1411727539287072772
1411728170324303879
1411728584864112643
1411728691382607874
1411729070518308864
1411729730395676678
1411729879314354180
1411730037141913607
1411730225814253571
1411730497047339009
1411731413188087811
1411731531870003202
1411731956090482692
1411732775783313409
1411733687306227717
1411734495246667781
1411734528918536199
1411734774864138245
1411735318378729478
1411735617554292738
1411736739165753352
1411736880316624900
1411737447197773827
1411737483709235206
1411737828904538114
1411738080114061313
1411738854663639044
1411739244599590916
1411739372651700226
1411739465262026753
1411739644589395969
1411739645738684423
1411740147511668737
1411740225668370433
1411740912607272960
1411741265918664708
1411741423645364229
1411741935367331840
1411742202674438148
1411742923608281089
1411743528183635975
1411743831037468672
1411743883713601542
1411746632446656517
1411746644480114693
1411748035365908487
1411748068295315456
1411748566192865283
1411749356177350666
1411749814879019012
1411750408029155331
1411751452566040583
1411751457586520070
1411751811120259080
1411751916246274055
1411752234640101379
1411753533414723587
1411754972375662592
1411755160578179075
1411755188755574785
1411755390249979905
1411756758910046212
1411756886249119744
1411757487938748416
1411758222445355012
1411758354989469702
1411759200926158856
1411760160356376577
1411760999196205056
1411761729818660867
1411761732956065793
1411762379327737864
1411762864977817604
1411763571088936964
1411764008420532226
1411764281847291913
1411764596512264196
1411765909669220356
1411766363107037184
1411766498742484992
1411766784080891908
1411766902632841216
1411767431673098245
1411767857957019656
1411768582359367680
1411769036854210562
1411769330610716672
1411769353629011976
1411769932770074625
1411770513345724418
1411770964975697921
1411771043870564357
1411771328970080259
1411771606075064323
1411771746550796294
1411773158395367427
1411773999126822915
1411774109084786689
1411774327750541313
1411774470709202948
1411776833264095233
1411777009328480261
1411777217504366594
1411777244712734722
1411778373903335425
1411778956567711746
1411779230048960524
1411779345438359555
1411780084382511104
1411780266331418627
1411781310595600386
1411781330237542403
1411781820648153089
1411781890210734087
1411781941683228676
1411782183853858818
1411782185284247554
1411782238790897664
1411782456915734532
1411782969908473858
1411783111541772289
1411783132936814599
1411783233180684288
1411784568726867968
1411785145921769475
1411785669731553284
1411785690506010626
1411786242681978886
1411787047539384320
1411787800480038912
1411787989324386310
1411788553395245070
1411788602997104641
1411788795343781893
1411789280570191873
1411789420139798532
1411789706774388736
1411789728014348288
1411789895694233602
1411790468002766853
1411791620295512067
1411791865662390284
1411791964891140108
1411792919372210182
1411793076666966016
1411793113522360325
1411793251271598081
1411793265448398848
1411793486286934016
1411793629597913094
1411793954421547010
1411795518695555073
1411795609405775872
1411795747729719304
1411796314229182465
1411796648423010304
1411796868699394051
1411797143485095936
1411797247495389185
1411799128502419463
1411799154888777736
1411799197590958085
1411800346234662916
1411801939977850881
1411802455189434376
1411803828941475840
1411804038312644610
1411804229119918084
1411806515720331269
1411806729810190336
1411807031212724225
1411807033544699905
1411808502956310531
1411808537798496258
1411808769131139074
1411809456892133379
1411809912905211909
1411811201995067393
1411811603692064770
1411811609505419269
1411812048925872129
1411813316960337923
1411813421922754561
1411816175013617664
1411817559951872002
1411819969814409220
1411820260731273221
1411820641469272068
1411821791056732161
1411823190368735238
1411823887793496067
1411825195661283329
1411827871610556416
1411828218596925441
1411829479710892032
1411830179714981893
1411831868266369024
1411832003549356032
1411832026047692808
1411832304499056644
1411832354725826562
1411832672511565825
1411832823833575425
1411833110682128384
1411834046737489931
1411834189075292165
1411834532127514627
1411834760675090433
1411835047267770371
1411835375333556235
1411836417223938050
