1271593123186200577
1271593124033413120
1271593124335403008
1271593125040054273
1271593125585186816
1271593126138912768
1271593126537449473
1271593139011309572
1271593178114686982
1271593276911562752
1271593319144001536
1271593328400912384
1271593335996768261
1271593374739574785
1271593391420321792
1271593952735567874
1271593995416883201
1271594032821608448
1271594059312889856
1271594152195735552
1271594172739391488
1271594313957298176
1271594400242634758
1271594490223083522
1271594644086771712
1271594648570601473
1271594700059734017
1271594884525244416
1271595114276798464
1271595172246294530
1271595367335972870
1271595467118383107
1271595568465424385
1271595571099336704
1271595587524231169
1271595594738479104
1271595616238436354
1271595639533645827
1271595639646949379
1271595654184402945
1271595759247466496
1271595764351995907
1271595873479331840
1271595914507976704
1271596082250776576
1271596103356624902
1271596175213412353
1271596204628025344
1271596339143610368
1271596352112377856
1271596491363233794
1271596560405737473
1271596723186675713
1271596997477359616
1271597027718242306
1271597038514442242
1271597055140671488
1271597152561750016
1271597186682425344
1271597200032911361
1271597340256874499
1271597376978006016
1271597409081196546
1271597544200646658
1271597564664647685
1271597740594728961
1271597755425849344
1271597823390289920
1271597844974022657
1271597888221712385
1271597918848344069
1271597949433372673
1271597971126263811
1271598044534976512
1271598079863554053
1271598191599902720
1271598227951886337
1271598377671766019
1271598439739129858
1271598443954348034
1271598469480882176
1271598562581852160
1271598569364041733
1271598633289474048
1271598773836357633
1271599063109173248
1271599118239096835
1271599141450375168
1271599166003777537
1271599187541528588
1271599195867230209
1271599199784710145
1271599414419701760
1271599443675054080
1271599579142684672
1271599587283910656
1271599590303825922
1271599603167760385
1271599611682197509
1271599630548111360
1271599656145948672
1271599662479392768
1271599691613036546
1271599739591692288
1271599746252181506
1271599766296768521
1271599788614733826
1271599802657185798
1271599809800163329
1271599832059215872
1271599903219879936
1271600037034897416
1271600086498377729
1271600214915403776
1271600224931401728
1271600305772396546
1271600309782151168
1271600405508771841
1271600458134667266
1271600501629636608
1271600503936503811
1271600517538557958
1271600518109020162
1271600545648775168
1271600647885017088
1271600659767480323
1271600672618582017
1271600672757239809
1271600673151483905
1271600673516253184
1271600734744784896
1271600744865640455
1271600757196849154
1271600808451125250
1271600897764864001
1271600909991231488
1271601081936687104
1271601160353439744
1271601225717481472
1271601425924194305
1271601462670483458
1271601486451990532
1271601621097754624
1271601841596481536
1271601879290646531
1271601931023257608
1271601975516450816
1271602003865743367
1271602039911591936
1271602058144219136
1271602097981554688
1271602210930151424
1271602411707211777
1271602437196038145
1271602448495448064
1271602453994254337
1271602488936931329
1271602570612445184
1271602582486691841
1271602613037998080
1271602664619438080
1271602688803954689
1271602709678956544
1271602815018905600
1271602834518224896
1271602907004231686
1271602917896830976
1271602951505641474
1271602961983078400
1271603145135853568
1271603202685833217
1271603218980777989
1271603275209547779
1271603283275190284
1271603458458746882
1271603591426519043
1271603792098836485
1271603990673973251
1271604018767433728
1271604072576102401
1271604130356826113
1271604148442730496
1271604280663908353
1271604334040698881
1271604354445766656
1271604368454844416
1271604445848178689
1271604447504826368
1271604447580286981
1271604447639031809
1271604495441633280
1271604715818754054
1271604729274142721
1271604775809925121
1271604779970695175
1271604798828294145
1271604804880683010
1271604881275707393
1271605016537767936
1271605190534344705
1271605200994938881
1271605437339762688
1271605438845538304
1271605568252391425
1271605570609582080
1271605653769945088
1271605685458001920
1271605694253367297
1271605748770865152
1271605835567960065
1271605923862151168
1271605946918342658
1271605948356931592
1271606056523874304
1271606117127409664
1271606149914210304
1271606333075226625
1271606335872946176
1271606343875641344
1271606367955156993
1271606403279585280
1271606446464081920
1271606505184342017
1271606583647186944
1271606594661429248
1271606687733035009
1271606787050024960
1271606821476872192
1271606886182289412
1271606939374497793
1271607069339197440
1271607160804343809
1271607164336046082
1271607187887009793
1271607354228957190
1271607653375127553
1271607870124167168
1271607962281349123
1271607970049282048
1271608011484737543
1271608096729763840
1271608117529280517
1271608195581194242
1271608222835752960
1271608223745757184
1271608223825448963
1271608224123203584
1271608224676851712
1271608225260015621
1271608254729240576
1271608256906100737
1271608276380254209
1271608294642274305
1271608329132007430
1271608357317603329
1271608358752137218
1271608424820809732
1271608473357344771
1271608504340578310
1271608550767366150
1271608597655572481
1271608658976288769
1271608687971401733
1271608688902639617
1271608757303328769
1271608775619772416
1271608778211852288
1271608823053029376
1271608824718376962
1271608931509559296
1271608992326877184
1271609284573396993
1271609477326934017
1271609658051002368
1271609762183090176
1271609977866616832
1271610036838707200
1271610083311529987
1271610099711303681
1271610250613882881
1271610288752807942
1271610328632242176
1271610404695875585
1271610432445440000
1271610528000081920
1271610562821177344
1271610577803239425
1271610652310802432
1271610662104563715
1271610738478637061
1271610739099344896
1271610763153678342
1271610852815384578
1271610862458015744
1271610873866604545
1271610941675888641
1271610990652727297
1271611074643742720
1271611089348956160
1271611101176832000
1271611107959083015
1271611140821397504
1271611165299408897
1271611200313397248
1271611243787411456
1271611322401263616
1271611440491909122
1271611442295422976
1271611537334194178
1271611596813598720
1271611637213126661
1271611868625489920
1271611901072609282
1271611997231050752
1271611997281345536
1271611997356990472
1271612014964736001
1271612034770231300
1271612035843928064
1271612145730535425
1271612234817581057
1271612296977055745
1271612313506852865
1271612374622109696
1271612418339241985
1271612552640958474
1271612565978783746
1271612613693190145
1271612734975741952
1271612836272365568
1271612901124694017
1271612929360699392
1271612932938334208
1271612982791979008
1271613045492584448
1271613051041693697
1271613104875540481
1271613105999695872
1271613201420075009
1271613219820277762
1271613252246568960
1271613267425865728
1271613274027679746
1271613452541464581
1271613514323542017
1271613519243251712
1271613547454386176
1271613599837040640
1271613707550887936
1271613713318101000
1271613725036945410
1271613993707323392
1271614160741294081
1271614273958088705
1271614442673971203
1271614524009873408
1271614591882182656
1271614621984665601
1271614740037545989
1271614810376089600
1271614975203848192
1271615140090257413
1271615190405197825
1271615347242733571
1271615389299019777
1271615409611894785
1271615516780756992
1271615524120793088
1271615568727224320
1271615601019162625
1271615724604268545
1271615763573608456
1271615772071088129
1271615772104683520
1271615772607959040
1271615773044170755
1271615783651684352
1271615791352471553
1271615800277970948
1271615803545325569
1271615808297472005
1271615823933825025
1271615841319124992
1271615845194752000
1271616000547586050
1271616009703690240
1271616035054108672
1271616362373398530
1271616420598755328
1271616486466097154
1271616610118361089
1271616615520653313
1271616637511380995
1271616650442412032
1271616716318085120
1271616777760444416
1271617037085876224
1271617057658998784
1271617335296774144
1271617352380096512
1271617379290750978
1271617402988625925
1271617511595945985
1271617605787422722
1271617817561964544
1271617953793036289
1271618028845793281
1271618069857796096
1271618120889905154
1271618145900531712
1271618151025868802
1271618228494774273
1271618268734935042
1271618288699822083
1271618401408921602
1271618597853581312
1271618774903463939
1271619002700349440
1271619018768683008
1271619078122278914
1271619251334496257
1271619374802251777
1271619448999419905
1271619460252815361
1271619547074871296
1271619547091566596
1271619562841280513
1271619675827429377
1271619770979401728
1271619795604115456
1271619836813205504
1271620034532646912
1271620165701115908
1271620278670548993
1271620424632348674
1271620805227495426
1271620822915047430
1271620849699782657
1271621111122235392
1271621136862842882
1271621291880087552
1271621363459997696
1271621386440761345
1271621424965394432
1271621625612566528
1271621827098533889
1271621959827292160
1271622017415028736
1271622063665471491
1271622396664037377
1271622407204286464
1271622470345392130
1271622545436028930
1271622550234247168
1271622575274127360
1271622701275181057
1271622822268489730
1271622882981003265
1271622968779685889
1271623265732243458
1271623322040762369
1271623322124652546
1271623322833309696
1271623323601043459
1271623324880207872
1271623328474845190
1271623331750477831
1271623361353965572
1271623410452443143
1271623415603122176
1271623573744963584
1271623601545007105
1271623664002371585
1271623665994604546
1271623736601587712
1271623848534913029
1271623908865839105
1271623982287065088
1271623982773649408
1271624110515208192
1271624202106404866
1271624302576701441
1271624303834955776
1271624342376452096
1271624398445953025
1271624580314980352
1271624583964213248
1271624635512127488
1271624930204016643
1271625098974375938
1271625131941662720
1271625247545049088
1271625290431807488
1271625439539322881
1271625501308784642
1271625677452738560
1271625726559567874
1271625773166874624
1271625838463778817
1271625852422365184
1271625868729778176
1271626003757117440
1271626208359387136
1271626294745280513
1271626314382966784
1271626349841702918
1271626519270621186
1271626566578159616
1271626623205412865
1271626696232513538
1271626845126000640
1271626936327045122
1271627037233553408
1271627096905773056
1271627117307060228
1271627372345917440
1271627420957843465
1271627671768793090
1271627764949532682
1271627852094623746
1271628113299079168
1271628152419364872
1271628178877005824
1271628355348111361
1271628520360423425
1271628551092146176
1271628592905170954
1271628606809214976
1271628628191739905
1271628684475195392
1271628720344911873
1271628791396405249
1271628800909066247
1271629066546958336
1271629110536798211
1271629231831879681
1271629237091516416
1271629407745191937
1271629555267244033
1271629647667589121
1271629681335455744
1271629788667674630
1271629952631349253
1271629991793606656
1271630022059720710
1271630116616110081
1271630424331169792
1271630448809082886
1271630500579495936
1271630571664375810
1271630574223077382
1271630871636791297
1271630871892656128
1271630877882298369
1271630948975677442
1271631126516424706
1271631142551240704
1271631209362272256
1271631284213895168
1271631354510409730
1271631412609810432
1271631524375547905
1271631689312321537
1271631729816731648
1271631893088423942
1271631979671420928
1271632040828579841
1271632130070597632
1271632175331446784
1271632179198660608
1271632217182294018
1271632224845287424
1271632291668922369
1271632405233885187
1271632408446668800
1271632758322999301
1271632937067466753
1271633174615990272
1271633317876699137
1271633388231897089
1271633397358694402
1271633501352230913
1271633753379680257
1271633757041197057
1271633764930682881
1271633923475492864
1271633943897477120
1271633951979909121
1271633968069324800
1271634022746243075
1271634408794198017
1271634450510688256
1271634451638951938
1271634631855616000
1271634643205468160
1271634646548111361
1271634651019386881
1271634651170439171
1271634673219796997
1271634814349828096
1271634993199099904
1271635174653034501
1271635278671892480
1271635338914652161
1271635366714527745
1271635439582154752
1271635477775486976
1271635822538874880
1271635879594020865
1271635896987791366
1271635974481686530
1271636045713547268
1271636156669734913
1271636167759482881
1271636177733521408
1271636181541888000
1271636689757392896
1271637047967711232
1271637186669170689
1271637357054308352
1271637978461417472
1271638050200788994
1271638422990417922
1271638423351132160
1271638424215261185
1271638470210072576
1271638512329261058
1271638538702946306
1271638979679576064
1271639123615498241
1271639170142928896
1271639191647137793
1271639206838833152
1271639255828348928
1271639707697496065
1271639714286665728
1271639868519612416
1271640017660710912
1271640106546446341
1271640113953615872
1271640239510036481
1271640257864359939
1271640296053526528
1271640382405849088
1271640461049020419
1271640706625548288
1271640776863252480
1271640919142531075
1271640919188668416
1271640938012606464
1271641299876265984
1271641378242650113
1271641388338286592
1271641452821598208
1271641582517846018
1271641584287834112
1271642039302721542
1271642059670241280
1271642069967220738
1271642157645025280
1271642196198985728
1271642196463153152
1271642313081700352
1271642346862583809
1271642580418203648
1271642692695588866
1271642951161131014
1271642992487665664
1271643108242083841
1271643164349214721
1271643311812509696
1271643313397997568
1271643382159413248
1271643472769044480
1271643795612995584
1271644103772692480
1271644107065171968
1271644176451547137
1271644352431878144
1271644360573161474
1271644390105235456
1271644450125746176
1271644606367760384
1271644708108935174
1271644857577193472
1271644907304824834
1271644932059561984
1271645084480667655
1271645526170185730
1271645799529820160
1271645801463283712
1271645852201881601
1271645865426419712
1271645971579957249
1271645971923865601
1271646001963634689
1271646095635070977
1271646317232586754
1271646436564905986
1271646500968370178
1271646844368687104
1271646873284161537
1271647003978665985
1271647073784471552
1271647249672679424
1271647253841743873
1271647347412475904
1271647387824656389
1271647667353989122
1271647681346179074
1271647821272399878
1271647840041869312
1271647874376511488
1271647877606117376
1271648109622370309
1271648347275890688
1271648371082739717
1271648487650844672
1271648487734681606
1271648504822325248
1271648988475858944
1271649024295272448
1271649050799079424
1271649219305185280
1271649368177881089
1271649461652119552
1271649712576364544
1271649746122420224
1271649940113162243
1271650208854704134
1271650429072486401
1271650452317356032
1271650663123091456
1271650816911454210
1271650929037709312
1271651103973793792
1271651111188025345
1271651253865627654
1271651410107645953
1271651505272246273
1271651631608860678
1271651698948407296
1271651777860055042
1271651815407390721
1271651819337453569
1271651888417603584
1271652229305585664
1271652312436572161
1271652367075872769
1271652440379662336
1271652770756661248
1271652862821650434
1271652997936943107
1271653144678842371
1271653187712356353
1271653187733409794
1271653283229249536
1271653398161625089
1271653521184579584
1271653546128216066
1271653624851070976
1271653642236506112
1271653646485331968
1271653743558303744
1271653970881241088
1271654131678183424
1271654139248939009
1271654416853209088
1271654435865886721
1271654572847763456
1271654649490178048
1271654676128284678
1271654779543072771
1271654789244477445
1271654934384181248
1271655061706375169
1271655253990158337
1271655257395924992
1271655272726122499
1271656161318756360
1271656267262636033
1271656294437527552
1271656391435005952
1271656663838310406
1271656787947786241
1271657182162018304
1271657256929636352
1271657295764770816
1271657295785521155
1271657366115606528
1271657536744194048
1271657628767264768
1271657693166608385
1271657766252396544
1271657945684729856
1271657967335747584
1271658059639783424
1271658207308664837
1271658217274302464
1271658466315296769
1271658494509363201
1271658580865961986
1271658670175203328
1271659080197836800
1271659251073609734
1271659387048820736
1271659418564866048
1271659527549616128
1271660018681745409
1271660546975305728
1271660788575600641
1271661070546022401
1271661086299824130
1271661118323376138
1271661239517708288
1271661361643347968
1271661508091695112
1271661637175558144
1271662093524238338
1271662581862801408
1271662645003902981
1271662854396153856
1271662964039442433
1271663029822709760
1271663530723467265
1271663768016125952
1271663903882297344
1271664688133279744
1271664845499195392
1271664951518801925
1271665793588232193
1271665812798156800
1271665900219969545
1271666009641009153
1271666034345418760
1271666217045065729
1271666568519397378
1271666886342774785
1271667165150797825
1271667699953868801
1271667754396004352
1271668316139028481
1271668362876239877
1271668368764878850
1271668509697814529
1271668576211161088
1271668620272123907
1271668622231056385
1271668872316256256
1271668913131134977
1271669100402683904
1271669584786006016
1271669772988669954
1271670325739225093
1271670563812052992
1271670867555205120
1271671030415851520
1271671199274356738
1271671729740558337
1271671852079951872
1271672005843210242
1271672031738814464
1271672126861389825
1271672395196174336
1271672398132150274
1271673148119953415
1271673666233868291
1271674385976496131
1271674463126351873
1271674602020691969
1271675594682621952
1271675647593787393
1271675994064277504
1271676193259925505
1271676559078776832
1271677277202456576
1271678092889767937
1271678276667420677
1271678647741616128
1271679015582130176
1271679335183908870
1271680181422436352
1271680317485723650
1271681071281836033
1271681171009789962
1271681325687283712
1271681939058147328
1271682538893869056
1271682583403913218
1271683063865585671
1271683112410533890
1271683131632951297
1271683294405496837
1271683501901975552
1271684223494000640
1271684959300997126
1271685392337645569
1271685549728948230
1271686480658825218
1271686585713594372
1271688025928544256
1271688270695534592
1271689063574188034
1271689206167998465
1271689790627426304
1271691269559873536
1271691278259011587
1271691298790129666
1271691332466114561
1271691538976911361
1271692229845884928
1271693768178241540
1271694562990440449
1271694873968742400
1271695351062368256
1271696342956544000
1271696461458219018
1271696886274162688
1271696975126200320
1271697570331537412
1271698835505647617
1271699322770526213
1271699325530374144
1271700715912728576
1271700720102838272
1271701148005736455
1271701778623598592
1271702498366103555
1271703179663749123
1271703231475920896
1271703567854964736
1271705376422088704
1271706717429084160
1271706743794470912
1271707124129767429
1271707403738808322
1271707409212375040
1271707481622937601
1271709296699547648
1271709522671919104
1271709717103030272
1271709732504551428
1271712204270772224
1271712778328387585
1271712785005674496
1271713599665377281
1271713704606826497
1271714046543302656
1271714082366816256
1271714231226978307
1271716969574776832
1271717693843005442
1271718794818457601
1271718952113254401
1271719260277145605
1271719965645778948
1271720076128014337
1271721468578205698
1271724214668664832
1271725274137313280
1271725427250409472
1271726230337916928
1271726492486184960
1271727343208484868
1271729045567307777
1271729270231052289
1271732793245143040
1271732812736069633
1271732940679110656
1271732957716402182
1271733934032850944
1271734362208272386
1271735568305737728
1271735572768448512
1271736337918496773
1271736557804847105
1271736568848531457
1271740342996332546
1271741633952976898
1271741689489752067
1271742018247688193
1271742064166928385
1271742426265378816
1271742488995340288
1271742902948028417
1271742954328260610
1271742987014455296
1271743726046654464
1271744120214691844
1271744120390742016
1271744148559798273
1271744157653008384
1271744202943148033
1271744219686764545
1271744249688739845
1271744278193201153
1271744282785873920
1271745433145094145
1271745633674813440
1271746641020805120
1271747247055740928
1271748385586872320
1271749407336280066
1271749867841470465
1271750015069966338
1271750422097809409
1271750688335429633
1271751166276308994
1271751222773649414
1271751668976287744
1271751669030612993
1271752328182448128
1271752352496865280
1271752747075977223
1271753145882902529
1271753369384878080
1271753565476777986
1271753752043757568
1271754213589204993
1271754218853019648
1271755349712920576
1271756019404767234
1271756098312310786
1271756354907242502
1271756532326305792
1271756557781524482
1271757292300615682
1271757394465501184
1271757943256551429
1271758105366466561
1271758385478762498
1271759184623796224
1271759219440513025
1271759220145303558
1271759220719968261
1271759444859162625
1271759469752582144
1271760504516743168
1271760591556771841
1271761755618848769
1271762578243555334
1271762686104293376
1271763096730771456
1271763623870976001
1271763656833929221
1271763890012139520
1271764082903965696
1271764501113778176
1271764540393435137
1271764586899922944
1271764619640569857
1271764639936909312
1271764904916258817
1271765354797314048
1271765795664736256
1271766370489860096
1271766486571536386
1271766581572505601
1271766586890883073
1271766767178846210
1271766768793485314
1271766875299549190
1271767017788407808
1271767335855161344
1271767534203797505
1271767620518318082
1271767741746368518
1271767917663793152
1271768347936321537
1271768538081083394
1271768845720662017
1271769083890020352
1271770003558166529
1271770542081585152
1271770579608244226
1271770607772991489
1271770672876978176
1271770703759622144
1271770955942187009
1271771123827511296
1271771134296559619
1271771428908609539
1271771990580498436
1271772030879350786
1271772086579744768
1271772200782217219
1271772411877306368
1271772564747100165
1271772638281637890
1271772947242508288
1271772978150285312
1271773130659373057
1271773150536175616
1271773435501457408
1271774219353931776
1271774307090300930
1271774316783382528
1271774317773066240
1271774319874412544
1271774320122048522
1271774321468411904
1271774322072289280
1271774423595581440
1271774522899922945
1271774660888276993
1271774698599337985
1271774724796841985
1271774759483772928
1271774806237679617
1271774846792404993
1271774936554749952
1271774961359900678
1271775034298773505
1271775101906751494
1271775109553029122
1271775323768729601
1271775552496599041
1271775587829460994
1271775634222612481
1271776138138923011
1271776171114598400
1271776192761339904
1271776381500903424
1271776408877125633
1271776619024330752
1271776701354258433
1271776795344371714
1271776889951211520
1271777001267965953
1271777002580774912
1271777549039947778
1271777674738970629
1271777976883929088
1271778278194515968
1271778484159950854
1271778558348754945
1271778731024097280
1271779064479649792
1271779064517451776
1271779067843555328
1271779233090752512
1271779293270548481
1271779453753049088
1271779480944758786
1271779481309544449
1271779660406366208
1271779727108440065
1271779784738177024
1271779811472683009
1271779882842951681
1271779960760533001
1271780012975362049
1271780063743283201
1271780177878671361
1271780628682473474
1271780777882193922
1271781114819067905
1271781166471921664
1271781292322013185
1271781413927424002
1271781418574721027
1271781676084011011
1271781692601020418
1271781867423969281
1271781868233297921
1271781868619227136
1271781874894069761
1271781895588794368
1271782051683995648
1271782111230427136
1271782168310710272
1271782233418891266
1271782440298823680
1271782697258692616
1271783300009525248
1271783376446525440
1271783642155479041
1271783643539742723
1271783664758796291
1271783753589940224
1271783818140229635
1271783958808846336
1271783998587633664
1271784316188704769
1271784377010266116
1271784383360520193
1271784533919174658
1271784573647585285
1271784910152445952
1271784933464383488
1271785086837501952
1271785130558992386
1271785158413336578
1271785284947099648
1271785389460725760
1271785572332429312
1271785649755115520
1271785685406670848
1271785697708593155
1271785902122119168
1271786123451404292
1271786199712137216
1271786401823064066
1271786546329522176
1271786751971995649
1271786917202444288
1271787069073952769
1271787148560273409
1271787200229912576
1271787407390707715
1271787608105013248
1271787660923863041
1271787692901138432
1271787833079074816
1271787864385298432
1271788154316521474
1271788178488385541
1271788212084563968
1271788229298094081
1271788306125160449
1271788433913061376
1271788448752566272
1271788632580468743
1271788783101448192
1271788868413644800
1271789006754385920
1271789036345196544
1271789106016727040
1271789126535258114
1271789230017085440
1271789416239915008
1271789416483180546
1271789417213108224
1271789417456263168
1271789418588680193
1271789419591348224
1271789419985547265
1271789420954505216
1271789421457702914
1271789421969326080
1271789453238046723
1271789501501837317
1271789532569010179
1271789695199051776
1271789719970553857
1271789736634519554
1271789850103087104
1271789920139567105
1271789959968686081
1271789998757601280
1271790024556785664
1271790061617545217
1271790100909785088
1271790105594863618
1271790151400857600
1271790236243300358
1271790242396241931
1271790311132594176
1271790344049438720
1271790396776071170
1271790433710993410
1271790637466243072
1271790721188708354
1271790768995385347
1271790972872077312
1271791054799454209
1271791212287180800
1271791229190225920
1271791303055929345
1271791473768435712
1271791477119758342
1271791566739431427
1271791589485092864
1271791599861878789
1271791950509768704
1271791950518267907
1271792095527829505
1271792426936606720
1271792428907888640
1271792627772526592
1271792743040397316
1271792815337541633
1271793100365709314
1271793191243575297
1271793205042962432
1271793348957933568
1271793413713780736
1271793433636671491
1271793440225931264
1271793440569860097
1271793583876648960
1271793593271885824
1271793887259045888
1271793942284185603
1271793955605184514
1271794102946992131
1271794139840106501
1271794236543860738
1271794297415905284
1271794366403788800
1271794389183008771
1271794456379961345
1271794554816118784
1271794557760475136
1271794740057591809
1271794881468542976
1271794883607564288
1271795133042905088
1271795241826291714
1271795267369668608
1271795287410040832
1271795308947812352
1271795341696827393
1271795384009084928
1271795397820919808
1271795460102131718
1271795602226139136
1271795643200286723
1271795675219492864
1271795708064960512
1271795849073475584
1271795871672348672
1271795935501312001
1271795972071469057
1271796350598946819
1271796376150704128
1271796384379871232
1271796454202499073
1271796456186355712
1271796549731987458
1271796560112898052
1271796605046398977
1271796662118342656
1271796673031929856
1271796699573424128
1271796966373027847
1271797005078220802
1271797036694810624
1271797084073742338
1271797125265973248
1271797141229522944
1271797246909198337
1271797405827112965
1271797476597497856
1271797632017498113
1271797722115424257
1271797733565874181
1271797736489222146
1271797937773961216
1271797955415150593
1271798192628260864
1271798263247757312
1271798293375397889
1271798296550539264
1271798371020398594
1271798396869840896
1271798475273928705
1271798502973157378
1271798522292113409
1271798650734288896
1271798715368570881
1271798847392624640
1271798979483693058
1271798984219262977
1271798989889863680
1271799168957325313
1271799207909867520
1271799214285164546
1271799296325816328
1271799349949890563
1271799415444058114
1271799673230106625
1271799708361592832
1271799715064152064
1271800260592111617
1271800267634335744
1271800403080994816
1271800500795703296
1271800576674803715
1271800748876144641
1271800761320701953
1271800892535209986
1271800992737054723
1271801328055070721
1271801374523744257
1271801385869139968
1271801468702601216
1271801525728415745
1271801540387504128
1271801557814820865
1271801667932094464
1271801694356156416
1271801752703193093
1271801885435953153
1271801977089990657
1271802028625408001
1271802045184593920
1271802077371645952
1271802307706044416
1271802344221671431
1271802367512662018
1271802503814840321
1271802504485969922
1271802551944581121
1271802665014525953
1271802673252237313
1271802683071123457
1271802811601346561
1271802963661664261
1271802999652974594
1271803165118214148
1271803252938604544
1271803515309101060
1271803575967068161
1271803680820469761
1271803767231578112
1271803814060920832
1271803962878984192
1271803964628127744
1271804089542815746
1271804144236531713
1271804374193516545
1271804513662447618
1271804517437173761
1271804517454098438
1271804517949022210
1271804517990846466
1271804518368509952
1271804518905155585
1271804520943759366
1271804521946025986
1271804619665166337
1271804641727205377
1271804647351746562
1271804655782301698
1271804720324186112
1271804721456648193
1271804737453797377
1271804742063263745
1271804779811999745
1271804793472901120
1271804835868835842
1271805057068130304
1271805200223870982
1271805244666712066
1271805346303152129
1271805359074746369
1271805442096877570
1271805447872434177
1271805463311630336
1271805646715916288
1271805675157536772
1271805687874629633
1271805754853355520
1271805763921592322
1271805820024561664
1271805829155610626
1271805840362790924
1271805846440337408
1271805871815868417
1271805990028148736
1271806268307537921
1271806418681724928
1271806533026922496
1271806558838669319
1271806668532318210
1271806745640349696
1271806809192439809
1271806994526154753
1271807048137822211
1271807050251632640
1271807284025401345
1271807308528566275
1271807545225641985
1271807624481210371
1271807873476177924
1271807887980081152
1271807923522592768
1271808027323179008
1271808290838777857
1271808290956046337
1271808389824286721
1271808394807123968
1271808410409992192
1271808420644093953
1271808700295131139
1271808803030413313
1271808843908026368
1271808884936716289
1271808980529172480
1271809146199904257
1271809192886702081
1271809206232981506
1271809262348636162
1271809268619128833
1271809322557808640
1271809346545094661
1271809568172056578
1271809612350709761
1271809773302841350
1271809800767184897
1271809991893225472
1271810052849119234
1271810108759117831
1271810113255464960
1271810129810395137
1271810162056183809
1271810334374924289
1271810476004032512
1271810494119247874
1271810521889746944
1271810614944546818
1271810644824727558
1271810649128087552
1271810698667003906
1271810786285977601
1271810807265976322
1271810832607911936
1271810847837470722
1271810891462381570
1271811092080099333
1271811154667548672
1271811224905318401
1271811266869448706
1271811385052278784
1271811468250492928
1271811481538105345
1271811567970070529
1271811726976180226
1271811744948781057
1271811904495894528
1271812034812948482
1271812065645096961
1271812114026500097
1271812126340939777
1271812144997167104
1271812398987558912
1271812460681584648
1271812528994242560
1271812565975339009
1271812594257592322
1271812647244136450
1271812956980797440
1271813095674064896
1271813142176239616
1271813222690160650
1271813363115360257
1271813478685253633
1271813648214786050
1271813650311974912
1271813658759307268
1271813676673249280
1271813697720254464
1271813761796628480
1271813888565182464
1271813996606361601
1271814061680984064
1271814110615932928
1271814149832609794
1271814174356713472
1271814234528194562
1271814253293510657
1271814273635880965
1271814323665604609
1271814330611380225
1271814406817669121
1271814424022704130
1271814453244366853
1271814471095332870
1271814482420019201
1271814678763667457
1271814781339684865
1271814788671307782
1271814875057192961
1271815048244146177
1271815066548125696
1271815086269751298
1271815217387843584
1271815332425015296
1271815538692567047
1271815772067815426
1271815848689307650
1271815865432973313
1271815894294040576
1271816049399390209
1271816066629603329
1271816092097355776
1271816117112143872
1271816123139457024
1271816143091781633
1271816152692350981
1271816187006025735
1271816246699397121
1271816261001936896
1271816308376682497
1271816371756773376
1271816415067222016
1271816623977046021
1271816847151656960
1271816847168585728
1271816876063100929
1271816952101642246
1271817098751164421
1271817218284797954
1271817606580908035
1271817785274925056
1271817827457142785
1271817830820909056
1271817878250164225
1271817955320438784
1271817993132085248
1271818337492914176
1271818381277237249
1271818401774739457
1271818461040295937
1271818550295040002
1271818561095372800
1271818672542289921
1271818795649249280
1271818819963629568
1271818869208870912
1271818879937978370
1271818884157526016
1271818890482462724
1271819160851488775
1271819177385394178
1271819185350475776
1271819207915835397
1271819335099731968
1271819608392114176
1271819615874830343
1271819617460076546
1271819618315833345
1271819618496241668
1271819619691458560
1271819620349968386
1271819621734072321
1271819622451302401
1271819623504044033
1271819674519506944
1271819676398628864
1271819692089507841
1271819728252739584
1271819820007395328
1271819821064302592
1271819953331752962
1271819972164169730
1271819983128006656
1271820033388425216
1271820084273709060
1271820190741913602
1271820213026250752
1271820223511957504
1271820247239135232
1271820254164004864
1271820268391075846
1271820377375809541
1271820492526227456
1271820579541221376
1271820664769589249
1271820724408250370
1271820774630965249
1271820903383515140
1271821160297246721
1271821798561243139
1271821799119093764
1271821901711790081
1271821903813136386
1271822014869901317
1271822131962302464
1271822131966341121
1271822156561887232
1271822158113669121
1271822205589106688
1271822342843482112
1271822393716211713
1271822701225816068
1271822836055912448
1271822864950464512
1271822920717918208
1271822940070465536
1271822984622342145
1271823179779112961
1271823390584836096
1271823454292127749
1271823465352396801
1271823578460311552
1271823619723796486
1271823736681922566
1271823773914800128
1271823775697436673
1271823907654438921
1271823984661876737
1271824138320121857
1271824201318567937
1271824334382923778
1271824768694697985
1271824819462582273
1271825014027935744
1271825115148423173
1271825164536332288
1271825274339016707
1271825343763156992
1271825436482457601
1271825491226497024
1271825499548004354
1271825522738290688
1271825700794904577
1271825740309450752
1271825754691637254
1271825850208526339
1271825974309634050
1271825983365152768
1271825992538107904
1271825994043834368
1271825998946975744
1271826033482833922
1271826434479263746
1271826472718737411
1271826537436909568
1271826590909919232
1271826712523878400
1271826734703415297
1271826826323734528
1271826954665234432
1271827003235328000
1271827007857471488
1271827024978608135
1271827157535395842
1271827165063987206
1271827165068300288
1271827165101854721
1271827165919752194
1271827166024609792
1271827264905371648
1271827284954054656
1271827301647425539
1271827306135326724
1271827372656992256
1271827443574353920
1271827492408614914
1271827651871813634
1271827657920073729
1271827703273066496
1271827716271230981
1271827736798146566
1271827786689327104
1271827812673036288
1271827827403427844
1271827943149445120
1271827944407732224
1271827959083606016
1271828030856593408
1271828071323258881
1271828253989376001
1271828287883563008
1271828480897007616
1271828840294371334
1271828939657314305
1271828996406345728
1271829005373779970
1271829105122717698
1271829145245417475
1271829152493195264
1271829248131698688
1271829425999446017
1271829441174556673
1271829560187924481
1271829588524634113
1271829628341157888
1271829681621233666
1271829714932506626
1271829756787515398
1271829818888388608
1271829854628044802
1271829856406384647
1271829882826358785
1271830027643097088
1271830058987069442
1271830081577549827
1271830226188685313
1271830257662820358
1271830305947648001
1271830410469744640
1271830559250145280
1271830571648536578
1271830690246660097
1271830851232444418
1271830872459747330
1271830893712285696
1271830902486810624
1271830975077638144
1271831056073871362
1271831088617357312
1271831153318809600
1271831458383003648
1271831703011680256
1271831713581346817
1271831786746765312
1271831807567302656
1271831839225905157
1271831857060028416
1271831924819079168
1271832198342152192
1271832426478735361
1271832448851234817
1271832450927398919
1271832574994898944
1271832674408202244
1271832794143096832
1271832866666745858
1271833049697837059
1271833058891759618
1271833303939715077
1271833552162902016
1271833670144462848
1271833676691771395
1271833706198638592
1271833800536883201
1271833991646150656
1271834045106679808
1271834063553339392
1271834088333283328
1271834308987310082
1271834431226085376
1271834439039975425
1271834504727011328
1271834697174339586
1271834715612418049
1271834719307661312
1271834721232674817
1271834727113281538
1271834751054290944
1271834822793670656
1271834875679641601
1271835025932259328
1271835083125788672
1271835102360662016
1271835105267527680
1271835135042818050
1271835197667979265
1271835225048432646
1271835444561444867
1271835448961380360
1271835543173816333
1271835644013293572
1271835685041975296
1271835696848920578
1271835702007721986
1271835745624510465
1271835855812988934
1271835973395943427
1271836326208380928
1271836359083384832
1271836408249044999
1271836727762726913
1271836755608690688
1271836887767023616
1271836978196201474
1271837004993646597
1271837006553890817
1271837149067952134
1271837245247557632
1271837305855184896
1271837410876407808
1271837505994833920
1271837699444482050
1271838054286798848
1271838081407164417
1271838086733971458
1271838109580304384
1271838464351371267
1271838489781272577
1271838509351997443
1271838551236399105
1271838561722077188
1271838598535544835
1271838635319533569
1271838691711954945
1271838915796877312
1271839080259694594
1271839152594616320
1271839290650177537
1271839318508740608
1271839357012529154
1271839454567768064
1271839461916237827
1271839578408783872
1271839748068388865
1271839748101832704
1271839800841179138
1271839969812926464
1271839995096113152
1271840350173356032
1271840449146355714
1271840486349832197
1271840520919289858
1271840525470048256
1271840530058665984
1271840905796911111
1271840943277309952
1271841006405603328
1271841029747081217
1271841030095200258
1271841225868488705
1271841230050254848
1271841504294834178
1271841512196722690
1271841525111173122
1271841616920223749
1271841618337959936
1271841659467292680
1271841806486048768
1271841948907814918
1271841955123802122
1271841974082035712
1271842090389995521
1271842105023963139
1271842265011544065
1271842265858813952
1271842343570866176
1271842387585794052
1271842445093896193
1271842474265321473
1271842717958647808
1271842833020915712
1271843213494702081
1271843279861100550
1271843415546900488
1271843534329589760
1271843693323079681
1271843712977342464
1271843773673361410
1271843887884222464
1271843915092631552
1271844045141262336
1271844109813190658
1271844128607911941
1271844375631454209
1271844500898549761
1271844521245061120
1271844547694170114
1271844562345119744
1271844649183907845
1271844683988295683
1271844712106938368
1271844734638710785
1271844781153415168
1271844899130880000
1271844999253168128
1271845070526873602
1271845143507865602
1271845250252898304
1271845381912100864
1271845413381963777
1271845469027786753
1271845598703075328
1271845694740013056
1271845791334912001
1271845870204526597
1271845977356414977
1271846036034793472
1271846063817793536
1271846068981030913
1271846069350084609
1271846119102918659
1271846127684460546
1271846151671689221
1271846378306711552
1271846747401322499
1271846942805577728
1271846970919878656
1271847226130739200
1271847328387825664
1271847375192109056
1271847449393594370
1271847501419745280
1271847519459463171
1271847712967798784
1271847817267593217
1271847876491202561
1271847937212104704
1271848004614586369
1271848200283009025
1271848242398072842
1271848245233430530
1271848462993297408
1271848510577610752
1271848546120105984
1271848546678067202
1271848581822066689
1271848588071575553
1271848661262229505
1271848693013065728
1271848736734543874
1271848774156062723
1271848824684679170
1271848828237492224
1271848932516270082
1271849154277519360
1271849522411552773
1271849562630750208
1271849697829892096
1271849725751373825
1271849739403898880
1271849752154583041
1271849761168150528
1271849815572385796
1271849815719268352
1271849816167903232
1271849817426313216
1271849817975615488
1271849820223873024
1271849886938431489
1271849948028551169
1271849990902763523
1271850233211817984
1271850317936644098
1271850324312064001
1271850357812006912
1271850374413025280
1271850388438695936
1271850455673470977
1271850498027671553
1271850808422866946
1271850834939215873
1271850941822783489
1271851163881791488
1271851179883073538
1271851191476129794
1271851324129320962
1271851492887199744
1271851544632311810
1271851697644675072
1271851744365096960
1271851800610648064
1271851807057285122
1271851815865397248
1271851821297000448
1271852017326137349
1271852141326610433
1271852203804962817
1271852446973919234
1271852451302432779
1271852514812592130
1271852611604549633
1271852856392343552
1271852926605148164
1271852988156477440
1271853083400814593
1271853093555179521
1271853237512081408
1271853284597391360
1271853353459482633
1271853395297611786
1271853443066597379
1271853475463335936
1271853490894184448
1271853502323724290
1271853535810990080
1271853589296631810
1271853608271622149
1271853674046918657
1271853794956128257
1271854051014193155
1271854096916643843
1271854115036028929
1271854180504928257
1271854217922326530
1271854290324336640
1271854350873354243
1271854361271025664
1271854433643704320
1271854453503787010
1271854607904509952
1271854757762740224
1271854845012688898
1271854871805923329
1271854950063185921
1271854984553005057
1271855148021813248
1271855168720642051
1271855344613015552
1271855447197331458
1271855485633859586
1271855503631663111
1271855686146764800
1271855805772464128
1271855943802814464
1271855978431098881
1271856003680743424
1271856142419931136
1271856167556460546
1271856251731947520
1271856399849529344
1271856433504624640
1271856487250505728
1271856552341721089
1271856811897954309
1271856865773850625
1271856935298629637
1271856977132519424
1271857056623087621
1271857112365387782
1271857262190112777
1271857315696783361
1271857364174430208
1271857364715606022
1271857496903294976
1271857526582259712
1271857561596301312
1271857562024108032
1271857669847072769
1271857762352455680
1271857908435824642
1271857908943372289
1271857912181403654
1271857925624147969
1271857961837699074
1271858081513844739
1271858112350257153
1271858180558139393
1271858211101032448
1271858245058080768
1271858371227013120
1271858459806511110
1271858484410224640
1271858610457530371
1271858665096708098
1271858709715734534
1271858937252503554
1271858963638824960
1271859102105382915
1271859108002529283
1271859243088596993
1271859349724504065
1271859362567512065
1271859373111947264
1271859452703014918
1271859880689668109
1271859881671352328
1271860129500102657
1271860135204446208
1271860160164777984
1271860214778781699
1271860224203411457
1271860315312005120
1271860664202600450
1271860729143005184
1271860807702392833
1271860982487437312
1271861043288068097
1271861070764916736
1271861087399526411
1271861138876178432
1271861263941894150
1271861480590389249
1271861564384083968
1271861632340123648
1271861636559765504
1271861701315637248
1271861731871113216
1271861830659571712
1271861909344616453
1271862035828047872
1271862047295311873
1271862057630081024
1271862140060807168
1271862191747141637
1271862411398656000
1271862421309788160
1271862530026192896
1271862571709145089
1271862619922669568
1271862641879810049
1271862795529867265
1271862822717317126
1271862832401956865
1271862891961081857
1271862944230526977
1271862961070579717
1271862968268046341
1271862985376530434
1271862985456222212
1271863020982079488
1271863031610380289
1271863120273780738
1271863237970190338
1271863331675136002
1271863343456886784
1271863496767143936
1271863812187095042
1271863867635912704
1271863896601694208
1271863998171033600
1271864016911118337
1271864134422986754
1271864137421856768
1271864144598306818
1271864160306049026
1271864194426601473
1271864203524087809
1271864632135888896
1271864725597491202
1271864816706244609
1271864913770631168
1271864913791606784
1271864914081132546
1271864914508824578
1271864914785693696
1271864915284774913
1271864916505292800
1271864916819902464
1271864917864460288
1271864918178840577
1271865010399129602
1271865042707906561
1271865048403718144
1271865112597540866
1271865113818083334
1271865146953129985
1271865162010591234
1271865165596602368
1271865166058135552
1271865229245382657
1271865233385144321
1271865271280709636
1271865357373001729
1271865361302990854
1271865385520857088
1271865389610348549
1271865390348611585
1271865396900085764
1271865412448391169
1271865426943844352
1271865562998738951
1271865570569445376
1271865598943903744
1271865604304261120
1271865669068288000
1271865718267666432
1271865802241781760
1271865809573498882
1271866185861210112
1271866197953449986
1271866229775577088
1271866246800248832
1271866284167266305
1271866371534729219
1271867237075423232
1271867264594255872
1271867273217740800
1271867298396045313
1271867320122523648
1271867320948801541
1271867324354580482
1271867325138886662
1271867430642388993
1271867528831209484
1271867533382074369
1271867539396661248
1271867540818595841
1271867653498580994
1271867901683929089
1271867933791260678
1271867954641211393
1271867991274242048
1271868017115303937
1271868026661601281
1271868047138177025
1271868067514064898
1271868086703063041
1271868130130833408
1271868228063711234
1271868300579004416
1271868446125576197
1271868494792085516
1271868576434176002
1271868624601563136
1271868659707904000
1271868687797104641
1271868753148600320
1271868770030686217
1271868800451960834
1271868800930140172
1271868883658518528
1271868953141358603
1271869016517287936
1271869069915029505
1271869092509765632
1271869202564071425
1271869294138269697
1271869336987283457
1271869363805655040
1271869492579250179
1271869616269246472
1271869630550814722
1271869635294564355
1271869637286912005
1271869742136115200
1271869836856098816
1271870078070505472
1271870094495436802
1271870159830036481
1271870233150619649
1271870402583834625
1271870455666880512
1271870564681027584
1271870578840997889
1271870791190220803
1271870974489694208
1271870987458445319
1271871050792538116
1271871093549268993
1271871351364694016
1271871482587762688
1271871550581551105
1271871688578338817
1271871742055759873
1271871856476401664
1271871882988486658
1271871909635018754
1271872088102637580
1271872246492082176
1271872288179306496
1271872312116207616
1271872463836774401
1271872464398585858
1271872464881176578
1271872550050639873
1271872828581830656
1271872863881093121
1271873218870042625
1271873384591380485
1271873552443224064
1271873746199097344
1271873766545657857
1271873865975623680
1271873904894672897
1271874091696435206
1271874096880660480
1271874174902992896
1271874272437272576
1271874412061614081
1271874476783722496
1271874516495536135
1271874558732230656
1271874569595486210
1271874628470915078
1271874980217622530
1271874995011149824
1271875154184978433
1271875172656656385
1271875188183961601
1271875240445042691
1271875334842003459
1271875717811384320
1271875720378277897
1271875761234948097
1271875886158135303
1271875955049533441
1271876145651343363
1271876189251153923
1271876255940521985
1271876392737783808
1271876490162925568
1271876693612015619
1271876713119715334
1271876777225437185
1271876833085186048
1271876945089900545
1271877007643721728
1271877095522738177
1271877179220074496
1271877182923706370
1271877330651222016
1271877351551512576
1271877389572640768
1271877446741221378
1271877468937318400
1271877536239288321
1271877542820134914
1271877613619949568
1271877691323662337
1271877717047345153
1271877832050966529
1271877840556953601
1271877988561362947
1271878123982934016
1271878202298904578
1271878246133628930
1271878509087121409
1271878523813273600
1271878567564115969
1271878649470259201
1271878663819210753
1271878833571069952
1271878957814734849
1271878979419607041
1271878981231525891
1271879096394489862
1271879135313494016
1271879175817891841
1271879209103884290
1271879212232736771
1271879448401522690
1271879468156620802
1271879471260479491
1271879478894039040
1271879524012175360
1271879974937559040
1271879997041651712
1271880008538247168
1271880010874474497
1271880013919350784
1271880013986639876
1271880014531833857
1271880014712233984
1271880015475433473
1271880015710486528
1271880017853796353
1271880020617617408
1271880050368020486
1271880069363924992
1271880094198497284
1271880108291342343
1271880250641862659
1271880265158156290
1271880274486403073
1271880303401938946
1271880315292745728
1271880353033138177
1271880422151139328
1271880488261529602
1271880488324562951
1271880565810245633
1271880734555455488
1271880833285177344
1271880888951934983
1271881083102076928
1271881099514347521
1271881166337871872
1271881276841234438
1271881403496648705
1271881449197776901
1271881497939771397
1271881729679253506
1271882078049783816
1271882124547829761
1271882471634845697
1271882529847431169
1271882529994412032
1271882708218716161
1271882765051596800
1271882880084520961
1271882880281653258
1271882948065755139
1271882999920025600
1271883014524620801
1271883232548655106
1271883324659773447
1271883484408184833
1271883592247934976
1271883623709491201
1271883694949703682
1271883748355854342
1271883752734625794
1271883782891745282
1271883809701625856
1271883832636170242
1271883873224396800
1271883877406081025
1271883912667697154
1271884000299278338
1271884006129381381
1271884012991188992
1271884340423688194
1271884430764912647
1271884437970616322
1271884499933110273
1271884700232056838
1271884750056275970
1271884788320931841
1271884803546255361
1271884902317936640
1271884935322841093
1271885045649813504
1271885235811123204
1271885236381593606
1271885408851410944
1271885468997758978
1271885474186100737
1271885519170031616
1271885530112954373
1271885643384344578
1271885689639051264
1271885715681542149
1271885845444931584
1271885853053325312
1271885890563059714
1271885906539155462
1271885925962956801
1271885970737111041
1271885972058312705
1271885975313154050
1271886223943008258
1271886226153508864
1271886261796712448
1271886383305625609
1271886390708617216
1271886394554793986
1271886395200671745
1271886481251086343
1271886557448986629
1271886744171012097
1271886841722126336
1271886892217311232
1271887021225635842
1271887056453677056
1271887119435341825
1271887226331451397
1271887267355860992
1271887289690529793
1271887305012379648
1271887451620020224
1271887563863715841
1271887564341784577
1271887585602949126
1271887655022845952
1271887670181060608
1271887748216037376
1271887845804912641
1271887913572237313
1271887923403804672
1271888101951123459
1271888131676086273
1271888254623719434
1271888279554666498
1271888318137896960
1271888337033465856
1271888585520828418
1271888723588849664
1271888766156718081
1271888769684254725
1271888771278090241
1271888785085775884
1271888803960152076
1271888821357953024
1271888829603930112
1271888892854222850
1271888937779367936
1271888983144968192
1271889004485632001
1271889041626140674
1271889132822974464
1271889236422164483
1271889260313010176
1271889324791836673
1271889567340204037
1271889569894543360
1271889622386249729
1271889810664443904
1271889821007589376
1271889829383548939
1271889892696563724
1271889997524844544
1271890005280071687
1271890024175452167
1271890072783159297
1271890079573856256
1271890097852604416
1271890103401668608
1271890137832665091
1271890193017180166
1271890559297257474
1271890644319993856
1271890797257011201
1271890828106006529
1271890853280321536
1271890897643413504
1271891086751956994
1271891189361491968
1271891296253247489
1271891337952944129
1271891357725003782
1271891406680928256
1271891471340314629
1271891606573064192
1271891645097750530
1271891691205808131
1271891703843237890
1271891967253905408
1271892010346131457
1271892034849329152
1271892053224554498
1271892131926474758
1271892157033598976
1271892343356981248
1271892370003496963
1271892375560912899
1271892376001314817
1271892484885565440
1271892605383704576
1271892637985976322
1271892742122110976
1271892806236340228
1271892817883926530
1271892831259561986
1271892834057060352
1271892966592991244
1271893189302145030
1271893492462243842
1271893515296034816
1271893605909757952
1271893753830260736
1271893780170448897
1271894069619429376
1271894218265559040
1271894348012171265
1271894377057726466
1271894392744194048
1271894421592780806
1271894515788525569
1271894558469570560
1271895112763666438
1271895113061416960
1271895113275371522
1271895114516803584
1271895115125133312
1271895115242536968
1271895128102309894
1271895164789948417
1271895166673133569
1271895213049552898
1271895347393159169
1271895364438802436
1271895460173828096
1271895480671318017
1271895558710591489
1271895690021613568
1271895719151050765
1271895928308367362
1271896027352780802
1271896086962151426
1271896170244300800
1271896209922408449
1271896402541645824
1271896489879625730
1271896800740466691
1271896846831681536
1271896936480755713
1271897026817658882
1271897143360569344
1271897177879646212
1271897213489360896
1271897224537145347
1271897318015545352
1271897456037502977
1271897479240433667
1271897508856377344
1271897550195433473
1271897638514941952
1271897643262914560
1271897657997504517
1271897786611576834
1271897799676825601
1271897943088513024
1271897970078777345
1271898112752222209
1271898119429664769
1271898132889112581
1271898285205307392
1271898482148872197
1271898662172536834
1271898720712429577
1271898721484185600
1271898842410164225
1271898887708499968
1271899137164935173
1271899302504402944
1271899476949700610
1271899642712559616
1271899894337302528
1271900067356725249
1271900135585431555
1271900143130943492
1271900146083655680
1271900157064314881
1271900159891431424
1271900186202300418
1271900268280655872
1271900304938799105
1271900387809820683
1271900397691637760
1271900566608850945
1271900569322602500
1271900620463759365
1271900659374329856
1271900887531823105
1271900956578451456
1271900989910589440
1271901088921325568
1271901194953404421
1271901357008719875
1271902089455767552
1271902315931406336
1271902408805933056
1271902473784045571
1271902482650849280
1271902631666032641
1271902662720548864
1271902662922055682
1271902663563710466
1271902680047386625
1271902685051195392
1271902722141364226
1271902736062263299
1271902818992078850
1271902857718116353
1271905306126225408
1271905320470745091
1271905425303179264
1271905496883179522
1271905510300794883
1271905605469511680
1271905628001316864
1271905809501507592
1271905835468435458
1271905902224957449
1271905983934140420
1271906145393934336
1271906407504322561
1271906437472546816
1271906437564956674
1271906459291435008
1271906522013077504
1271906799038476289
1271907093910630400
1271907146393845761
1271907192346730496
1271907331773575168
1271907475055415296
1271907695768088576
1271907855705178113
1271907910080180226
1271908018356211713
1271908041416474624
1271908212091076608
1271908216717352960
1271908287257161735
1271908377493471234
1271908511098732545
1271908591025491969
1271908652354543616
1271908893061455873
1271908947142770699
1271909174490869766
1271909230514188289
1271909445291970560
1271909478292754434
1271909629346435074
1271909757268393985
1271909859055800322
1271910003071483907
1271910141584171008
1271910158696960001
1271910198064623624
1271910212216279043
1271910213151416320
1271910213440823297
1271910213474492417
1271910213713608715
1271910214208536579
1271910214271262720
1271910214699069440
1271910215101763585
1271910302179889153
1271910390188978176
1271910440189247488
1271910490697015296
1271910567029202945
1271910601808199680
1271910670276190208
1271910715864072193
1271910724521123842
1271910958273908738
1271910964015890432
1271910967492767744
1271910967555903491
1271911058580570112
1271911062917517312
1271911088817410049
1271911461300903944
1271911796383920128
1271911847562805252
1271911861202694145
1271912046439907329
1271912213239017474
1271912339391025158
1271912349738446849
1271912432827543552
1271912530420666369
1271912536678555650
1271912556907634690
1271912561819213827
1271912728773492736
1271912748172152832
1271912751229800450
1271912947573501959
1271913100866969601
1271913195091963904
1271913252285566979
1271913491717410816
1271913512625999872
1271913520104423430
1271913601729736705
1271913704087605249
1271913711029149698
1271913735594979328
1271913780604264448
1271913797998071808
1271913910271127552
1271913912598921220
1271913947390754823
1271914037161443336
1271914250097876992
1271914265780391936
1271914351776194562
1271914488908976133
1271914622472388608
1271914767578533889
1271914862323564545
1271915205698691077
1271915245477470208
1271915291279192064
1271915344349855744
1271915368508985352
1271915388226412545
1271915432082055168
1271915481537097729
1271915753353220103
1271915987487637506
1271916012456337411
1271916158304821249
1271916175916703744
1271916312785272834
1271916579807203331
1271916606961135616
1271916641010384896
1271916957726642177
1271917070322528257
1271917232671657984
1271917314661928960
1271917533977874432
1271917800995553280
1271917928523477002
1271918148480987136
1271918297643208705
1271918712472449026
1271918772065091584
1271918984020086785
1271918997588623362
1271919081948618754
1271919135555858433
1271919340389117957
1271919431636172807
1271919490629087233
1271919522363117569
1271919523306844160
1271919588742172674
1271919638847291392
1271919640197902338
1271919663392403456
1271919764395474944
1271919775203987456
1271919854874918914
1271919995551977472
1271920001642004480
1271920027055218688
1271920161163968514
1271920513225539586
1271920530304782339
1271920625720987651
1271920632398327808
1271920891056832518
1271921041598808065
1271921086108762112
1271921161018855424
1271921165368344578
1271921279562584071
1271921409925812227
1271921531963224073
1271921562996916230
1271921695830523905
1271921790424678400
1271921970142220290
1271922072235708418
1271922132847599619
1271922170751602688
1271922249705062400
1271922348850122752
1271922390633775104
1271922553901256704
1271922557244051456
1271922795304402947
1271922797539987458
1271922864799846400
1271922869392551936
1271922871653236737
1271922950598361088
1271923122535567360
1271923125781958656
1271923135747633155
1271923148955492352
1271923241750315017
1271923271127240704
1271923279436144641
1271923329633521669
1271923411409866754
1271923576111841280
1271923638258843649
1271923652678897667
1271923705753583616
1271923872636551168
1271923927208599552
1271923949069373443
1271924029256073217
1271924153600421889
1271924559336308737
1271924709450448897
1271925178285592576
1271925312243134464
1271925312910168066
1271925313270759424
1271925313597997057
1271925313627283457
1271925340189982721
1271925342513573888
1271925348574396419
1271925355415289858
1271925411698671618
1271925421861462016
1271925505604890626
1271925549867433984
1271925581517656064
1271925589063225344
1271925642829979648
1271925679362314240
1271925700401008647
1271925707065737218
1271926042723094530
1271926051736817664
1271926072431587337
1271926085391994880
1271926181449945090
1271926193508569090
1271926297191735298
1271926462573133824
1271926548560576512
1271926570312065024
1271926626243284992
1271926635034554368
1271926678768549888
1271926864681021442
1271926917160153090
1271926989037985793
1271927005773250561
1271927030217662475
1271927086899499019
1271927158701776897
1271927269074907138
1271927288272171010
1271927299399716865
1271927373156560897
1271927500118069250
1271927534125568003
1271927783145472007
1271927984312791046
1271927997604466695
1271928131415355392
1271928359761698817
1271928494449143808
1271928633507090433
1271928755238436864
1271928989410607106
1271929005042814976
1271929065805615105
1271929073808310277
1271929086672134144
1271929086739349506
1271929086752034818
1271929086818963456
1271929105819357185
1271929120495206401
1271929267451027458
1271929543947882496
1271929590022373377
1271929703209873410
1271929894684037121
1271929915055788034
1271929979886956545
1271930092541874181
1271930308267593735
1271930344896229376
1271930364848676866
1271930652913471488
1271930725810540551
1271930731040845824
1271930748703039488
1271930763462803459
1271931052706213894
1271931053666701315
1271931117470351361
1271931144725057537
1271931206142234625
1271931242557079552
1271931308495851529
1271931342125699074
1271931431409848320
1271931437030178822
1271931671340822529
1271931712466026496
1271931731566723072
1271931744019603456
1271931782963712000
1271931846792749060
1271931888056352768
1271931911095672834
1271931975507546112
1271931976887537664
1271931977386598400
1271932051734663168
1271932366844559363
1271932474390712335
1271932646248103938
1271932713872826370
1271932862426517504
1271932926494638083
1271932987752558592
1271933011920068609
1271933048372842502
1271933050960654337
1271933053351452673
1271933092387860482
1271933103888572424
1271933112335896576
1271933112717541376
1271933132602617856
1271933274043146241
1271933289855627264
1271933412119543811
1271933416481710081
1271933422882217985
1271933471729082368
1271933508576071682
1271933524753502208
1271933586074198016
1271933697168736256
1271933797102243840
1271933938546638851
1271934036714405890
1271934089268989952
1271934135800606723
1271934141207019523
1271934180017004546
1271934255732609029
1271934337924182016
1271934386099847171
1271934443977129984
1271934466697682949
1271934753554542593
1271934916981329921
1271934944567312390
1271934947092201473
1271934978004144128
1271935009465786378
1271935016038289408
1271935145340211203
1271935230937530377
1271935266006204417
1271935278081605636
1271935278677135361
1271935384952455171
1271935399607308289
1271935423061712896
1271935424152375297
1271935486307729409
1271935661289771008
1271935772426461184
1271935896091123712
1271935942249590785
1271935969671946246
1271936113683443712
1271936204104237057
1271936224152956934
1271936312111763456
1271936403228655616
1271936419888599041
1271936428512075776
1271936504408014849
1271936648322973698
1271936649505710084
1271936686386294784
1271936746431942657
1271936759862104064
1271936813746315265
1271936834000556032
1271936888061014016
1271936904523665408
1271936926958796801
1271936952506503168
1271936990158770176
1271937112091344897
1271937138993565696
1271937183046344709
1271937196652662785
1271937203518746629
1271937236863418370
1271937241116561419
1271937290462511106
1271937357550403589
1271937430472531971
1271937477427814401
1271937493009604609
1271937515688202246
1271937552526856193
1271937605379198988
1271937630951833603
1271937639537610754
1271937654163148800
1271937671116607488
1271937706185109504
1271937713437052929
1271937718851899392
1271937731518763008
1271937864209760256
1271937894920458240
1271937907507462145
1271937927807983616
1271938027045224448
1271938055885242368
1271938061233008646
1271938080459698177
1271938096590917637
1271938124340477952
1271938135023407105
1271938260500176899
1271938269421371393
1271938298378780672
1271938317496602624
1271938400401178624
1271938413252444161
1271938469267419141
1271938506781339651
1271938568391405568
1271938585269280774
1271938758821249025
1271938882771263490
1271939021657251845
1271939045149544448
1271939062073524227
1271939265837047809
1271939308254048256
1271939324024696833
1271939337337307136
1271939337542938625
1271939409898876929
1271939455570640896
1271939527330934786
1271939537338617864
1271939546322739200
1271939574911172608
1271939587863175170
1271939597535252480
1271939602622922756
1271939630284378112
1271939656242868224
1271939681807224833
1271939741160738816
1271939940436398080
1271939943892422656
1271939979468574723
1271939981662203909
1271939985839718402
1271940019125657600
1271940034506227717
1271940049156870144
1271940101241737218
1271940133810552834
1271940137409183745
1271940139124764672
1271940186621050881
1271940229822386176
1271940240840765441
1271940289494745088
1271940314157256707
1271940389054885900
1271940403525292037
1271940411355848704
1271940412593147904
1271940413029376002
1271940413029380096
1271940413499244544
1271940413591416834
1271940432952524803
1271940466469150721
1271940467979157508
1271940483078664195
1271940517903978497
1271940539928248322
1271940558815137792
1271940590335414273
1271940686657486850
1271940731582775297
1271940743599456257
1271940760288591872
1271940826793299968
1271940840282378241
1271940895143718912
1271940981982728193
1271941014245310468
1271941115206422533
1271941123142037504
1271941126434496515
1271941142813257730
1271941173758885891
1271941183074426882
1271941233745825795
1271941263823114240
1271941432895471617
1271941443544854529
1271941452839424006
1271941506362900481
1271941569600421889
1271941619189551105
1271941621404368898
1271941625036500992
1271941625493815298
1271941633400090629
1271941662101700613
1271941671127826433
1271941717256810497
1271941811288899586
1271941824379334656
1271941826602250240
1271941836077256708
1271941851478712322
1271941863503691779
1271941881505763329
1271941895208435713
1271941898102423553
1271941942981558274
1271942069066620936
1271942069251190784
1271942085172748289
1271942107058634752
1271942201942163456
1271942231914696704
1271942254253539328
1271942300067913729
1271942336893931520
1271942339704041472
1271942342539427842
1271942349350993922
1271942406129287175
1271942440983855105
1271942457085788160
1271942483879100416
1271942544948158471
1271942609401978880
1271942722035859458
1271942753518264321
1271942764524122112
1271942819280805888
1271942839518330880
1271942886515527681
1271942966618267649
1271942996154552320
1271943005851787264
1271943124764549125
1271943165512212480
1271943189621063682
1271943194197008389
1271943208323420160
1271943213193080832
1271943299797041153
1271943300287782915
1271943363995058176
1271943369141424128
1271943377546854401
1271943387814539265
1271943418516824067
1271943431288315904
1271943431498104832
1271943459146997763
1271943532106956800
1271943557973147650
1271943594664919040
1271943743244025856
1271943772243402756
1271943772801294342
1271943814106755073
1271943818745655303
1271943827042041857
1271943838660268032
1271943842145734662
1271943910856830976
1271943937863766016
1271943938400751616
1271943962409029632
1271943990716268548
1271944003152461824
1271944026925735939
1271944031518494720
1271944061709139968
1271944152415174656
1271944192990863362
1271944240503885830
1271944295076020226
1271944310943027201
1271944455021527040
1271944500710117379
1271944503633600514
1271944558977351681
1271944622957195264
1271944678561198081
1271944743166058498
1271944875693477891
1271944902574845955
1271944938758995984
1271944956303880192
1271944980261752832
1271945008816455686
1271945027594457089
1271945061778042883
1271945133462900736
1271945177083584520
1271945303499976704
1271945326333739010
1271945341647179776
1271945402267377664
1271945444499664896
1271945482101764099
1271945596790870017
1271945669171961857
1271945702046908422
1271945744023420939
1271945787405152256
1271945906057891843
1271945920502992897
1271945994599649280
1271946063742676994
1271946131166105610
1271946244236156929
1271946261684457473
1271946268533760001
1271946290189021184
1271946323080724480
1271946393448599558
1271946422947061766
1271946428840099847
1271946429922185216
1271946449115402241
1271946538701520899
1271946546268065807
1271946576076976128
1271946602173927431
1271946666925531136
1271946673653153792
1271946676723421184
1271946701020868608
1271946719773757440
1271946888758136832
1271946981900943360
1271947170871218177
1271947203146326024
1271947310323380224
1271947385112088581
1271947406020612096
1271947471711801346
1271947492444311552
1271947507195678721
1271947526975995905
1271947590385438720
1271947703619129344
1271947719423254528
1271947724791767040
1271947756236611584
1271947766483353600
1271947876290174976
1271947886188773376
1271947903381184512
1271947920519188481
1271947922318344192
1271947938642747392
1271947960901758976
1271947961052749825
1271947961052905475
1271947961266823169
1271947961300389890
1271947961493151744
1271947961640144896
1271947961799454723
1271947975628132352
1271948017709527042
1271948025561337856
1271948036059672579
1271948092254937094
1271948109078298624
1271948134185422849
1271948150677426180
1271948212753047553
1271948240548757506
1271948313428967425
1271948323310764040
1271948364222005248
1271948420673126401
1271948431741849601
1271948485961699334
1271948487651983362
1271948491032576001
1271948501501579265
1271948715578851333
1271948738815307777
1271948751851094018
1271948841286340608
1271948913415786499
1271949003836600322
1271949008857116673
1271949019166760962
1271949029212119040
1271949051873972225
1271949152449159168
1271949203342872576
1271949208505942016
1271949219440427009
1271949226042327040
1271949361379979266
1271949426282676225
1271949472503906304
1271949472923291648
1271949662128406528
1271949672865845249
1271949682005155840
1271949947232030720
1271949985903501313
1271950035484377088
1271950055872901122
1271950071135944705
1271950149007392768
1271950233056968704
1271950253982277633
1271950302737022976
1271950353131606016
1271950358663712768
1271950474619564038
1271950477572390912
1271950477647851520
1271950497738620929
1271950510518685697
1271950577627533312
1271950627971764226
1271950683219144709
1271950688411627524
1271950713476780038
1271950894691647492
1271950929076633608
1271950968763101195
1271950979391524864
1271950981014618115
1271950991945072640
1271951004951547905
1271951048245207044
1271951066960203781
1271951157381025793
1271951174321782784
1271951314256302081
1271951315887951874
1271951350004359168
1271951433810743297
1271951438399373312
1271951467323232256
1271951467600130054
1271951518237962240
1271951522222485504
1271951533144526850
1271951580871434240
1271951631328870403
1271951680050003968
1271951717341573121
1271951735972458496
1271951752519172098
1271951779681447936
1271951988914298880
1271952026365308929
1271952047504490496
1271952089288183809
1271952141700169730
1271952205176885250
1271952317873557505
1271952429437931520
1271952494885834753
1271952507552571394
1271952519158288390
1271952581032583170
1271952592394993671
1271952632912007177
1271952788340322306
1271952833504514054
1271952891578920966
1271952938043400194
1271952994209280000
1271952994301435904
1271953006699982849
1271953130029228033
1271953242788892679
1271953272165859328
1271953311055388673
1271953324670169088
1271953326737887235
1271953595655733258
1271953651616096256
1271953751612559360
1271953764715507713
1271953770260451332
1271953905623105536
1271953956391063552
1271953957217320960
1271953972547510277
1271954020874293249
1271954099328765954
1271954166076919810
1271954219621404673
1271954240940933123
1271954252521496578
1271954326286749697
1271954328597811200
1271954378056970240
1271954392728645647
1271954492905287681
1271954636992385024
1271954672488722438
1271954710271012865
1271954894640029696
1271954983534170112
1271954993944367104
1271955051553206274
1271955144553361409
1271955155747876864
1271955158726033413
1271955370903310340
1271955371754692608
1271955403350425600
1271955432521764864
1271955438888779782
