1445177088999366668
1445178664656777222
1445178890985553929
1445179602352189447
1445180439732367363
1445180552001331206
1445180849989771264
1445180893279174661
1445181595326025729
1445181608701698055
1445182031416152071
1445182069404053508
1445182806318014468
1445183212528013312
1445183749642129410
1445184000465776644
1445184733667864576
1445184791566065670
1445185271566409731
1445185671153455105
1445186248042291211
1445187704958951427
1445188097407258633
1445189310035210241
1445189925595324417
1445189945833017351
1445190042813702145
1445190696844070912
1445190761033703425
1445190849881649155
1445192955896156163
1445193352958332932
1445193415583490048
1445193573679370247
1445193591261892613
1445193623247769604
1445193858674040833
1445194155458711554
1445195433240895491
1445195954882183171
1445196989004648448
1445197253954654209
1445197749453008899
1445198320717242368
1445198463705157637
1445198738851602436
1445199603498995718
1445200499951734788
1445201919626997765
1445206813272690688
1445207310222176257
1445208039028662274
1445208883811680257
1445208985704046596
1445209301539303426
1445209367633072128
1445210630428966916
1445211475023368193
1445211583869853699
1445211809233899521
1445213347784314881
1445214180945154050
1445215241680326656
1445216789089198082
1445218506618904576
1445218564378697728
1445221086954618881
1445224374550814720
1445226745221693450
1445230018397970434
1445231063824052230
1445232047455342592
1445232275902377985
1445237507721818113
1445237729349050374
1445237975235899393
1445239231929012224
1445243379789418499
1445244735795384321
1445245873131249666
1445246935317704707
1445246998672777216
1445248478716780544
1445251308458553346
1445256911134285826
1445261736227926019
1445261938364084225
1445264540497846274
1445266799084199938
1445272250408656898
1445284596254482436
1445284687858094083
1445287179152879619
1445293249141354498
1445294525946253312
1445296184957022215
1445296188241190915
1445297618184192003
1445302842667962369
1445313864497836035
1445314319458226177
1445315435684114439
1445320672511676428
1445328679597330435
1445329328418476033
1445330492191121412
1445330494690824194
1445330985873195008
1445331816597102598
1445333774468894728
1445335169074974721
1445339205102673922
1445339676814962688
1445341671366045703
1445341927008874497
1445342157561372683
1445342317662064648
1445342431189295107
1445342616527192064
1445342687121616901
1445342690195955714
1445343016617660422
1445343349104418818
1445344661611192325
1445345576221036545
1445345580327346177
1445345584324517889
1445346824211124229
1445348150856896514
1445351056628662272
1445354458758647810
1445354480833286147
1445355300710719488
1445358047522705411
1445359778763530240
1445360006086471687
1445361692863565825
1445361693324988425
1445362482009317378
1445363669865488393
1445364334499147777
1445364402060943366
1445366077849014272
1445366080885641221
1445366711306366979
1445367018463670273
1445367295052820482
1445367370487304195
1445367407611109377
1445368901815132166
1445370007454732296
1445370028417814535
1445371028176359427
1445371237518225415
1445371312709541890
1445372243941498889
1445372863779852293
1445373171599880199
1445373211554758665
1445373722974724101
1445373955926335494
1445374212596764675
1445375856784945153
1445376499444588552
1445376803686789124
1445376987061706758
1445377106603560969
1445378423262629895
1445379110600069120
1445379745890422785
1445380042050129928
1445380291032387586
1445382012127170562
1445383020383461388
1445383145361190932
1445383585964466186
1445383980174520323
1445384240263274508
1445384642631188482
1445385569211756562
1445385836862877700
1445386045206450181
1445386069638320135
1445386452699918340
1445386496341590028
1445386923737075718
1445387057984163851
1445388400601743378
1445388749601378322
1445389593734418432
1445391071362572295
1445391411805921288
1445392805065547777
1445393592873332743
1445394157254725642
1445394575661666304
1445394795241873419
1445395015979749386
1445395051186638864
1445395981315551234
1445396553716408327
1445397780495745025
1445397810707374085
1445399641680396297
1445399805329645574
1445400664155303946
1445401691944259584
1445403405619539977
1445403501190856706
1445403860252741646
1445404303284445198
1445404303976435723
1445405497675370507
1445405682564485127
1445406466899337221
1445406712966656007
1445406859037495305
1445406896903557131
1445407148784201731
1445407314379517960
1445408700701761541
1445408787591057416
1445409712816762883
1445409880760799250
1445410681562574860
1445412918087016454
1445414418586689546
1445414959014350850
1445415432547143684
1445415928901025795
1445416683745816586
1445417806481268739
1445418209088262145
1445418260745314306
1445419801002881029
1445420718565601287
1445421881042026506
1445422960198705157
1445423149139566594
1445423376668020739
1445423875479588865
1445424486963023876
1445424802886529026
1445425190960238603
1445425792419254285
1445426231474806788
1445428323883130890
1445429051376558083
1445430192382562313
1445430322682900480
1445430333797720064
1445433642507984897
1445434386837610497
1445434827105312773
1445435215162314757
1445436121534455808
1445436338933805060
1445436594522148864
1445437590174322690
1445437645874601985
1445437886971715588
1445441370768953344
1445442675675738112
1445443174642638850
1445443357203853314
1445443650628976646
1445444722538041344
1445444978734354432
1445446003016884232
1445446366847590406
1445448293794783232
1445448832469241860
1445448883300024330
1445449150028414988
1445449436998504452
1445450659315138566
1445450814043029516
1445451206646661129
1445451937793523721
1445453746725539842
1445453752966606849
1445454103170072579
1445454470255677446
1445454992920432640
1445455269203361803
1445455503056797698
1445456329103998987
1445458822634504193
1445458849645797382
1445458887193157641
1445459030961377286
1445460784750891014
1445461202755194882
1445462811304284164
1445463838917152772
1445464655548219405
1445464731653849089
1445464959022891008
1445465091445456896
1445465607411879946
1445465609848823813
1445465735828938752
1445466399825039362
1445466618977394690
1445467268750536705
1445467282432401408
1445467351109959690
1445467575723364352
1445467962584887304
1445467977151746049
1445470611497578503
1445471098586288131
1445473843129159680
1445474022410448898
1445474074252111874
1445475346527113218
1445477023606919170
1445477369506979850
1445477599073824768
1445477762051936260
1445478301603037190
1445479096763310085
1445479906729623561
1445480682612949000
1445480973257248777
1445481618173399045
1445483228488298516
1445483710824923138
1445483782857916422
1445484181438414848
1445487379326717961
1445487740661895178
1445489141479723008
1445489192386002953
1445491923309895686
1445494058613297163
1445494064787296261
1445494148564275205
1445494342072692742
1445496202796027907
1445496579574562816
1445496628001968131
1445496702832578564
1445496797254668288
1445497134392885256
1445497540506361865
1445497736074121227
1445497774678724608
1445498860671954959
1445499919322599430
1445505479325585410
1445505920813789186
1445506535476514826
1445507588381020160
1445510313718124560
1445510414805004290
1445510896009109507
1445511010777907213
1445511686350278658
1445514276215537669
1445516000447778817
1445516449657720835
1445518574886408199
1445519002004967438
1445519728232083457
1445519902723358725
1445521377310621698
1445521518650298369
1445522256134696977
1445524725900275714
1445525006230777862
1445525449992400909
1445526824193179653
1445526949066010624
1445528521393147916
1445529518211358737
1445530281193050114
1445530879976087560
1445531480466202627
1445532104675135492
1445533714188890119
1445536126853287942
1445537151752421379
1445537420724695043
1445537773990023176
1445538883320508419
