1299497223449907206
1299497296019611649
1299497423161774080
1299497429537042435
1299497747263954944
1299498490465333249
1299498664969334785
1299498709265321997
1299499121053765637
1299499392462761984
1299499753739366401
1299499755278655488
1299500027837067265
1299500132610781184
1299500256418304000
1299500484672335872
1299501003310616576
1299501044741832704
1299501214699319302
1299501282231812097
1299501294428790784
1299501355699240960
1299501788354220032
1299502231323062276
1299502249438146561
1299502290265489409
1299502819393839104
1299503036201684992
1299503247472943105
1299503436950626311
1299504296443236352
1299504356379758592
1299504552782200832
1299504743119716352
1299504892663476228
1299505072494305286
1299505426422169605
1299505534551437312
1299505809903288321
1299505841083756545
1299505864886415361
1299505932720836608
1299506371939966981
1299506561644146691
1299506639519784961
1299506739344297984
1299506815441408000
1299506980948717568
1299506983423311872
1299507136620367878
1299507222574178310
1299507341918957569
1299507830261719042
1299508090187010048
1299508549769474048
1299508611882909697
1299508645235961861
1299508795652149251
1299508826597720067
1299509448302620673
1299509490803445761
1299509534210355206
1299509571497721858
1299509596634198016
1299509633627889665
1299510038730506240
1299511046592438273
1299511326214152192
1299511353082691584
1299511407369744385
1299511630011731969
1299511865333239809
1299512090466623493
1299512229419782147
1299512253369274369
1299512299682590720
1299512350995816449
1299512430935052289
1299512602750410753
1299512652977377280
1299512676733902848
1299512982540439554
1299513220110127105
1299513354160082945
1299513453519011841
1299513551724314624
1299513671513772035
1299513733501214720
1299513768343490560
1299513807732174848
1299513877210816514
1299513990595448834
1299513999931965443
1299514127262650369
1299514154513035264
1299514567941394432
1299514610412814342
1299514685289648129
1299515132163354625
1299515927696900101
1299516681748967424
1299516817338257408
1299516834128027649
1299516897130618882
1299517496152731653
1299517553753100288
1299518292730806272
1299518437388099585
1299518483055730689
1299518502714441728
1299518794327617538
1299518840234270722
1299519099387731968
1299519245223628805
1299519947371147264
1299519979470061570
1299520164728274944
1299520496447500288
1299520617981644801
1299520801822126081
1299521376840286208
1299521733104467968
1299521912469684225
1299521933877415937
1299522701338521600
1299523072962297856
1299523219439996928
1299523412679770113
1299523603000700929
1299523787071905793
1299524322793586688
1299524485167624193
1299524871223799808
1299524915348017152
1299524991587934210
1299526111018311680
1299526217683668994
1299526529110675461
1299526921689214978
1299526997547376647
1299526997618634754
1299527189822464001
1299527189998657537
1299527254146506753
1299527599492870146
1299527781269884928
1299528212792389633
1299528524500475905
1299528582172041217
1299528661113229312
1299529270876831744
1299529395720400897
1299529704152629249
1299529879826894848
1299530410783899648
1299530424474112000
1299530473522290689
1299530499120156672
1299530977199321089
1299531090923868160
1299531149648310272
1299531286495793153
1299532469646090240
1299532574025551873
1299532942851670016
1299533199983468545
1299533397979729920
1299533479089119233
1299533757741961216
1299533786594643970
1299534065515859969
1299535489444257792
1299535572881551369
1299536063363526657
1299536538280361991
1299536641334403083
1299536674914021376
1299536843449528320
1299537013838938112
1299537189739663361
1299537318571728896
1299537455520133120
1299537768171950082
1299537973130735622
1299538189112225793
1299538431295578112
1299540054973591553
1299540266102206464
1299540275791003649
1299540689689227271
1299540762900668417
1299540774967750657
1299541430650777606
1299541435033714689
1299541866992594944
1299541870784241670
1299542289870737408
1299542290164191233
1299542291892203520
1299542390605262849
1299542558176161798
1299542711423373312
1299543039065690113
1299543154270625794
1299543688201285632
1299544196009930752
1299544244621905923
1299544596997902336
1299544803672170496
1299545205805383682
1299545647553622017
1299545820841127936
1299545837740195840
1299546242045882375
1299546538679693312
1299546752773763078
1299547557454999552
1299549343838547973
1299549836757397505
1299550254493175808
1299550332335337472
1299550762108964865
1299551098836078593
1299551265542868992
1299551277563744256
1299552131091968001
1299552269881442304
1299552353662558209
1299552396448858113
1299552468964175874
1299552869578833921
1299553251197628418
1299554573674217475
1299554869909561348
1299555160759427076
1299555840437952512
1299556496217378816
1299556668007735297
1299556989480169472
1299557388102635520
1299557434520993795
1299557521871564801
1299557648652800004
1299558588462100481
1299558992537100288
1299559903183302656
1299560608065556484
1299560615204315136
1299560837863137281
1299561133599322112
1299562244565499904
1299562688532688897
1299563522393812993
1299563562654994433
1299563686634418178
1299563986766245890
1299564207143256065
1299564936167919620
1299565406592536576
1299565406592602112
1299566410478256134
1299566565445308416
1299567069483147264
1299567127314264064
1299567555984621574
1299568286275899397
1299568450717863936
1299568548763840512
1299568792134180865
1299568895423111168
1299569969471148032
1299570416328085504
1299570613598654465
1299571019817144320
1299571108992159745
1299571880265908225
1299572322240692229
1299572487181594625
1299572489287340033
1299573199634604032
1299573867451740161
1299575688899555330
1299576867247263745
1299581261707608066
1299582756872220673
1299583186595393536
1299584086944686081
1299584107744288769
1299584702303604736
1299584758519824384
1299587586386661376
1299587588827820033
1299589371142627328
1299589373046915073
1299592618763063297
1299593614981439490
1299595671314595843
1299598108108652544
1299601457524727808
1299602687726682113
1299606513271668736
1299607718043488256
1299612393325166592
1299612751308890112
1299614662040920070
1299617784914210817
1299617786659057664
1299617947355357186
1299620507763998720
1299621419039457280
1299622817726513153
1299628086422573056
1299629143110430721
1299629476658262016
1299629638092820481
1299629909376208896
1299632548264411137
1299632883905241090
1299632885868027905
1299634055865139200
1299634162148802566
1299637917116174336
1299637917166563328
1299638444079984640
1299644673879834625
1299647201891815425
1299647206388043776
1299647988843773953
1299649253359390722
1299653362980466691
1299653784268759041
1299654055824887809
1299656521970786304
1299657224705409025
1299658050115043329
1299659308100067334
1299663084093607938
1299663084223569923
1299663767672958976
1299665460229742592
1299665687913299971
1299669006073307136
1299669145257234432
1299670242134810624
1299672265769070592
1299673149416513537
1299673336381943811
1299673572374388736
1299674408261480448
1299675278315323392
1299675928541491200
1299676057444917249
1299676058568912897
1299676061953794049
1299676066684887041
1299676256187883521
1299676606051635200
1299677918797406209
1299678100872101888
1299678182837088263
1299679151780233217
1299680038510645248
1299680389418684422
1299681503610273794
1299683218959077379
1299683260394545152
1299683308192722944
1299684474691760128
1299685733222043654
1299685752750571520
1299687135134523395
1299688340766314497
1299688483188092928
1299689363501207552
1299689509941018624
1299690128726781952
1299690765434585092
1299691384480428035
1299691932654940160
1299692468733186048
1299693219815534592
1299693249108606977
1299693896126078976
1299693921300295680
1299694167002578944
1299694326256226310
1299694471404310531
1299695218246254598
1299695527211266050
1299696143492960256
1299696584742055938
1299696821841743872
1299698289563119652
1299698316205318144
1299698671181803521
1299699400504233985
1299699449053286400
1299699728008044545
1299699823294271488
1299700387545575424
1299700725455491072
1299700902060670976
1299701211449393154
1299701375207649280
1299702090672099330
1299702563894374401
1299702715304546304
1299702984817823745
1299703285167935489
1299703426906021889
1299703583332540417
1299704516980420608
1299704988457992192
1299705011459497984
1299705867684777988
1299706992647458820
1299707124898058240
1299707205005041664
1299707317185925120
1299707350102814727
1299707879352676352
1299707990904373251
1299708745908355072
1299709052700831748
1299709167431593990
1299710376657981440
1299710857514016769
1299710909506629632
1299711421052223489
1299711574169604098
1299711926457384962
1299711996842192896
1299712418252296192
1299713209734234113
1299713692288929792
1299713710714507266
1299714273560666113
1299714449494941698
1299714546450468870
1299715042179506185
1299715206390611969
1299715263101833216
1299715854955876352
1299716069918085120
1299716290970554369
1299717707441614850
1299717897078673408
1299717930276577280
1299718140826456064
1299718183172046850
1299718264331948032
1299718460071608325
1299719273229824000
1299719310059933697
1299719605301260288
1299720214309998594
1299720846366453761
1299721611868807168
1299721634614595586
1299722637892083712
1299722947041595393
1299723109013114882
1299723113454882818
1299723168475738112
1299723471015096323
1299723496105283584
1299724700705337344
1299724857463234562
1299725100367966215
1299725193909276673
1299725482854944770
1299725816935448576
1299725934384361472
1299726007201681409
1299726213221679104
1299726386073161730
1299726605435260928
1299726771089145856
1299726776864829443
1299727332517785601
1299727361114624004
1299727664203399168
1299728077740797952
1299728514250231808
1299728622249443331
1299728862520242176
1299728935153004545
1299729103839518720
1299729163616694272
1299729314024480768
1299730125198692354
1299730573259350019
1299730599821836288
1299731047786086405
1299731054249598977
1299731330905890817
1299731386824298496
1299732247491289089
1299732787239497728
1299733377415811072
1299734051750895616
1299734668233891840
1299735265393676289
1299735536786124800
1299735923786219520
1299736013858918409
1299736339253022720
1299736912165511172
1299736957648424960
1299737433479753729
1299737634273665026
1299738093516468224
1299738798646067202
1299739139882053635
1299739291199905792
1299740263833796608
1299740490288553985
1299740612435079168
1299740656282341377
1299741409814237184
1299741410506223617
1299741566446243843
1299742050892632069
1299742490711535616
1299743231744397313
1299743298773540865
1299743499332603905
1299743606220222465
1299744736589295616
1299744928105455617
1299745461344104449
1299746223612665858
1299746389048655880
1299746495995011072
1299746601653678083
1299746741009424385
1299746774702272512
1299747003702874112
1299747153091473409
1299747391264956419
1299747657922076674
1299747862964822016
1299748268809781248
1299748656220958720
1299749704243310593
1299749704570417159
1299750317660278785
1299750545679429633
1299751488294653958
1299751585967464448
1299751637804871688
1299752673177227265
1299752809806655488
1299752925032570880
1299753304499597314
1299753332131737600
1299753516030980104
1299753682649722881
1299753754628153344
1299753933498454016
1299753964506882049
1299754550312787968
1299754909231972353
1299755033404284934
1299755143622205440
1299755417606782976
1299755468622004224
1299755649400803328
1299756066302054407
1299756199685099520
1299756481076756480
1299756733263491072
1299756957654568960
1299757072821694464
1299757324815478785
1299758715793477632
1299758881984385025
1299759417005498368
1299759814332035072
1299761496696684546
1299761727320530951
1299762488037249025
1299762492101591041
1299762540046692352
1299762817684443144
1299762967068774404
1299763216420085760
1299763410863828997
1299763602946129922
1299763747498721281
1299763869397778432
1299764121391558657
1299764446013853699
1299764769646350339
1299764853016592385
1299765007803199489
1299765162753306625
1299765231032381443
1299765240469630977
1299765926502563840
1299766263078694914
1299766355525357569
1299766383874658305
1299766412257497093
1299767780972036096
1299768218559614979
1299768295424393217
1299768342832701441
1299768369835642880
1299771101623529473
1299771349645180928
1299771558420836352
1299771626192592896
1299771838055280640
1299772084441227264
1299772114896121858
1299772180440453122
1299772578609889280
1299772734994612225
1299773404594274307
1299774867156467713
1299775772765417477
1299775773612691456
1299775842726285312
1299776027917508609
1299776223422418945
1299776870733557760
1299776932800868352
1299777013767720966
1299777144445427712
1299777343561621505
1299777416081088512
1299778573906173953
1299778760322035714
1299778818794807296
1299778827904847872
1299778863942324224
1299779189671895046
1299779246458638339
1299779410489421826
1299779584800493574
1299779654727933959
1299779797283995648
1299780145134350338
1299780572949209088
1299780619313065985
1299780681627729920
1299781035899658241
1299781694606774276
1299782822475919360
1299783880094998529
1299783882108293122
1299784167639658501
1299784267447164930
1299784268730621952
1299784855199330307
1299785102097031169
1299785640696066050
1299787165744988161
1299787196258451456
1299788133408661504
1299788557725376512
1299788840497041409
1299789085524066304
1299789122337464321
1299789129845272581
1299789573942370307
1299790075849576448
1299790141381398529
1299790143138734081
1299790221467320320
1299790257643286528
1299790945999675392
1299790946087833600
1299792026834264065
1299792119251513350
1299792385317261312
1299792408163606531
1299792687705591808
1299793397906112512
1299793599840821250
1299793719604973576
1299793948442062848
1299794223911317509
1299794330278940672
1299794450324099073
1299794843309404160
1299796028007362569
1299796092146593797
1299796465632542723
1299796861725876231
1299796862329925632
1299797844933607429
1299798138019033088
1299798613673930753
1299798643873067009
1299798718212960258
1299799425037012992
1299799575046361088
1299799728088023047
1299799922695340035
1299800237024792576
1299800245635870727
1299800919853486081
1299801764082843648
1299801867296399362
1299802145131311113
1299802492079923202
1299802674100080640
1299803227706331136
1299803513590108160
1299803645760819200
1299803810630639617
1299804118467346443
1299804189317627905
1299804832962932738
1299805024185446406
1299805197334646784
1299805419213402112
1299805446191153152
1299805763234336769
1299806149332664322
1299806779933511682
1299807251755077634
1299807382378369025
1299807805310939136
1299808056214249476
1299809044664901632
1299809304774672390
1299809546672779269
1299810033740414977
1299810275663773698
1299810488029769733
1299810614559342594
1299810918617018369
1299811563281494017
1299811973299933184
1299812005424046086
1299812034389909508
1299812296974315521
1299812819613790208
1299812828052951041
1299813072425582599
1299813962452799488
1299814054337314816
1299815166167715842
1299815403745665024
1299815756029399043
1299815808714014721
1299816601429172226
1299818105246543873
1299819560162467840
1299820097171849218
1299821095068069893
1299821153129824258
1299821264211763200
1299821628298330125
1299821673072427008
1299821808301023234
1299822192574828546
1299822886081966080
1299823606235639809
1299824144285081600
1299824418605203456
1299824431792041984
1299824468609597441
1299826086390439936
1299826250165432320
1299826371988987907
1299826462216851459
1299826611731288070
1299826670866698240
1299826787929804801
1299827764200181762
1299827818675736577
1299828329764323331
1299828437062946816
1299828907466784768
1299829332563701760
1299829365610631171
1299829412423176193
1299829808046759936
1299830063664259072
1299830071478358017
1299830163446935557
1299830435975966722
1299830792424751111
1299830921382768640
1299830982267285505
1299831178275549192
1299831202048696320
1299831523865178113
1299831693914910720
1299832445886439426
1299834030683303937
1299834059133276166
1299834212380483592
1299834220697841664
1299834374595149825
1299834603402932226
1299835182858612736
1299835347107565569
1299835500262547461
1299836211931107333
1299836414448873474
1299836465040502785
1299836659085737984
1299836728069382145
1299836743093555200
1299836800324841472
1299836886479974403
1299836969682259968
1299837115094761472
1299837487880249344
1299837985622495233
1299839150162694145
1299839339589971974
1299841508762214400
1299842021234884608
1299842228278394880
1299842336764067840
1299842400135700480
1299842839942225924
1299843036684443649
1299843078698807297
1299843176610639873
1299843556488642562
1299843803763879937
1299843927189659648
1299844122384183298
1299844280639524865
1299844307671756802
1299844436487176202
1299844792164249601
1299845165406855169
1299846296296140802
1299847304371933196
1299847374760706050
1299848051872411648
1299848087972782081
1299848513052868609
1299849473334493186
1299850568333053952
1299851457865285637
1299851895557836801
1299853085158699008
1299853195049611265
1299853755572256768
1299853923348512768
1299854294192205824
1299854470646509568
1299855753948418052
1299855853395341313
1299856118622162944
1299856446713204736
1299856530460811264
1299857398144868354
1299857993094266880
1299858081078218752
1299858293448470528
