1299501015096590336
1299501999449419776
1299506824782192640
1299508064723369984
1299509614774349824
1299511177882546176
1299512089967431680
1299512120745353218
1299514851459567617
1299515862932549632
1299518240994070528
1299521943771766785
1299525929342054407
1299528236955770881
1299529704035069952
1299529704173568000
1299532220844175362
1299535831724679169
1299536027988697098
1299543230195920897
1299543545804619779
1299545612380188672
1299547320359350272
1299551468123500544
1299551794259992578
1299554015710191616
1299554269612388358
1299558236127985665
1299558274468130816
1299561978705436672
1299566568402280448
1299595005569511424
1299604759490551808
1299604794777182208
1299608505331134464
1299643548678094851
1299668455029907458
1299671330669891584
1299675666049187841
1299682229141016576
1299683912780783617
1299690432276946945
1299697076687769601
1299699541399293952
1299703096797532162
1299703710935920640
1299708538994991105
1299709475062939650
1299710204498579456
1299712588763336705
1299719988606009344
1299720332002107392
1299721284251721728
1299721927557341186
1299730527449214978
1299732289169973250
1299733547406639105
1299743107391643648
1299745160708919296
1299757495842471936
1299761631606575104
1299769506273914881
1299769661693853696
1299769663006617600
1299774315911553028
1299776543795884036
1299777073939124225
1299787675386417152
1299791051541151749
1299791429900800006
1299794876620574720
1299796461882933249
1299799230429630464
1299800048784547843
1299800880645124097
1299814398975004674
1299815512441081856
1299816624380354560
1299822577091829761
1299823487117414405
1299826566982250496
1299834933914021888
1299837036808089602
1299837985484021760
1299841290662817802
1299845009785655296
1299845628915314694
1299849212478316544
1299850568442105857
1299852129847345152
1299853337345622020
