1423796029338619907
1423796030190104582
1423796145738944512
1423797550423822339
1423798549964328963
1423798947949203460
1423799594836713474
1423800975911948291
1423801079427440641
1423801216761569286
1423801535029514247
1423802776245751811
1423804151356592132
1423804259422900228
1423804673992138759
1423804838555623427
1423805954789974016
1423806407158157312
1423807115915898883
1423807789034508289
1423808932489961474
1423809075486330881
1423809257120550916
1423809675838033927
1423809806188662786
1423810914038452229
1423811132423278598
1423812149298741251
1423812887869526017
1423813098444660736
1423813373951574016
1423813693662433280
1423814788560396289
1423815698019758080
1423816234521571333
1423816410824802308
1423816432442384390
1423818581645709314
1423818680769687553
1423818682891919372
1423818686398439429
1423818694136717312
1423818735849254920
1423821124505411587
1423821194948665345
1423821514126897156
1423822075576438787
1423822231055052803
1423822609276407809
1423824302651150336
1423826227513610240
1423826275618148353
1423828671501111299
1423828954109071360
1423829370653888516
1423829524316307458
1423829766277316614
1423831707048943616
1423832834087718915
1423833030649581572
1423833398183964674
1423833778603057153
1423833780964446214
1423834034833068033
1423835507340070915
1423836303062351873
1423836342685995010
1423836374764072966
1423838290474643457
1423840066682724359
1423841399343128579
1423842473323925505
1423845036140208134
1423848236654202886
1423848876033859587
1423850869636882433
1423852343192342535
1423852817975058436
1423853327889182728
1423853545263046657
1423854853319712768
1423855166088835072
1423856235254886400
1423858138730561542
1423860199232786436
1423862464324653057
1423864618691317761
1423865930107559938
1423868886341103619
1423868953294692355
1423871615377547270
1423873273981456386
1423875412447354881
1423885926196027395
1423892547387105281
1423893725802024961
1423899641955893251
1423899725976113155
1423901525332709380
1423903651026853891
1423907190985957376
1423909282953797634
1423912118928166914
1423912872795648001
1423912903909023745
1423914235407618049
1423914271512137729
1423916981737213955
1423929771935911945
1423930182046470145
1423932818262949888
1423944699279253506
1423951428297629699
1423957650476306438
1423962795582889988
1423964212674564101
1423966317229613064
1423966357880717314
1423969460524929025
1423970648582467587
1423976819913527296
1423978479356289024
1423979994632671235
1423980604668981249
1423981881872244738
1423982628252917769
1423983120001470465
1423983146844913668
1423984145819131913
1423984833852805125
1423984841738145793
1423984874214641665
1423986841041182724
1423987715037704195
1423991767289012228
1423992634251612161
1423994360148893703
1423994874676850695
1423996131768471555
1423997755777642500
1424000387770638345
1424000424760254466
1424002395919589377
1424004255938134021
1424005115103653892
1424005145382240259
1424005180920455169
1424006982676226050
1424007420884393995
1424009308212277254
1424012910284652547
1424015724964626433
1424018101629116419
1424018155081449472
1424018864027938818
1424019483488882693
1424020077955977219
1424021431780786180
1424021540891471873
1424022219156561924
1424022525529530373
1424022535742578690
1424022578356703234
1424022801598480385
1424024289037139968
1424025035505799168
1424025120406917122
1424026195440676873
1424028259273125889
1424028475627917313
1424028934447026183
1424029814537785352
1424029882175135746
1424030422946787328
1424030686336409600
1424031703006330882
1424032058855284740
1424033422670974976
1424033428115267595
1424036663492292609
1424037117777354754
1424037618447175684
1424037901113823236
1424041622724128773
1424041774096465920
1424042058617016329
1424042066846396424
1424043694081069056
1424044950040231947
1424045231239016449
1424046141654568960
1424046241542033419
1424046828983660545
1424048780970766336
1424049622515912704
1424051904913489928
1424052719216590854
1424052720026021891
1424052722622472193
1424052724769902594
1424052725407354884
1424052785973239808
1424053991093280769
1424054472767062021
1424054883645276169
1424055092479660037
1424055936486940681
1424056562910474244
1424057630000132099
1424057697356423170
1424058301977927692
1424058698599739403
1424060180317212677
1424060268502405127
1424060269458771971
1424061242491211776
1424061472309751815
1424061892365070343
1424061919422554116
1424061942453395473
1424064466484973579
1424064700044697601
1424068941366841352
1424069075903213574
1424069148200640512
1424069409900011522
1424072053129367554
1424075367225065473
1424075371994091521
1424075372019261441
1424076298356416516
1424077530244345859
1424077585412247565
1424079385590648833
1424081876021563393
1424082817374433283
1424083408020545536
1424090975660658698
1424091992934465544
1424092370182807559
1424094063658250245
1424094493255610371
1424094550272925696
1424094930478239744
1424095020282486785
1424097796995624967
1424098019084013576
1424098019159457793
1424098106098978827
1424102788318089222
1424105457472483332
1424105566658469889
1424105567145152513
1424106837004230657
1424108100831776769
1424110817306415107
1424113117764665346
1424113118301630464
1424113121359245313
1424113488377651203
1424113872298971145
1424115129038213122
1424118160354168834
1424120413936787460
1424124452107870212
1424124533666193415
1424125246144135173
1424126547829608456
1424126741451259911
1424127008687132677
1424127322521747457
1424128219276513286
1424128222611050496
1424128503889502216
1424128720693047304
1424130854977220614
1424131639022661635
1424132493599330307
1424135487476928513
1424135592732991499
1424137741235851274
1424141847757303818
1424142654112141314
1424143306762686468
1424143474346151939
1424143825077948417
1424147524605161480
1424147547061473280
1424147581026947073
1424148125359525888
1424148218464591874
1424150886062907400
1424151554270040068
1424155141276639236
1424155221945630720
1424155728491782148
