1446264074061242370
1446264074287812631
1446264074803712021
1446264074828877842
1446264076674424838
1446264076800200717
1446264079409192960
1446264080046645250
1446264081099362320
1446264081107750924
1446264082022035457
1446264082127114240
1446264082630328330
1446264083410558982
1446264123185061893
1446264124741201921
1446264128818003972
1446264136661352448
1446264251228823554
1446264263794909185
1446264326105534465
1446264406610939906
1446264617743929347
1446265081222807555
1446265192833339394
1446265290027831297
1446265372869599233
1446265395149746179
1446265432122474501
1446265572195438597
1446265845064241155
1446265927796920321
1446265929785094146
1446265931924217860
1446266097792126987
1446266234069082114
1446266264893149187
1446266497865682945
1446266590761299972
1446266590765494284
1446266671849639957
1446266975110447110
1446267072313397260
1446267094148927489
1446267212189343750
1446267220338872321
1446267249342439427
1446267255252258817
1446267303981633537
1446267388127817728
1446267396529004545
1446267581237661708
1446267596307935235
1446267637474934791
1446267651949481991
1446267674112180224
1446267698187472897
1446267756010115078
1446267817003786243
1446267849039917056
1446267849043890178
1446267849132052503
1446267859466817582
1446267883278020614
1446267993093181444
1446268086081003521
1446268117261422593
1446268121736691713
1446268133073850375
1446268173238611972
1446268174111019011
1446268386401468424
1446268428378066949
1446268468697915393
1446268508468301828
1446268543939403776
1446268708473778176
1446268797296549897
1446269107339468800
1446269107406475278
1446269107523887105
1446269231247597571
1446269261933129732
1446269464266280969
1446269772258332675
1446269902843637760
1446270017872482305
1446270120255528964
1446270142963388423
1446270209220694017
1446270293681397760
1446270317786193920
1446270382357549058
1446270434991878145
1446270504231391237
1446270617280524288
1446270636339367938
1446270662037889027
1446270672276238337
1446270771186262016
1446270933086478337
1446271188599255043
1446271270866153473
1446271386616434696
1446271577440636939
1446271608671379460
1446271624374796295
1446271625507258373
1446271627080212484
1446271636295065600
1446271831871164451
1446271875697582080
1446271875869380608
1446271900578111491
1446271910984126476
1446271984481050624
1446272288064745474
1446272309350879232
1446272492725850116
1446272619678994435
1446272640633745415
1446272669889048579
1446272700423487489
1446272713774051338
1446272938450341898
1446272945152745474
1446272960218664962
1446273077902381057
1446273133888131074
1446273198136332323
1446273206835318815
1446273233104384001
1446273271461146626
1446273369347821569
1446273382807478272
1446273414457663491
1446273446527209493
1446273489728638980
1446273983201034240
1446274048216895492
1446274140462256128
1446274140499972111
1446274140680474629
1446274151736512536
1446274158527238144
1446274161094004769
1446274163983912964
1446274203376881667
1446274207399120909
1446274569900380163
1446274604650037250
1446274618730418180
1446274623805566984
1446274660996419585
1446274712850501640
1446274846745251841
1446274900424105984
1446274924864212995
1446274926319702020
1446275079239880704
1446275095161364480
1446275121065435142
1446275152266895362
1446275170751111171
1446275267740291077
1446275333049786386
1446275388754341888
1446275398929616899
1446275399013523457
1446275504265433089
1446275521843707904
1446275552491442187
1446275736810184707
1446275785719959559
1446275804812488705
1446275893031317504
1446275902204268546
1446275951520780290
1446275958303072257
1446276023172177923
1446276161336709122
1446276342975193096
1446276493567483908
1446276657149616130
1446276665215234049
1446276709943238657
1446276782341046272
1446276799458168838
1446277097786380294
1446277412912832515
1446277421825724416
1446277614528729091
1446277671017664515
1446277728857165825
1446277914748620800
1446277915478536198
1446277923770601476
1446277986651672582
1446278169900851201
1446278193405734913
1446278222757335068
1446278252360732682
1446278265937801221
1446278268584353804
1446278422376992772
1446278661871706116
1446278682948030467
1446278930332327940
1446279173870293002
1446279174012932103
1446279174134534147
1446279175795478529
1446279177225736227
1446279177867497477
1446279179809574912
1446279181655027717
1446279194657402887
1446279196146294791
1446279198042099713
1446279224852205568
1446279242870927367
1446279247048314885
1446279284356702210
1446279301633089552
1446279305739345927
1446279314245259264
1446279377076039684
1446279425541148676
1446279425545310216
1446279680924000264
1446279721608691714
1446279754299187210
1446279892706938882
1446279911312871427
1446279933009936384
1446279937753747458
1446279954195386384
1446279986789371908
1446280050215694339
1446280156084150277
1446280206671654912
1446280209603379201
1446280289832087558
1446280316511875080
1446280321725521920
1446280432190849029
1446280443066736643
1446280702971060224
1446280807597817864
1446281046211940359
1446281092860944388
1446281173202780160
1446281278156853248
1446281442774945792
1446281523070742533
1446281571451944967
1446281626514825222
1446281673566531584
1446282050596638721
1446282081571590148
1446282082712436740
1446282088605437952
1446282121581105153
1446282159757664256
1446282248710496260
1446282269384187909
1446282302120620032
1446282326229520386
1446282641553047552
1446282912215801861
1446282948425043977
1446282964766273537
1446283026921627648
1446283050149498884
1446283135952490496
1446283200129609733
1446283208128147462
1446283491344363525
1446283769107857414
1446283925408690186
1446284206779219968
1446284206867316741
1446284206900875265
1446284218179403781
1446284389403353091
1446284466595536905
1446284477026775053
1446284589593473025
1446284655855120389
1446284684493688833
1446284778676834306
1446284785819729926
1446284946130325509
1446285017592827904
1446285149088452608
1446285332006178821
1446285461094293510
1446285666397179909
1446285728514813970
1446285782151467008
1446285870080921604
1446285955455926279
1446286153251008518
1446286208376659971
1446286246389506050
1446286260377735169
1446286425687724036
1446286675844509696
1446286723378401287
1446286723386732550
1446286723869143040
1446286724267606019
1446286725127438339
1446286732412993537
1446286732891238426
1446286751241224194
1446286976165027840
1446287116586082309
1446287315387645955
1446287395742171137
1446287398099472389
1446287409268858881
1446287545596354560
1446287608812908547
1446287625690570752
1446287638403690497
1446287746541051905
1446287921229697024
1446288072811982860
1446288079069843458
1446288224188567552
1446288418108059664
1446288521543704578
1446288526849490944
1446288615076769814
1446289005742632972
1446289093286146072
1446289239998484480
1446289240019677199
1446289240090939397
1446289246017359873
1446289248190177280
1446289250488659968
1446289343497351168
1446289359041441810
1446289374543589381
1446289503241576449
1446289586796257281
1446289800634544146
1446289963180457987
1446290019803705355
1446290099713585157
1446290103400378384
1446290205527379968
1446290308564766722
1446290498138824706
1446290498260385797
1446290604414185473
1446290990197792772
1446291001635745794
1446291053414436868
1446291063048712195
1446291099241308162
1446291143017345024
1446291236021694464
1446291253235052544
1446291458458198020
1446291478939013125
1446291659382210561
1446291720065495055
1446291756635639810
1446291756694212612
1446291781893640199
1446291801799897091
1446291897283059715
1446292132785008646
1446292235356553220
1446292394220081153
1446292547844943892
1446292626819461122
1446292652425576449
1446292824001945602
1446293180014469124
1446293205830418435
1446293244791431169
1446293266551373826
1446293269948817408
1446293773013639168
1446294014483894274
1446294273306112011
1446294273704538114
1446294283364052992
1446294309993689105
1446294400653357060
1446294450112802833
1446294505695576064
1446294516927893504
1446294525161377796
1446294588935655425
1446294707181654023
1446294733647712256
1446294740912181248
1446294907203702786
1446294921493848066
1446295008319922178
1446295341448445953
1446295407873732608
1446295633053175809
1446295727391617058
1446295764049834004
1446295962557853721
1446295975295954958
1446296035878440960
1446296286538264576
1446296457208901639
1446296483754610688
1446296576016756758
1446296763548192775
1446296926475874308
1446296955592880148
1446297254747418658
1446297321520652294
1446297431017078786
1446297449212137474
1446297477527842819
1446297501347328030
1446297591860408350
1446297670914609152
1446297685632462869
1446297726065410055
1446297796336750592
1446297804138188809
1446297827139747842
1446297980923957248
1446298055213559814
1446298070514380801
1446298077040717843
1446298116353789954
1446298148046090243
1446298167654367232
1446298330548645888
1446298448731549714
1446298484093734917
1446298548862136320
1446298741351194629
1446298847957987329
1446298907873620009
1446298914030858262
1446298992166334465
1446299059392851974
1446299119367163904
1446299190527766531
1446299289932738560
1446299306282082304
1446299306294751259
1446299306424635396
1446299306462531584
1446299311562797058
1446299313630588941
1446299313672531981
1446299360703107074
1446299497068474369
1446299536150999051
1446299759191502851
1446299766049198081
1446300037563265030
1446300068001329160
1446300243264425984
1446300272406499328
1446300304266473490
1446300312034156551
1446300322692050953
1446300378715201537
1446300403335839745
1446300542167396366
1446300622161162254
1446300700506427401
1446300707909513220
1446300816172748802
1446301033605521410
1446301196004651009
1446301309355839489
1446301393955041284
1446301493741735938
1446301596594294786
1446301610515197953
1446301756082638849
1446301818431021057
1446301823153975310
1446301823195701248
1446301823946698772
1446301824126836744
1446301824487723011
1446301824861057029
1446301838026977295
1446301838224109620
1446301838580625435
1446301860449685504
1446301862429351936
1446301928762355729
1446301942968295424
1446302066519920642
1446302071779733505
1446302074640248833
1446302121486430231
1446302267548725251
1446302302449643521
1446302334775177259
1446302532481978368
1446302591852363813
1446302667714834442
1446302844664127488
1446302901664718848
1446302961232138243
1446302972879810561
1446302996594405391
1446303081923325985
1446303417039826946
1446303498346410027
1446303627430170628
1446303753221681182
1446303866484666386
1446303916547878935
1446304017383141383
1446304154377326592
1446304339438542849
1446304339442606085
1446304339451072515
1446304346120105991
1446304771153948674
1446305037261619201
1446305250516799488
1446305254761541662
1446305260847329280
1446305280418099226
1446305425184501786
1446305511297662977
1446305597637365763
1446305597838794752
1446305750746378275
1446305981600878593
1446306194931560467
1446306297645871124
1446306372245762129
1446306789734199340
1446307107683258368
1446307265854812179
1446307290936750092
1446307733511319554
1446307745494446139
1446307846199644161
1446307972976578563
1446308049908473859
1446308085522477066
1446308176173969415
1446308239625187338
1446308292372967454
1446308366133829634
1446308439978909696
1446308923502383108
1446309120697643013
1446309125739012102
1446309127983087617
1446309187932278788
1446309374981378048
1446309375426002946
1446309376608935939
1446309381168009221
1446309381629353984
1446309382015307791
1446309382212526080
1446309382405378056
1446309391859437571
1446309408460341253
1446309574248701953
1446309664963039232
1446309702791483400
1446309704322494466
1446309709263298562
1446309730788335619
1446309730939392000
1446309822970859523
1446309849491546115
1446310122851028992
1446310313712836609
1446310340350910465
1446310371820769283
1446310423943340036
1446310479840821250
1446310516171759616
1446310541828440069
1446310584505544704
1446310597650485252
1446310859215622152
1446310882733002754
1446310910755225601
1446310915150843905
1446310916656672771
1446310949963567108
1446311089889812485
1446311162359033856
1446311212564692995
1446311299391102977
1446311307481858055
1446311310703087636
1446311313190232067
1446311336238059520
1446311384694788098
1446311449849176064
1446311550336344067
1446311790548115457
1446311889529565189
1446311915446312962
1446311940628881408
1446312014058377219
1446312078340407297
1446312140961292296
1446312165380538368
1446312365067231234
1446312505249124352
1446312522441793538
1446312644248588291
1446312688062287875
1446312715236962304
1446313158864424968
1446313259250827275
1446313392466239493
1446313610901393410
1446313771631271942
1446313840455602184
1446314050682507278
1446314283105615875
1446314405780672515
1446314406049058816
1446314407081005056
1446314419428937736
1446314442778574850
1446314534034100224
1446314550194757633
1446314658978226179
1446314674010607618
1446314703622451201
1446314796584947737
1446314824099581973
1446314889094574081
1446315518374203399
1446315525693394947
1446315664252284929
1446315845823578115
1446316119736864774
1446316167384100869
1446316419076050948
1446316708470345733
1446316753726885895
1446316922472120321
1446316922853892097
1446316923852140545
1446316941703106560
1446316968508723204
1446316971415515139
1446317142580793344
1446317218778607619
1446317434089132048
1446317469556166660
1446317473968574465
1446317525776560133
1446317677576818691
1446317699223724036
1446317818434179087
1446317891079614466
1446317994909519888
1446318025272033282
1446318129743896577
1446318159552729093
1446318180734050304
1446318358442373120
1446318389820018711
1446318616979329029
1446318794612301825
1446318808864542733
1446318812429684738
1446318835007635456
1446318919480926208
1446319042520879106
1446319133763719189
1446319438874255366
1446319438970638351
1446319439050199041
1446319447589916675
1446319573049827330
1446319809566756888
1446319908137095180
1446319928806682625
1446320016840970241
1446320043915055104
1446320080720220161
1446320315391414273
1446320660511277056
1446320666823647234
1446320697274421267
1446320697358405635
1446321142776598529
1446321246040379409
1446321361278881795
1446321502345785347
1446321644969107456
1446321715471007744
1446321964444962858
1446322158787907585
1446322181961510917
1446322343912034308
1446322450350817280
1446322456835198979
1446322580445614110
1446322720392859650
1446322768841097218
1446323020969222144
1446323248392642561
1446323407751192576
1446323465464602635
1446323559828181005
1446323845749694464
1446324193566597120
1446324244053381122
1446324376962404352
1446324472739360771
1446324473993437195
1446324474140192768
1446324476711366662
1446324477009219613
1446324477353074691
1446324478938476549
1446324489097203746
1446324566947680258
1446324571712409605
1446324732949712906
1446324802852114436
1446325185095815202
1446325331367972891
1446325339660111904
1446325416801751040
1446325421717524481
1446325468920172583
1446325616949661696
1446325784310861834
1446325889583566852
1446326021721141250
1446326205582561303
1446326211794329601
1446326700086857728
1446326728461275166
1446326956031680516
1446326988814184456
1446327197355102209
1446327468609130508
1446327470341378078
1446327884293963776
1446328044596125697
1446328049633480824
1446328077617877000
1446328084018331652
1446328100665520128
1446328204491247618
1446328208496939026
1446328246992203778
1446328593420746753
1446328754930864150
1446328875806511111
1446329174906523671
1446329224973930502
1446329338736037941
1446329358260613120
1446329368922427392
1446329406557933604
1446329505224740898
1446329638276452383
1446330367607197731
1446330743936929825
1446330981212901378
1446331015119654924
1446331131587088400
1446331426538934285
1446331791665680398
1446332021723254797
1446332023140929537
1446332028341866500
1446332237700550690
1446332353865994240
1446332528785248271
1446332531964530695
1446332774793695236
1446332889424089092
1446333139484233729
1446333253258989575
1446333365406289933
1446334260999245862
1446335796697518102
1446335797070688256
1446335862061551632
1446335941916905484
1446336060049477677
1446336567358853122
1446336837283418112
1446337054946775059
1446337141127139329
1446337157468147741
1446337204385632282
1446337232474886171
1446337389136334894
1446337871594545152
1446338023554175013
1446338319281967129
1446338372012757057
1446338399271538713
1446338453210341376
1446339152367210530
1446339158910324757
1446339320047095846
1446339451286867997
1446339459012775945
1446339572351205385
1446339572774813696
1446339573441777699
1446339576109355015
1446339790899662860
1446339823376076800
1446339823489404935
1446339857601679360
1446339880640921600
1446339901599858688
1446339983128809489
1446343795197497344
1446344746352455697
1446344869295923201
1446346571046551554
1446346840606187521
1446346843990933504
1446346964124250134
1446348104387735564
1446348176886280195
1446348198080098309
1446348872759103489
1446349189563232264
1446349411777458189
1446349461358325763
1446349673690664963
1446350465441148940
1446350913430384645
1446350996498755584
1446351027142340625
1446351568199168009
1446351855710318609
1446352028092018692
1446352080935866369
1446352235009646592
1446352334431432705
1446352701374279700
1446354115332878347
1446354670994132995
1446354672696979457
1446354672722219015
1446354676681748498
1446354679739387906
1446354680657948690
1446354680930578441
1446354916964847618
1446355257169227791
1446356181090512914
1446357696609988615
1446357775089610754
1446357910871814163
1446359108995723271
1446362604474150941
1446363088446500903
1446363483466051611
1446363564747468818
1446364737520877570
1446364737596502034
1446365780677963807
1446366197646307330
1446366758231814176
1446368347956916229
1446368600718258192
1446369041401196592
1446369279956430884
1446369774548758539
1446369804932296715
1446369956543803392
1446370212048220184
1446372287356285010
1446373170169196556
1446373838867083288
1446374803766718491
1446374803816939521
1446375102677987356
1446375140573523984
1446375262627770380
1446376067812503593
1446377130280038434
1446377144872022022
1446377320286203905
1446377695412170784
1446378217925980182
1446378481051447298
1446378485048619037
1446378507047743488
1446378509803401244
1446378918123089938
1446379116937293838
1446380433919266818
1446380685732818970
1446380692791832581
1446380733195563013
1446381095230967808
1446382341748895744
1446383152549801993
1446384871627124742
1446384876760961025
1446388069855289348
1446392453381214210
1446394664760795138
1446396930746114066
1446396955110826001
1446399969515167757
1446399969942917122
1446399976360185857
1446399984061014047
1446400221798354946
1446402597041102868
1446403856838057998
1446406916733820930
1446407519379681280
1446407520851927044
1446409240336293917
1446410078626668572
1446412523234811915
1446413307393417216
1446415073719857153
1446415074441109515
1446416670432677888
1446417485532745736
1446417585793388547
1446418672504000514
1446418844709384193
1446420750517288961
1446421611498942465
1446422411008778240
1446422640076464129
1446422730904117248
1446422972252803073
1446423047502708737
1446423055157415961
1446424701472018436
1446425056247271439
1446425236610617345
1446425743123259394
1446427204976578561
1446428211831885834
1446429563731562496
1446429790295273473
1446430177479774208
1446430429876297731
1446430625439920128
1446430961420361730
1446431045780492319
1446431392309547012
1446431427394932738
1446431723911360513
1446431780312174626
1446433111110078464
1446434658581950465
1446435201802977280
1446435202369310761
1446435420468826112
1446436045629779970
1446436502406418452
1446436683222855681
1446437388104843277
1446437473639231494
1446437718754578442
1446437719349944330
1446437720247521280
1446438031989301248
1446438989456683009
1446439590777311257
1446440243209687082
1446440575226548225
1446440587360555018
1446440679245180929
1446440679937175558
1446440702888398851
1446441119366238269
1446441241562861577
1446441312002183171
1446441493531709452
1446441601576980499
1446441632245551108
1446441641653399554
1446441650817957889
1446441660439617540
1446441669948166147
1446441757240184879
1446442133997572096
1446442141186678784
1446442328911142914
1446442752078598153
1446443733768101888
1446443736230211585
1446443764936024066
1446443979680124932
1446444009954549770
1446444301425135623
1446445269713707011
1446445274096979970
1446445275585945608
1446445278932914183
1446445317080027145
1446446287612678145
1446446737854541830
1446446887490445322
1446447028444311555
1446447110849810433
1446447436763910144
1446447486046982146
1446447784635273220
1446447784933019649
1446447980672847887
1446448084523831298
1446448087745060865
1446448178157457420
1446448324261842945
1446448539756806145
1446448817725968385
1446449042993520642
1446449043064885265
1446449278730358786
1446449294639239187
1446449808709914634
1446450265998123011
1446450301335080970
1446450301347590149
1446450306280136705
1446450310176780291
1446450313892859916
1446450469874831372
1446450743137931278
1446450748506640398
1446450797789712399
1446451092653477892
1446451245649174530
1446451283783716877
1446452314672295940
1446452314697502736
1446452395546906626
1446452566284398595
1446452665509158915
1446452696551239683
1446452771658547202
1446452817888153614
1446452818211065862
1446452819687399424
1446452819880382465
1446452820811649030
1446452840218628097
1446452928529768450
1446453357040656384
1446453424992788481
1446453572984524801
1446453610926129156
1446453785677676546
1446454250729467905
1446454630360158220
1446454645069651970
1446454689957093378
1446454781128609804
1446454788657385472
1446454910015377410
1446455140920221697
1446455225582342147
1446455277906276360
1446455334457970694
1446455334541807626
1446455334558650369
1446455339268837409
1446455676625203202
1446455727963451395
1446455865301688321
1446456053588238341
1446456059359543298
1446456572385775624
1446456593277755403
1446456656414445579
1446457684019093504
1446457754806259746
1446457851011010563
1446457901615403009
1446458430508634114
1446458470954307591
1446458473345167360
1446458606149275650
1446458613636141097
1446459115761438759
1446459365024747522
1446459663512477700
1446459672018423833
1446459884820701184
1446459885806362626
1446459966114643970
1446460254229651457
1446460342377254946
1446460367979356161
1446460368503513094
1446460372140052483
1446460373285154816
1446460375805751300
1446460376334299153
1446460379081609219
1446460379144597504
1446460379249381386
1446460381858308096
1446460419774853122
1446460481443672067
1446460487269486603
1446460543594795010
1446460546707038211
1446460619545190401
1446460620014899208
1446460696544284702
1446460778622619667
1446460831185657856
1446460927868559364
1446461390034702360
1446461625225998338
1446461626371223552
1446461745174880257
1446461768939851779
1446461777340928022
1446461807690797061
1446461822593273856
1446462076348665892
1446462132665688064
1446462134683119624
1446462414749306912
1446462755465310208
1446463029206560770
1446463132558368775
1446463265828061192
1446463401195081737
1446463460670377992
1446463490072383492
1446463821929984003
1446463905543319555
1446464014364680194
1446464082521907201
1446464383610130437
1446464593040191489
1446464595334402083
1446464657611374600
1446464924763443200
1446465149339111425
1446465398220722177
1446465401253027850
1446465421587124238
1446465480584220672
1446465521445187586
1446465596149813254
1446466176306094081
1446466380610560001
1446466687793045506
1446466735654281220
1446466776712220709
1446466910820896814
1446466910875422739
1446467153486549030
1446467199904931844
1446467425923387395
1446467457103826953
1446467535394652160
1446467536841805824
1446467686540644391
1446467729284796454
1446467919576133632
1446467920587018243
1446467921413165058
1446467955168976902
1446467958415446018
1446468123696287753
1446468169229496320
1446468205363466252
1446468548759523350
1446468577708548096
1446468892059111428
1446469109684703240
1446469123270184960
1446469178018316292
1446469319018287146
1446469384487178242
1446469427499868165
1446469446772592676
1446469565970624515
1446469598287630338
1446469636313190439
1446469714142642180
1446469837425885186
1446469883903057921
1446469901884039169
1446470072445374465
1446470122160394252
1446470125780193280
1446470221338918913
1446470346522038277
1446470433973305345
1446470434015285256
1446470434061361155
1446470539929862144
1446470575229186052
1446470672490827799
1446470685811896327
1446470772894146560
1446470781425303552
1446470802354868256
1446470811657834506
1446471354086199322
1446471395228127265
1446471518054125586
1446471650099204110
1446471692692246528
1446471693405392942
1446471732005572641
1446471733272252452
1446472059106775040
1446472114702192641
1446472190153699329
1446472191130972164
1446472216481353739
1446472350271254532
1446472373205671948
1446472476444213249
1446472478784729094
1446472608355131400
1446472641066553355
1446472713137102859
1446472722314260480
1446472731294253064
1446472847577305092
1446472988329713664
1446473052389355526
1446473095800369153
1446473311928606721
1446473500659752969
1446473508549238795
1446473516539387907
1446473556225835011
1446473620600020994
1446473861214523393
1446473983109607425
1446474138911129600
1446474195697872898
1446474222377881601
1446474329508745222
1446474332708999169
1446474499235385355
1446474509972873218
1446474645318868992
1446474676566433798
1446474823601958915
1446474911174778886
1446475020151234568
1446475083363594241
1446475147192508426
1446475216373362700
1446475225479192578
1446475467507314693
1446475468836802563
1446475471412031497
1446475472284569602
1446475477372207104
1446475477632184323
1446475478856912902
1446475481352744960
1446475509672681480
1446475549367361538
1446475553868034057
1446475562428551171
1446475563640700934
1446475600328335367
1446475641419874306
1446475686097657859
1446475879585099778
1446475906604732418
1446476009440751624
1446476013651775488
1446476183290396673
1446476239527563267
1446476324189712395
1446476331416526849
1446476373741158402
1446476374978412548
1446476483644514307
1446476516481716227
1446476878399823877
1446476954312626178
1446476960809488395
1446477225470144517
1446477235712450560
1446477576411680772
1446477597995589634
1446477712730644490
1446477727515742208
1446477770616295431
1446477778992443398
1446477913411493899
1446477976955097094
1446477984123088910
1446478012275249154
1446478203929964548
1446478254383288329
1446478424860606467
1446478561674682369
1446478668386217987
1446478692713107461
1446478709138018310
1446478789307813890
1446478990466707457
1446479024671297540
1446479153021083648
1446479242028482574
1446479242309427205
1446479242363953158
1446479242435383297
1446479242787581958
1446479262492631041
1446479390259490819
1446479415983153166
1446479703389450241
1446479987960389636
1446480091815596040
1446480122769547265
1446480152527978499
1446480215832727552
1446480303455973380
1446480349257781253
1446480500688769024
1446480500843900935
1446480504329486336
1446480570268073985
1446480594049945605
1446480914544877572
1446480967087149062
1446481003598409739
1446481056094474242
1446481097257373699
1446481247946035203
1446481255428616195
1446481433556623363
1446481626225995776
1446481758728433669
1446481765636452356
1446481902895046662
1446482010118103044
1446482011447861252
1446482042418614279
1446482079542353947
1446482142435938306
1446482236673597441
1446482254780321792
1446482426365153286
1446482491351748618
1446482559135793152
1446482579599802372
1446482765340307456
1446482883254829065
1446483017216630786
1446483017858490394
1446483018042863618
1446483018177290241
1446483019099901958
1446483020580593673
1446483132434296835
1446483214831341572
1446483295634591749
1446483327985270785
1446483402761375747
1446483616721260546
1446483641467613187
1446483741036191748
1446483800809168898
1446484032250912780
1446484288250257428
1446484329966628872
1446484345674518529
1446484541506527251
1446484611849199645
1446484656011026460
1446484667868323862
1446484717621104644
1446485342492762124
1446485446154883074
1446485506448138242
1446485533534920718
1446485533580939275
1446485568024682507
1446485670332178436
1446485671057580032
1446485752452288514
1446485820840554496
1446485999908007937
1446486004039360525
1446486031038091264
1446486051527147529
1446486059928461346
1446486080375697411
1446486265428316160
1446486282587230211
1446486541996548096
1446486551895097348
1446486650490658834
1446486654718341124
1446486732728414209
1446486792216014851
1446486840979214346
1446486856300830720
1446486864668540933
1446486907584663560
1446486980880179223
1446486984151740423
1446487027982159880
1446487028951097368
1446487045241724933
1446487129924718592
1446487281733406722
1446487298590248960
1446487379838226433
1446487456707072000
1446487524696809482
1446487606112493569
1446487635783004160
1446487638748405760
1446487810194743297
1446488062721146881
1446488075253821444
1446488129385517056
1446488166370844703
1446488257290702851
1446488453840052241
1446488587793481728
1446488634421649411
1446488699160522752
1446488832078192649
1446488877632475137
1446488941255872514
1446489009656565765
1446489019135762451
1446489154427232263
1446489272580775966
1446489287810338817
1446489528101851138
1446489646247161857
1446489710805716995
1446489711657295874
1446489748718166029
1446489751641591808
1446489770255917083
1446489785179250701
1446489796566675458
1446489808197595140
1446489877542019078
1446489934253248514
1446490093603246080
1446490118001467398
1446490146904363008
1446490156647665664
1446490183327641601
1446490212054470660
1446490270359560223
1446490291033284639
1446490316270280705
1446490322217967622
1446490342396776450
1446490423648669700
1446490489721659407
1446490546860552197
1446490571825037313
1446490572152184838
1446490574320648194
1446490574698258452
1446490574870171648
1446490581526405121
1446490583929966595
1446490630071463940
1446490639500185600
1446490682097606665
1446490683150258178
1446490748816396293
1446490819339427849
1446490961744437263
1446491048461623299
1446491107781746688
1446491109052518405
1446491169198907405
1446491221413801987
1446491533855891469
1446491561387302942
1446491818670104612
1446491826223910917
1446491958902464540
1446492070181580805
1446492168944697351
1446492276474134528
1446492305813278722
1446492406149439491
1446492517705392174
1446492528715370497
1446492632209891366
1446492632939700247
1446492705517936676
1446492766121299976
1446492793975853056
1446492870878408707
1446493064550395905
1446493083164610561
1446493083898683399
1446493159240859651
1446493174998966301
1446493366334545923
1446493383866920964
1446493594710384687
1446493632291348507
1446493666047049735
1446493838290395138
1446494009304752154
1446494056306065409
1446494176263221248
1446494189735325700
1446494229077786633
1446494342898720798
1446494348280057859
1446494418777874434
1446494490479316993
1446494569630208001
1446494621698252801
1446494667906949155
1446494909196869647
1446494933758713867
1446495017632108553
1446495022929616915
1446495023101583390
1446495050607829009
1446495128827404318
1446495255755431945
1446495315905941507
1446495383513927680
1446495599981961224
1446495672740548608
1446495721184694273
1446495851598200832
1446495924444930049
1446496103298338816
1446496130095792133
1446496269367578628
1446496280893661224
1446496330956820483
1446496423349039104
1446496605738344453
1446496752136245250
1446496858034118662
1446496868226244656
1446496909133291558
1446496914879488021
1446497070861459494
1446497078516064262
1446497192521441300
1446497380044611587
1446497483601944594
1446497559338434562
1446497605777645573
1446497648379371521
1446497691639422979
1446497790541111301
1446497864922828807
1446497962247528499
1446498042774007808
1446498111535423488
1446498116522418219
1446498117973467138
1446498118065922160
1446498118749630468
1446498119152066563
1446498119701569537
1446498119915610154
1446498120406343713
1446498137175171129
1446498166992478243
1446498260093390849
1446498267055988782
1446498271577448495
1446498275624951835
1446498311456890894
1446498321883930625
1446498376128864269
1446498385696071709
1446498498292162594
1446498521398534146
1446498548292497408
1446498603896168448
1446498614797295617
1446498664378155009
1446498809702490112
1446498859534798848
1446498899376619520
1446499014103404547
1446499134228271106
1446499197839020032
1446499321055154185
1446499387019042846
1446499544896843776
1446499557408399366
1446499633082028034
1446499665650675712
1446499712656416792
1446499858953740321
1446499933834649615
1446499994454925336
1446500027745116216
1446500077728583681
1446500129561878530
1446500148167778349
1446500199740944392
1446500216006451237
1446500225150078979
1446500371715674116
1446500395254226976
1446500498303901705
1446500499272998912
1446500611575455758
1446500632844587010
1446500633045991428
1446500633058562056
1446500633125679110
1446500633234739200
1446500633457020935
1446500639631106055
1446500648506298370
1446500657943302154
1446500745356976150
1446500795705278465
1446501017504428032
1446501093568094223
1446501202305425426
1446501360078295042
1446501388003991556
1446501432849436673
1446501452676050947
1446501595357851648
1446501601032687618
1446501606133014532
1446501882248192003
1446501891450433538
1446501891823882250
1446501926003224594
1446501952280432645
1446501998166171651
1446502029455659011
1446502035512254465
1446502049718362115
1446502143045816324
1446502148905263107
1446502158191452160
1446502228899024899
1446502245600796674
1446502392011362307
1446502533090856966
1446502627353796619
1446502642172235776
1446502733717012484
1446502737567440901
1446502747755343877
1446502791711703044
1446502795608219651
1446502849240723457
1446503168167272454
1446503229488041985
1446503274937470978
1446503337462009856
1446503401299210241
1446503476192743426
1446503523630342146
1446503701594714112
1446503750164746240
1446503918909988869
1446503919216050181
1446503986551533573
1446503998538883082
1446504097939476481
1446504124175065089
1446504151714877447
1446504234309066752
1446504373589323780
1446504467084496901
1446504508515885065
1446504536131219459
1446504547615133699
1446504565046759425
1446504616829591558
1446504635930349570
1446504709678944261
1446504768650809347
1446504805623500808
1446504930697744388
1446505010603384835
1446505028097773571
1446505147790761984
1446505231102234624
1446505414485553153
1446505580747792387
1446505666105987081
1446505666429034508
1446505668127576069
1446505674687631367
1446505675601768449
1446505678860861441
1446505679120863236
1446505680245071872
1446505682753269766
1446505705947766791
1446505756644319240
1446505819344932878
1446505824701009920
1446505927755157505
1446505936647073798
1446505953327673349
1446506030247075847
1446506092687609857
1446506444111728647
1446506488600530946
1446506490219704329
1446506535383875590
1446506904575004674
1446506924783161346
1446506958853390339
1446507241247543297
1446507422487617537
1446507525613002757
1446507632722808832
1446507859731156992
1446507943910772739
1446507977733718018
1446508050513207298
1446508306495938574
1446508314368544771
1446508441980317696
1446508622591062020
1446508935477932037
1446509165518667776
1446509273739976711
1446509308343029765
1446509398587842564
1446509441017212936
1446509460307025926
1446509604289093640
1446509614455930889
1446509661843251207
1446509692684050444
1446509692881031176
1446509971961794569
1446510193882370048
1446510534371782660
1446510563593498625
1446510699350401026
1446510710553563138
1446510723769802764
1446510923087294474
1446511106835423238
1446511202549608450
1446511440677019652
1446511544511172610
1446511665961390084
1446511672936603649
1446511728834060303
1446511848925315077
1446511957721247746
1446512026197577731
1446512030983327745
1446512077317804037
1446512196305960965
1446512215348191238
1446512356792717313
1446512635428491267
1446513009786961920
1446513065579581446
1446513085972455442
1446513167769772059
1446513191182348288
1446513208718675979
1446513216163438595
1446513217614712835
1446513218680205317
1446513226972286979
1446513234928971778
1446513242046713861
1446513257599045633
1446513269024477185
1446513295758868486
1446513304277561345
1446513342433136642
1446513467746254852
1446513660587876352
1446513720100888586
1446513770684092422
1446513775453081609
1446513827483459584
1446513880793026560
1446513999160520708
1446514010027806720
1446514063182233604
1446514118979198997
1446514127996915713
1446514141506805774
1446514235115196417
1446514301590806541
1446514355852427274
1446514479890669584
1446514483971739651
1446514517274468360
1446514574874890241
1446514700787781635
1446514732844953600
1446514951632396291
1446514987963490307
1446514990534598661
1446515014412627971
1446515072843468802
1446515094809108484
1446515193455038464
1446515292159500292
1446515305681928201
1446515342612865051
1446515421453115396
1446515425475399683
1446515445532696592
1446515462192443392
1446515496283746304
1446515608967946256
1446515732427284503
1446515732519342082
1446515732729139202
1446515876778450956
1446516248712470531
1446516406858567689
1446516449883926534
1446516457286864905
1446516477763325954
1446516604569886725
1446516670772781093
1446516782223740928
1446516782769086476
1446516786967588865
1446516993352343554
1446516994749210632
1446517049015119874
1446517137380610049
1446517163876130841
1446517300887265308
1446517344084402184
1446517591070105601
1446517594475962393
1446517855751753730
1446517978082709509
1446517978867146767
1446518059267551236
1446518261013696517
1446518328634351617
1446518371504332821
1446518493218689026
1446518558977150976
1446518819367768067
1446518874338324486
1446518879035998210
1446518955930050564
1446518994970845192
1446518995549446146
1446519003891961861
1446519097810948099
1446519189062275074
1446519273153781762
1446519397946904577
1446519519099318272
1446519813451522080
1446519875455922183
1446519916740415489
1446520056721154051
1446520360460066835
1446520379250446339
1446520416672141312
1446520508376301572
1446520553414828062
1446520557550329861
1446520576147955741
1446520724928307202
1446520753281699847
1446520757593546759
1446520766653034496
1446520766736961538
1446520771535269888
1446520772332195841
1446520774093787137
1446520775758864387
1446520776686018594
1446520777059209217
1446520797812727817
1446520814719967232
1446520938552598549
1446520979983933451
1446521056018141185
1446521066394984460
1446521076222205954
1446521079074275331
1446521106643529728
1446521332066398210
1446521375917805571
1446521623494881280
1446521625189437442
1446521666348093445
1446521745096073219
1446521773336502277
1446521806878384168
1446521816344846336
1446521930484432902
1446521958842212375
1446521962180796416
1446522040597585920
1446522042464063491
1446522043768315905
1446522053167759362
1446522062424576002
1446522071480094722
1446522080602693632
1446522235309731840
1446522421884821506
1446522510695145474
1446522533155594240
1446522617809223685
1446522627921625093
1446522725103804431
1446522753507545091
1446522773627719686
1446522877797441555
1446522905827758084
1446523182966579204
1446523282107166722
1446523282363076610
1446523329905577987
1446523402949439488
1446523404438446083
1446523432687083553
1446523460575014913
1446523490069319689
1446523519379152903
1446523589356883968
1446523592074829851
1446523622538059791
1446523952189292545
1446523979485913128
1446524071466999827
1446524122897342465
1446524336819642368
1446524368268533761
1446524397116923904
1446524579514441728
1446524585583812638
1446524636557045764
1446524784288964633
1446524841671094275
1446525043857444865
1446525131359232019
1446525484129558559
1446525557605224450
1446525610608705539
1446525615943860224
1446525782692544519
1446525832269217792
1446525878649987091
1446525935155650604
1446526004844011550
1446526025530318881
1446526046921269266
1446526157025943565
1446526168623161345
1446526176793702402
1446526408272998403
1446526560488628257
1446526820610973724
1446526848079261698
1446526855662772245
1446526921261686817
1446527042707595264
1446527175612669986
1446527279639707651
1446527308827742209
1446527572121055233
1446527734730170370
1446527860332797961
1446527865990914074
1446527889508159489
1446527894566707210
1446527908122697753
1446527913621430304
1446527969434943492
1446527982680645634
1446527987042512896
1446527987441180674
1446528057423142926
1446528124456509516
1446528315938852867
1446528315938861057
1446528316605964327
1446528317813788674
1446528318031818753
1446528326768599048
1446528330921123862
1446528332904996868
1446528403734138880
1446528409874706433
1446528422616911872
1446528506175709184
1446528566498402337
1446528850016493568
1446528860359696384
1446528897776975873
1446528927309209622
1446529126760947714
1446529176635330562
1446529205949419524
1446529218184163328
1446529294214303746
1446529471918526466
1446529513064747009
1446529537894805504
1446529581259923461
1446529615003070468
1446529634099765249
1446529643989852163
1446529694237614081
1446529753540751361
1446529774151667713
1446529781282086945
1446529910336483332
1446529911116767263
1446529957929394187
1446530054620684289
1446530262419001346
1446530505168629760
1446530550425133061
1446530701189423125
1446530817434558489
1446530831795855372
1446530831841779714
1446530831892324358
1446530832185925663
1446530834928918529
1446530840184381442
1446530929795555329
1446530941971677187
1446530965707313152
1446530986855079961
1446531013824454663
1446531093168103448
1446531110503075841
1446531141721366574
1446531269886545923
1446531335066198043
1446531391114653698
1446531413247922177
1446531480126066693
1446531547079876646
1446531699601510405
1446531735274020868
1446531740445683718
1446531759462551554
1446531915604013059
1446531952698347520
1446532063251865601
1446532090288295940
1446532117043851265
1446532291229061124
1446532312301191176
1446532639758950404
1446532844650700804
1446532853747961856
1446532902523707400
1446533089346347010
1446533303742328832
1446533348575170563
1446533348894167045
1446533498223751168
1446533535116849153
1446533592985833482
1446533740642009088
1446533750309806085
1446533759264858113
1446533787903578114
1446533825459335169
1446533911794880520
1446534039159123969
1446534123716239367
1446534168612163589
1446534396027211778
1446534552449478656
1446534575581192195
1446534707357700101
1446534726047703042
1446534799510880260
1446534926313136128
1446534942587031556
1446535514841096194
1446535691534573570
1446535864952164360
1446535865887453184
1446535866671845378
1446535867116437504
1446535870593437698
1446535870941515778
1446535871985905664
1446535872246005761
1446535874179567616
1446535914994470928
1446535964332105731
1446536059043602435
1446536059966443521
1446536086549848067
1446536116966866945
1446536173162319873
1446536211183677444
1446536300136476676
1446536368734162947
1446536386002227200
1446536415785984001
1446536486950744064
1446536650377605122
1446536855185358855
1446536871996100613
1446536934440857601
1446537137403408384
1446537200477351940
1446537367402262529
1446537375140700163
1446537396405751811
1446537552027131904
1446537554652717059
1446537711435845643
1446537865350029315
1446538053485580288
1446538231693119495
1446538438631641095
1446538440846237698
1446538604164128768
1446538621662662657
1446538659415486465
1446538672585809922
1446538727757549579
1446538763320971264
1446538780383473667
1446538791569825795
1446538793217970179
1446538811194937358
1446538967419998208
1446538986021920770
1446538986034327554
1446539049771089922
1446539136781934592
1446539200757735425
1446539261881290774
1446539409441099786
1446539473446215681
1446539509135560709
1446539530941632518
1446539603863867399
1446539652714962945
1446539676194590725
1446539697740779536
1446539714790625296
1446539782239277062
1446539851063386117
1446539997516021762
1446540039844888576
1446540107465601025
1446540166882070536
1446540217373106185
1446540269696942082
1446540458512064515
1446540511645425670
1446540713110482950
1446540776834482182
1446540826209923072
1446540898536329216
1446540898934816768
1446541025640603652
1446541080032284678
1446541183715459073
1446541198865223682
1446541415186632713
1446541585366323214
1446541595369672706
1446541620556574722
1446541688604872708
1446541693130522630
1446541769215299587
1446541854753832961
1446541960060227588
1446541993878904839
1446542140486651912
1446542188175888400
1446542248338939907
1446542425011494914
1446542443961278478
1446542599767134219
1446542612568199173
1446542772039737344
1446542790800838658
1446542884086374403
1446542955687432194
1446543000423833603
1446543032497545217
1446543157810839553
1446543195547000847
1446543348051894272
1446543379358224406
1446543414741192706
1446543416188309505
1446543416989343748
1446543417060646917
1446543417631199236
1446543435981328400
1446543438825070592
1446543457670029318
1446543472194818050
1446543472744402954
1446543498656854019
1446543504914722830
1446543523747086342
1446543660783439883
1446543666743586823
1446543874114138113
1446543994125758467
1446544065345032204
1446544101604794371
1446544116012171270
1446544404211240985
1446544410200657925
1446544520280162308
1446544528337367045
1446544562600742927
1446544671677763588
1446544673271648272
1446544680406159381
1446544729437573142
1446544842079756299
1446544850996899844
1446544947646275585
1446545037135728641
1446545133583822848
1446545176499875840
1446545321186639872
1446545323577511949
1446545395388145669
1446545412379316260
1446545485897080835
1446545621960302593
1446545678407241765
1446545778277851136
1446545830715039746
1446545836599611399
1446545931462086660
1446545938718212098
1446546017248235522
1446546022440706048
1446546291601952769
1446546294663565318
1446546447885869059
1446546449869664256
1446546524436008968
1446546547425034243
1446546566630805531
1446546830540480512
1446547027764994048
1446547040222253101
1446547129498062853
1446547167460614146
1446547215644823565
1446547311010664456
1446547448193642496
1446547488932909056
1446547698186956811
1446547791111757827
1446547887731535873
1446547946946899980
1446548145333223424
1446548251407228931
1446548312841150464
1446548353848909824
1446548448329682944
1446548514788585473
1446548560959266819
1446548591493804033
1446548721437749251
1446548839721324545
1446548893315993604
1446548931823947776
1446548935963721729
1446548939088531481
1446548955064635422
1446548989948669955
1446549099088474115
1446549140968771592
1446549205284229136
1446549527268364314
1446549558385905679
1446549623376646164
1446549664015192073
1446549815349940246
1446550154153189376
1446550230560919554
1446550232519610376
1446550234801311760
1446550246960545793
1446550294418968583
1446550332608327683
1446550433468764161
1446550459527880705
1446550461855801348
1446550504306352130
1446550612951318530
1446550637219569665
1446550681847013380
1446550965973250050
1446550966157955073
1446550966572969986
1446550966690533377
1446550968687071247
1446550969077141517
1446550970092060674
1446550971870547986
1446550971996377102
1446550972411613210
1446551036961992706
1446551085116755979
1446551094583349248
1446551105110949893
1446551144545796096
1446551202422943746
1446551209637253147
1446551246152863753
1446551427187236867
1446551427564904449
1446551505696395278
1446551524134490116
1446551554144624640
1446551736999579650
1446551775612375049
1446551855123861546
1446551882432860162
1446551886270763014
1446551917333725188
1446552001291096065
1446552101111410692
1446552186150871040
1446552221156524034
1446552223715004417
1446552289351766028
1446552314400190465
1446552320133763077
1446552503529660418
1446552538501812249
1446552670379118612
1446552738729365506
1446552790675902472
1446553103122239489
1446553104992899107
1446553290578137090
1446553344403820551
1446553481192427522
1446553481196675074
1446553524498731015
1446553568010506244
1446553750349418501
1446554018864631808
1446554070508990465
1446554197231603716
1446554305885048855
1446554686077628417
1446554739370455046
1446554739508973593
1446554753329160193
1446554991028621319
1446555016651755521
1446555058469052416
1446555147635732482
1446555182750474241
1446555344407257090
1446555570929078300
1446555614663094273
1446555738214699047
1446555775753728002
1446555982428049425
1446555997733064723
1446555997905068032
1446556012820013058
1446556187244302368
1446556268026601473
1446556331935256576
1446556506627973124
1446556578019217412
1446556679101894656
1446556823205654529
1446557292737007657
1446557300773294114
1446557390212567050
1446557544806289410
1446557567560425476
1446557691342581763
1446557698737201153
1446557874247847940
1446558000525762561
1446558078778937353
1446558293342793728
1446558300351471617
1446558310665236481
1446558477036314715
1446558515858923523
1446558515888336898
1446558516064497664
1446558516173541404
1446558516576194591
1446558516920127520
1446558519369601042
1446558733727789058
1446558961306636353
1446559024804151298
1446559230996144130
1446559254463320092
1446559371119452161
1446559489260331010
1446559684379480109
1446559743347249152
1446559781267771397
1446559809151635491
1446559843339288576
1446559861521584130
1446559881167790082
1446560013170970660
1446560024281681997
1446560029536972804
1446560031814651922
1446560240661631030
1446560412598603776
1446560482207404044
1446560612734144520
1446560752584822788
1446560813226070034
1446560846067470340
1446560947510906937
1446561030834774017
1446561030868504609
1446561031027888184
1446561038246285318
1446561039491940352
1446561061902057472
1446561386121814016
1446561416455102466
1446561664191528960
1446561738942521347
1446561778071179290
1446561987266154497
1446562298227789834
1446562557553266690
1446562730119421952
1446562751422373895
1446562809823780870
1446562831311282182
1446562895236579334
1446562911812456455
1446562971346477059
1446562972394983427
1446563269930536963
1446563547442401280
1446563714614845445
1446563773364457476
1446563805002092550
1446564080811139079
1446564195022118919
1446564833520873476
1446564855960408064
1446565152392888327
1446565194113576961
1446565528970137611
1446565740341911556
1446565772965208066
1446565963772665865
1446566008169304068
1446566029111463938
1446566065190879235
1446566066243584001
1446566068751900675
1446566069271994374
1446566069905330188
1446566071222345731
1446566071486533646
1446566072572911619
1446566298159247362
1446566331692716032
1446566397941780489
1446566524601487365
1446566567563567107
1446566569920933890
1446566578959626241
1446566681963282441
1446566854009425920
1446566955775930376
1446566988747313154
1446567228342743040
1446567276606537729
1446567320080420865
1446567323675074561
1446567346525675522
1446567419930189824
1446567517661523970
1446567557251612673
1446567726932283397
1446567769152147462
1446567770762612736
1446567909032177665
1446567988203700224
1446568127756652546
1446568176976867328
1446568213425401863
1446568216000671744
1446568272611233793
1446568393276985348
1446568468422303744
1446568547409399809
1446568593580122116
1446568681606107136
1446569277696487425
1446569284931575808
1446569339340083207
1446569368297656331
1446569434278207489
1446569611156205568
1446569625827819522
1446569763275214851
1446569838990741506
1446569839007522823
1446569839427035143
1446569858133598213
1446569968280219651
1446569970729684993
1446570188569292800
1446570295964454917
1446570451422097412
1446570469566656519
1446570611036262407
1446570651771457542
1446570860131721216
1446570865345376261
1446570869187170305
1446570904771727360
1446570909486174213
1446570912694865925
1446570951991349250
1446571001928556549
1446571008639578123
1446571097495834635
1446571099517562889
1446571108262727685
1446571241578668044
1446571442473164801
1446571448944889857
1446571478707695617
1446571618327830533
1446571778055233538
1446571791804211206
1446572103919153152
1446572113691881474
1446572149972643840
1446572184688812032
1446572293493231619
1446572586545057796
1446572645542096896
1446572872915378179
1446573250818068487
1446573300734472212
1446573346632704001
1446573461644718088
1446573613885366273
1446573614145277953
1446573614715662337
1446573615110000643
1446573615852531713
1446573622932516871
1446573637541183493
1446573664347082754
1446573672232275975
1446573679110987779
1446573693652676613
1446573821830512643
1446573858065092609
1446574090874146819
1446574390674698242
1446574636452483076
1446575125516668935
1446575227182387202
1446575355490353156
1446576129259630593
1446576130245357574
1446576130329174040
1446576138306957315
1446576154735951877
1446576156346617858
1446576207689048071
1446576246754791430
1446576272415547397
1446576715359211522
1446576786343596035
1446576794455482373
1446576889074700288
1446577384153624583
1446577388754661378
1446577388821880846
1446577389056577536
1446577389371211778
1446577798848593920
1446578049693138950
1446578158942052354
1446578221944750080
1446578564019769353
1446578647020687363
1446578657221398530
1446578795478085634
1446578861710495760
1446578953657982976
1446579150249099266
1446579227453706250
1446579299696455690
1446579318583439367
1446579386694656010
1446579391652376579
1446579392357011459
1446579558183014403
1446579568626786308
1446579592362397697
1446579648431804417
1446579716144697349
1446579741075574789
1446579760751124481
1446579785141047296
1446579911431491591
1446579962962583552
1446580258644316160
1446580341209247750
1446580585250627592
1446580653915623424
1446580738091065348
1446580930336931842
1446581140589060097
1446581163741433856
1446581164299350017
1446581165478010895
1446581166048350209
1446581166476128258
1446581167105495046
1446581167608717314
1446581168107892743
1446581169563308041
1446581170414759941
1446581171605934082
1446581176760770562
1446581255869505548
1446581299729379337
1446581307119636482
1446581337654276097
1446581357686165505
1446581363537235975
1446581368889217025
1446581390779330563
1446581391806844928
1446581471792320513
1446581568902926340
1446581947904536577
1446582048299397124
1446582154356461570
1446582274632392705
1446582503771451395
1446582776615116808
1446582987387293697
1446583100826431495
1446583150742749190
1446583255520579586
1446583287787364354
1446583325871656962
1446583489395052550
1446583671511818242
1446583680181227527
1446583680441352195
1446583856597979136
1446583998961143813
1446584136098095104
1446584183577481221
1446584341782532099
1446584438796668928
1446584503913353223
1446584532946280453
1446584573018742786
1446584806855303172
1446584824718929928
1446584954356383746
1446585027584610304
1446585417332101124
1446585545988186117
1446585633250627589
1446585690821730316
1446585987627425795
1446586054648160258
1446586073094709257
1446586133455020033
1446586196776271872
1446586197262876678
1446586203411714061
1446586491606429699
1446586553485103105
1446586556643426307
1446586684192268292
1446586779818250247
1446586845773586433
1446587259290071043
1446587350369320963
1446587978663477257
1446588553908064257
1446588673923878916
1446588714017333248
1446588714176507904
1446588714344321028
1446588715132854274
1446588716131225601
1446588775640051712
1446588881881739266
1446588919286542336
1446589124144627714
1446589552412536844
1446589758843625473
1446589993233883141
1446590017246269444
1446590320326631426
1446590449104429063
1446590605740675077
1446590862427885574
1446590876365561856
1446591149154738178
1446591342528827397
1446591447352889349
1446591479225352193
1446591494320754690
1446591564252332039
1446591692824535045
1446592106680651780
1446592189115609092
1446592245830934528
1446592305817849860
1446592313896095746
1446592457832026114
1446592485589925890
1446592488060465154
1446592488249167873
1446592795070791681
1446592949467242496
1446592993578868743
1446593103981330432
1446593312337629186
1446593341571964933
1446593591355318276
1446593647298895874
1446593746519224320
1446593746594848773
1446594059519369216
1446594087356813314
1446594135432048642
1446594153744371715
1446594278331928576
1446595004688916480
1446595011525718021
1446595091485892608
1446595095269097478
1446595105155026945
1446595142689820675
1446595352933638148
1446595685269139460
1446595887820591111
1446595902995501058
1446596047476862976
1446596132424097795
1446596262954889221
1446596263525371906
1446596263730827264
1446596264229965825
1446596265475821577
1446596265752600581
1446596269024194562
1446596269497995264
1446596270198513665
1446596270202703873
1446596297318928387
1446596306265378830
1446596338163007494
1446596386464665606
1446596404185636866
1446596408241491974
1446596473487908864
1446596515003240455
1446596535416856576
1446596620754341893
1446596671715135489
1446596970907254785
1446597422625529858
1446597442884055043
1446597538690355203
1446597665257660418
1446598024617021440
1446598317128011779
1446598531855183873
1446598617771372546
1446598700202082305
1446598724604465152
1446598788701900801
1446599089517387776
1446599154466271239
1446599421169446920
1446599492149592065
1446599513934897162
1446599535959187461
1446600037849575429
1446600037924950016
1446600083059904514
1446600193407868931
1446600316770611207
1446600512435101696
1446600582416973825
1446600611437420554
1446600699836518410
1446600754941157377
1446601059049279489
1446601164783505411
1446601207129255937
1446601585153519620
1446601634298093569
1446601813931683841
1446602240190386180
1446602325032939553
1446602397762064390
1446602434189594629
1446602562321387528
1446602762280636417
1446602840122839047
1446602875883425795
1446602892664872960
1446603180897357827
1446603208961429506
1446603228968374272
1446603240804687872
1446603397419896834
1446603434874966025
1446603442865127430
1446603446975488000
1446603671245148164
1446603750525874177
1446603784285720579
1446603791319638022
1446603804200296450
1446603813515788294
1446603814749024262
1446603898949672960
1446604037130965000
1446604207403020292
1446604304387821574
1446604317843206144
1446604344745332737
1446604440551763968
1446604531366772742
1446604744261312517
1446604908241821699
1446604942534402051
1446605016186433541
1446605029582934018
1446605097933283329
1446605108435816449
1446605154397085699
1446605183870504960
1446605363567022082
1446605367216070658
1446605683206590465
1446605778069114884
1446605799342620674
1446606008843968514
1446606038791241728
1446606159054442507
1446606274104340494
1446606328508534787
1446606329380945924
1446606329439739907
1446606340709888005
1446606366655881216
1446606385165135874
1446606495412588546
1446606577767784457
1446606581076922372
1446606670440902661
1446606794118336513
1446606864968560640
1446606868001001473
1446606975303880704
1446607044417449990
1446607146230026240
1446607176785485825
1446607207525720069
1446607297296441346
1446607305076875264
1446607317982715913
1446607482529501190
1446607619045695489
1446607995467706377
1446608019962437643
1446608052438933508
1446608104330874880
1446608120994729989
1446608156281421826
1446608156738609155
1446608534393659396
1446608640425795587
1446608642678001664
1446608716200128518
1446608854188535811
1446608856918921222
1446608862077915137
1446608866469298178
1446608873553645568
1446608904750784523
1446608967019470849
1446609169021341703
1446609292497391617
1446609349397319681
1446609398001016832
1446609435514769411
1446609456087846913
1446609548953927681
1446609556147159047
1446609600426430471
1446609702478036993
1446609714243010566
1446609834636455938
1446609838872608772
1446609899228704770
1446609927276056578
1446609984825999362
1446610032850833408
1446610104183402497
1446610359603789824
1446610421209698308
1446610502340251648
1446610645881815040
1446610717235453955
1446610958701506565
1446610980860006403
1446610987956768773
1446611143171129344
1446611362851995649
1446611363426496514
1446611363497975811
1446611367621013504
1446611384972849153
1446611427737882629
1446611430837563393
1446611498793504772
1446611524680826880
1446611528254427142
1446611536068464640
1446611648572235776
1446611660102422531
1446611678649585666
1446611709863542788
1446611718084481025
1446612088508592134
1446612094921723908
1446612096683229189
1446612098721718273
1446612312744419334
1446612434354065408
1446612598028394500
1446612730996088833
1446612872411418625
1446612881227665410
1446612906112700430
1446612945308356619
1446613041194340355
1446613290692526080
1446613293490114565
1446613491859722244
1446613609388281856
1446613787763695620
1446613936292368390
1446614004835700736
1446614045499396098
1446614232527740932
1446614250361954307
1446614393353957382
1446614398345175041
1446614491005865988
1446614541043859456
1446614755767164928
1446614818153193473
1446614886931484676
1446614898914512903
1446614946041769986
1446614946649890817
1446615021266538502
1446615137339781120
1446615184601124868
1446615212421955590
1446615309994049541
1446615332655927296
1446615433063407619
1446615505939451909
1446615518388031488
1446615549656682499
1446615554652049408
1446615710147375106
1446615713427312644
1446615736928161792
1446615756846755841
1446615785435193347
1446615796969529344
1446615803344744449
1446615896815017984
1446615963194077188
1446615968415891456
1446616054197678080
1446616059868499969
1446616109382356994
1446616143289069571
1446616232577351686
1446616366484688902
1446616375427051521
1446616394439831552
1446616395744227331
1446616404023775241
1446616422386388996
1446616453000667137
1446616464362926084
1446616481580699658
1446616647385575425
1446616698665291778
1446616738607493122
1446616805309665286
1446616857256026114
1446616879133515779
1446616934305320965
1446616961908187146
1446617002089623556
1446617005545517062
1446617044036751362
1446617117395144705
1446617163494739972
1446617167127105536
1446617170407038982
1446617175834378244
1446617200325009408
1446617504835674112
1446617535156211718
1446617559613116419
1446617588524466179
1446617592513368067
1446617616777420800
1446617626248052739
1446617659576102918
1446617772457349121
1446617889608503302
1446617891756027912
1446617915546025988
1446618092050821123
1446618146358583300
1446618171067101187
1446618285085167621
1446618408854958103
1446618473371770884
1446618490010578946
1446618509933522949
1446618555311706116
1446618581161160709
1446618665051467779
1446618887286624257
1446618912200839169
1446618912423096324
1446618912531968003
1446618913043795970
1446618913761120260
1446618914138492928
1446618925869973506
1446618937664450563
1446618952738787336
1446618960049364999
1446619077301047301
1446619082552393732
1446619093780598785
1446619156040896515
1446619218242322433
1446619249980674049
1446619302107303942
1446619308612800515
1446619381417582594
1446619482147991554
1446619518243987457
1446619547935682563
1446619636959784966
1446619652893954059
1446619685303177216
1446619691267526657
1446619747529887746
1446619767255797763
1446619779134107648
1446619919060250625
1446619953940123654
1446620177337044997
1446620249344942080
1446620280600899585
1446620281641050113
1446620287034871810
1446620296405032962
1446620353552388100
1446620396690759680
1446620517696425985
1446620580019572737
1446620631731167232
1446620645480009729
1446620661850517513
1446620934023045128
1446621094312611840
1446621268002971650
1446621273182904327
1446621300567465996
1446621316619063300
1446621349590470665
1446621349636542464
1446621409132744711
1446621428711772161
1446621428854378502
1446621428879663109
1446621428992860162
1446621439440957442
1446621492989415426
1446621517618585602
1446621518784520193
1446621580906303492
1446621647016841219
1446621661806034946
1446621664083595266
1446621728403333122
1446621742898704384
1446621899019231248
1446622074177523714
1446622149213659139
1446622183799902209
1446622190527467521
1446622277324447748
1446622290649628672
1446622343934058496
1446622349395054593
1446622484069957632
1446622485978525698
1446622543021027328
1446622657512972291
1446622681718161409
1446622707265667074
1446622802124189698
1446622828342624257
1446623082928648195
1446623119498625024
1446623142244347909
1446623176050491397
1446623251988455424
1446623292832485376
1446623332951109636
1446623446495109124
1446623557077946369
1446623661692162048
1446623704281194496
1446623908522770433
1446623945407582210
1446623945529069570
1446623954731425803
1446624078299795470
1446624084830433280
1446624098025721860
1446624103348195328
1446624319522713600
1446624621655216134
1446624622699589633
1446624689577545735
1446624766639620098
1446624788626165761
1446624944624898053
1446624982935773194
1446624991940907011
1446625060333174787
1446625172887384067
1446625229934112770
1446625304789889029
1446625435941580802
1446625465280647173
1446625488785625094
1446625514832138242
1446625542120292355
1446625611376734210
1446625714372071426
1446625721305161734
1446625782500102147
1446625846744256514
1446625931817373700
1446626019142742016
1446626100826808322
1446626260373835776
1446626313465442311
1446626366573715459
