1369075464447393792
1369075496902856706
1369075863694761986
1369076190573699073
1369076286224801794
1369076371683762177
1369076579914153984
1369077310272462854
1369077800058163201
1369077812552957955
1369077906811588609
1369078022826033154
1369078137003401220
1369079084907630594
1369079474311073798
1369079496217948167
1369080317928235015
1369080811841011715
1369080945173815297
1369081168558178304
1369081675829936130
1369082156119711750
1369082573545160707
1369082776285249541
1369083008502800384
1369083008658022404
1369083472615251971
1369083581730021381
1369083584506703879
1369083601162301440
1369083731043028994
1369084376722587650
1369084558285635587
1369084740318490625
1369085398669012996
1369085440737898499
1369085525206859777
1369085830438948865
1369085918766829572
1369086036257746947
1369086071741497345
1369087217797369856
1369087299473055753
1369087437734109191
1369087451227111428
1369087452535795722
1369087565324824581
1369087871488032773
1369088395020996614
1369088447827304453
1369088528194363393
1369088638798200839
1369089695871868932
1369089818756538368
1369090563388043264
1369090563497025543
1369090633827246085
1369090655696388096
1369091079035908098
1369091161940516866
1369091438596812809
1369091448038060034
1369091635368370178
1369091695539785732
1369091766813663234
1369092595272540166
1369092993022627846
1369093129085870081
1369093482183327750
1369093604434604033
1369094027832942592
1369094098800508932
1369094370260041728
1369094783428423683
1369094941197148162
1369096005199794177
1369096216051654659
1369096229129310211
1369096327288811523
1369096812800393222
1369096849785643010
1369097117382410244
1369097135652802568
1369097434593456131
1369097911322218501
1369098263467593728
1369098275899518983
1369098458536218625
1369099418927050754
1369099518319472651
1369100095937986560
1369100231925772290
1369100247734104067
1369100334166142980
1369101169381892100
1369101247136096258
1369101530482229251
1369101699030323203
1369101808279388161
1369101847764606976
1369101898847051778
1369102089566224385
1369103088989188096
1369103623699972098
1369103994174443523
1369104609814413312
1369104913670811651
1369105056230998022
1369105419822628866
1369105693584789508
1369105813470654475
1369105879468040195
1369106160184352771
1369106388690026497
1369106425998348290
1369106497456705544
1369106582089441281
1369106742546665476
1369107555033694212
1369107684365074436
1369107712324349952
1369107751226511362
1369107962455789569
1369107967908405250
1369108272276471809
1369108286625185794
1369108632546197506
1369108743514951680
1369108754877284355
1369108788825964545
1369109360501084161
1369109697895100419
1369109703351930883
1369109724864593929
1369109877117829120
1369110830046875654
1369110878407233537
1369111295094632449
1369111661697699843
1369111731310649344
1369111949317840898
1369112458409824256
1369112477531860994
1369112655135449089
1369113409564839939
1369113517949878276
1369113825052594179
1369114330772484102
1369114674785116163
1369114967933411330
1369115232820363265
1369115420117106688
1369115533598224388
1369115876243480580
1369116312904101893
1369116326908821509
1369117169255133187
1369117309256802307
1369117896039936000
1369118228484661253
1369118471032832001
1369118540431847426
1369118721076322305
1369119095665401861
1369119755064446976
1369119969821261825
1369120743334805505
1369120760376221703
1369120805590884353
1369120872754216962
1369120918933536769
1369120967860002821
1369120985115418624
1369121145623085058
1369121217173667843
1369121362636378113
1369121900593635330
1369122003609919491
1369122006185181189
1369122126893047810
1369122431907008515
1369123059081297925
1369123930854854658
1369124002044796929
1369124016733163522
1369124044415635462
1369124085054193667
1369124244416827393
1369124362343874567
1369124532418711554
1369124611896532994
1369124663972990979
1369124692540485633
1369125431685812224
1369125516213686272
1369125885882863617
1369127040511840256
1369127310192877568
1369127334108934144
1369127952986877956
1369128388078809089
1369128453153427458
1369128640471052289
1369129155929997314
1369129322817142786
1369129406975860737
1369130723676938242
1369132400383516672
1369133850731945987
1369133893350268928
1369134017883291650
1369134406242361350
1369134598618292228
1369134803661058051
1369135101670424579
1369135167223300097
1369135778538881028
1369136011733839877
1369136644427776000
1369136683640369153
1369137136696430592
1369137883827871744
1369138182982426626
1369138292973789185
1369138325970448384
1369138524281212933
1369139290047877120
1369139631623704585
1369140633198329857
1369142751883894786
1369143406388146181
1369143485861924865
1369144097395646464
1369145523878457344
1369145841739575298
1369146232938110976
1369146977947115520
1369147181492412419
1369147480978391043
1369147503061393413
1369147870956388352
1369148285139697664
1369148322594820096
1369149593120874498
1369150506904477699
1369150722059759616
1369150959176216579
1369151247983517696
1369152986363031553
1369153105103847424
1369153394208804866
1369153610794287104
1369154251008663557
1369159005139050503
1369159174433701888
1369160136212746248
1369160720915591169
1369161032996884485
1369162668125392896
1369163512426205186
1369165851807584259
1369166061669584897
1369167164519944192
1369168176601260032
1369168923925577731
1369169830536962060
1369174063193657344
1369174403469180929
1369174624223731713
1369174625750372353
1369175954933825538
1369176796034437120
1369177325057810433
1369178435579506693
1369190658855075841
1369193618636947461
1369195164170911750
1369196260931080193
1369202686478798850
1369207242742980611
1369211361482407936
1369215196464549892
1369216995552620544
1369217073864445953
1369217721691471872
1369222707611570179
1369223766065246210
1369225394457612290
1369230229005340674
1369230241726668801
1369231287324729345
1369237295350624262
1369239613680795653
1369240773682683904
1369241562878668802
1369242230519697408
1369244907576123399
1369245328097107970
1369245328214425603
1369246587717828614
1369246679015243778
1369247228750135302
1369249230620098565
1369250002506289155
1369250211130970113
1369250612949483525
1369250653772673027
1369250885025492992
1369251160272560129
1369251211157897225
1369251416808767488
1369252006011998212
1369252856520306690
1369252922140327938
1369253331596681222
1369253399301079040
1369253645678616577
1369253646265970690
1369253649654890496
1369254661966987264
1369254920344502278
1369255751877861380
1369255917791895559
1369256652742959110
1369258612577759234
1369258763883012096
1369259363593035776
1369261085367414785
1369261674398707713
1369263025392386051
1369263981567873027
1369264826149724168
1369264828079038465
1369264941891518465
1369265604805488642
1369265761206870021
1369265765560573954
1369267378215923714
1369268175892852739
1369268653829615619
1369268729285074946
1369268946126389255
1369269374821957634
1369269476999462913
1369269797280751625
1369270130262347782
1369270150143283200
1369270381413076996
1369270446483513345
1369270454846898179
1369270616310886400
1369271415778721793
1369271507738898439
1369271757551460356
1369271758415486979
1369271758998491142
1369271912946405376
1369271972086091782
1369272238462169089
1369272345588858880
1369272374034587650
1369272414480314372
1369272424118751237
1369272886679199746
1369273039704178689
1369273279798648844
1369273594866511874
1369273821920976896
1369273960563679238
1369274315263401992
1369274377368449031
1369274600727674886
1369274607535001604
1369274772266250241
1369276030599397381
1369276194655469570
1369276507579891717
1369276849222737921
1369276898421989376
1369277288970289153
1369277322994532354
1369277664704528385
1369277953515913216
1369278208659587073
1369278544908582912
1369278553838280706
1369278802292051975
1369278951328280580
1369279039400271873
1369279232967401472
1369279709549301763
1369280182440374274
1369280616152305668
1369280941059960837
1369280952929820674
1369281090817556486
1369281622961496064
1369281761176399874
1369281784551202820
1369281818923532298
1369281834807398408
1369281844898856961
1369282095852511237
1369282932259627011
1369282997376188418
1369283285780692992
1369283408506085379
1369283475841368064
1369283484041240577
1369283727705190414
1369283833586139143
1369283895615754242
1369284149173960716
1369284174872469509
1369284454678675456
1369284589886267393
1369284608089419779
1369284670580490245
1369284833617313801
1369285226573094912
1369285527116058633
1369285658150383622
1369286608428621826
1369286674627362816
1369286844693807106
1369286857037553666
1369286858014814214
1369287119789641729
1369287441010540547
1369287798805692417
1369288032302600201
1369288588752543744
1369288839072788482
1369288974565576708
1369288991426703361
1369289380129628167
1369289387503194120
1369289643930378243
1369289716173012992
1369289724746162180
1369290012563365892
1369290016531255306
1369290344593035264
1369291017350868995
1369291129976360961
1369291815992651778
1369291902604898306
1369291908497965069
1369291917150855176
1369291926764191744
1369292108880896000
1369292188266487815
1369292915713904643
1369293629978722322
1369293737613012997
1369293839182278661
1369293847524749317
1369293855842054153
1369293930823553038
1369294292217303040
1369294293656035337
1369294839435689985
1369294929541881858
1369295325920395268
1369295391422812168
1369295455423770629
1369295473329242116
1369295759317819395
1369295780167704576
1369295849348599816
1369295858299248657
1369295866511646721
1369295877018378250
1369295878201241604
1369296162096832513
1369296255394938896
1369296339121668107
1369296400362668039
1369296768136052741
1369296839518920713
1369296854521942024
1369297277513269248
1369297285348286472
1369297293292298244
1369298244329701386
1369298256749072387
1369298623620657178
1369298948763041798
1369299115180519434
1369299612654329863
1369299897372061704
1369300152415031297
1369300641122820101
1369300934963179529
1369301478284918792
1369301838336557068
1369301893416157184
1369301929441034240
1369301987712499720
1369301997002842116
1369302006771376140
1369302148287246343
1369302589557342218
1369302803068432393
1369302831388368905
1369303068706283526
1369303609314316288
1369303713966415881
1369303724053696519
1369303863166173194
1369304100722991105
1369304104657448960
1369304105097687040
1369304146617249792
1369304265232093184
1369305212113063938
1369305221042700301
1369305231247474691
1369305238855950349
1369305293197348867
1369305461049208840
1369305611213496320
1369305721716813838
1369305810258509830
1369306451370520580
1369306915445039110
1369307055128014861
1369307370799632386
1369307922262614027
1369308232037130245
1369308799677440006
1369309107941949452
1369309501535387649
1369309502458097666
1369309786102243329
1369309915962109954
1369309953861779464
1369310474907623435
1369310772610830336
1369310847361810440
1369311824500432899
1369311879051567111
1369312548315672576
1369312702955466755
1369312792205987846
1369312895780196355
1369313276325199878
1369314037994057737
1369314048202915849
1369314319658270720
1369314534243016707
1369314665042427913
1369314687414894601
1369314893707546627
1369314902683381762
1369315048301207553
1369315530474221571
1369315538908889095
1369315547779915781
1369316267694428166
1369316643269189636
1369316661149507587
1369316812295405577
1369317051769176065
1369317060627496960
1369317131242905607
1369317188113489931
1369317390585126917
1369317655518339078
1369317956405129223
1369318411046633483
1369318882113126407
1369319167946612740
1369319203648507904
1369319337593540609
1369319411367219203
1369319567395155969
1369319596931620867
1369319627357106176
1369319739697344518
1369319785083924483
1369320350148870149
1369320475692777472
1369320521200975875
1369320799480451074
1369321037641482242
1369321115441635329
1369321139122692097
1369321226540351491
1369321762073305095
1369321871976652807
1369322150826565638
1369322567295766535
1369322734103232521
1369322837618606082
1369322920393273354
1369323351160799234
1369324582050660352
1369324602409840642
1369324755745181696
1369324877497462792
1369324997848760320
1369325010800816137
1369325024700739588
1369326000253906948
1369326297785262088
1369327368800792582
1369327413080059908
1369327738016985090
1369327803896918017
1369327855553966085
1369327875489402886
1369327956091342856
1369328546473246730
1369328620582412302
1369328703726096393
1369328870567084033
1369328926904958985
1369329354254258183
1369329740746784771
1369329779397255173
1369329819641647110
1369330475802763269
1369330622934695936
1369331666133651456
1369331818852474882
1369331907062865928
1369332905181409283
1369332936500260867
1369333008994603011
1369333082344611841
1369333455838982147
1369333514873749508
1369333527360249861
1369333741777223685
1369333823624933377
1369334503035072530
1369334555363184641
1369334718550978564
1369334843960594432
1369335470208016400
1369335590244737024
1369335944730574877
1369336213652570114
1369336347845070850
1369336376047583232
1369336597800435713
1369336616427413509
1369336962411290624
1369337987356590080
1369338000036028419
1369338122950094849
1369338143690874887
1369338283428315140
1369338672642985988
1369338837931986945
1369338897264762887
1369339343521906689
1369339398802857993
1369339400530890756
1369339458944925702
1369339700222169088
1369339701325410309
1369339701409284097
1369339702218792970
1369339724889010178
1369339838609190922
1369339846645477377
1369339847735918593
1369340259658575876
1369341000150310917
1369341713223884800
1369341830777692164
1369341906493337600
1369342245602799622
1369342268759564297
1369342391560396806
1369342949851594757
1369343037898362881
1369343080848035845
1369343095620403201
1369343330463715337
1369343344887934978
1369343361967001600
1369343362818469889
1369343422562189318
1369343460533272578
1369343487842324489
1369343492858777602
1369343509086494723
1369343670646943744
1369343776590884876
1369344189926871040
1369345382765891587
1369345485799055365
1369345515079544840
1369345743488696328
1369346489642856455
1369346553752748034
1369346707146866689
1369346714084212737
1369346877649469441
1369347560578617348
1369347946165268498
1369348065254137866
1369348266245128207
1369348608626204673
1369348611981668360
1369349217420972035
1369349269480738822
1369349766602125312
1369350088536055814
1369350202549825538
1369350549569732613
1369350833645707271
1369351298764660741
1369351592756002824
1369351892007084035
1369352207385194502
1369352619639115782
1369352620331175938
1369352630703652864
1369352639624994817
1369352918000865281
1369352990080065543
1369353003329806340
1369353022971797517
1369353157483061248
1369353202261491718
1369353648078270468
1369354114883346448
1369354184563298306
1369354534846427143
1369355779829030923
1369356138114846720
1369356520668999694
1369356572153942016
1369356706736713740
1369357120164990977
1369357387837112328
1369357450021855236
1369358889536327687
1369358916728066049
1369358941239513095
1369359118302076928
1369360002876596225
1369360492448210945
1369360513830895616
1369360565211127814
1369360602326568970
1369360644537978881
1369360813228781578
1369361400901099534
1369361572813037580
1369361664718569480
1369362349174497289
1369362364617875456
1369362367910445071
1369362387518816265
1369362684119023629
1369363398086057984
1369363909715636224
1369363998295080961
1369364052493930501
1369364216289824774
1369364309571207173
1369364429603811340
1369364527414996996
1369364652057112576
1369364894148161552
1369365520382824458
1369365624519069706
1369366124723281920
1369366590567948288
1369367152520749069
1369367500580913155
1369368397537046528
1369368427723431943
1369368907207872513
1369368997469294596
1369369262876409861
1369369472801325056
1369369505017831437
1369369540384194564
1369369562781786113
1369369899663990784
1369370014399275012
1369370593104191489
1369371008835149830
1369371218051207175
1369371612739436546
1369371672906719234
1369371674068586496
1369371803471216655
1369372175552090118
1369372517316562956
1369373332903260167
1369373749078855692
1369374437070565376
1369374871571099655
1369375947577823241
1369375951180734469
1369376284208463873
1369376525460635656
1369376582557655043
1369377273493786626
1369377451541995528
1369377453177733126
1369377662985265153
1369377939842887686
1369378019761066007
1369378275882131460
1369378344291164165
1369378499472023555
1369378729584132099
1369379330636328967
1369379831943692293
1369379973480525824
1369380255576768520
1369380325999120401
1369380665817497620
1369380713007640582
1369380791315292164
1369381040440156161
1369381223563362304
1369381429239558147
1369381451301593096
1369381626917052425
1369381665525612550
1369381868416679942
1369382017092227072
1369382023538868232
1369382042601938952
1369382757621727236
1369382859170062340
1369382985284214784
1369383000945876992
1369383484943441920
1369383742050078723
1369384334797516804
1369384692852592644
1369384969169211397
1369385730292805639
1369385790095175683
1369385799976972291
1369386463369003017
1369386464669274117
1369386596135546888
1369386652167180288
1369387035149164545
1369387230393999362
1369387377316270089
1369387491598491649
1369387514977542148
1369387863801008139
1369388116977590286
1369389157714427908
1369389351474454538
1369389422836387851
1369390893959155715
1369391172901290003
1369391251225710592
1369391514028302345
1369391594797993984
1369391904719265794
1369391973510115328
1369392047388524546
1369392549501231116
1369392550256197633
1369392844503453711
1369393131263844352
1369393338995064840
1369393756542296064
1369394314065965068
1369394424527155201
1369394662746783744
1369395959327846403
1369396220255481866
1369396435406454789
1369396549869051908
1369397301068840961
1369397482627686407
1369397581734834176
1369398104689156096
1369398236520255502
1369398614523580417
1369398650229714944
1369400098656948224
1369400257772195856
1369400417159888897
1369400944639827972
1369401136101343245
1369401387155656704
1369401809794719745
1369402052351262723
1369402380341624833
1369402458351546376
1369402525959458820
1369403156581474306
1369403173463613446
1369403551546490893
1369404226368118800
1369404331578040323
1369404415308931078
1369404441405833217
1369404780737609731
1369405350957486086
1369405647327002646
1369405660752994310
1369406446299930626
1369406574377250819
1369406709131804675
1369407187735490562
1369407496046141441
1369407712669351941
1369407890369478657
1369408408978350083
1369408906322046977
1369408906401783808
1369409011402088455
1369409206848225304
1369409327988097028
1369409567654875146
1369409875848093702
1369410583183978496
1369410820262727690
1369411079579779077
1369412121835012104
1369412692436541448
1369413177654587399
1369414017404526592
1369414109687603202
1369414516811980816
1369415199321563136
1369415846934773765
1369416031865872388
1369416155207766020
1369416828687122441
1369417151308832775
1369417527659487241
1369417671712907265
1369417853875716110
1369418548276310016
1369418651258994701
1369418972211286017
1369418986232950797
1369419049248169991
1369419617437880328
1369420857051918346
1369420927579086848
1369421452253032453
1369421753945063430
1369421930072322058
1369422492134178824
1369422750918438912
1369422898637705217
1369423065340391433
1369423346266480643
1369423381326671875
1369423526197948418
1369424413704261635
1369424754692751363
1369425263902265345
1369425578714148866
1369425667792723976
1369426086166208516
1369426382015565831
1369426583900073986
1369426859872706564
1369427243173314560
1369427485906059269
1369427567279767553
1369428194382733322
1369428315237408779
1369428694591279109
1369428954063454224
1369429172674846724
1369430088761151491
1369430346215882754
1369430465212452870
1369430662760038404
1369430748109938688
1369430788006100993
1369431028809543684
1369431329197207556
1369431433308233733
1369431669095153665
1369431824171229193
1369431842252877824
1369432060994191363
1369432074659201032
1369432252950675462
1369433366873915402
1369433553294004226
1369433692574212105
1369433743597989888
1369433884245508096
1369434107336331264
1369434254078324737
1369434370168262663
1369434950873853959
1369435248468058118
1369436576909062149
1369436892274565123
