1446991137961439233
1446992387746631683
1446996719967813635
1446998001826897920
1446998782172962816
1446999477156524035
1447001819520065548
1447002249557905408
1447003294312898560
1447004389395341313
1447004768585633797
1447004942766592003
1447006884075036679
1447007001511350274
1447008397631578118
1447008597876031488
1447009616664092673
1447010918391496710
1447012799142633473
1447013115741282307
1447016319170326529
1447016852748742662
1447019173511581700
1447024082575310848
1447027357697597445
1447029330614308866
1447031406375342081
1447031680154292229
1447045143652093952
1447047409780068352
1447047812986834946
1447048902155321346
1447059650931838976
1447062049943658500
1447070526854291457
1447076275600957440
1447094309967196160
1447096560559534084
1447096600053043209
1447097230075351049
1447097240175185922
1447107756834623490
1447107927077236737
1447107929086255108
1447107943015632896
1447117244178255873
1447120831776178182
1447122590028509190
1447127621087776773
1447133682280681474
1447134547133534210
1447137874604855301
1447139105696108545
1447146180744523791
1447146509045313544
1447151925238042630
1447155130709782528
1447157978151456769
1447161209665511429
1447162218919911429
1447166702467248136
1447167069267677190
1447172606193438721
1447173240267448322
1447175201255526403
1447176715827130370
1447177223631425541
1447177505748758528
1447177609469628422
1447177956674215942
1447178029764161542
1447178093458862081
1447184377012707334
1447185191546540036
1447187687061004289
1447187948110233601
1447188735448260613
1447190160374894594
1447191634433777667
1447192103851810821
1447192694435028993
1447192707189837837
1447193696194252803
1447197521445597189
1447198748786839557
1447200668708708354
1447201761522032645
1447202847993569280
1447203370410946571
1447204697207623687
1447204981715705862
1447207622516617218
1447208527496368128
1447209042984775686
1447210564036579333
1447213454150995968
1447214214750294016
1447215090659381255
1447217859222855684
1447217873630351360
1447217901530927106
1447220198977724416
1447222331714293761
1447222683712753667
1447222808476540931
1447225636293169155
1447227035080855558
1447230000143405058
1447239975125323778
1447240372674076679
1447242018111979520
1447242845815967750
1447244549030436865
1447248065786793990
1447249531301732353
1447253534337126412
1447253570995331072
1447253883697319937
1447257028276244484
1447258918556733440
1447261356999299077
1447266015373574152
1447266862480429056
1447268628068438021
1447268635882373120
1447270887972028417
1447274039215628290
1447276352768561157
1447278283599585281
1447286828868923393
1447288890679775234
1447296002952732674
1447297265421504514
1447298729510330375
1447301039925907459
1447301128241156102
1447303433627713540
1447303589479731206
1447307693224611841
1447309103907356674
1447311445813719045
1447311539820797952
1447313846125961217
1447313939918991362
1447321293255282694
1447323233112444928
1447323767202631681
1447328555424169985
1447329361766539265
1447329582319874051
1447329960121847809
1447332370747695110
1447334772267790336
1447337821581283332
1447337858478530560
1447339202148982789
1447341394612346880
1447344089909841922
1447345199265501188
1447345452551131141
1447349754439114753
1447349976930131969
1447350256665047044
1447350277347201027
