1375960884254756867
1375961085874954246
1375961128493277188
1375961144209387527
1375961180217425924
1375961249587068933
1375961249649922052
1375961558170361860
1375961576109453314
1375961577464205318
1375961596976115712
1375961719118397442
1375961868423036937
1375961902866632710
1375961999675432966
1375962014892367880
1375962045556928512
1375962076422807552
1375962084538728454
1375962086216507397
1375962137722507267
1375962177937534980
1375962346594693121
1375962412038389763
1375962593458851842
1375962698240909315
1375962754578849793
1375962813814992900
1375962816650305540
1375962980932849666
1375963588179943431
1375964154096463877
1375964246568284166
1375964603121684480
1375964616585584646
1375964638374940677
1375964703000821760
1375964805710950400
1375964940285190147
1375965045058899973
1375965171139629061
1375965406318489601
1375965472299040771
1375965533124886529
1375965809646964737
1375965820896088067
1375965829586685952
1375966558086959104
1375966610721226755
1375966639452258305
1375966740086202370
1375966840657170435
1375966992008626177
1375967052238831618
1375967064200974339
1375967124276047884
1375967195486957568
1375967231620874240
1375967238755389440
1375967248473583618
1375967264588115968
1375967306954764288
1375967341058592770
1375967357512904707
1375967378329239553
1375967410008829953
1375967416694546438
1375967432494493697
1375967555077169153
1375967571900518404
1375967630775967749
1375967659335024640
1375967751655858176
1375967761495642115
1375967769716490241
1375967776540655618
1375967790251847681
1375967842034651138
1375967871285796871
1375967912595484674
1375967924549259271
1375967950017007617
1375968002433294338
1375968055663198210
1375968159921016836
1375968331728060424
1375968456814776321
1375968493678563330
1375968658028167170
1375968682598350850
1375968882217910274
1375969003441639427
1375969004632805377
1375969012123860996
1375969013025624066
1375969036794744832
1375969040611545088
1375969057791434761
1375969067023077379
1375969157888544770
1375969160828743684
1375969165975109635
1375969237290913794
1375969292144013312
1375969428920266753
1375969465083555842
1375969628904685577
1375969642146099205
1375969727118467073
1375969730004127747
1375969739802021889
1375970045810053132
1375970068056702979
1375970141662511105
1375970151925972993
1375970219378814979
1375970289750839298
1375970402556641281
1375970469418053644
1375970548438728711
1375970587131138050
1375970664339869696
1375970738922995716
1375970888869240832
1375970894649102349
1375970994028941312
1375971082847580160
1375971181048762370
1375971215450505224
1375971390600384514
1375971432040177670
1375971475149185026
1375971603863986176
1375971639704350722
1375971708809703431
1375971784424579076
1375971913051308036
1375971958563684352
1375971975613575171
1375971987944841218
1375972051006148614
1375972069817655306
1375972096178786305
1375972221571719168
1375972299489304584
1375972300772704261
1375972342384447491
1375972467148271622
1375972502963417088
1375972603844816896
1375972744400093185
1375972944967516160
1375972960784293891
1375973050898907136
1375973100668456960
1375973112970366977
1375973145853755392
1375973202690772993
1375973236459118592
1375973283783380997
1375973559793762304
1375973753436450824
1375973801733672960
1375973813679194118
1375973997477834755
1375974096425603074
1375974128814075904
1375974138494529542
1375974160527192066
1375974297597018113
1375974329180172291
1375974335370911745
1375974443449786368
1375974502333566976
1375974504183312384
1375974506762805249
1375974571883528196
1375974651571081221
1375974711184793602
1375974841392754691
1375975034175553544
1375975135245692928
1375975236542341127
1375975361490657280
1375975498199760898
1375975762168328196
1375975794397315073
1375976017173622788
1375976022445858817
1375976032940011526
1375976063109623810
1375976166524399620
1375976300993781767
1375976342718722049
1375976446523547648
1375976542560473088
1375976843476676608
1375976881695162370
1375976933083734026
1375977043637248005
1375977146359898114
1375977194644717568
1375977265310351360
1375977309073727489
1375977505190985728
1375977518377922561
1375977551613558784
1375978031672610820
1375978055223623685
1375978192830406656
1375978352134225920
1375978450914263042
1375978515695288321
1375978684193107970
1375978799758708736
1375979121071767552
1375979249555890184
1375979381756166144
1375979411523133442
1375979617673224193
1375979692830908419
1375979879234203657
1375980033580228615
1375980055080411137
1375980089310076929
1375980100731219970
1375980141172654080
1375980149536141315
1375980182675263494
1375980219987763202
1375980325491236864
1375980365492465665
1375980435994505217
1375980457548976128
1375980633030332420
1375980708938797057
1375981172841402372
1375981188519763968
1375981295373844482
1375981298087497731
1375981325799280645
1375981553470349314
1375981788976324611
1375982062679814146
1375982143793475584
1375982309543976961
1375982441748381697
1375982500409933827
1375982564771573764
1375982652117909507
1375982686553116672
1375983072559108104
1375983457478795266
1375983509932740615
1375983754162941952
1375983763277111297
1375983788573011971
1375983969448124418
1375984364794822659
1375984436609753096
1375984518125993987
1375984533254852612
1375984644697493506
1375984955168325632
1375985012869373953
1375985138283253761
1375985172995268609
1375985273906024451
1375985442441605120
1375985618426212353
1375985659182190594
1375985688127148036
1375985714949713921
1375985848915660802
1375985894503632902
1375985917916278784
1375986059276861442
1375986162016342018
1375986205033107459
1375986422163853318
1375986457920352260
1375986538190934028
1375986652598919172
1375986658194112515
1375986684463042564
1375986855817142272
1375986860539965445
1375987014835834885
1375987025883492358
1375987062273347585
1375987081000873984
1375987105348861952
1375987139205345282
1375987255710519296
1375987492919373824
1375987495972782080
1375987539811696645
1375987620220665858
1375987705381797892
1375987726047178754
1375987745479344128
1375987889448873987
1375988055279071233
1375988188611817476
1375988222677893122
1375988254487441408
1375988312553439236
1375988335173308422
1375988342140116993
1375988360066465792
1375988579013423104
1375988622873219074
1375988788812525569
1375988823600066564
1375988829706928130
1375989105046261765
1375989226370703362
1375989336701820928
1375989525688762368
1375989629829193731
1375989655330430977
1375989941377888259
1375989983358681091
1375990138266923009
1375990197003948034
1375990511551537152
1375990517390061568
1375990523773730818
1375990555533062148
1375990582397394950
1375990633811349507
1375990678342279170
1375990703004655624
1375990973642240001
1375991116156256259
1375991148611784711
1375991214063910914
1375991292778414080
1375991380040896514
1375991440787042306
1375991459057430532
1375991541672591361
1375992022079844355
1375992047321161730
1375992400364105732
1375992447440977926
1375993044336513024
1375993114352091140
1375993168546648065
1375993174833922058
1375993178797522946
1375993317012430851
1375993357982437380
1375993365263699976
1375993434796912641
1375993463091699712
1375993518959820802
1375993519031123972
1375993680406937600
1375993703987298306
1375993713437114368
1375993756479012865
1375993823227228170
1375993866201993223
1375993943867949058
1375994292074856448
1375994582891106305
1375994890937597953
1375995096005541893
1375995152506949638
1375995387375419393
1375995451825082372
1375995498037968903
1375995891325280257
1375995953304502273
1375996249384566786
1375996381769445376
1375996592197632004
1375996804014223362
1375996810389565442
1375996857336348672
1375997031806816260
1375997043571896322
1375997220571480067
1375997299667648521
1375997375395860481
1375997604140609538
1375998258426871810
1375998464811753475
1375998530217779203
1375998801811542017
1375998957604704260
1375999252997017606
1375999255303880709
1375999363709874182
1375999501098487811
1375999594153250816
1375999972559179776
1376000102075142151
1376000283143208961
1376000500366258178
1376000502014619652
1376000624253370371
1376000889719300097
1376001062348451842
1376001296684044295
1376001305068584960
1376001402598686720
1376001424061046784
1376001506269409282
1376001639723712515
1376001881441509378
1376001921782321155
1376002090456256512
1376002109829754886
1376002197914279937
1376002354093432838
1376002409726685186
1376002644066627584
1376002927769358339
1376002974829400066
1376003129620242435
1376003591677353987
1376003662682677249
1376003796648783872
1376004297419276290
1376004508657057795
1376004518169677826
1376004553527660547
1376004928460709891
1376005123206475776
1376005195902111745
1376005300860375043
1376005311190941697
1376005403952218112
1376005565017690113
1376005599004127234
1376005701164761088
1376005992111083522
1376006040119087106
1376006130581798912
1376006293970956291
1376006315915538436
1376006324094390274
1376006533683806209
1376006988895821825
1376007159457189889
1376007391968436224
1376007558511595526
1376007814087389190
1376007989472165892
1376008239456911361
1376008512485097477
1376008566365110276
1376008746263060487
1376008879432212482
1376009121749729280
1376009909909733380
1376009920236167168
1376010157717663746
1376010192752631812
1376010294539997184
1376010616012439552
1376010690742398982
1376010777870659586
1376010977930514441
1376010993185226757
1376010996226129925
1376011118439714816
1376011203537948674
1376011444915994626
1376011529204723715
1376011636897615873
1376011755634237441
1376012493731065857
1376012624660422656
1376012975639834626
1376013018052575232
1376013337427869697
1376013510157733889
1376014556196126721
1376014696474681344
1376014710215180291
1376014972929576968
1376015277389910018
1376015401008648192
1376015503123214336
1376015654797643779
1376015744434065408
1376015970427363331
1376016177630175236
1376016193010561028
1376016568572854272
1376016665314492418
1376017142949294084
1376017199215824897
1376017238407397380
1376017491126812673
1376017503701323778
1376017505462988802
1376017505790087168
1376017516695281673
1376018193140101126
1376018220696604679
1376018222756036609
1376018348228685827
1376018398296035330
1376018484837150722
1376018631826550788
1376018754795143171
1376018892351496192
1376019000363192321
1376019033783463936
1376019170895216641
1376019204046999552
1376019299106717697
1376019302231502851
1376019445039128579
1376019524152086528
1376019815677186049
1376020074084102146
1376020108963762181
1376021040229453830
1376021137944150016
1376022009075937280
1376022018009747459
1376022463159623680
1376022535549108225
1376022618088816645
1376022729812480000
1376023127730315267
1376023563015163904
1376023742778728449
1376023939038777344
1376024184606892032
1376024482872242187
1376024637000314881
1376024667258032128
1376025405459677186
1376025406755704836
1376025408941006848
1376025669386256386
1376025673748332546
1376025999507394562
1376026440525877255
1376026502517637121
1376026750312968197
1376027265981681665
1376027621658611712
1376028109003194369
1376028177181638657
1376028873276674048
1376030716207771648
1376031009637072896
1376031045632589833
1376031610722717697
1376031665663963136
1376031672714559489
1376031717400711171
1376032252761608194
1376032350082060291
1376032759643312131
1376033011863535616
1376033244060258304
1376033669375262720
1376033786866110465
1376033918051348482
1376034452745424898
1376034468939624450
1376034523494940673
1376034560031526913
1376034623852048385
1376034672480780291
1376034889963876353
1376035713188257792
1376035865126965248
1376035915311747072
1376036124888551424
1376036474060165123
1376036805691252742
1376037253584203776
1376038367255756802
1376038446825930752
1376039063963197440
1376039776114081798
1376039789397413895
1376040148698288135
1376040553436037122
1376040641239654400
1376040689398611969
1376041157311012864
1376041430192435200
1376041551751745540
1376041558999437313
1376042564982337537
1376043232514224128
1376043348134363138
1376043819129581570
1376046337754554368
1376046513768562688
1376046560606310400
1376047028841635844
1376047320844894210
1376048169310642176
1376049385985937413
1376050503155605506
1376050608713695233
1376051036545294336
1376051427785601026
1376051488976482307
1376051609038389250
1376051945014759424
1376052442106896385
1376052555969662976
1376052566702878722
1376053080840617985
1376053123643506690
1376054841886318593
1376056585152311298
1376057822845284354
1376058715770589185
1376059753189797891
1376060758224691203
1376061853290409985
1376062570344366082
1376063366729457664
1376063853860110336
1376064520766976002
1376064779031298049
1376064945536839681
1376067239061884932
1376067433975451652
1376067503915433985
1376068654677295105
1376069094718464007
1376071200338763776
1376071202582708224
1376071205606805509
1376071208333160452
1376071322275618816
1376073090829062146
1376075100726902784
1376075191009296384
1376076270690316288
1376076728616034306
1376076832425005057
1376076857934766082
1376077400946118657
1376078346409414657
1376080171619524608
1376081114859732993
1376085539728846848
1376086723822817285
1376087673543090183
1376090475761954816
1376090821280288769
1376091051799281666
1376091204815892481
1376093154428993536
1376093868719026183
1376094105248403457
1376094549966217216
1376094857488371712
1376095219926638592
1376096952555859969
1376096975515496450
1376097230432706560
1376097312162902016
1376097599552389121
1376101302254632960
1376101629972332556
1376101648976769024
1376102207515467777
1376102710676717572
1376103095495585794
1376104415887831041
1376104466081021952
1376104990524203008
1376105957386645505
1376106143420923905
1376108493057441793
1376110658350149634
1376112596458291200
1376112996985008132
1376113479225118725
1376113981140656128
1376114307554021377
1376115272092901378
1376115360915595267
1376115401533296644
1376116486406868998
1376116637565337602
1376117033843228673
1376118133417783300
1376118164908564481
1376118838299885570
1376119967016488960
1376121553914621952
1376121729261658112
1376122653120024584
1376124016830844934
1376124173022601219
1376124511620366336
1376125434212069376
1376125624172052481
1376125775448014849
1376126766939570176
1376126924557180929
1376126927338004483
1376126928755773445
1376127322852581376
1376127326233239554
1376127381186863114
1376127645201600512
1376128181128859651
1376128434116648969
1376128860924878852
1376129004504236033
1376129223258177536
1376129445996728324
1376129590675058694
1376129698384781312
1376130627506946051
1376130697786617858
1376131792093204482
1376131833222533120
1376133806512541701
1376134205332148225
1376134220851130368
1376135072483532805
1376135114372038662
1376135637246615554
1376135638437748736
1376135934136233986
1376135976293130240
1376136197781749762
1376136482923102212
1376136550912757761
1376136958825627652
1376137573576359938
1376137630371418114
1376137888736423936
1376138525712777217
1376138976201965569
1376139136718012416
1376139216493633537
1376139594392088579
1376140074400817155
1376140428362326017
1376141356423385089
1376141666516602881
1376142021279244290
1376142041374150657
1376142243619340298
1376142251479470080
1376142253207470084
1376142506031783936
1376142840980443137
1376142970873872387
1376143009612505088
1376143278140235777
1376143896858755076
1376143919260504070
1376143991671042051
1376144059279028231
1376144107911966723
1376144490776395777
1376144605339652102
1376145105493626883
1376145235147943938
1376145809432047616
1376145836992790528
1376145987044061185
1376146384764735492
1376146478171848706
1376146596296019968
1376146687488630792
1376147017605513216
1376147267984502786
1376147497194823690
1376147617537789954
1376147702422122496
1376147881246228483
1376147910719602692
1376148175355006976
1376148242900074501
1376148324269559811
1376148391592390659
1376148689660567556
1376148904220241921
1376149068628430851
1376149320181936130
1376149632766578694
1376150663277772802
1376150985819754497
1376151163943407618
1376151200593289216
1376151316804800513
1376151339860910083
1376151446761185280
1376151493393408000
1376151548963733504
1376152077089538055
1376152140603875332
1376152160795303936
1376152450562940928
1376152470938910723
1376152782953197569
1376153358675939328
1376153679460450310
1376153855969398787
1376153948709650435
1376154521370497025
1376154716820885509
1376154782725967872
1376154847259598857
1376154904075591680
1376156270730838021
1376156309041639424
1376156352402358275
1376156614554742785
1376156700022075392
1376157347790401536
1376157685436067842
1376157770832044034
1376157774380466181
1376158447285239811
1376158471847084035
1376158649467465728
1376159610864828416
1376159689134780422
1376159695925297155
1376159700002217988
1376159717429555205
1376159901429403648
1376160046829203456
1376160672380301314
1376160899464040455
1376161341069742080
1376161349357690887
1376161528257384450
1376161612747378690
1376161635006578688
1376161862908268550
1376162163589537799
1376162213585620994
1376162302634889218
1376162560681070598
1376162690889093123
1376162819150905352
1376162945919516676
1376162989649371137
1376163231379640321
1376163601380171779
1376164054989996032
1376164680704610307
1376164706969395200
1376165003968065544
1376165064055652352
1376165402955382784
1376165423809507338
1376165814425022472
1376165961980518408
1376166248162152448
1376166379041218560
1376166497400279045
1376166521442033669
1376166583601618948
1376166829954056192
1376166879719460866
1376167187333931009
1376167303608418308
1376167314824003589
1376167440816730113
1376167582751989767
1376168168868216832
1376168187801243648
1376168535412645895
1376168858705395717
1376168871590309888
1376169304157261827
1376169374306959361
1376169480062181384
1376169626095267842
1376169922183753736
1376169929209229317
1376170196537380866
1376170239482859521
1376170341349912581
1376170767243747335
1376170971850244096
1376170983971819525
1376171059033038848
1376171354588737538
1376171393902120966
1376171697808769024
1376171713990381577
1376172029712404480
1376172360089411584
1376172365013483522
1376172378783383553
1376172720145186821
1376172789686800389
1376172828014313477
1376172992238133248
1376173480027258880
1376173671362990085
1376173705072640000
1376173769455194112
1376173789671743494
1376173902494322688
1376173922740277248
1376174030617780229
1376174640503083009
1376174759294160897
1376174785080786950
1376174928488235009
1376174975216914432
1376174996314320897
1376175215718322176
1376175348749045761
1376175380139155456
1376175440491073536
1376175571651137536
1376175673925046274
1376175821526814725
1376176125467111430
1376176365200945152
1376176486852530178
1376176609628131328
1376176696156688384
1376176995751624705
1376177083462864897
1376177219962347525
1376177225234591745
1376177338409480195
1376177687253901315
1376177757206548490
1376177899590541312
1376178087818371075
1376178096018227200
1376178253891796997
1376178328256851970
1376178411035631625
1376178846454648832
1376178919083274246
1376179265218228225
1376179443367022593
1376179691434876930
1376179781113413635
1376179952488480773
1376180197280583681
1376180271876354052
1376180306089234435
1376180338259599360
1376180348573384709
1376180694293098498
1376180716086697992
1376181083348344834
1376181296301539330
1376181469576634368
1376181501977579521
1376181995181649928
1376182027817525248
1376182088009969670
1376182410589704192
1376182547034599428
1376183032311336960
1376183375296397316
1376183472293838849
1376183887718707204
1376183903044636675
1376183946099179520
1376184005574463488
1376184284218818567
1376184498551992322
1376184709844238337
1376184753527869445
1376185121364008961
1376185204893753346
1376185206667894792
1376185254403268612
1376185291959111680
1376185310229463041
1376185526496206849
1376185907347263493
1376186050943586305
1376186149383892997
1376186219877523457
1376186373200351236
1376186446944600070
1376186460278259715
1376186627786207232
1376186737395957760
1376186827447631886
1376186920888381440
1376186988995489793
1376187006376681473
1376187183883825159
1376187246026629124
1376187296945471498
1376187326796328967
1376187341224693766
1376187366075944964
1376187525379846150
1376187658884485123
1376187701016281095
1376187712756146188
1376187912493076489
1376188068991012869
1376188641521901572
1376188796467838990
1376188975497539587
1376189102010343428
1376189589677744129
1376189889914474509
1376189996152029189
1376190207960170497
1376190324444434438
1376190539985514507
1376190583912460290
1376190585963487233
1376190676317130755
1376190690900779009
1376190830751399941
1376190914675228673
1376190955737526274
1376190962213470215
1376191114135400458
1376191550586290176
1376191614067032068
1376191629304938501
1376191723676823557
1376191748523851777
1376191804404600832
1376191956653592583
1376191987783720965
1376192150573084674
1376192457205932036
1376192651020668933
1376192982735581188
1376193091686825993
1376193397480947715
1376193482235199490
1376193496579776515
1376193837102735372
1376193865686859776
1376193945856794638
1376193983039336448
1376194302242664450
1376194514331824130
1376194615682949129
1376194700781182977
1376194824278249476
1376195214839267331
1376195445593145345
1376195522143354881
1376196141356748802
1376196160831025157
1376196698582683656
1376197010882199553
1376197033523093505
1376197152326754309
1376197276696186880
1376197327438893057
1376197402873495552
1376197423178059781
1376197440227979266
1376197649959911428
1376197740858908673
1376197815609798657
1376197926029037570
1376197933905887245
1376197962435551237
1376198106853818376
1376198270976933890
1376198281517268998
1376198593590202373
1376198645297651716
1376198737496829956
1376198908456603655
1376199092607594497
1376199106062921731
1376199649258835971
1376199726228508677
1376199754569383936
1376199882097188865
1376199908068319234
1376199974975897605
1376199985092526081
1376200178928136194
1376200304643993604
1376200341373472770
1376200592671043592
1376200609519517696
1376200928936796163
1376200978651873282
1376201091034062855
1376201440163692552
1376201466856226816
1376201618333573121
1376201640349433857
1376201653729255428
1376201744422690817
1376202024300216330
1376202275140554752
1376202377338949641
1376202421408567299
1376202740918026241
1376202983088721924
1376202983453626372
1376203147476013059
1376203532412596224
1376203633692438536
1376204279556497410
1376204463589974020
1376204475443122181
1376204547639631872
1376204761884721160
1376204853265977348
1376204888355520525
1376204975265755144
1376205029292523522
1376205046057144322
1376205556118126593
1376205847907479561
1376205849438326785
1376206092447969285
1376206101356683267
1376206449680998401
1376206530396180487
1376206595693158401
1376206629515984906
1376206809808113664
1376207171805929476
1376207362126659588
1376207620214755332
1376208055650578442
1376208144767070215
1376208177885290500
1376208409062744066
1376208561815031809
1376208666605584386
1376208720653398019
1376208720854724617
1376208720858861570
1376209047515496449
1376209067887185923
1376209135188992004
1376209299886768130
1376209392366981125
1376209629823270916
1376209743837028359
1376209933964873728
1376210204761673731
1376210515354124290
1376210587340976132
1376210864508928000
1376210947556184064
1376210988257714180
1376211031517765632
1376211033371594753
1376211102225346565
1376211247763492869
1376211353795489792
1376211405599309840
1376211427728445441
1376211559307968518
1376211599518732295
1376211608045826048
1376211638634840064
1376211671551729667
1376211771913035790
1376211811675033604
1376211827206594562
1376211917056921609
1376211941904035841
1376212082983641092
1376212134757949444
1376212197169315840
1376212524425752577
1376212569153765384
1376212651529932800
1376212805922226179
1376212971647549440
1376213116002963460
1376213188702826496
1376213371725475851
1376213617276825603
1376213936094257152
1376214018780758021
1376214368258551813
1376214504074264578
1376214590233661447
1376214609741426688
1376214676560875522
1376214715261681671
1376214891267231752
1376215298181890048
1376215366377086978
1376215768011014144
1376215813565386753
1376216068067373061
1376216600710373377
1376216617798004740
1376216817740480514
1376217187984281603
1376217277901770760
1376217522333220865
1376217699894890496
1376217712121294849
1376217921257623556
1376217949359517703
1376217987393462272
1376218191685423104
1376218332903399427
1376218962015490060
1376219178529656838
1376219231902167051
1376219241481912322
1376219404472565762
1376219416753541127
1376219428015067136
1376219537343926275
1376219664540401668
1376219712615555076
1376219848326447110
1376219919503790081
1376219934687170562
1376220394261209089
1376220710000074755
1376220889344323594
1376220951591927812
1376221304173568011
1376221304525877253
1376221358082908165
1376221358460448771
1376221451880177667
1376221458792382469
1376221562303471616
1376222000977477633
1376222483452428292
1376222656081592324
1376223178310180873
1376223529608302597
1376223725721423886
1376223889748017153
1376223939312123911
1376224098716688387
1376224539110219778
1376225066338422790
1376225074756395017
1376225229798793218
1376225378751148032
1376225426419412997
1376225525098815493
1376225550897983493
1376225607453970437
1376225684109017090
1376225753667411975
1376225802279325702
1376225833526910976
1376226135323901956
1376226376009846788
1376226791304617989
1376226831070855174
1376226849014091776
1376226934540136457
1376227033689305090
1376227298270138376
1376227555573964803
1376227744690884608
1376227823719944193
1376227909334106113
1376228011134099463
1376228310447968256
1376228748341694477
1376228775193632769
1376228790666416132
1376228831032442881
1376229024092000261
1376229031524306946
1376229134695858176
1376229250030788611
1376229592973905922
1376229768014757891
1376229821383110658
1376229849514319886
1376229887644741633
1376230394840899585
1376230551208783882
1376230803206778887
1376231123009875971
1376231126696656897
1376231472995131399
1376231605270941698
1376231874096328704
1376231985933381636
1376232194184785923
1376232271808765958
1376232377043845124
1376232458937634818
1376232619055017988
1376232623366758400
1376232816132907012
1376232870314921986
1376233257117884416
1376233404342091783
1376233411220803585
1376233565319467011
1376233744156229633
1376234167600619522
1376234175926263809
1376234323930710017
1376234496161411074
1376234568878030851
1376234623936704515
1376234659303014403
1376234711794737163
1376234743994454016
1376235140557516811
1376235203199258626
1376235371164499973
1376235493130653709
1376235563414646784
1376236233068806145
1376236258670837762
1376236538514829316
1376236565832343553
1376236699605467141
1376236861744627718
1376236938366189577
1376237072118341634
1376237303849496576
1376237489745231877
1376237637648982021
1376237758000283649
1376237774714601479
1376238164768141314
1376238240764731405
1376238505425317891
1376238537658544130
1376238700393336833
1376238766860435456
1376239040903675918
1376239093823115265
1376239237801115652
1376239289386758146
1376239393611075585
1376239522950877185
1376239543804956674
1376239778711093250
1376239910638784514
1376240009850851340
1376240359966175232
1376240448113627147
1376240579240210434
1376240645220790274
1376240911953358858
1376240964554129413
1376241087224938496
1376241094648856577
1376241138731003905
1376241166757289989
1376241190778064899
1376241381967036419
1376241383518912514
1376241426162462728
1376241478096273413
1376241485373341698
1376241503677333506
1376241948118355979
1376242004057788424
1376242011175596032
1376242279099346944
1376242488604819464
1376242659501686787
1376242714182832132
1376243056144482304
1376243172670644237
1376243254035906561
1376243269638688775
1376243474991869952
1376243605845770246
1376244181102911489
1376244222223867923
1376244340402577409
1376244518253629445
1376244827143106563
1376245029203759110
1376245070198886407
1376245300558454784
1376245330191208452
1376245435329875973
1376245593492709381
1376245600455323649
1376245761336356864
1376246130594418690
1376246533276983299
1376246734339313664
1376246747685617667
1376246849636565009
1376246997401866250
1376247006784524297
1376247558301974529
1376247636097961985
1376247722450292741
1376247796035125258
1376247832919863302
1376247924431151104
1376248116807135239
1376248272973668357
1376248495372374018
1376249141744001030
1376249163751510020
1376249299407933448
1376249449647849472
1376249553289101320
1376249866653986820
1376250221932511232
1376250530398416913
1376250597024882692
1376251224794750980
1376251414935113730
1376251424212942852
1376252361778286596
1376252590799921155
1376252881985228801
1376252950306242563
1376253012239257600
1376253141843329033
1376253425109889030
1376253428087803905
1376253590138978309
1376253953147559936
1376253978799976450
1376254010089431049
1376254112925425670
1376254536298475525
1376254965635760133
1376255082996641794
1376255259316781056
1376255342879850497
1376255532349194252
1376255802600742915
1376255863367872512
1376255970603642884
1376256007819644929
1376256206684192777
1376256475555893255
1376256516613926916
1376256561895649285
1376256694850834432
1376257029854089218
1376257070169788416
1376257098980413450
1376257123621961732
1376257373355044865
1376257533329870849
1376257655405228032
1376257800272281600
1376258093353467907
1376258106884296710
1376258302435155968
1376258545621082112
1376258602885857280
1376258852472160261
1376259274003857410
1376259293457088518
1376259487955320838
1376259522696732679
1376259834132234250
1376259896409264133
1376259951828500481
1376260341601034242
1376260414720385031
1376260484228341769
1376260819432960010
1376261409890308097
1376261658184720388
1376261675767242763
1376261838996959232
1376262113447002115
1376262146661703687
1376262229264326657
1376262258041491464
1376262360025993216
1376262431597531137
1376262821919473669
1376263005319598082
1376263069916033024
1376263312086798340
1376263375601143809
1376263394874044416
1376263823057911808
1376263839134707714
1376263864124325891
1376264329310445571
1376264595023691776
1376264710698504202
1376264828952674307
1376264933294411784
1376264972343336961
1376265270474473473
1376265360584945664
1376265367836893184
1376265667545067533
1376265791692279809
1376265803826397188
1376265888421265411
1376265895283195907
1376265982302416898
1376266341334843399
1376266378966093826
1376266728024506369
1376267349888733187
1376267534559756289
1376267561155891203
1376267620836589578
1376267683067539461
1376267929520574471
1376268034231394311
1376268670008168448
1376268876204359686
1376268878725197826
1376269093423218695
1376269393211101190
1376269401234796544
1376269405278105600
1376269618176782349
1376269645292900353
1376269713374863362
1376269714423439360
1376269804831715328
1376270287734505484
1376270376347504641
1376270472854245390
1376270555884699648
1376270689511092224
1376270731106004993
1376270866460336136
1376270942930894852
1376271058920169478
1376271121826340872
1376271975388225536
1376272859681722373
1376272997284257794
1376273125864783877
1376273131598458884
1376273138049253388
1376273148962865152
1376273308145045506
1376273841719275522
1376273926171549702
1376274161799159813
1376274562275545094
1376274566448828419
1376274698372325381
1376274845818875904
1376275021929254921
1376275177684795392
1376275181048631296
1376275272517976064
1376275501543780359
1376275540013907980
1376275874232815620
1376275935700340739
1376276564250349571
1376276801111142400
1376276838209703945
1376277220776423425
1376277247708033026
1376277266611724290
1376277316049977348
1376277585534025732
1376277773707317249
1376277789876305920
1376277823950876680
1376277925826334720
1376278403666546690
1376278508884930562
1376278811982041089
1376278849374154753
1376279179826765828
1376279196171911172
1376279514444095492
1376279549370114050
1376279721202364431
1376279802039128069
1376279811967090695
1376280003793522694
1376280059561050115
1376280071292485633
1376280303585669129
1376280543185268739
1376281024968155137
1376281235824185345
1376281546232098820
1376281584274341891
1376281899795107843
1376281911782412291
1376282124664381441
1376282135787671552
1376282514113843201
1376282682066411525
1376282924111306753
1376283220438888456
1376283256363094016
1376283257361301505
1376283311996297217
1376283976214659075
1376284283963383808
1376284300497276932
1376284684863336448
1376284849514905602
1376284923867316232
1376284981195108354
1376285170672754694
1376285305498693633
1376285407760019456
1376285563209277443
1376285820915748865
1376286176949239820
1376286498232926214
1376286532424830990
1376286576771235841
1376286730731536388
1376286931756191745
1376286949699432457
1376287177190084610
1376287178079272964
1376287325815209985
1376287437849247748
1376287605659209735
1376287680321970176
1376287850564567043
1376288056987242496
1376288065195552768
1376288672526569474
1376288724686868481
1376288734258282501
1376288891217399808
1376288944153853954
1376289048428437504
1376289100542656516
1376289118414594050
1376289129722437633
1376289722423738368
1376289915667894280
1376290040138063873
1376290080340447240
1376290159109505025
1376290574689579012
1376290574773456899
1376290924590944260
1376291025443037184
1376291145274232843
1376291272709660677
1376291290195894276
1376291297309437953
1376291440662286341
1376291508752691205
1376291516470149121
1376291638654427143
1376292111851646986
1376292137264877574
1376292374511558669
1376292414911053827
1376292451716112385
1376292576404340741
1376293112599957510
1376293477345071106
1376293491903508484
1376293642407645197
1376294004527149057
1376294007475671040
1376294104909422596
1376294129089576961
1376294137549443072
1376294189437173768
1376294231682191363
1376294282819080192
1376294475320938496
1376294506606301184
1376294553620254726
1376294607953260546
1376294737951481859
1376294965773537282
1376295117691047937
1376295164386418692
1376295268170227719
1376295305294020612
1376295368237969409
1376295474534219778
1376295498097770507
1376295605593604101
1376295686585614341
1376295720471388164
1376295780869373960
1376295783331401734
1376295991922556928
1376296150140125194
1376296217961979910
1376296225629212675
1376296518882312199
1376296792313200642
1376296910135365635
1376297011864088582
1376297045301075970
1376297132626472960
1376297285894643713
1376297426970116098
1376297562869788681
1376297726607044611
1376297863194492931
1376298095152074761
1376298145127235586
1376298167826845701
1376298235120209922
1376298364308963330
1376298451319803916
1376298569393713153
1376298600934871041
1376298762436493316
1376298887007326208
1376298889507176456
1376298927557910535
1376299038350381060
1376299052011229184
1376299069727907842
1376299127445798913
1376299181674004484
1376299225290530820
1376299370858024969
1376299582070652929
1376299627620761603
1376299675507163141
1376299767446245379
1376299822215352320
1376299826896330759
1376299831090671616
1376299867841179648
1376300162579111940
1376300239544537090
1376300254727913476
1376300262218997768
1376300547288993792
1376300886901817346
1376300957194149902
1376301038630752258
1376301102300332033
1376301115097157633
1376301194973437953
1376301417959407621
1376301590118682629
1376301590412369923
1376301591314112512
1376301617037914118
1376301619860672518
1376301637212512257
1376301648360914951
1376301709899796485
1376301714861662212
1376301911691911169
1376301913537449989
1376301944889827337
1376302124599029761
1376302153933930507
1376302388345245709
1376302399015563267
1376302454611062787
1376302492754059272
1376302636761280520
1376302908417933317
1376303092564549634
1376303156225785858
1376303206825922564
1376303272278032387
1376303427584659465
1376303440251531265
1376303497495318531
1376303675543552001
1376303843269603328
1376303923691151360
1376304139232239617
1376304172006531078
1376304273613586439
1376304294589259776
1376304316630364160
1376304478492708866
1376304600429510656
1376304764242255873
1376304788728651779
1376304824527024132
1376304828880683008
1376305075568709633
1376305210684022784
1376305460513538051
1376305612498165761
1376305655934500871
1376305727485181953
1376305799715250179
1376305854702567428
1376306020784431108
1376306205543530499
1376306222392082434
1376306293984595971
1376306415237791745
1376306593696989191
1376306604199534592
1376306641000407046
1376306716304941065
1376306938707841026
1376307027115438088
1376307133076156418
1376307245395423236
1376307448206745601
1376307480658128902
1376307597008060418
1376307665903751169
1376307669124976645
1376307922079207424
1376307981931978754
1376308059899891716
1376308064215834632
1376308342176501763
1376308527518658560
1376309322754428929
1376309478501404675
1376309493143855109
1376309601096843270
1376309618876514306
1376309700921266183
1376309778071359494
1376309784383721472
1376309836586045443
1376309898594639878
1376309922971926533
1376310085178232836
1376310367157157888
1376310396873809920
1376310417518166019
1376310418424139778
1376310433368444930
1376310493791522821
1376310520916115457
1376310651996475393
1376310676470296579
1376310712830689283
1376310796209258498
1376310926463361037
1376310985544335366
1376311024299614208
1376311055937376257
1376311107204358145
1376311158521667588
1376311176074788866
1376311226007977985
1376311226230263808
1376311237047431179
1376311243267538948
1376311270564098049
1376311337970769930
1376311465376948227
1376311538269761536
1376311686215438336
1376311812661071872
1376312068027072526
1376312106283319299
1376312189498310656
1376312396294262785
1376312599923593221
1376312648971792395
1376312721730322432
1376312733122109448
1376313017084882952
1376313219099340806
1376313315635326977
1376313325756239873
1376313417888325633
1376313421260591105
1376313480400277511
1376313550755479552
1376313638907170817
1376313887868518403
1376314228496338948
1376314235400126464
1376314298838831104
1376314315511377923
1376314415448985603
1376314471145160706
1376314473854738436
1376314475326889988
1376314475326935045
1376314534810546177
1376314737730985985
1376314911916228608
1376314917788221445
1376314922649419778
1376315339835908097
1376315368915005441
1376315375088992259
1376315394433167363
1376315408135950338
1376315467288154115
1376315492923813893
1376315527094734848
1376315598725070849
1376315747618725891
1376315881781932034
1376315980335493127
1376316204445491200
1376316242739539971
1376316407831539721
1376316502987657235
1376316618788192261
1376316619727724544
1376316636928565251
1376316931834265600
1376317022297001984
1376317027405692936
1376317090181812226
1376317143269191681
1376317290078167043
1376317525122818049
1376317555871207426
1376317613677154306
1376317778542596102
1376317868141379591
1376317877565878279
1376318027659087875
1376318155467948033
1376318166360596480
1376318188951064578
1376318212539842560
1376318417750269957
1376318461161443334
1376318570506895360
1376318788052869124
1376318823264030722
1376318835511455749
1376318845489704963
1376319142098243588
1376319215360180224
1376319286910812164
1376319303759273986
1376319377549766659
1376319410806349827
1376319505446674441
1376319508386877452
1376319539873513478
1376319572207398921
1376319611503775748
1376319692764143617
1376319692768432128
1376319836914135040
1376320024244334595
1376320048793583621
1376320089079885827
1376320195439030277
1376320296639213568
1376320361667702788
1376320416826949633
1376320464189014016
1376320480534261767
1376320499572170753
1376320652722987011
1376320735803752453
1376320805890629634
1376320807316697096
1376320835334602753
1376320942679425024
1376320963898400772
1376321002863484938
1376321080328126465
1376321094521647104
1376321184720117764
1376321239724257280
1376321279259721731
1376321482930982916
1376321508268765184
1376321600673447936
1376321660870090755
1376321726976569346
1376321794798391298
1376321833998422030
1376321974931177480
1376322099451662345
1376322317190586369
1376322395326255108
1376322449273413632
1376322588557860867
1376322819987013632
1376322825531895808
1376322845307985920
1376322871044288514
1376322886747758595
1376322923041075201
1376322923686989828
1376322994776252418
1376322998588817411
1376323036945743879
1376323089827573765
1376323130113789953
1376323158236626945
