1448438401275998212
1448438401628311562
1448438401770872835
1448438401921859590
1448438401993224193
1448438403071107074
1448438403444318209
1448438403813367810
1448438403956035586
1448438406023991297
1448438406359310339
1448438407617724422
1448438409811349506
1448438410155372547
1448438418829152262
1448438424164241411
1448438435635732480
1448438442099097616
1448438459010539520
1448438592557273090
1448438640422621184
1448438653118816256
1448438672940941318
1448438673280733185
1448438698400485377
1448438789853024258
1448438838431420418
1448438945566580741
1448438997483769858
1448439014906859524
1448439055566376961
1448439073643847682
1448439176198868993
1448439244872110083
1448439246889500673
1448439268884430848
1448439375675764738
1448439625475891200
1448439651459534858
1448439666601074688
1448439686482087937
1448439768543531008
1448440003365793793
1448440034059857922
1448440078209060867
1448440138460131330
1448440139466870792
1448440193984471043
1448440198723948544
1448440237768724484
1448440262842208256
1448440285663531011
1448440295268495364
1448440427762302978
1448440449039880199
1448440512705335296
1448440530262806536
1448440770885718018
1448440876267708420
1448440917942276103
1448440918051196933
1448440940662714368
1448440940993998850
1448441093876486155
1448441177116663810
1448441227817496581
1448441267428499457
1448441334885355521
1448441408671600644
1448441440015511553
1448441448513298449
1448441630327930882
1448441760481435648
1448441845034274820
1448441969458417666
1448442009270771712
1448442015570608130
1448442079114313728
1448442176174649350
1448442176266915845
1448442176304820227
1448442176422154241
1448442180956196866
1448442403803836421
1448442435659567104
1448442450373234695
1448442480672837641
1448442612806004739
1448442629579067397
1448442698512441347
1448442706666086405
1448442725439791108
1448442788450902016
1448442815562854403
1448442870743064576
1448443169906044932
1448443205125615617
1448443434461769731
1448443434713247749
1448443434755244039
1448443444058370049
1448443480804675585
1448443636375511047
1448443686119870465
1448443692080144385
1448443837014233088
1448443845109239817
1448443862591197187
1448443939032293378
1448443975426314241
1448444002748059649
1448444052605739011
1448444076383211520
1448444079000494080
1448444144905453568
1448444185418346503
1448444198215110660
1448444278741606405
1448444314548322309
1448444327290712064
1448444387894173697
1448444407573880832
1448444451370803200
1448444485747318792
1448444652202385408
1448444692803342338
1448444735899815942
1448444739947220992
1448444802815520769
1448444819047649286
1448444944381722634
1448444944457289729
1448445054532603908
1448445201547153409
1448445442228948992
1448445499082780673
1448445757598666752
1448445776426905600
1448445871411142659
1448445904466456581
1448445951144644616
1448445951643983873
1448445951778111489
1448445952063258626
1448445952231018498
1448445952457543686
1448445961026560004
1448445963358531584
1448445974309965829
1448446073169645571
1448446164639043589
1448446181374312450
1448446216992436228
1448446219206995971
1448446609092661250
1448446624225767431
1448446743465562113
1448446775786975235
1448446853549277189
1448446856074350593
1448446875112202246
1448447209435971586
1448447209620508675
1448447216667045888
1448447319544848391
1448447391837925380
1448447425618849803
1448447555419914247
1448447636588146700
1448447668569747456
1448447722835648513
1448448031939080193
1448448043427172355
1448448204832485378
1448448220959444993
1448448389092364294
1448448467634847745
1448448467702009857
1448448467765022722
1448448467781701635
1448448475704741891
1448448667740954626
1448448745448820737
1448449065214169094
1448449188115718145
1448449502457868288
1448449725976436745
1448449726353850368
1448449734738329606
1448449758742425604
1448449796059058179
1448449801675280388
1448449925562392576
1448450082718818304
1448450101924532228
1448450106513137666
1448450112674570247
1448450186360016901
1448450240332324869
1448450514451062784
1448450532318846976
1448450676187668485
1448450699231174659
1448450710488682497
1448450793527521282
1448450940093272066
1448450984217391105
1448451017444581380
1448451022867681285
1448451073966960644
1448451377353592832
1448451502855569412
1448451712730030081
1448452022546563073
1448452033812389891
1448452158374952963
1448452169557020675
1448452242458091522
1448452460553592833
1448452722584289283
1448452837172776966
1448452854122008579
1448452907003678725
1448452910044622852
1448452950234476546
1448453208427409412
1448453228891344900
1448453261074206720
1448453267667787782
1448453432650653698
1448453501345050626
1448453501823111171
1448453501894512642
1448453502682927104
1448453504092229634
1448453504155021312
1448453504553545734
1448453508106227714
1448453508387250176
1448453509632901121
1448453512317263872
1448453520064188420
1448453522463367173
1448453617967640581
1448453654458011648
1448453701828444169
1448453752751628292
1448453752814460936
1448453802063970307
1448453837531066372
1448454030032834563
1448454211990130691
1448454213755932673
1448454256348991489
1448454267933765635
1448454514504314882
1448454597652189185
1448454652547194881
1448454717298851846
1448454884311842819
1448454903056248837
1448454981309317120
1448455087983050754
1448455255793061891
1448455343630131206
1448455637051060225
1448455706600824835
1448455970984644610
1448456256306429958
1448456273570172946
1448456285901389824
1448456515828989955
1448456625212248068
1448456664529637376
1448456971410100228
1448457024056946696
1448457032936341504
1448457036233121795
1448457044453888000
1448457172925313028
1448457203380281347
1448457237639450627
1448457275643863041
1448457275757060101
1448457342773772290
1448457355797090304
1448457519370801161
1448457521492942850
1448457609397342218
1448457694818574338
1448457736254074885
1448457857154830340
1448457875379138570
1448458031839256579
1448458051019808771
1448458186982367238
1448458259564834820
1448458273649147916
1448458318435995652
1448458414569541638
1448458533977014272
1448458534023307266
1448458534027505664
1448458534060888065
1448458534081818624
1448458534115549187
1448458534153162763
1448458540700536832
1448458706816012290
1448458709491978240
1448458863473213446
1448458894947332100
1448458919316176896
1448459122136002561
1448459334032269314
1448459386746146818
1448459443973279746
1448459476269469697
1448459517470154755
1448459552035385348
1448459552794492935
1448459862590042116
1448459869221130240
1448459873658675201
1448459886136897536
1448460126600433667
1448460139103653889
1448460200726327298
1448460225053343744
1448460415164424194
1448460441223680000
1448460483992956928
1448460534756651011
1448460548065136641
1448460562124447745
1448460609616556033
1448460649814691840
1448460735563116545
1448460812192915456
1448460948604440593
1448461050433753094
1448461050517544966
1448461051243089923
1448461051289341952
1448461051708600320
1448461061737390084
1448461065835143172
1448461083036078081
1448461084256612361
1448461138111434755
1448461213797548035
1448461251257016321
1448461312602816514
1448461348258684929
1448461523777687563
1448461542383656961
1448461717126647813
1448461745622761472
1448461784575356928
1448461811938902016
1448461815386619905
1448461867261775875
1448461918897848322
1448461981149585412
1448461991413092352
1448462063269990400
1448462123437338631
1448462255805411330
1448462270787465216
1448462309005873153
1448462309047869443
1448462341159460870
1448462358846885888
1448462404694646788
1448462492842201092
1448462506918387715
1448462543073288193
1448462560592859136
1448462655707131905
1448462764738027520
1448462849425170435
1448462856983306242
1448463017600077828
1448463022540918785
1448463041629233154
1448463154023997447
1448463180401938433
1448463258193641476
1448463486074425347
1448463567154417665
1448463567204720641
1448463567217377284
1448463567313768460
1448463574687485954
1448463574792384512
1448463576847601668
1448463670569316358
1448463905072758788
1448464008906895363
1448464238603902982
1448464383915528197
1448464393973518338
1448464394963361797
1448464487015714817
1448464518766604289
1448464752024371203
1448464769279741959
1448464825378656261
1448464904923529221
1448465020464029700
1448465076885893120
1448465087312941058
1448465177402384387
1448465385511178245
1448465464233844737
1448465684225167365
1448465699869954051
1448465728596844546
1448465768841195520
1448465971740430338
1448466083694792706
1448466415992950785
1448466497949503489
1448466566568464388
1448466712945471490
1448466782264733699
1448466844680077312
1448467013941223424
1448467017057591299
1448467126382178307
1448467132384219139
1448467379839766529
1448467404951019524
1448467578960162817
1448467659008495616
1448467857633734664
1448468030690897927
1448468204435742723
1448468337118179331
1448468339349762055
1448468476167790597
1448468491145662474
1448468498112520204
1448468600210165760
1448468601392959495
1448468601506353153
1448468601510383618
1448468601959288836
1448468602722693121
1448468603330646022
1448468603720904704
1448468603800596495
1448468603909521412
1448468604068847619
1448468604609970178
1448468604941479936
1448468606753329152
1448468620045082625
1448468680900239362
1448468698893729796
1448468843639214088
1448468851679801346
1448468932881432577
1448468937402982402
1448469021150662660
1448469041815883778
1448469124254896133
1448469149353758722
1448469204672389122
1448469261572317186
1448469438739750916
1448469453273018368
1448469518121111556
1448469525813469189
1448469556880609285
1448469608541917190
1448469617886875655
1448469693656969217
1448469757292863490
1448469760820318209
1448469816348717056
1448469818810720258
1448469907553890308
1448470059396079619
1448470076747825153
1448470113192235011
1448470242288668673
1448470444709924866
1448470618815479809
1448470644539240450
1448470687694397443
1448470730023264257
1448470785006374912
1448470851976933377
1448470863884558337
1448470881718583302
1448471104197124097
1448471116780032003
1448471126301200385
1448471192625504256
1448471237127200769
1448471328688939015
1448471500328247298
1448471577591488515
1448471589910102020
1448471597996728332
1448471604774719490
1448471651310526471
1448471807170859011
1448472063610695685
1448472077384753155
1448472121424982016
1448472204564439043
1448472235052650499
1448472374345621511
1448472375079542784
1448472375549472768
1448472794379997184
1448472819638181893
1448472849790869508
1448473017877729282
1448473171439542276
1448473391158243336
1448473481771900931
1448473526327906304
1448473528400064517
1448473599187333121
1448473616241332231
1448473633467232259
1448473633538535424
1448473633614036998
1448473633853112321
1448473641293950981
1448473652433801218
1448473656909176837
1448473679722074112
1448473719291195396
1448473745883082752
1448474036154032132
1448474044215480320
1448474051534524418
1448474187325190146
1448474189745299460
1448474252710191107
1448474256665456645
1448474347279110149
1448474369819349001
1448474417483423745
1448474419521855493
1448474471472541700
1448474583284297729
1448474680080338946
1448474741573144579
1448474777644158981
1448474784753328128
1448474802080165893
1448474855507103746
1448474891821400065
1448475223532113928
1448475271598952453
1448475593595625475
1448475748189315072
1448475759727808512
1448475929286565888
1448476104424099840
1448476107334881280
1448476149932179463
1448476150867456003
1448476150871707649
1448476151240925184
1448476177962778627
1448476178428346371
1448476252554289155
1448476254160789505
1448476407311577090
1448476659171086338
1448476708122804224
1448477166807683079
1448477314027765763
1448477369916854273
1448477417190961156
1448477481598693376
1448477525248774144
1448477557192421377
1448477569142112257
1448477657046335497
1448477761203474433
1448477792329510915
1448478070919376897
1448478084387282944
1448478203325079553
1448478211529191430
1448478470221271042
1448478543013421056
1448478579675865091
1448478666564976643
1448478666732752899
1448478666770501632
1448478950959763461
1448478951051984898
1448479194741149697
1448479419983613953
1448479663215550465
1448479686678433793
1448479723982663681
1448479797915443200
1448479888697090048
1448479914030739456
1448479924847742976
1448479924956893186
1448480004254359553
1448480045895405574
1448480077579055106
1448480084801867776
1448480117626449926
1448480219711488001
1448480250258759686
1448480396111458313
1448480840707723267
1448480856981573634
1448481016579035140
1448481041669410816
1448481183294279680
1448481202600620037
1448481330606510083
1448481462907514882
1448481482276683777
1448481616452591624
1448481789492740100
1448481800171528198
1448481851694329860
1448481910779428868
1448482285846777857
1448482324186681345
1448482500695711752
1448482830904823809
1448482860193648642
1448483018344054790
1448483105594122244
1448483241929891843
1448483497509855235
1448483568439775235
1448483578896072712
1448483614421921793
1448483627348766730
1448483699733979137
1448483701805834240
1448483703391457280
1448483703420686339
1448483705723318272
1448483706872680449
1448483715970183170
1448483716725084162
1448483723444473859
1448483740649508864
1448483750862626822
1448483784551174145
1448483848547979265
1448483850447904770
1448483859381858317
1448484024582905864
1448484114865270785
1448484303030165508
1448484391978782728
1448484410299502593
1448484460299751429
1448484464783409153
1448484499117920257
1448484504587358209
1448484509188440064
1448484629275680768
1448484662540636162
1448484698209067009
1448484761085882374
1448484786167816193
1448484798704406528
1448484886554238980
1448485012597317639
1448485178129608705
1448485309314834440
1448485384778915844
1448485514500194313
1448485622428098563
1448485726442729472
1448485745115676676
1448486013316341762
1448486210377330692
1448486216328962050
1448486216459034626
1448486335862431753
1448486387653783553
1448486403172667395
1448486415352754176
1448486465466470412
1448486471728517122
1448486855578554370
1448486859911225349
1448486869239402496
1448486922582638598
1448486933492117504
1448487043554742274
1448487084352802817
1448487169300045836
1448487293522747397
1448487474842513408
1448487576164347905
1448487609257373696
1448487630518296576
1448487701624365059
1448487704891637765
1448487726437654529
1448487911259844612
1448487920437022720
1448488005962928129
1448488015073001479
1448488082744004610
1448488268346056706
1448488412546207745
1448488563688054786
1448488651688714241
1448488733020499968
1448488733041467396
1448488733230055425
1448488734983348225
1448488772941844493
1448488836162588672
1448488860879663106
1448488930958004224
1448488984678699013
1448489012059164680
1448489353374732288
1448489612242997250
1448489733991116804
1448489876802834435
1448489887464894465
1448489898227417093
1448489991319932929
1448490056520450058
1448490288465465350
1448490654603034625
1448490662119317504
1448490716930453505
1448490734303252483
1448490738891767813
1448490990092890114
1448491013740408833
1448491102043049992
1448491114605031428
1448491134511157250
1448491157550403585
1448491201544421380
1448491250332708864
1448491250848460804
1448491251918151683
1448491255802077185
1448491502875860994
1448491623478870017
1448491716663676929
1448491796804288514
1448491853997826050
1448491929906319360
1448492281783279627
1448492550055251970
1448492703214448640
1448492871796105217
1448492895166730241
1448493134984331268
1448493766243852290
1448493766252187650
1448493842131349504
1448493995856855043
1448494248987344898
1448494513153052672
1448494521021603840
1448494608753770496
1448494651623759877
1448494758821773313
1448494884298493953
1448494884730687488
1448495024988061702
1448495159231004673
1448495464039559168
1448495593391804416
1448495855258980352
1448496053414768640
1448496060482084867
1448496202157285383
1448496212613767171
1448496282805448705
1448496293827993606
1448496294515945473
1448496359024336900
1448496884889358337
1448497054393815042
1448497090175373312
1448497537992773637
1448497541134311426
1448497548809867264
1448497803060199424
1448498236566773762
1448498706492256259
1448498778927992837
1448498799274442755
1448498799899447297
1448498802105671682
1448498802151854080
1448498802457935879
1448498818203455489
1448498875443068930
1448498953453019137
1448499240033046533
1448499333272322052
1448499342973751297
1448499426843140096
1448499440487059462
1448499682909560839
1448500057729388544
1448500163857821698
1448500541915549697
1448500830806609921
1448500859155980290
1448501278431141888
1448501315978416129
1448501364196315147
1448501419967979520
1448501482840539139
1448501707315585026
1448501826152804354
1448501884097028097
1448501923179544578
1448502063697174528
1448502264256151555
1448502825940553730
1448503267248443394
1448503267424555008
1448503274571800577
1448503641485287426
1448503733600624640
1448503832401653765
1448503832405811200
1448503832514908162
1448503969500762116
1448504544560926720
1448504845674160132
1448505307357855748
1448505480498884619
1448505594202181635
1448505616343912449
1448505768563683331
1448505867087777793
1448505931860484096
1448506008519643136
1448506074718482435
1448506076949884929
1448506297830236163
1448506348975558658
1448506349936074753
1448506350342967297
1448506538734374917
1448506690547060738
1448506970848350208
1448507056168882177
1448507376777134086
1448507584189714436
1448507793145688064
1448508319954620417
1448508590973767680
1448509161352962050
1448509336796471296
1448509836946296833
1448509968022396930
1448510072045379586
1448510076139024389
1448510115741585411
1448510123836575751
1448510179805437964
1448510765238034434
1448511389182541827
1448511752468054016
1448511984954118144
1448512030902833154
1448512041153671174
1448512316492894209
1448512392359448576
1448512417999228928
1448512759491141634
1448512928035049472
1448513069928390656
1448513146117840897
1448513342923055106
1448513365895258112
1448513878699163648
1448513899209400320
1448513899339288579
1448513902405423104
1448513903714045954
1448513904867430406
1448513949293502467
1448513957786968064
1448513976527204358
1448514050611089409
1448514106810683393
1448514278437257222
1448514509954592769
1448514857108639744
1448514862208978947
1448515587341176832
1448515707533238272
1448516415657443328
1448517553647759362
1448517629195571200
1448517673571299329
1448518177084772354
1448518635870371842
1448518642178609154
1448518686336299012
1448518687057747968
1448519291834290179
1448519440673525764
1448520199494422528
1448521869188009987
1448522056115576834
1448522125812305922
1448525223440093185
1448525240401809408
1448525861511127052
1448526546784894981
1448526929141841922
1448527357623607300
1448527575760973830
1448527966674247681
1448528051407577094
1448528258643939331
1448528359231741956
1448528999047593985
1448528999714639872
1448529003300675586
1448529003518717957
1448529035034861569
1448529250273746948
1448529628788768774
1448529974554730498
1448530589011808261
1448530777726144513
1448530784659415042
1448530884676706304
1448531020312158209
1448531762267754500
1448532700420268036
1448532826320740358
1448532980729851905
1448533273244848133
1448533892198141952
1448534031461584896
1448534031537160194
1448534031608414209
1448534671126671361
1448534717188517888
1448535077982404614
1448535731689897985
1448536259111133185
1448536549516185600
1448536577332875264
1448536937619345410
1448537156734136323
1448537195246014471
1448537942138388482
1448538263124328448
1448540107024257032
1448541210147237892
1448541498421747717
1448541581309464581
1448541611319758849
1448543253347852289
1448544097656979458
1448544103789170688
1448544166489772037
1448545356686446593
1448545366551433217
1448545761797488644
1448546111216504835
1448547369532887044
1448548336101957632
1448548758954942465
1448548762046111745
1448549337081028608
1448549634314420229
1448550556138721283
1448551008683048962
1448551204297052161
1448551406542245888
1448551613988229120
1448551647446126592
1448551663166496770
1448551847573299200
1448552304941076484
1448552358670127107
1448552557366894592
1448552579584167938
1448552755967238146
1448552761583353856
1448552765328875523
1448552790427590658
1448552807116779522
1448552841908572166
1448553836679995400
1448553877129809921
1448554750631424001
1448555277821882369
1448555800511848449
1448558793273524224
1448559199986888705
1448559200385191939
1448559230932373510
1448560796519305219
1448562004244025347
1448562516158783489
1448562696492814337
1448562774712406016
1448564482125352962
1448570270214770689
1448570418282045443
1448570521914912768
1448571284674293762
1448571391608041474
1448572436442722304
1448574296956149760
1448574299053330436
1448574306825482241
1448574306955538436
1448576852336037889
1448576942769381376
1448578597820772358
1448583573297115137
1448583854520999936
1448585229137022976
1448585267993006081
1448586224961216513
1448586445778788357
1448589347020759045
1448589396693819395
1448589396857421834
1448589397968900099
1448589404067352577
1448589410166005764
1448589719437287424
1448590182224121857
1448590992437911553
1448592086043963396
1448592734403522563
1448594457037787136
1448594773305032704
1448595208552255491
1448595445366853636
1448595696471400455
1448596950551511040
1448597168927948802
1448598295056687112
1448599303287676930
1448599462633373697
1448599462650204167
1448600721155297305
1448601275197706247
1448601950732308482
1448603059685371909
1448603992364392450
1448604197415436290
1448604499384229896
1448604502802714625
1448604508217651202
1448605379609473026
1448606763813675020
1448607270963761152
1448607526807908355
1448609529151692805
1448610542738939908
1448610896901722117
1448611041383010304
1448611972753371137
1448612046870880259
1448612047671992341
1448612047772553223
1448612048426848256
1448612548954181634
1448612698145443852
1448613233330429954
1448613653880659974
1448613688445898758
1448614562077495298
1448614562115174402
1448614562463305728
1448614590875672577
1448615820909703175
1448616112078434310
1448616165136379911
1448617078815182851
1448617078840307722
1448617233043783683
1448617339151290372
1448618160928743427
1448618340663140352
1448618376146964483
1448618464864718858
1448618557516943365
1448618571001733124
1448618589880213512
1448618674852614148
1448619076406886413
1448619478187757583
1448619579731812359
1448619598371246080
1448619719867518976
1448619833843613714
1448620605134180354
1448621072509804549
1448621107641204738
1448621424533454859
1448621635821522955
1448621758014267400
1448621847025750018
1448621919692013570
1448621977632219136
1448622041293275138
1448622212970426377
1448622590105378819
1448622879797497863
1448623124887523332
1448623640107380745
1448623665839583232
1448623706884947969
1448623761020919811
1448623884417314818
1448623953199697925
1448624111958126593
1448624125136805899
1448624125254283265
1448624128798330885
1448624169067950084
1448624213233856516
1448624429542436873
1448624522639421441
1448624576938876929
1448624628478496768
1448624961908785158
1448625131803140096
1448625383528701955
1448625565095899145
1448625571592908801
1448625752447062020
1448625861578694663
1448626162423324672
1448626304618803202
1448626512652029954
1448626760858411015
1448627069856911361
1448627145023107086
1448627145039773699
1448627145522040835
1448627145647951873
1448627145975209985
1448627146063294469
1448627148864978949
1448627175729598467
1448627176299974661
1448627370550775808
1448627501295706116
1448627657998995456
1448627812093542400
1448627889801293830
1448628026577670155
1448628261781704715
1448628410717245440
1448628987694100480
1448629195546955779
1448629232360464384
1448629381560143872
1448629461033836547
1448629662079401996
1448629662364676097
1448629675442454530
1448629702592122884
1448630023779282950
1448630169959374848
1448630310296506373
1448630393373175811
1448630609157529602
1448630695702810629
1448631399737552896
1448631512404877317
1448631605698904067
1448631681183895553
1448631703191396353
1448631838809989122
1448631892052430866
1448631990715047941
1448632067034656779
1448632295292813322
1448632363957858314
1448632415916806147
1448632429791481856
1448632430047346690
1448632476373602310
1448632482560106496
1448632952292794371
1448632982751809536
1448632988212805635
1448633130215170058
1448633176755261442
1448633237278953477
1448633334578429968
1448633509573242882
1448633687554265094
1448633738741616644
1448633752436060162
1448633755103633408
1448633998679416832
1448634183732154378
1448634559554281478
1448634694527033352
1448634696259317762
1448634700050964483
1448634700105273345
1448634703947264008
1448634706803650563
1448634873674076170
1448635085910073344
1448635148468031489
1448635196153151517
1448635231825809415
1448635249009823749
1448635252663070725
1448636205055324164
1448636290447065088
1448636350001938434
1448636436266328064
1448636448433786882
1448637223084167172
1448637299957420036
1448637463346364424
1448637925218996231
1448638047684268032
1448638206484762625
1448638426631262218
1448638434751524865
1448638441986609154
1448638500232966153
1448638559213269000
1448638744639119366
1448638756173410305
1448638767007473667
1448638777614692356
1448638787815239688
1448638875753070604
1448638960486420484
1448639058956140547
1448639239919259653
1448639416084402183
1448639431871770632
1448639486250962944
1448639514629509125
1448639651695063044
1448639761984495623
1448640018499526675
1448640066209910787
1448640104478789635
1448640181574197252
1448640420087533568
1448640704691912713
1448640868542341125
1448640868815101955
1448640869100396545
1448640986326913025
1448640994082164739
1448641095043325954
1448641196646092800
1448641238010261511
1448641303621767176
1448641354603511808
1448641429602021376
1448641444676358147
1448641560044875778
1448641648729206786
1448641997523333123
1448642180806062084
1448642227996176391
1448642244601257996
1448642245855531011
1448642247533076497
1448642248690704389
1448642316672065540
1448642322967654405
1448642339006820354
1448642370124267524
1448642412293853184
1448642561241800707
1448642568019873794
1448642589201248259
1448642930474995714
1448642995604045825
1448643037685506048
1448643039589715969
1448643062184427521
1448643251284684800
1448643294578323461
1448643458009346054
1448643503131529219
1448643662632689668
1448643886172286976
1448644090409545739
1448644205975375873
1448644424355905536
1448644441875656706
1448644475866210304
1448644574939951105
1448644628463370241
1448644761242386437
1448644761334603784
1448644774647455744
1448644781383499776
1448644913218924551
1448645154269655052
1448645167137710093
1448645370859433984
1448645578045353985
1448645585293037573
1448645585465008140
1448645683964268544
1448645717728194562
1448645769842413578
1448645935165104135
1448646013640536079
1448646020275970053
1448646020473229312
1448646027771199491
1448646092833185809
1448646298039586827
1448646414687346688
1448646461193863172
1448646528965382164
1448646577032032263
1448646581368983553
1448646590042832916
1448646668635758592
1448647120018305027
1448647277631975424
1448647294786543622
1448647336238858245
1448647341934743556
1448647411681824778
1448647608340078599
1448647666515148804
1448647720470646801
1448647729320587275
1448647906949402630
1448648020749209606
1448648143147454471
1448648146733592580
1448648205625819147
1448648284319404032
1448648627862138891
1448648628025790480
1448648660816785419
1448648671881400327
1448648705293258753
1448648733722218498
1448648783428866058
1448649143379906572
1448649305074536464
1448649424427577367
1448649794251997200
1448649795204177920
1448649798131748866
1448649799838879745
1448649800291950592
1448649800497328137
1448649804771377152
1448649808617488385
1448649810202877996
1448649844017401862
1448649867237023758
1448649887667548173
1448649988741885954
1448650057540988935
1448650102722097155
1448650120803676166
1448650151438917641
1448650158925750277
1448650162532864004
1448650185245036555
1448650208980570123
1448650225497739268
1448650253415043077
1448650305655087119
1448650318468681731
1448650452740968457
1448650649994870785
1448650704743108620
1448650713463066628
1448650801497313285
1448650847785676809
1448650990517821448
1448651054250291212
1448651074303250435
1448651137838575624
1448651256755470344
1448651282412048385
1448651460468625431
1448651466369945605
1448651482769735689
1448651522418434054
1448651576395005963
1448651584733265921
1448651599761403916
1448651907858198535
1448651974358958088
1448651989269692418
1448652026556997654
1448652750590398482
1448652795024871433
1448653122457399297
1448653181555130369
1448653263537000457
1448653372823728132
1448653452872060942
1448653569457074176
1448653569733890049
1448653569796804608
1448653587349864458
1448653691897016326
1448653695311220736
1448653711702577157
1448653768271167495
1448653806644776977
1448653822662828037
1448653900572020736
1448653906930593804
1448653938576613393
1448653992901308427
1448654069019516935
1448654159943634952
1448654224712093698
1448654409794146304
1448654765634711561
1448654789340925963
1448654827672670219
1448654827760857088
1448654827995615245
1448654895519731718
1448655166970818572
1448655338111004676
1448655346042503170
1448655351474049029
1448655364434530314
1448655501357568001
1448655663698104327
1448655724234432512
1448655928794906627
1448656085884096517
1448656118708793361
1448656136794624018
1448656484909285381
1448656847066386438
1448656884550963213
1448656899377811461
1448656964259434504
1448657053392662552
1448657057888931848
1448657062645227521
1448657067716141057
1448657110993043459
1448657129796091906
1448657153166774286
1448657179230158850
1448657230937538569
1448657345492439041
1448657346012401681
1448657346264186880
1448657351137923072
1448657365893464064
1448657382641262592
1448657386156093453
1448657407010230282
1448657585956003846
1448657607380508677
1448657608336822284
1448657623297916941
1448657661159882761
1448657715891294210
1448657762339016714
1448657960217890818
1448658175549263888
1448658244625256456
1448658502881185807
1448658608820948997
1448658686633644048
1448658715373027330
1448658894171959296
1448658919966969857
1448659137538105354
1448659141623357446
1448659244048273415
1448659266416504842
1448659272808550410
1448659286339428357
1448659403817644041
1448659427054129164
1448659835344470046
1448659860493590528
1448659860770357272
1448659860803842060
1448659860833411072
1448659860904611841
1448660038311038984
1448660076252700692
1448660232482164742
1448660255806681098
1448660355450691606
1448660370432749575
1448660615644450816
1448660669675409421
1448660733181366275
1448660838319988742
1448660866790871051
1448660869550800902
1448660907756691469
1448660915511906309
1448661006780010498
1448661035531980806
1448661119409795072
1448661119560605696
1448661151550558219
1448661165177917443
1448661309310922754
1448661410444038151
1448661518334136331
1448661553742368768
1448661586265063432
1448661622440951811
1448661654158250001
1448661740116344843
1448661837008883721
1448661890809303063
1448662003644395524
1448662022170628108
1448662037710602253
1448662131444895744
1448662181277433861
1448662187547848704
1448662210746535937
1448662216991920143
1448662303134552067
1448662303474282500
1448662377939959816
1448662403290337298
1448662408663212063
1448662612716052498
1448662675269947397
1448662821982511108
1448662839061725187
1448662998411661326
1448663037418766341
1448663040136663054
1448663042368045062
1448663045220167687
1448663095576956940
1448663333024899082
1448663384883228673
1448663385327869956
1448663607227547657
1448663674764214274
1448663738991583244
1448663794503204888
1448663826849669127
1448663883753791489
1448663889185439752
1448663903362183187
1448664011642343437
1448664061579649032
1448664069477580803
1448664070865907722
1448664260733653001
1448664798170796038
1448664843268067328
1448664900180615168
1448664902491525125
1448664903921905666
1448664905310212096
1448664909525360648
1448664928932356102
1448664936696012817
1448664952516923396
1448664962310750208
1448664967666831372
1448665002580250624
1448665032498155531
1448665063276130304
1448665188991836171
1448665212257648642
1448665215168651266
1448665457268084736
1448665480378658816
1448665522631954442
1448665536548597764
1448665565950709775
1448665762869112838
1448666069825044489
1448666193607282696
1448666250356277249
1448666280177795082
1448666305788219394
1448666354769281043
1448666383265447936
1448666403947515915
1448666411073777668
1448666416069046280
1448666434742145028
1448666549221396499
1448666778041729024
1448666913421283331
1448667136814092291
1448667178106953734
1448667237393436675
1448667340128751625
1448667410379296768
1448667410899341314
1448667463722446852
1448667540088147978
1448667585898295297
1448667657989935105
1448667726524809221
1448667794380259340
1448667799098777603
1448667919198658560
1448668099570503680
1448668210560225282
1448668220987088901
1448668228335673345
1448668240478097414
1448668294433574914
1448668413560246277
1448668475501780995
1448668483303137283
1448668534704381953
1448668669807054854
1448668694591197192
1448668707308384259
1448668797112668167
1448668799771811848
1448668800950411271
1448668851818930180
1448668856466149378
1448668916058759169
1448668921549164546
1448668935235137539
1448668995201208327
1448669040617013251
1448669147001286657
1448669253452845070
1448669257739427840
1448669496873525252
1448669498823823360
1448669509062168580
1448669707872063498
1448669736531808263
1448669756924604420
1448669836385603589
1448669927041220609
1448669927481692164
1448669927569870853
1448669950886006784
1448670216800538627
1448670233191911431
1448670273683734530
1448670349353160707
1448670383851413516
1448670603783905281
1448670711535456264
1448670872756236289
1448670914544033794
1448670960098414600
1448671018978004997
1448671114910183424
1448671160972058625
1448671167636725760
1448671244254068739
1448671280706768902
1448671389544747013
1448671391184736261
1448671400038969345
1448671501633327110
1448671588342243332
1448671604116963332
1448671683879989257
1448671738913505280
1448671750099775494
1448671833524514826
1448671846501601288
1448671906123681797
1448671934984634373
1448672038927822856
1448672093059563523
1448672095077031940
1448672148072157187
1448672253382639620
1448672301881438216
1448672324836904962
1448672361100763137
1448672372605833226
1448672443917234180
1448672445183918080
1448672446324879360
1448672447348105217
1448672447859937284
1448672448509984772
1448672448891658246
1448672454759653378
1448672499407986700
1448672502293614605
1448672533138526220
1448672585009479684
1448672610481434624
1448672701162344451
1448672707206336518
1448672719927758858
1448672971996893190
1448673178344112129
1448673316663869443
1448673370128764928
1448673473254023174
1448673557613989898
1448673564102647816
1448673571753037831
1448673586487693314
1448673648898973701
1448673655056109577
1448673658050916353
1448673672118558724
1448673809230409731
1448673910807990275
1448673914574544897
1448673975274545152
1448674086750728199
1448674138713960455
1448674179285495808
1448674324949372936
1448674371300626435
1448674508798402565
1448674521859248130
1448674527567831043
1448674552788275209
1448674558081486849
1448674593594609669
1448674641988538371
1448674650037366797
1448674770548051977
1448674857714024450
1448674904757391374
1448674960336171016
1448674960482787328
1448674967105777665
1448674970062794752
1448674985359327241
1448674985493606414
1448675095115874305
1448675195644940290
1448675252347736070
1448675262191779845
1448675343922077699
1448675374532075520
1448675484028608515
1448675497555087363
1448675503754338308
1448675575586041863
1448675588449968128
1448675635694604295
1448675773355802629
1448676016013021186
1448676050435727374
1448676129716441090
1448676218816106497
1448676219419914246
1448676229612191749
1448676265209352192
1448676293688631298
1448676335413518337
1448676335526764547
1448676339146543105
1448676357358096385
1448676358671020036
1448676401071235084
1448676445635571726
1448676485439557635
1448676608202600455
1448676613097500674
1448676627714646020
1448676786146091012
1448676792567406601
1448676931935735813
1448676943478599690
1448677148760346625
1448677151377592321
1448677305992294414
1448677320127094788
1448677381422600198
1448677416017170436
1448677472682364936
1448677528105885704
1448677574217973768
1448677926581399552
1448677984492310529
1448678001206509571
1448678005081993218
1448678033112637441
1448678069766606858
1448678081376526340
1448678102821859337
1448678170828451849
1448678201627004928
1448678483274698760
1448678488836354049
1448678510768402434
1448678511871418368
1448678533878910981
1448678569140539396
1448678592318083075
1448678620143230978
1448678684206899201
1448678744869195778
1448678805623742469
1448678817229426690
1448678893599264768
1448678935852576769
1448678937932992518
1448678944098721806
1448678981788573705
1448678986566049792
1448678994480705542
1448679181307551748
1448679183928868865
1448679209954467843
1448679285376618501
1448679458811125769
1448679496811491329
1448679538607730688
1448679843412037637
1448679946080202755
1448679957618700291
1448679994247553026
1448679995577016326
1448679996835336193
1448679999125524484
1448679999419125761
1448680001281347585
1448680004120842240
1448680006914351104
1448680018184392713
1448680022177353729
1448680022982619142
1448680028263358477
1448680032071737345
1448680096886366215
1448680110568218633
1448680111084036097
1448680139508748288
1448680146785894402
1448680160211898369
1448680163839987716
1448680261911199747
1448680269808951296
1448680307494899714
1448680346564890629
1448680411991662596
1448680459932770307
1448680487170498565
1448680505470296064
1448680738186989568
1448680739508301833
1448680757417975814
1448680924040806406
1448680936518742016
1448680963102367745
1448681076604522501
1448681098184060936
1448681104542687246
1448681198822297603
1448681315138560004
1448681317378314240
1448681361078984709
1448681529656422401
1448681773567655938
1448681827217051648
1448681841989459976
1448681888806227968
1448682006678626305
1448682065159806981
1448682159087108099
1448682286736568321
1448682335348592640
1448682498985189382
1448682519591735299
1448682584872038407
1448682646113067010
1448682646876327936
1448682874241232898
1448683079074140163
1448683129825280004
1448683136657858563
1448683296993406977
1448683338743484416
1448683362189811712
1448683455487746052
1448683460755922944
1448683482717122566
1448683512182284293
1448683528653185026
1448683576879423492
1448683671423225856
1448683675072225281
1448683742659289092
1448683768059998209
1448683824276201479
1448683933596594183
1448684007114387459
1448684020133421056
1448684127419392007
1448684147808026628
1448684188547403777
1448684255496708099
1448684271481229317
1448684271678468100
1448684321284386823
1448684394252800001
1448684713305067520
1448684763439681540
1448684872399212544
1448684884889903107
1448684928284205062
1448684930884509709
1448684944876843011
1448685026585899011
1448685026779013121
1448685026833432585
1448685026841792516
1448685049843486721
1448685050896207872
1448685083624448005
1448685167057514499
1448685235475030016
1448685290982240257
1448685291674357761
1448685296166608911
1448685356191211527
1448685418740953092
1448685455294144520
1448685520968683529
1448685575884525572
1448685584113967105
1448685752921956355
1448685769326055424
1448685776129069058
1448685781451788293
1448685912326479873
1448685986779566084
1448686019423911941
1448686056413429761
1448686212395503618
1448686215860006912
1448686284810059780
1448686314501591046
1448686380482236417
1448686414850265092
1448686599131312128
1448686675014475780
1448686820955279366
1448686839901032454
1448687004825255938
1448687066762645510
1448687137587666946
1448687210526646280
1448687335311396868
1448687358077902855
1448687542929330182
1448687544481107977
1448687544846020609
1448687544959320067
1448687545282273285
1448687545756254213
1448687545873682432
1448687557387161603
1448687571337351171
1448687611384672263
1448687643450040323
1448687943883890696
1448687961353162755
1448688125308547079
1448688133487333378
1448688221232111616
1448688221261639685
1448688277288984577
1448688300303212544
1448688344867741702
1448688361888231425
1448688444696301576
1448688455362416645
1448688590465093632
1448688686451728397
1448688737387483136
1448688749735518212
1448688809311342599
1448688863157764097
1448688978169942017
1448689097388736512
1448689121476505602
1448689125570215942
1448689304792977409
1448689316335587328
1448689442298998789
1448689448057806848
1448689549681569800
1448689556375543819
1448689562780258304
1448689662797631490
1448689890548494336
1448689952020119552
1448690041933504514
1448690051404247049
1448690055107776512
1448690059650162692
1448690059872378893
1448690059939495938
1448690082924400643
1448690363959549954
1448690582029672454
1448690664842088451
1448690713948995585
1448690714221719557
1448690816541671424
1448690971986866181
1448691010981216261
1448691080954671106
1448691122352623620
1448691122495184903
1448691241630277640
1448691323612143621
1448691329299451905
1448691427651764226
1448691445548863488
1448691451056037895
1448691618899451914
1448691638763593738
1448691851825799170
1448691894016307201
1448691948072710149
1448691950371196936
1448691951914606600
1448692206240509954
1448692239912382468
1448692244395925516
1448692301543325698
1448692406623297549
1448692458259369998
1448692474529017859
1448692520083501057
1448692576295469056
1448692648093626373
1448692745132908544
1448692986947293194
1448693014180683777
1448693021566857221
1448693088180867072
1448693109622194188
1448693323967832081
1448693461792788482
1448693509318393859
1448693589874249732
1448693834427342849
1448693845261234177
1448693847542882314
1448694196026712067
1448694274850234374
1448694333390139395
1448694337580277763
1448694422070173719
1448694517494857729
1448694518098784256
1448694841072918532
1448694841379012620
1448694915521732611
1448694920957599750
1448694925986615306
1448695013274173448
1448695036107952133
1448695094270386186
1448695094463266820
1448695095558017027
1448695095851683842
1448695098175279110
1448695098959536145
1448695099945152522
1448695101547450369
1448695104089346048
1448695184166883333
1448695214940561416
1448695221387251713
1448695310406983701
1448695343902859270
1448695344607338520
1448695344770916377
1448695374592499713
1448695459984388097
1448695485754130433
1448695596563369984
1448695601986772999
1448695622031323142
1448695733490700289
1448695753426325507
1448695805708316676
1448695897550823436
1448696098567110665
1448696163192950785
1448696207300173849
1448696290490130436
1448696306306801668
1448696351496228870
1448696358752473088
1448696372279062532
1448696387374354433
1448696398598320134
1448696486942973952
1448696561219735553
1448696562805260292
1448696602890231809
1448696608086892550
1448696654471761921
1448696736118022163
1448696769848561664
1448696783761182723
1448696887943438342
1448697113894850569
1448697129397071872
1448697204378685450
1448697251279343618
1448697332757843969
1448697587268132875
1448697609388916736
1448697633405538307
1448697634840092682
1448697644482801673
1448698230863241220
1448698282209853441
1448698490759090183
1448698650352250880
1448698732669767683
1448698737287704578
1448698741754671108
1448698765821595652
1448698936131260425
1448698954217136139
1448699044553891847
1448699049800978432
1448699090821267456
1448699175701417984
1448699371164426246
1448699428483878913
1448699743811551239
1448699853106733061
1448699913546592256
1448700069658697729
1448700126080520204
1448700126088908806
1448700126248144898
1448700269190131721
1448700288232165376
1448700731473600514
1448700731771531264
1448700818262138913
1448700933752360968
1448701136685436928
1448701175923097605
1448701297335549953
1448701377715257345
1448701384308764685
1448701503510827014
1448701635941777411
1448701635962675211
1448701636000485381
1448701696838979592
1448701957028425733
1448702100649783296
1448702142827536392
1448702207378051084
1448702230329237508
1448702240991195138
1448702268195459075
1448702309098135560
1448702642440466434
1448702642700492809
1448702642889297928
1448702643426271235
1448702643686281218
1448702644407709700
1448702645133262855
1448702645422678017
1448702645649088547
1448702645816860697
1448702679253925893
1448702699852079129
1448702728142741509
1448702729862385669
1448702880702078978
1448702911425486853
1448702940701728768
1448703051724902403
1448703150291132425
1448703258239770647
1448703397608280076
1448703397901705228
1448703438251044864
1448703440016842753
1448703451446366209
1448703575291539458
1448703596372111363
1448703922764386306
1448703925998297088
1448703955387703302
1448704074694766596
1448704135801581573
1448704280920137738
1448704354333040671
1448704468321816576
1448704794059702273
1448704903090561024
1448704904575561736
1448705159123521545
1448705168040775692
1448705171433811973
1448705220821794818
1448705244007833603
1448705280884318211
1448705285158326273
1448705447473532933
1448705461428137984
1448705720157884421
1448705765229879304
1448705815548862469
1448705891415515143
1448705924051394560
1448706061809201157
1448706229484859392
1448706345952104448
1448706353569189892
1448706417339379713
1448706417398095876
1448706446787547140
1448706450512093187
1448706544317644801
1448706605646815237
1448706669228093443
1448706867170009092
1448706920794279942
1448706924724301842
1448707015044472837
1448707070157631490
1448707106975019013
1448707184536133632
1448707232267390983
1448707244879753218
1448707254732169223
1448707510513266688
1448707513508143110
1448707554188546049
1448707579677380615
1448707675760570375
1448707688410529793
1448707717535727618
1448707723902603271
1448707851015360515
1448707910914162691
1448707966098542596
1448708055672180736
1448708087767048195
1448708123175292928
1448708185301430274
1448708226736926725
1448708229060562945
1448708236023107585
1448708261981552644
1448708280361136140
1448708430647152646
1448708493762981891
1448708525467652097
1448708583894523911
1448708602265473027
1448708603620233220
1448708679134552072
1448708788840763396
1448708855362326529
1448708901348724741
1448708916783763458
1448708930125934595
1448708936836784130
1448708962065465350
1448709012074254338
1448709048933703686
1448709161303293958
1448709167838109698
1448709214873001984
1448709358695628804
1448709512861413377
1448709669820719104
1448709845977272320
1448710059450683403
1448710106556690435
1448710194796634114
1448710195534827525
1448710199276097542
1448710200479862786
1448710229219168276
1448710245929390085
1448710275054686209
1448710289776578567
1448710295573221379
1448710309783359502
1448710312014852101
1448710340510986242
1448710447331426309
1448710453870399491
1448710488750231552
1448710669700849669
1448710679586820099
1448710681365205003
1448710704970805249
1448710708246548485
1448710762457935873
1448710810784649216
1448710856511037444
1448710865092595714
1448710989373923329
1448711073322999813
1448711102414655492
1448711145016086533
1448711185675833344
1448711238813462533
1448711278340579342
1448711371890184209
1448711705173925895
1448711797700239369
1448711814955606016
1448711845628588034
1448712143801503748
1448712198314872844
1448712336852856834
1448712381232820224
1448712388442734593
1448712512073986051
1448712520592678912
1448712578834833415
1448712694119477253
1448712708782710789
1448712708854013954
1448712708883304459
1448712709181083649
1448712709248323598
1448712717913710594
1448712722753982465
1448712802974126094
1448712803225948160
1448712806400933893
1448712941377892359
1448712960566648832
1448713072437338114
1448713073062293506
1448713185872302082
1448713192293683207
1448713272279011328
1448713388360704002
1448713407134420997
1448713443528294400
1448713616597868546
1448713668644929536
1448713702430105606
1448713721832873984
1448713889521274886
1448713919690858496
1448713958513430528
1448713967119974400
1448713987630288896
1448713995075084295
1448714002150969346
1448714031792001028
1448714120912674821
1448714196367990787
1448714218958573583
1448714221856989185
1448714286042390530
1448714601349124100
1448714704113881094
1448714750607519746
1448714767187726338
1448714767191867395
1448714792907255813
1448714896267427856
1448714905771720708
1448714942039805974
1448715010927054871
1448715065071480841
1448715083756949521
1448715225507655682
1448715225524424720
1448715225545412610
1448715225616855048
1448715225746722841
1448715241525813252
1448715339919941633
1448715662562512913
1448715877176778762
1448715908332068866
1448715952963588103
1448716212201009157
1448716362998697992
1448716442220875789
1448716484105101319
1448716493882019841
1448716524362022920
1448716572814548999
1448716600857677826
1448716732055629832
1448716844668375060
1448716965636358148
1448717134163582985
1448717143554633730
1448717149279703042
1448717162760245253
1448717183949807616
1448717239570485248
1448717239956484107
1448717272378331141
1448717273104097284
1448717425076285445
1448717539312226318
1448717550108364805
1448717578856243206
1448717582249250816
1448717636414558218
1448717742610141191
1448717742794752008
1448717742962446337
1448717743868432405
1448717745131073543
1448717745227448327
1448717795882057732
1448717809643659270
1448717851687362562
1448717853042085892
1448717974232256517
1448718122635124736
1448718274829570064
1448718985705390080
1448719127187701760
1448719235362996227
1448719254359093249
1448719361934602241
1448719476564930563
1448719501772603398
1448719503794352129
1448719509758660617
1448719530482667520
1448719633838661634
1448719654206181379
1448719659495301132
1448719681230082051
1448719977557618689
1448720258693419009
1448720258781499400
1448720258928369666
1448720489891913732
1448720638735224834
1448720646037544967
1448720681466748937
1448720745258000385
1448720766917357575
1448720769710804997
1448720811842486273
1448720829496311816
1448721065837043727
1448721078839398405
1448721089396359172
1448721166516965391
1448721177698979859
1448721187979218964
1448721390274756608
1448721516900794369
1448721516967841804
1448721517001396237
1448721517357981697
1448721541596950529
1448721559334506518
1448721565982601223
1448721704130269199
1448721758727585798
1448721768701734917
1448721786313625603
1448721797894049792
1448721815891812356
1448721910372651021
1448722052098117650
1448722056107872257
1448722222269571072
1448722468059983881
1448722515518427146
1448722618564100100
1448722621890183168
1448722665695481863
1448722724155641872
1448722724495380487
1448722728148733955
1448722788538322952
1448722820058402839
1448722860692975619
1448722903571255301
1448723179015327751
1448723278558744592
1448723286117044235
1448723301535141889
1448723309617635328
1448723361857683458
1448723424096886784
1448723530384805891
1448723721900871696
1448723770613526530
1448723771527942153
1448723861319585792
1448723926272593920
1448724004894756869
1448724120208699397
1448724215281057794
1448724235510337546
1448724246889332736
1448724406893793285
1448724800365482006
1448724954007195660
1448724990342336512
1448725042095865863
1448725063084163073
1448725195716444165
1448725242440978432
1448725268437344266
1448725291761750066
1448725292952932360
1448725293850513439
1448725293951238152
1448725294639042562
1448725296933326864
1448725296950222851
1448725297151430665
1448725297243860999
1448725297256353796
1448725298590146560
1448725298938322946
1448725299609300993
1448725302436323336
1448725302604189697
1448725404206845971
1448725424113082369
1448725600647135234
1448725603688062981
1448725634960674820
1448725660919291904
1448725689365041156
1448725768427773958
1448725845758005251
1448726023558815750
1448726096824864770
1448726314849087497
1448726371518361604
1448726386982756357
1448726561918791682
1448726562627637254
1448726574530908172
1448726632718602243
1448726670232412163
1448726801874829312
1448726830501015558
1448726841418731524
1448726845977935873
1448726847701733384
1448726854618206213
1448727106423181326
1448727233678364685
1448727275629944841
1448727329602252806
1448727396375535617
1448727566676865025
1448727741478617088
1448727808784666625
1448727896361619497
1448728061365608451
1448728246472876040
1448728520826445824
1448728552258551814
1448728850712580101
1448729066610184207
1448729066761179172
1448729100777148419
1448729303601004554
1448729318457167873
1448729368591683584
1448729399503822859
1448729634221211653
1448729670623522825
1448729694723993612
1448729703255199746
1448729725178834945
1448729775909003266
1448729945723781126
1448730136090656770
1448730203342061568
1448730324985434115
1448730325056729098
1448730525976387590
1448730566690361344
1448730742285115393
1448730949236125711
1448731155033903111
1448731331605655563
1448731348919799817
1448731383980040199
1448731519279931392
1448731522563981318
1448731556974039050
1448731640390357003
1448731691632234500
1448731736519569414
1448731745352777729
1448731746904776706
1448731788289798144
1448731799992033284
1448732306877865991
1448732412771545088
1448732613825515522
1448732694406434820
1448732841458552837
1448732956193873923
1448733028805664783
1448733032760946694
1448733050712494084
1448733281378349060
1448733297773797382
1448733419450638342
1448733713844539399
1448733781830127621
1448733785881710596
1448733793515458563
1448733949233090560
1448733950176751624
1448733967297957890
1448734149897031687
1448734153416056838
1448734186186149897
1448734214984134666
1448734310555693062
1448734390662598663
1448734394278105094
1448734499081232394
1448734506593177607
1448734538453061634
1448734543893065728
1448734584145801216
1448734652349526021
1448734780103839746
1448734860655218688
1448734953659899907
1448734989084921857
1448735199689314305
1448735358108291072
1448735358183673866
1448735364760363014
1448735364953382916
1448735406552489985
1448735416136331266
1448735464182059008
1448735610013900803
1448735718361100290
1448735761948307465
1448735781007331328
1448735843955392518
1448735870299873285
1448735981473984525
1448736154556174336
1448736358374141961
1448736359880040456
1448736406839386115
1448736446735544321
1448736484098404356
1448736546400751618
1448736583847403521
1448736616349003799
1448736617171087362
1448736625274482691
1448736696288284681
1448736825074462731
1448736841432068096
1448736847753007113
1448736857500659718
1448736969886863361
1448737030372986880
1448737091504988167
1448737394212032512
1448737439133089798
1448737515180068869
1448737588215312384
1448737642913296396
1448737740091125788
1448737779018461187
1448737797813248001
1448737846630789122
1448737874673758221
1448738071025905672
1448738260738613249
1448738392674484225
1448738588523438083
1448738660812271616
1448738668491935744
1448739179081392128
1448739321696055308
1448739384761651200
1448739438163488769
1448739539313471489
1448739553502797824
1448739585249341453
1448739639645310983
1448739664190337026
1448739717281951748
1448739842775470083
1448739907086675983
1448740010140725254
1448740032152588288
1448740111051640833
1448740114058801160
1448740135349243924
1448740256459726853
1448740349145501702
1448740394146189312
1448740394687098904
1448740394905202688
1448740395295334406
1448740395312164864
1448740395475628034
1448740395991580674
1448740396595613706
1448740396666867714
1448740397564538889
1448740433128009734
1448740549637328896
1448740558353092615
1448740677077151753
1448740700485570561
1448741014689173504
1448741057143918599
1448741065503215625
1448741146792968197
1448741227994746884
1448741428318937090
1448741462460575754
1448741586909769732
1448741660431691778
1448741664101634048
1448741710989717514
1448741724369588224
1448741726462566409
1448741731239792640
1448741749359271937
1448741756284149765
1448742166835208195
1448742250947690498
1448742445076910089
1448742580494213127
1448742593681149958
1448742632344129536
1448742790616150042
1448742908027301899
1448742908228628488
1448742914344034304
1448742936263356417
1448742971675906054
1448743011781840897
1448743080966959108
1448743159484276745
1448743387717267463
1448743416876212229
1448743609566732288
1448743830740688902
1448743850298720257
1448744035556995084
1448744036462850064
1448744145456033805
1448744166150664192
1448744166243004435
1448744326754885632
1448744335386849280
1448744602924724226
1448744630380490769
1448744633660542980
1448744736269946884
1448744921251393536
1448745081654161413
1448745209752428544
1448745230933520406
1448745418599317511
1448745424383315968
1448745424463056901
1448745438597812225
1448745456540938240
1448745598711066653
1448745609486233607
1448745783692562433
1448745940358139904
1448745955721834513
1448746602743672835
1448746673291812869
1448746682674409475
1448746727259971587
1448746832645984259
1448746937436545025
1448746942490718213
1448746987361296392
1448747036577308681
1448747050720505861
1448747096790736903
1448747159201869838
1448747176910331911
1448747297152684041
1448747345470910464
1448747479101546510
1448747522290241540
1448747573255172120
1448747873122795523
1448747925190832134
1448747941708001280
1448747941846454272
1448747942928543749
1448747943251505160
1448747952621641732
1448747958145536001
1448747958804025350
1448747980367011843
1448748002345107465
1448748030610526210
1448748123761913859
1448748192816840704
1448748422190743553
1448748625115312138
1448748687186857990
1448748746167275533
1448748835551932429
1448748860034125825
1448748968259772422
1448748996588040200
1448749027323899936
1448749143682387972
1448749177475899402
1448749216260673542
1448749294027108353
1448749379268001802
1448749556263497730
1448749779131920391
1448749784894894086
1448749839311851520
1448749929690656790
1448749938712604681
1448750070560694278
1448750088864493605
1448750114357473280
1448750156615147527
1448750242258620417
1448750278275174404
1448750345941827590
1448750469787029511
1448750469946429450
1448750539181748239
1448750550577725444
1448750557741543434
1448750565224181762
1448750603916636167
1448750645025120259
1448750670966890498
1448750764260745221
1448750934050344961
1448750936193654788
1448751013612109827
1448751120650735624
1448751246211432450
1448751261042438144
1448751327622873096
1448751334040104999
1448751715956649993
1448751716254445580
1448751716288147458
1448751716426412033
1448751727058972681
1448751734726275075
1448751836236746754
1448751920609435648
1448751967761690656
1448751988041265159
1448752096434548750
1448752212889513985
1448752225203875851
1448752240441835522
1448752250449391616
1448752266979143682
1448752308167356417
1448752317281579010
1448752330023833603
1448752359409020945
1448752767640629266
1448752782618546178
1448752839761686537
1448752877409800192
1448752931193319439
1448752974101155850
1448753039347798016
1448753041771950094
1448753114820009984
1448753230029131777
1448753282101489667
1448753318164000781
1448753333741703176
1448753336975601664
1448753457511419909
1448753491829268481
1448753546732740619
1448753562431930381
1448753564461920284
1448753643759431684
1448753745026707456
1448753980721483783
1448753993199480836
1448754149961633804
1448754178474614792
1448754244664823808
1448754333705777152
1448754431483432961
1448754651508224001
1448754655937372166
1448754725424402438
1448754839899435014
1448755015586361345
1448755050856259588
1448755123061235713
1448755211783348227
1448755272407818240
1448755281370955782
1448755380557946882
1448755491082022920
1448755492222758937
1448755494550659073
1448755495137800223
1448755496060604416
1448755496488472584
1448755496551280658
1448755496677109776
1448755496811433985
1448755497897762818
1448755499311190021
1448755541182926854
1448755549290500096
1448755697827647488
1448755698708451329
1448755703557115911
1448755742891143183
1448755748587069443
1448755830795513857
1448756110966525959
1448756218563072001
1448756286951079960
1448756433357623299
1448756503817637895
1448756566149246980
1448756575657762819
1448756613456793607
1448756650475540480
1448756760215494665
1448756821892771840
1448757073160900613
1448757105998106625
1448757179134136320
1448757217272872988
1448757364543397895
1448757394666889224
1448757413096660999
1448757496886304781
1448757518939803651
1448757615224397825
1448757643888103426
1448757958150606848
1448758000513007639
1448758080162840579
1448758087507222536
1448758131320782848
1448758291966971904
1448758422044823554
1448758549979533312
1448758815541891076
1448758884177416194
1448758948601946116
1448758964506673154
1448759079099273216
1448759108987928576
1448759265724964868
1448759276709814280
1448759283319914518
1448759290609782788
1448759328865988610
1448759518045908997
1448759521493540867
1448759580364840960
1448759788662312963
1448759923039408128
1448760133006340098
1448760202715664388
1448760300661055490
1448760366473822216
1448760537949556739
1448760712709480454
1448760719197892608
1448760760050634753
1448760930955939847
1448761049453248518
1448761198690779137
1448761409156829187
1448761484209758211
1448761530644795392
1448761731124191238
1448761760413011969
1448761790666522635
1448762259061227521
1448762393669087240
1448762533867884549
1448762685244547072
1448762949603102730
1448763041324146689
1448763082071760896
1448763098031140870
1448763098702225408
1448763099356532740
1448763158655483912
1448763235545624579
1448763245297291269
1448763304088899591
1448763362616164355
1448763363266342914
1448763504798965761
1448763630812639236
1448763803814989829
1448764070354567176
1448764132472332291
1448764298453467136
1448764378296340484
1448764379214843914
1448764436299218945
1448764483653054465
1448764485649539078
1448764514409893897
1448765206360834058
1448765305271029763
1448765390339837957
1448765557046718464
1448765557369499648
1448765953240674307
1448766312038031360
1448766331269128193
1448766520243339278
1448766569572622343
1448766705073807363
1448766815669141506
1448766944656740356
1448766958405627906
1448766982690648066
1448767222592126996
1448767231794556930
1448767245014876170
1448767781927849987
1448767804690378753
1448768021946769408
1448768068570660897
1448768073742397451
1448768137806155783
1448768244479930375
1448768373639335939
1448768558050291715
1448768921859940355
1448768925374693407
1448769166304030722
1448769195202777089
1448769287758483463
1448769292032479232
1448769301649969156
1448769438648610826
1448769602884968454
1448769638989549572
1448769930262876163
1448770026899652611
1448770060173053954
1448770378038321152
1448770417175453699
1448770439392768005
1448770462788501515
1448770589863264272
1448770590236712966
1448770594040950785
1448770596125519876
1448770596427517954
1448770596909862931
1448770597056614410
1448770597249380353
1448770597761191948
1448770598239289361
1448770599237533734
1448770603066933257
1448770612214870023
1448770682943426560
1448770710214750208
1448770717131186180
1448770767102087172
1448770815701368864
1448770842259861504
1448770860710391810
1448771081163063320
1448771110854610945
1448771157633736707
1448771197731160083
1448771255876849666
1448771475570245638
1448771859504373761
1448771918832746503
1448771958158422041
1448771997274710016
1448772071891390464
1448772104741130241
1448772106569674759
1448772121857986562
1448772325491585027
1448772337378136065
1448772410031828992
1448772647828037635
1448772663392935937
1448772709173837826
1448772734771556363
1448772889977581573
1448772918888919059
1448773043002744832
1448773106907025409
1448773107251093507
1448773144383209474
1448773235902861313
1448773268517818368
1448773301241794568
1448773301585604615
1448773504527183876
1448773514845114369
1448773605026897930
1448773610148007936
1448773663507968005
1448773705425895427
1448773809020882945
1448773833134153732
1448773927308771340
1448773929137487875
1448773966915465222
1448774071018090506
1448774087707217921
1448774119261097987
1448774155449548802
1448774191466139653
1448774243702001671
1448774266313400320
1448774272856387584
1448774304078831617
1448774365198184448
1448774486929678336
1448774490847170564
1448774497058926593
1448774538460758020
1448774638046220293
1448774665988493313
1448774710792056832
1448774770208739340
1448774844208779269
1448774915721613313
1448774991663804421
1448775024115077123
1448775127353761798
1448775203643957249
1448775430379507715
1448775531827064834
1448775595182206976
1448775609748967426
1448775623527133185
1448775633698439172
1448775663268159489
1448775808143618052
1448775827827593218
1448775864074838016
1448775899789332495
1448776004013486081
1448776008761544707
1448776163795550213
1448776171550822410
1448776250575761410
1448776267797393414
1448776280804102146
1448776334365401090
1448776404858859530
1448776590393896966
1448776604193263616
1448776714562199557
1448776774616330240
1448776785005535235
1448776824276897799
1448776825774100481
1448776849501327361
1448776881688436739
1448776882002882563
1448776993122701318
1448777057794732035
1448777147481423874
1448777170378240002
1448777266243190791
1448777346937286659
1448777374946971652
1448777395796733966
1448777471860649986
1448777483889692675
1448777509122842632
1448777599740616705
1448777720075366408
1448777999927504901
1448778064658419716
1448778140499656705
1448778141170761728
1448778141955235850
1448778154844303360
1448778232208179201
1448778243960672256
1448778354488799248
1448778391792996356
1448778561549131776
1448778712749592577
1448778789689995264
1448778809038319620
1448778816499879942
1448779033446072329
1448779053687836673
1448779105995051008
1448779147250212872
1448779322613977091
1448779386321137680
1448779447931396101
1448779505246605316
1448779506811027456
1448779565413904389
1448779669227122692
1448779741310320643
1448779901633449984
1448780008072400899
1448780011570229252
1448780351581601795
1448780390760685569
1448780445395689478
1448780607157329920
1448780656889065487
1448781137157845008
1448781164890755075
1448781169357688833
1448781319849250817
1448781349398237185
1448781437860208655
1448781455925075971
1448781593053569024
1448781627329499139
1448781669008384007
1448781739191672833
1448781772460855301
1448781778253197317
1448781794623459330
1448781877830201345
1448781881038630928
1448781914920345601
1448781935702994965
1448781958436245525
1448782044092411907
1448782046227165187
1448782179379597318
1448782245737734147
1448782427459964931
1448782427481001985
1448782503309938692
1448782590568185858
1448782641453428741
1448782655705677824
1448782662370537473
1448782705370468357
1448782760794071043
1448782906600693761
1448782959671185424
1448783046078091267
1448783173341622273
1448783209559433219
1448783325196431360
1448783372398915606
1448783420583079946
1448783711265230848
1448784014777724933
1448784031462694919
1448784036357357569
1448784118100242438
1448784211448586240
1448784218822168576
1448784246764498945
1448784329966907400
1448784339458826240
1448784431699750994
1448784448221241346
1448784504261386248
1448784641482231818
1448784693567148037
1448784909770891264
1448785048828788743
1448785085885521922
1448785154986684416
1448785189900013568
1448785353909940228
1448785384759078913
1448785401569763329
1448785418246369280
1448785424021958660
1448785435241627648
1448785452169715712
1448785470201253894
1448785471736254466
1448785506666438656
1448785539075817474
1448785572525486083
1448785689605074949
1448785690397798426
1448785690460831745
1448785691782131714
1448785691907874816
1448785692218126346
1448785692767760390
1448785692994138112
1448785693791064064
1448785695795867657
1448785696425193475
1448785697402286107
1448785697586876417
1448785728473870344
1448785758140174346
1448785784044023826
1448785797541294105
1448785855443836928
1448785888218124290
1448785905481920518
1448785915690856449
1448785941707911169
1448785950331506690
1448785969856061448
1448786027426902023
1448786064773206017
1448786111585792000
1448786160076132360
1448786208453169154
1448786272814714882
1448786312610390016
1448786445079126017
1448786651455578112
1448786677753843714
1448786684863209481
1448786959959093263
1448787240604389376
1448787269876338690
1448787403016126469
1448787415498256391
1448787458448150529
1448787523623432194
1448787703047155726
1448787829891420162
1448787871293272080
1448787913571856398
1448788195014021124
1448788206355300354
1448788218900586500
1448788291382235136
1448788296700776461
1448788296805412875
1448788652528521218
1448788670530600962
1448788813510287361
1448788953730068483
1448788968619790349
1448788983467716608
1448789186014846976
1448789464990498819
1448789886991888390
1448790083507834882
1448790347065094146
1448790500341911564
1448790523699990529
1448790543044128773
1448790550828752896
1448790615802748928
1448790710858223620
1448790722866335744
1448790723029975040
1448790730210791432
1448790731141914632
1448790737403801628
1448790819457191941
1448790973618614290
1448790974612664380
1448790982560866305
1448791025972092933
1448791241408274437
1448791307065774080
1448791494261944326
1448791551744827394
1448791724487229441
1448791725632155659
1448791981329682435
1448792006092800005
1448792183000215558
1448792399694557210
1448792460017258496
1448792524965908488
1448792532037431306
1448792664770551808
1448792766167855106
1448793071752253442
1448793185392660481
1448793239956434945
1448793241344569350
1448793251415265282
1448793252992372739
1448793272000950283
1448793272793669635
1448793274664247296
1448793298588549122
1448793522564444167
1448793544366469124
1448793797182251014
1448793888886386713
1448793913913970688
1448794540161175552
1448794689008721921
1448795083306897423
1448795101501616162
1448795169126555648
1448795265658413058
1448795327037943809
1448795333815902208
1448795380771065859
1448795475826651138
1448795476543877127
1448795500325527552
1448795530599886870
1448795563273515016
1448795664704368654
1448795756022935556
1448795756089864212
1448795764398907392
1448795767771209731
1448795885559820290
1448795906493632513
1448796137536765955
1448796177000972288
1448796339811332096
1448796556707000335
1448796610402660357
1448796656854577158
1448796673753427975
1448796715293700096
1448797014368481285
1448797014414737412
1448797066960859140
1448797265976389641
1448797416375742505
1448797455827587074
1448797517747994638
1448797581774049280
1448797691350118406
1448797852029837316
1448797886951612419
1448798097627303937
1448798163624734728
1448798286345822209
1448798430449577988
1448798587601752064
1448798605926621185
1448798613459587072
1448798677644898310
1448798700181106688
1448798888530530306
1448799160589701120
1448799209315000326
1448799279729029121
1448799419680399367
1448799449451532295
1448799464202940427
1448799630393815040
1448799805879291904
1448799810841202691
1448799815228399618
1448799825701572613
1448799836136898561
1448800035722956803
1448800082711646219
1448800187053449218
1448800242967646211
1448800432868970504
1448800493212291073
1448800512493723649
1448800632131915788
1448800641317576705
1448800648275775491
1448800663840989184
