1317616382188584962
1317626448274886657
1317627228021264384
1317631041226539009
1317631199498674176
1317634414189416454
1317636514520719360
1317638445897056268
1317638635932553216
1317639534595645440
1317639996384419841
1317640379102101509
1317641547597467649
1317645673395781632
1317646832797769733
1317649097378193408
1317650064379170817
1317654131373268994
1317654131868274692
1317657646888067073
1317659163816853504
1317661686531346433
1317661932611006466
1317669230037274626
1317676782896750592
1317691881162039297
1317720079639941120
1317722080201289728
1317724301282377729
1317741204407164928
1317752277541814274
1317767389287690241
1317784992852967426
1317792234922790912
1317794066302685184
1317794123747819522
1317797579959062532
1317802608942264322
1317805126304878594
1317808491914997761
1317809152379383808
1317813501763739650
1317815192378433539
1317815443717976064
1317819218503651328
1317821352766808065
1317822238394036224
1317826265018150913
1317827777907732487
1317831610838888449
1317831801646288897
1317836331561717760
1317842876399669248
1317845470887161864
1317847152694075400
1317852185795985409
1317855963102269440
1317857732955754497
1317859987184447488
1317862252033142785
1317866530391011329
1317867941732470785
1317869904469630976
1317870964856717312
1317871060138819584
1317873077644972032
1317877272616046592
1317877603248742401
1317878347175702531
1317881881975803906
1317887868761755648
1317888175591673856
1317890777507397640
1317893709522980864
1317894469765779456
1317897735685562368
1317900755865513984
1317901226655293443
1317903332355223553
1317905221809569792
1317905707002417153
1317906292372131842
1317910067031633921
1317915351871418368
1317916566416248832
1317918374660247552
1317918374836436993
1317918448559788035
1317918455228698624
1317922649943650304
1317923146297692166
1317924638257745923
1317925923493117955
1317925936386420736
1317927064150941697
1317927179985035264
1317929221558292480
1317929231494619143
1317930482802315264
1317933473487745025
1317934743913177088
1317937749564018689
1317940010264440839
1317942907249328134
1317944054362013697
1317948575284817920
1317951610971213824
1317956136562249728
1317957378957053952
1317957501111984129
1317960576220434433
1317960908484861954
1317963135400239105
1317971999243800578
