1325588916867653632
1325588981833142272
1325589084778213382
1325589334901334018
1325589769175371794
1325590578936107008
1325590955093872642
1325592216505561088
1325592651207487488
1325592863468621826
1325593085263245314
1325593347403239425
1325593408245788673
1325594009067270144
1325594546818920448
1325598129979346944
1325598494015385600
1325601556268523520
1325602097933455360
1325603247395106817
1325603782630236162
1325604014352949251
1325604509704445953
1325605156822659074
1325606344376934403
1325606408855883776
1325607805852782592
1325608557073477632
1325611117461245954
1325611272067538945
1325611428968017923
1325611608291291144
1325612862052634624
1325613967029403648
1325613993516523520
1325615162150236160
1325615204663775232
1325616159161528320
1325618530990088192
1325618892404879360
1325620879049494530
1325620939636301826
1325621527245688832
1325622288738299909
1325623150223093760
1325623604902584321
1325626453518643200
1325627039022460930
1325627185638633472
1325627293138640896
1325629840565948418
1325631027621093377
1325632149937123328
1325632862561906688
1325633369447788545
1325634465532530691
1325635656299798529
1325637673692884993
1325639258816843778
1325639382586548225
1325640537827893248
1325642713446965249
1325646654385639425
1325650589242580992
1325650634838773762
1325653119406059520
1325653851907743744
1325655337828016128
1325655618296877056
1325656790424571905
1325656942409289728
1325657464037990402
1325658691652218880
1325659453031591936
1325661806388457473
1325663951502368769
1325665810916888576
1325667419919101952
1325671248177852418
1325671264774729733
1325672000849911808
1325674000954118144
1325676557743104002
1325677406888333312
1325686751612919809
1325697345124708352
1325699684896215041
1325701162914508800
1325701184498397184
1325709786915217408
1325710672047595520
1325710937882505219
1325717336825999362
1325717727747731456
1325742164211605504
1325743298607247364
1325744642533560320
1325746346121424897
1325748695959277568
1325750992063885312
1325751517836681216
1325752551891988480
1325752948236955650
1325754636914073600
1325755017291210763
1325755375061262337
1325755908211798016
1325756586615316480
1325758032639307776
1325758171084959746
1325758288756166656
1325758832954445826
1325759953605455875
1325760008622125056
1325760037449592835
1325760619124060160
1325761879583584256
1325767437720096769
1325768147388035079
1325768707335917568
1325768727565131776
1325768928715530240
1325769020080074753
1325769035355713536
1325769331003813890
1325770144547737601
1325771061707894784
1325771385663348737
1325772625893863424
1325773143538098176
1325773792585674752
1325774269536755712
1325774766444310528
1325775164961923077
1325775313629032448
1325776361512955906
1325776673577578497
1325777097407803394
1325777405584273408
1325778451836571650
1325778640710340608
1325778669139341315
1325780307790979072
1325780398656393218
1325780477169512449
1325781986250776582
1325782381228388352
1325782903339544576
1325783216989507586
1325783240737755136
1325783639712477185
1325783806452883457
1325784039127658498
1325784457136234496
1325784593073639425
1325784849978974208
1325785208180895744
1325785241366257664
1325785249297608706
1325786005262262272
1325786389720522755
1325786804503580674
1325786942068432902
1325787769260695554
1325788573455572993
1325788689012822017
1325789055829815296
1325789226827468800
1325789366183223297
1325790061145829377
1325790241886785536
1325790515057610754
1325791240756080641
1325791273580703747
1325792612746485760
1325792993383751680
1325793231666368512
1325793314482905090
1325793694063194112
1325794079448461317
1325794290874920966
1325794427852435457
1325794755125649408
1325795070403076096
1325795287022047234
1325795459710005248
1325796244623659009
1325796251565166595
1325796289745981445
1325796294435233796
1325796310721720321
1325796467819356160
1325796753572982785
1325798912259710976
1325799290762104832
1325799681935499266
1325799888857276416
1325800278604525570
1325800307008397315
1325800310028242944
1325800310762336256
1325800311362121739
1325800314704965634
1325800316554653696
1325800386087825409
1325800547102945280
1325800706780049411
1325800787658874880
1325800821339037697
1325800863357661185
1325800952427917315
1325800981234323456
1325801406469705728
1325802313609580544
1325802767781388288
1325803072833130502
1325803436877766656
1325803776310120448
1325804108658466819
1325804111057596418
1325804147824861184
1325804405908758530
1325805076959596544
1325805792524636162
1325806720380243974
1325806906229846017
1325807023192231937
1325807497328857089
1325807647677960194
1325807857585979392
1325807858554793985
1325807858835861509
1325807859095887875
1325807859318333442
1325807859456638976
1325807860035571712
1325807860563931140
1325807872131944452
1325807895846510592
1325808017946898434
1325808180820111360
1325808947232706560
1325810045280509956
1325810097784844288
1325810174511222785
1325810281369493508
1325810488018685955
1325811051028418562
1325811324060901376
1325811655473844226
1325812208052416515
1325812872774103040
1325812909910405121
1325812945020973056
1325813825845735425
1325814103336759304
1325814222127837185
1325814702820249607
1325815665777733634
1325815885240684551
1325815933655511043
1325816560783663104
1325816690693824513
1325817359886594054
1325817929758281732
1325818443644497920
1325818459062722561
1325818566961205248
1325818590310830083
1325818754157191169
1325818965596188672
1325820004164653058
1325820105469677571
1325820128383143940
1325820505128046593
1325820509276282887
1325821173607829507
1325821242553872387
1325821899616772100
1325822591467196418
1325822797399150602
1325822842315878401
1325822957550071808
1325822958095400961
1325822958145691649
1325822958263296001
1325822958791581697
1325822958934241280
1325822959827644417
1325822960024739841
1325822960381390850
1325822960674861056
1325823024768176130
1325823121321037824
1325823140417691649
1325823144620421126
1325823186802503680
1325823328888741890
1325823456924069888
1325823472241684480
1325824262347829255
1325824290781016066
1325824370917449734
1325824377036955650
1325824389926031363
1325824491537248256
1325824610701553664
1325824642477658117
1325824660831952897
1325824715022163968
1325824858085855243
1325824999471665152
1325825476623994881
1325825500045053957
1325825540700377088
1325825705008050176
1325826149231058944
1325826400457265153
1325826752527134720
1325826804985311233
1325827209072762880
1325827454171279360
1325827613953286149
1325828380718206976
1325828475832381440
1325828997620637698
1325829604276383747
1325829609204699144
1325830223833821184
1325830338296360960
1325830507066609666
1325830507263782912
1325830507603529730
1325830508027244547
1325830508048211968
1325830508140515328
1325830509373521921
1325830511181246464
1325830515010621441
1325830515912450049
1325830644925157382
1325830688571068418
1325830737652830208
1325830850727055362
1325831178524495872
1325831191459733506
1325831205762314243
1325831224108179457
1325831303934119937
1325832869944692737
1325833202859208704
1325833326633086976
1325834281973932033
1325834355558715394
1325834669590523905
1325834800725450752
1325835241357979649
1325835329056727048
1325835460468502529
1325835516579893249
1325835655381803008
1325835660759068672
1325835733182025733
1325835758670770177
1325835803227025408
1325835808113381377
1325835909519056899
1325836020038967303
1325836021150396418
1325836132031098882
1325836223324299266
1325836511036776448
1325836946900459524
1325837552549568513
1325838059133263877
1325838695807787009
1325838954604732416
1325839968267358208
1325840105689460739
1325840338968338434
1325840410606972932
1325840900162023427
1325841290651705344
1325841496537501696
1325841572366344202
1325841600161992704
1325841948398284807
1325842047748763649
1325842107303649281
1325842528114003971
1325842613820395520
1325842691180130306
1325843124409733128
1325843302588051456
1325843353297149959
1325843634382647300
1325843862494048257
1325844235480928259
1325844527035412481
1325844662096162817
1325844952501325824
1325845016565198851
1325845612198129664
1325845612781166592
1325845716107988993
1325845834282438657
1325845929849720832
1325846209995616263
1325846405664169985
1325846425024991232
1325846636174733318
1325846850717544448
1325846951829655552
1325847610758979587
1325848168064569345
1325848343822659587
1325848394523418624
1325849115050332161
1325850107955339266
1325850241116086275
1325850322204504066
1325850883662491650
1325851357623037953
1325851489248669698
1325852530585333760
1325852835301437441
1325853135953420288
1325853174515847172
1325854141525209088
1325854172831490056
1325854223351894022
1325855079610585094
1325855538769489921
1325856251184631810
1325856931643224064
1325857265073729536
1325857815894904832
1325857929623433216
1325858214722801666
1325858487197454336
1325858512342298627
1325858514787569669
1325858584157179905
1325858614431637510
1325858877586501637
1325858882577702912
1325859131388022787
1325859205975318528
1325859477329997838
1325859659392184321
1325859682980859905
1325859734692503552
1325861206444412930
1325861244432211968
1325861384542883841
1325861514650263553
1325861833539014656
1325862004054253569
1325862067405025281
1325862100355452929
1325862404887109632
1325862515046281217
1325862885608845313
1325863030354288640
1325863101749731329
1325863239264165893
1325863554902274048
1325863737933303809
1325864212036526081
1325864889768955906
1325866071413452803
1325866354486939648
1325866479762501633
1325866495910572032
1325866863730028549
1325867001282224128
1325867222879834114
1325867505873809409
1325868192506535940
1325868299293319169
1325868305224183809
1325868356428312581
1325868380411342851
1325868395695394817
1325868408391540736
1325868413936394242
1325868453635436544
1325869035884584960
1325869108768989185
1325869436121845761
1325869787210260483
1325869835864207361
1325870203977297920
1325870321547816961
1325870410416726018
1325870772590534656
1325870894829408257
1325871093266194432
1325872740830752768
1325873543016558597
1325873845765611520
1325873981342294016
1325873994726330368
1325874286406606848
1325874342723547139
1325874563079671810
1325874744923713541
1325874750246187008
1325874933398982656
1325875349989838848
1325875379618283522
1325875458756534279
1325875459847041026
1325875757500018691
1325876051952726017
1325876150653100036
1325876574802087936
1325876712132009994
1325876848614629379
1325877008753102848
1325877239913844742
1325877393354059778
1325877713543045122
1325877798565801984
1325877802630062082
1325877926919872513
1325877993588355078
1325878392655405056
1325878535081390087
1325878684817952770
1325878846537740288
1325879354702901250
1325879771084058624
1325880013514825733
1325880075854688258
1325880169245106177
1325880346639015940
1325880724201885696
1325880767931670530
1325881467063447555
1325881922158006274
1325882300974964736
1325882493740969986
1325882602373394433
1325882926744162304
1325883300842532867
1325883355129405440
1325883355900997632
1325883371449425920
1325883372661575687
1325883476692897792
1325883773897093124
1325884581728448513
1325885087808970752
1325885380072239104
1325885900111437825
1325887770556989440
1325888411450961922
1325888810677366788
1325889510715088896
1325889709592236034
1325890259146694656
1325890415753650176
1325890769010393088
1325891417634435072
1325891545875292161
1325891758316773377
1325891838415417344
1325893216734949376
1325893350902337537
1325893422066987008
1325893462391185408
1325893634684833792
1325893693304401922
1325894161845936129
1325894273896763392
1325894342318436352
1325894676130516997
1325894679875911680
1325895566757425155
1325895645299961857
1325895649745903617
1325896320129830913
1325897304394657795
1325897327903711233
1325897902313574402
1325898085025910784
1325898455563214849
1325898483648393217
1325898597834043392
1325898706437111808
1325899829634076672
1325900707623481346
1325900717387902981
1325900960812687360
1325901350685782022
1325901881181401090
1325901930934267904
1325902272467963904
1325902507911090178
1325903528628527107
1325903653358678017
1325903711814758404
1325904186677080066
1325904299830939648
1325904358052147201
1325904375122833408
1325904767483322369
1325904775544770561
1325904948492726273
1325905057615933440
1325905121709076480
1325905918178054144
1325906009727008768
1325906261859311619
1325907055446777861
1325907136161996806
1325907328273625088
1325907444988604419
1325908060745949186
1325908070975856640
1325908803439779844
1325909220517175296
1325909295465115649
1325909779215216640
1325909779512913920
1325909779991171072
1325909837893472257
1325909838044540929
1325910116521140230
1325910171177029632
1325910317277253635
1325910588145405952
1325910740306436101
1325911037539840000
1325911371549126656
1325911728950013957
1325911823527407618
1325911828052971520
1325911892615892993
1325912469827690497
1325912891548184576
1325913411713175558
1325913463571558401
1325913555602845696
1325913577560084494
1325913954925875200
1325914554413494274
1325915175900356608
1325915197375205376
1325915424765202440
1325915426891632642
1325915642541838338
1325915982230065155
1325916070696390661
1325916510293024768
1325917165107765248
1325917466237792257
1325917548068605953
1325918275637751809
1325918587278643200
1325918596946595840
1325918620724174848
1325919052703916032
1325919142935982081
1325919845569851392
1325920288232656896
1325920567753629698
1325920947942125575
1325920990547816449
1325921107485073411
1325921108554510337
1325922643623620608
1325923049036800001
1325923088823963654
1325923160374587403
1325924199895097344
1325924460600418305
1325924526744604678
1325924927376121857
1325925224953638919
1325925275448844289
1325925920927068167
1325925993786331137
1325926347261227008
1325926385156755457
1325926708936134656
1325926785045950470
1325927408801812481
1325928366982254592
1325928872593010688
1325929141707952128
1325929158166376449
1325929837505212416
1325929839392600066
1325929912167923712
1325929920468488195
1325929926185324545
1325930245648748546
1325930289156255752
1325931186993180672
1325931781510602752
1325932043532967936
1325932727217086470
1325932766752550914
1325932987536576512
1325933161377914890
1325933212212858885
1325933423043743744
1325933880172556297
1325934211744854016
1325934771772534784
1325935367044947969
1325935665939419137
1325935724991016960
1325935926518964224
1325935955208007680
1325936017761853441
1325936066952572929
1325936204982915073
1325936294300704769
1325936481408528384
1325936487511289856
1325936519635476481
1325936853623697408
1325937067906523139
1325937136965734403
1325937349923102724
1325937713338482688
1325937790090174464
1325937875259707392
1325938757774794753
1325938781749465090
1325939254913064961
1325940013926920194
1325940822303502336
1325941355496026112
1325941390837239808
1325941417865306112
1325941838646272002
1325941887929290752
1325941965377179648
1325942147108007937
1325943255129796614
1325943271173058560
1325944028664225793
1325945017391845378
1325945304009613312
1325945638337523712
1325946282188414976
1325947401375543297
1325947849243324418
1325947892457205760
1325948541278285824
1325949097107447808
1325949374208348161
1325949615041114113
1325949873099771904
1325949929760624640
1325950791102959618
1325950804293988357
1325950880768782337
1325951021617655810
1325951035307945985
