1428869581041512454
1428870743358640129
1428870880797528064
1428871355148259332
1428871807306764288
1428872609408688135
1428874396056395780
1428875604787703812
1428875607832727553
1428875712828743681
1428876482466783233
1428876778697674752
1428877061863710724
1428879746939691012
1428879898005934080
1428879920701247494
1428880335308300296
1428880786179166209
1428880824737411077
1428882055589335042
1428882969138171906
1428883122188345350
1428883757860327429
1428883895546753026
1428883969886523394
1428884236833103874
1428885722426187777
1428886722738327552
1428888675899912194
1428889708583702530
1428890116488146949
1428890929222520833
1428892562929106948
1428892988999143431
1428893363009433604
1428894007485243392
1428894247697227777
1428894459195019266
1428894591428800520
1428895138411999238
1428896132478816257
1428897413398290432
1428897982062153736
1428898092527472640
1428898401614241797
1428899415658569728
1428899874796417025
1428900327063969794
1428900770854887428
1428905497671913476
1428906670474805249
1428906832848896002
1428907232356405253
1428914835182530560
1428916632143925248
1428917108231004160
1428917258806599687
1428917412703965187
1428917925294051328
1428920102452355074
1428930030953013255
1428932590388588546
1428937656071827457
1428940247535079425
1428941185322786818
1428941313551052801
1428941322166194176
1428941380466905089
1428943279689719818
1428943669638438920
1428944588778115080
1428944964818509833
1428945261796204545
1428947974005133312
1428948739583057920
1428949247613968386
1428949995508613127
1428950801221918727
1428952394663141376
1428952533616234499
1428953457277509635
1428954673604661251
1428954909718761474
1428955607982350336
1428955787427082247
1428956349677850630
1428957061610622976
1428957173279768582
1428957652080545792
1428958103278702592
1428958449447096326
1428958927077662727
1428959556110069764
1428960174421774339
1428960209377107972
1428961602078789634
1428961826210041864
1428962569595850756
1428962570195644417
1428962660788416515
1428963152927072256
1428963571489255424
1428963644579123204
1428963828792893442
1428964319279079424
1428964335322271749
1428964550213308420
1428964755881009160
1428964843361423363
1428965086853582850
1428966355563319299
1428967106096271365
1428967670502789121
1428967788664823810
1428967987994894344
1428968870723862532
1428969108897509377
1428969472140976131
1428969911976665089
1428969964116103171
1428970119842209802
1428970154814279680
1428970260649160704
1428970426252865540
1428970522050809862
1428970728930545664
1428971238450503680
1428971381199355906
1428971417052356608
1428971864676831232
1428971906057789445
1428972184270168069
1428972733937897474
1428973242316886019
1428973527806496772
1428974181996273665
1428974360669347842
1428974618367438853
1428974822546100224
1428975047587287040
1428975152973422593
1428975153350778888
1428975154382532614
1428975173005348867
1428975173382856705
1428975198791995392
1428975429709348864
1428975545375731714
1428975812380868612
1428975988021465088
1428976159082045443
1428976212450414592
1428976419439353857
1428976580450205700
1428976742597791746
1428976835426148353
1428977610298695680
1428977629168820226
1428977641802055684
1428977674983256065
1428978071751831553
1428978098536603653
1428978267617472515
1428978614041722884
1428978646618890243
1428978719813742592
1428978808430936065
1428978934088089607
1428978977801220100
1428979058247938048
1428979167220191232
1428979696545452036
1428979725515509764
1428979726928986115
1428979741906845700
1428979742955479040
1428980197957775360
1428980395270418436
1428980594613051393
1428980841229832193
1428980887845326852
1428981334572208130
1428981444538470400
1428982201857757184
1428982702854705153
1428983372710391811
1428983495397892098
1428983574787678218
1428983611055874048
1428984101281861632
1428984178553597952
1428984511325515781
1428984733405532164
1428985185064914944
1428985224961069063
1428985302287278082
1428985769499185162
1428986355988770822
1428986477686427649
1428986482828709891
1428986485198495744
1428986526772469765
1428986546670145537
1428986794213785601
1428986858621579265
1428987207482806273
1428987389591138304
1428987392866852868
1428987936712843270
1428987937543409665
1428988030866571268
1428988074449637378
1428988435520438274
1428988707466534915
1428989008806178818
1428989334074626052
1428989488798257161
1428989581551153159
1428989670843637762
1428989728133685249
1428989773578915840
1428989819640745985
1428989888704172033
1428990214148657152
1428990217596375045
1428990252526542850
1428990252538990593
1428990253768089601
1428990255412043782
1428990256565477381
1428990258129948672
1428990277323268096
1428990295279128577
1428990313234931714
1428990333443051523
1428990533897265155
1428990584111435784
1428990798750789633
1428991043261829123
1428991113260670982
1428991530669314051
1428991632351838209
1428992290954043396
1428992400182194176
1428992509670199297
1428993373193527299
1428993473307463682
1428993769639186433
1428994009444364290
1428994046643556353
1428994071037632517
1428994533719674883
1428994585628446725
1428994589432631296
1428994612308365315
1428994880441929728
1428995039519182848
1428995067537199113
1428995370034552836
1428995571017207810
1428995842338394113
1428995898315522052
1428995977638289413
1428996183993815041
1428996452055986180
1428996921532854275
1428997159777619972
1428997212281913344
1428997312018358274
1428997459347398659
1428997553324965897
1428997813015285762
1428997936109740038
1428997993651392519
1428998169694720002
1428998419683680261
1428998760261197824
1428998778741198850
1428999126197444612
1428999194992336897
1428999261161672706
1428999312332165122
1428999428883599360
1428999479701684228
1428999741707374593
1428999878257020931
1428999985832542208
1429000109535207424
1429000321989332992
1429000461043093505
1429000600084258819
1429000686524682240
1429000709517856774
1429000831173550081
1429000853428523010
1429000883447209987
1429000936362594307
1429001262989815812
1429001501129719811
1429001577122070529
1429001585980579844
1429001674828435456
1429001856181805058
1429001927765938179
1429001932396453889
1429002095907192837
1429002306666827778
1429002373012283394
1429002591766290432
1429002750138912771
1429002806325878785
1429002893357719559
1429003009317613569
1429003147939360774
1429003210778464256
1429003254118195203
1429003287647424516
1429003350037565451
1429003372733079557
1429003375866167296
1429004029485588486
1429004106656407553
1429004165234188294
1429004172465254406
1429004261120258050
1429004354531389443
1429004354917343234
1429004362425245696
1429004932905058305
1429004955919306755
1429005274287906817
1429005376603688960
1429005419192721408
1429005547831967744
1429005604090122247
1429005627427332098
1429005705735020548
1429005849641558023
1429006001882091520
1429006063819440129
1429006108681670657
1429006110829187077
1429006379822485505
1429006610693705729
1429006723403206660
1429006832157265921
1429006854089322498
1429006874850914306
1429007006426451969
1429007134814052357
1429007140522500099
1429007150202900482
1429007220235292675
1429007580643348483
1429008009552924677
1429008118168625154
1429008357302620163
1429008454207877121
1429008493940461571
1429008622051336192
1429008683246276610
1429008698769354753
1429009134838550531
1429009135220166657
1429009137158041602
1429009329533956103
1429009361016442883
1429009491757051907
1429009655116832775
1429009997485256706
1429010111138308097
1429010134106259459
1429010280550383616
1429010385688948742
1429010396837466113
1429010463510106114
1429010569726767113
1429010961135017992
1429011059965407238
1429011510941073413
1429011534483648513
1429011630482919425
1429011643808112640
1429011664859549702
1429011670161149958
1429011778768408576
1429011819377696772
1429012116007268354
1429012260341567497
1429012291731787777
1429012398564773890
1429012426180243459
1429012904439857152
1429012912862076934
1429013109390385152
1429013127681675267
1429013139258019842
1429013770618167299
1429013908711428102
1429014165847486468
1429014170159230976
1429014207085875204
1429014209036230658
1429014363927728132
1429014537290854404
1429014752576131075
1429014756011151364
1429014778010275842
1429014815650033664
1429015056939880449
1429015260225212416
1429015942130855940
1429015981188423686
1429016077221220355
1429016272730210305
1429016288760840196
1429016383459823619
1429016425088258053
1429016496139816961
1429016867289669632
1429016926660046853
1429016928379498504
1429016948080320514
1429017184622231557
1429017456639504392
1429017789315100675
1429017932177289218
1429018528364081152
1429018529894907906
1429018676003577858
1429019241857142784
1429019948853116928
1429019954125418504
1429020211689279490
1429020216185524224
1429020403046010880
1429020453037756419
1429020468464476164
1429020484914515968
1429020738753896449
1429020791904129025
1429020802712842243
1429020817027862537
1429021151372750851
1429021535252197378
1429021722829860865
1429022061968728064
1429022398746091528
1429022729924235268
1429022966285746177
1429022977887285256
1429023062276648963
1429023433040572420
1429023448895049732
1429023914836086786
1429024160920055812
1429024345570095106
1429024634435944449
1429024819899772932
1429024826350522370
1429024843643633665
1429024940678844416
1429025430464569348
1429025485816799240
1429025490631790597
1429025553802305536
1429025613160108033
1429025732676755457
1429025933214748677
1429026239788904448
1429026253181538307
1429026322102329345
1429026925817868291
1429027061990035456
1429027525724983298
1429027717836677120
1429027719875022851
1429027728343379970
1429027839865724930
1429027972305068033
1429028014260584450
1429028389642514434
1429028600351690760
1429028858246975488
1429028956649500672
1429028997413883908
1429029061603565568
1429029183578124294
1429029266029694980
1429029307456933889
1429029483743485954
1429029517893455879
1429029539791966211
1429029624001015812
1429029840070578187
1429029966386192387
1429030018391453699
1429030070379745288
1429030170653077510
1429030194803843072
1429030371123924992
1429030380536012800
1429030509976358917
1429030523498864643
1429030527479296000
1429030631623872515
1429030861694021635
1429030904123494404
1429031574822064128
1429031792703524870
1429031800433778688
1429031957153951744
1429032175697948677
1429032463121137671
1429032668776251398
1429032673729785864
1429032751177609216
1429032818898870272
1429032873198297088
1429033061312864257
1429033251885264897
1429033284416249858
1429033390326657029
1429033432328327170
1429033690282266627
1429033736809721859
1429033750130831362
1429034194068459521
1429034236577714180
1429034239375327238
1429034344924995589
1429034715953123334
1429034824396800003
1429034847893340161
1429034930185588736
1429035236046917639
1429035439923597312
1429035551236235267
1429035564205019137
1429035567849918464
1429035572220342273
1429035576615964679
1429035576628588547
1429035591979646977
1429035630638637056
1429035714218500100
1429035840865439748
1429035892631539726
1429036029592416264
1429036068687462403
1429036164363735045
1429036296744456208
1429036641499418624
1429036701259866113
1429036815693066247
1429036819111424001
1429036911847518213
1429037082480201728
1429037094656266241
1429037118563704834
1429037198385455105
1429037259093856258
1429037402765602823
1429037523947433984
1429037567308087296
1429037765073768449
1429037844991971332
1429037863413460995
1429037985509556230
1429037995429187586
1429038059882958855
1429038503522979846
1429038622834106369
1429038672725303298
1429038749774761985
1429038828036182017
1429038908487176206
1429038909841887238
1429039129170530306
1429039491755425792
1429039492246249480
1429039514689974272
1429039529286160393
1429039873734885379
1429039895964696581
1429040037971247105
1429040041855234052
1429040079419420677
1429040203906359301
1429040247334182915
1429040474099093514
1429040584358989824
1429040677212540939
1429040724524339200
1429040818095017988
1429041109603438601
1429041172643786753
1429041300528156679
1429041382572834820
1429041568527364102
1429041699846754304
1429041923390574600
1429042107495366662
1429042342376398850
1429042674384965638
1429043106905829395
1429043111259484162
1429043133434761217
1429043150862041096
1429043295389458436
1429043364826030080
1429043365174120451
1429043366914793475
1429043600424382467
1429043615456706561
1429043620670283777
1429043640844832776
1429043936560091145
1429044047247728640
1429044159860645894
1429044366744641537
1429044400332607489
1429044438068760577
1429044499813183489
1429044546193793027
1429044615815090179
1429044684127670272
1429044871394852869
1429044879619854345
1429044880077062144
1429045185837686784
1429045273607745539
1429045424128774150
1429045623567929351
1429045672146317314
1429045692144791559
1429045704442499073
1429045964019576835
1429046340563181574
1429046645640081409
1429046741563756546
1429046748589273094
1429047046531584003
1429047115234283522
1429047188034830344
1429047276496904204
1429047408554610692
1429047538611539969
1429047565702553606
1429047652809953284
1429047655024431111
1429048077726400518
1429048197981380610
1429048198874779655
1429048216415313925
1429048229291823109
1429048451329888258
1429048490957676545
1429048493205823491
1429048532837797889
1429048674684968970
1429048860962443266
1429048888917250051
1429049066088980488
1429049363184095245
1429049382897389572
1429049400698023942
1429049404795785216
1429049530071216132
1429049530129944576
1429049530838777857
1429049631305080835
1429049703455395841
1429049721927122951
1429049860205039622
1429049998008856579
1429050259930587139
1429050273348169730
1429050551220809734
1429050651632279564
1429050651808616456
1429050658678792193
1429050668556427268
1429050691306262529
1429050704891727873
1429050735308705795
1429050797267070979
1429050866011676676
1429051036254281732
1429051078667026432
1429051165224759300
1429051327099949061
1429051345147940869
1429051350298644481
1429051474127069195
1429051762384637952
1429051787051479043
1429051892127223814
1429051909298483211
1429051909382365184
1429051948267884544
1429052010276564992
1429052198168801281
1429052580081045513
1429052763279958017
1429052974031163396
1429053025876955142
1429053463145635840
1429053693882560512
1429054042303520769
1429054359418064896
1429054610443018249
1429054645243088901
1429055209607778305
1429055221519593478
1429055370329300993
1429055399089647624
1429055782671298562
1429055827428708360
1429055987131031564
1429056049261256704
1429056049399705604
1429056108921069571
1429056244199968775
1429056715929096199
1429056961287495683
1429057044787703812
1429057170293891082
1429057283057721345
1429057377446334466
1429057435365486595
1429057671416750082
1429057759031533570
1429057774714068993
1429057897716142082
1429058209445302272
1429058421815402502
1429058509170253829
1429058552484843526
1429058710719156231
1429058969432170501
1429059127494447104
1429059825661579270
1429059964115591174
1429059987071021061
1429060001239285763
1429060275995566085
1429060716867301378
1429060716930035720
1429060717047652359
1429061656454340613
1429061896917987328
1429062297549475848
1429062489430532096
1429062819585134601
1429062873712582667
1429063121394622464
1429063233831321606
1429063387066077185
1429063505026506760
1429063854798118912
1429064251994431494
1429064526482321410
1429064591548600336
1429064847774425093
1429065042989928448
1429065504979886084
1429065679735595010
1429065766293344264
1429065766477893635
1429066061261983750
1429066147014529029
1429066273950941190
1429066357451149321
1429066782279487491
1429067008805531651
1429067648705474562
1429068039555854339
1429068099983192071
1429068502766428171
1429068727631466504
1429068961128275978
1429069165873307652
1429069568031461380
1429069939302862857
1429069975235534852
1429070017979719693
1429070117711892487
1429070304849055746
1429070427574386688
1429071155525296129
1429071264153473025
1429071398736175105
1429071913532465157
1429072435865866241
1429072455394631687
1429072869494083592
1429073079079211017
1429073688784039939
1429073747164729351
1429073902832078853
1429074338322518016
1429074576063954946
1429074583529811968
1429074824937152518
1429074973440811014
1429075211270434820
1429076215734968323
1429076375911243776
1429077082617827332
1429077361639690255
1429078248869273605
1429078681713004549
1429078842707222533
1429078978581647360
1429079065923883015
1429079266059239428
1429079557882228745
1429079563733241859
1429079655299129349
1429080688251244548
1429080689845145604
1429080853133631492
1429080915439984646
1429081100433989635
1429081407981297666
1429082169461420036
1429082211190550539
1429082435359289345
1429082819599405061
1429083087292575753
1429083096641638401
1429083369258819586
1429083455753760768
1429083657206222850
1429083759794610177
1429083954108375047
1429084136627531776
1429084604162584588
1429084647821090816
1429084748597579780
1429084808215506953
1429084876192600081
1429085373662171137
1429085763271110660
1429085888529698818
1429085888882032649
1429086154930880523
1429086155052511241
1429086649326084104
1429086650768904192
1429087140407824387
1429087179783999488
1429087254853656577
1429087304258400256
1429087340300054540
1429087401268420612
1429087512979443721
1429087557724348425
1429087990673035266
1429088246605262862
1429088651183599622
1429089103182761985
1429089205603508228
1429089329553547274
1429089921323634701
1429089945323507712
1429090183920689159
1429090699245457413
1429091145469005826
1429091167820451845
1429091882584485895
1429092444994297864
1429092583012241411
1429092588833869839
1429092878488326152
1429092973409624080
1429093347663269888
1429093713263878146
1429093858273550336
1429094094589022216
1429094243222568963
1429094380468588552
1429094734665031690
1429094970875596804
1429095140086452227
1429095370911592454
1429095913683816452
1429095954293084166
1429095955526127621
1429095982701105155
1429096088808558602
1429096157020577800
1429096225605918723
1429096514513743877
1429096677718233088
1429097473675386888
1429097534312656898
1429097597587922944
1429097993316179973
1429098949890170884
1429099146175201281
1429099190169264133
1429099234092015618
1429099851631972355
1429100553100005382
1429100626051538952
1429101046807289856
1429101090667126792
1429101262553890819
1429101389171548164
1429101464186720260
1429102162521559045
1429102430613123079
1429102961976823809
1429103415238422528
1429103589797122054
1429105020411260929
1429105267392790533
1429105516995923981
1429105904193056770
1429106015203647493
1429106135412379648
1429106430716620816
1429106453265014789
1429106779087007744
1429107282361688069
1429107770628915208
1429107852006854659
1429108286016606214
1429108616997580804
1429108969705025537
1429109528289845248
1429109874047262725
1429110318878298123
1429110814783455240
1429110973621805056
1429111056551628802
1429111092844826632
1429111389415743492
1429111392771129346
1429111586346700801
1429111754475311114
1429112296496840705
1429112756360384519
1429112998631780353
1429113101052485632
1429113125635346435
1429113132824375305
1429113185689296896
1429113334272380933
1429113862696181764
1429113876243795972
1429114243543146498
1429114249553526785
1429114824231821318
1429114863863926792
1429114956151152640
1429115135810015232
1429115296183472133
1429115648039432197
1429115728746196992
1429116186705506311
1429116208972976141
1429116445791821827
1429116449780555781
1429116928363270149
1429117986196103168
1429118293986656265
1429118350475603975
1429118395614732288
1429118598228946947
1429118766709940231
1429118774448381957
1429118879247355909
1429119049938649089
1429119213810200579
1429119741399027715
1429119773883998208
1429119800870117381
1429120129661640710
1429120551767916550
1429121034188361734
1429121055268950016
1429121272768868353
1429121313411674129
1429122156923953158
1429122624802656264
1429123050289700868
1429123261594546177
1429123392595283970
1429123722112286721
1429124252364648455
1429124405519654922
1429124813692358657
1429124820965412864
1429124950661730310
1429125184011870213
1429125920028336135
1429125949228990466
1429126005910872067
1429126153294565385
1429126163713118208
1429126202057535496
1429126253722882055
1429126938707341317
1429127864801275909
1429128002584170498
1429128386723647488
1429128664621387780
1429128758380859394
1429129112120090625
1429130255608995845
1429130495896571919
1429130682761158659
1429131550474608644
1429131951433150464
1429131951433150474
1429132188851781632
1429132657611395073
1429132964902887429
1429133190543855622
1429133449663811594
1429133707793862656
1429134060681678848
1429134354769457159
1429135339403284484
1429135774952329224
1429135994687795205
1429136059707789312
1429136323835748365
1429136775298129929
1429136902393942016
1429137298042544136
1429137532327972869
1429138472732958720
1429138716153597964
1429138805592821761
1429138828120449024
1429138891072851968
1429138960060715011
1429139880760823814
1429140094653456386
1429140392730001412
1429140519498788868
1429140536628326407
1429141247382351875
1429141266344914949
1429141269930983424
1429141775910850564
1429141836224995330
1429141969763196929
1429142268141768713
1429143144382226433
1429143288938999812
1429143356773392384
1429143484875804685
1429145627582242819
1429145986564296709
1429146280731635714
1429146548328353794
1429146667215998977
1429147035849007106
1429147197791162371
1429147249179774980
1429147259535495169
1429147287490605059
1429147521348247553
1429148213760729101
1429148266692755457
1429148778951544841
1429148798505283584
1429149081406947333
1429149098624552974
1429149196918038529
1429149364992331788
1429149835903619080
1429149850503983104
1429150068012109825
1429150178423021577
1429150218839371780
1429150231694872582
1429150570686914564
1429150597484359683
1429150732993900550
1429150798999695369
1429150829123149831
1429150921443975168
1429151430506598404
1429151872594612231
1429152738735177730
1429153153040232449
1429153819510853640
1429154092987740160
1429154099124080642
1429154100898242560
1429154219664179205
1429154540251660293
1429154988320776197
1429155000870133763
1429155669907759107
1429155786605932552
1429155788770140164
1429155797464932359
1429155848421613569
1429155851772760073
1429155965144813571
1429156121479196677
1429156618579611650
1429156663769059332
1429157200405147652
1429157250225082373
1429157617767751691
1429157642442878977
1429157800316489734
1429157856939499528
1429158475658051587
1429158589361541124
1429158673838903304
1429158712040644610
1429159096763170819
1429159207660568578
1429159295887843335
1429159519016439812
1429160117522649091
1429160287165353987
1429160336473591816
1429161357560123401
1429161711446249479
1429161795537735687
1429161847031320579
1429161860692156429
1429161881919528965
1429162386783621123
1429162581248417799
1429162999340744716
1429163172087410691
1429163258402033672
1429163401046073348
1429163780945100809
1429163902856835079
1429163907596361728
1429164145967079426
1429164157279014912
1429164204506890241
1429164223918133255
1429164746931118089
1429164771270664209
1429164999424024580
1429165033146232832
1429165171918970880
1429165495597535236
1429165580653842435
1429166015800397832
1429166066278748164
1429166090014404616
1429166289235419137
1429166511730696202
1429166561177350144
1429167603650543622
1429167764242149376
1429167935034101762
1429169002530619393
1429169067714301954
1429169281217056771
1429169656330342405
1429169662949040129
1429169798089428996
1429169890200522755
1429170647805091840
1429170764553625601
1429170996305608713
1429171202401132556
1429171247821230088
1429171254569967619
1429171333334712322
1429171447822536710
1429171448569114626
1429171449873506317
1429171453589606410
1429171469834145792
1429172005887258637
1429172623854944263
1429172636836368386
1429172724488937476
1429173030366945283
1429173067180355598
1429173187238113281
1429173680731574275
1429173995757264900
1429174456287735810
1429174738723692554
1429174754456506373
1429174926049751041
1429175238185476096
1429175608534253578
1429176795123920902
1429177222397583365
1429177645636493317
1429178024667275271
1429179122874474496
1429179152691826692
1429179575733477389
1429180228975448065
1429180636644970506
1429180924923686916
1429181336917626884
1429181498133991426
1429181524117708812
1429181650554945537
1429182326542671874
1429182485968166927
1429182520839622665
1429182753333985282
1429182763324817409
1429182989091606535
1429183010180567051
1429184077605781510
1429184084526485509
1429184122027655173
1429184187555266566
1429184308149882886
1429184405256421390
1429184502564278272
1429185039225458689
1429185124348932099
1429185280632832007
1429185317332918281
1429185419644706822
1429186413656936457
1429186447647576069
1429186546792640513
1429186567780904962
1429186589528403977
1429186611544272900
1429187341852233740
1429187510274568199
1429188195850194947
1429188562466050055
1429188660231016455
1429188926741352456
1429189356229701639
1429189738305576964
1429189763052019718
1429190014789984265
1429190373503639552
1429190441031901187
1429190779076059141
1429191401951186953
1429191554116292611
1429192070850306048
1429192399339855888
1429192507942912007
1429192824558342147
1429193933762990088
1429194392082976777
1429194411213303818
1429194683150999555
1429195050454499332
1429195378893762564
1429195487723335681
1429196915065991168
1429198095703805961
1429198762774171653
1429198763151675392
1429199683814055941
1429199726264606722
1429199937103966208
1429200637389115399
1429201356934504454
1429201771088470018
1429202023564681222
1429202148961685505
1429202459549868033
1429203226633584647
1429203655106957312
1429204000772087811
1429204002760183819
1429204623844380672
1429204697320206339
1429204749556097024
1429204904216866830
1429205060974743558
1429205451623833610
1429205607886770183
1429205819749330946
1429206618961547264
1429206847857307657
1429207110710173702
1429208523146240004
1429209082334941191
1429209104879345667
1429209249784107008
1429209460740960256
1429209587484225539
1429210290642620419
1429210985072635904
1429211147434070024
1429211289671413762
1429211301927084032
1429211615421816834
1429211939683569672
1429212397311565824
1429212627931213828
1429213395794997258
1429214120339935238
1429214341610487812
1429214587673616387
1429214697602093067
1429217143111946242
1429218509377130496
1429219512461705216
1429219638471168002
1429219937634095106
1429219997419716615
1429220127250206722
1429220271706226691
1429220886889082887
1429221086571474953
1429221213428125699
1429222469450207234
1429223861418082304
1429224336834052099
1429225006119145476
1429225569175154689
1429226364507508743
1429226482199576576
1429227880005963785
1429228694309163014
1429228713372233729
1429230390418489349
1429230431858307085
1429230888445939719
1429231538416259076
