1383571072767782912
1383571086277705732
1383571098764136455
1383571108213841922
1383571162999885828
1383571176488783872
1383571179588313099
1383571258856464387
1383571275902193666
1383571424900632576
1383571452180373506
1383571585848680451
1383571700554485762
1383571714538229766
1383571830573715456
1383571854435098625
1383571883690323975
1383571915583881229
1383571940426674183
1383571972550922243
1383572002322096140
1383572058542538753
1383572155095343118
1383572189526454280
1383572219545018369
1383572270015123457
1383572293834612740
1383572313354870794
1383572458184200203
1383572467017392128
1383572525561434114
1383572692951977992
1383572725113884677
1383572734345551877
1383572787588046849
1383573092832714752
1383573106514546691
1383573146096128000
1383573391744016388
1383573499856310272
1383573500384866305
1383573581720813577
1383573594735742979
1383573765045448709
1383573833098031113
1383573883647713287
1383573927927062534
1383574056935432203
1383574099855740941
1383574175667785732
1383574263181889539
1383574326218158080
1383574332970917897
1383574342668230661
1383574378038718468
1383574483768733696
1383574581416325127
1383574655743631373
1383574695497265162
1383574701021138944
1383574729651490816
1383574772093571077
1383574871045599236
1383574911403266050
1383575001039659016
1383575037559537671
1383575126113886219
1383575256225353734
1383575311632064516
1383575379722399744
1383575411016146944
1383575641593835524
1383575709197619211
1383575776360947720
1383575786691518467
1383575811752558594
1383575815367974915
1383575959819886598
1383576011699200004
1383576028740612103
1383576073619705858
1383576077604323339
1383576084126441475
1383576167014289417
1383576180440199177
1383576199352385538
1383576402297978892
1383576510238400515
1383576642535051267
1383576677763092483
1383576735153745922
1383576782297649159
1383576796273070087
1383576835296927747
1383576919585607689
1383576922311970818
1383577000850333705
1383577067837485066
1383577073852194819
1383577106949443586
1383577122027966473
1383577128701108233
1383577246628126720
1383577389305765892
1383577424420503555
1383577508864430080
1383577576275279872
1383577649621069826
1383577670550622220
1383577721473671171
1383577818714435588
1383577952114204674
1383578107370639368
1383578117910908930
1383578273507020807
1383578477736075267
1383578492005097474
1383578527140769796
1383578587538681858
1383578664684507145
1383578734171594755
1383578838496538627
1383578970440884230
1383579012371345419
1383579164683366407
1383579290499903492
1383579377925984258
1383579378043428869
1383579382745223174
1383579394002669576
1383579423404806148
1383579458125266952
1383579497438453768
1383579521966764047
1383579534776160278
1383579547531055105
1383579557542776846
1383579603667615747
1383579649322586117
1383579775055265800
1383579882647523330
1383580060892889098
1383580136151281672
1383580276043837443
1383580289029468171
1383580469678071810
1383580564725256197
1383580645394305035
1383580691841966082
1383580702277472258
1383580777292591107
1383580811786481667
1383580881445474312
1383580958377406470
1383580970050220038
1383581092091883526
1383581135326695426
1383581169715798034
1383581224023650304
1383581263093587977
1383581265773821956
1383581284648112130
1383581340424044545
1383581435353714693
1383581488575250433
1383581511841042433
1383581605541793795
1383581682578558977
1383581838682193920
1383581886669234183
1383581926812880910
1383581999546261504
1383582201632092167
1383582237812150272
1383582258498400256
1383582264668295175
1383582288047349768
1383582329461903360
1383582402576932883
1383582415059230729
1383582422957137930
1383582430859202561
1383582558101721093
1383582610983571460
1383582704029954058
1383582743481573383
1383583053004513288
1383583177399144450
1383583193308155907
1383583247066562564
1383583461844283394
1383583526730145802
1383583618790936583
1383583687938215942
1383583695278252043
1383583731911249924
1383583756880019467
1383583772776361996
1383583780506505220
1383583784549842950
1383583824903237639
1383583850987606018
1383583948484222977
1383583970340663302
1383583995611336708
1383584217850806278
1383584254144114688
1383584352957722626
1383584422067200000
1383584508251803651
1383584576321167360
1383584591441633282
1383584662694502407
1383584764532166657
1383584825571876869
1383584831427121160
1383584842013499400
1383584902952624133
1383585051732893704
1383585054987677703
1383585201226358789
1383585364695142400
1383585482441826309
1383585540813987842
1383585681331482624
1383585751229603850
1383585833928691720
1383585856594739204
1383585883589201931
1383585886554660866
1383585928673861637
1383585942758334464
1383585963708874754
1383586075008913409
1383586142079963147
1383586400197439497
1383586452743749638
1383586632444506116
1383586739852177408
1383586807657373702
1383586834878406659
1383586894097702922
1383587037685575688
1383587167205609480
1383587234125795333
1383587274873442309
1383587314547392517
1383587423964209153
1383587454779748359
1383587460827926534
1383587489735057409
1383587592919076868
1383587609662738432
1383587680470978569
1383587716542070789
1383587771038593027
1383587828332855303
1383587944078864386
1383587972818214913
1383588092737511428
1383588110823395330
1383588271125516291
1383588458401124360
1383588471659384837
1383588619135324161
1383588648914882562
1383588716279525389
1383588958823538694
1383589068613640195
1383589318858399748
1383589322738192385
1383589716038086668
1383589717560631297
1383589744429330440
1383589788213682178
1383589869495095296
1383590035811758085
1383590497378127874
1383590663426510857
1383590840497442829
1383590993283354631
1383591040083316740
1383591051617701889
1383591098606493696
1383591138586550282
1383591141426098177
1383591163760832514
1383591191132860421
1383591192261062664
1383591234120212484
1383591237639233545
1383591248146042887
1383591271009189889
1383591321542168579
1383591384234397705
1383591418573168647
1383591464937037831
1383591485539438594
1383591627894116354
1383591677424672774
1383591684831809538
1383591830525079555
1383592083408121860
1383592114563403780
1383592140261904388
1383592438665650180
1383592459842686987
1383592497654288384
1383592689996681219
1383592737715351554
1383592884100767745
1383592941717909506
1383593063948328970
1383593081648283662
1383593115437604865
1383593172056428553
1383593245964308484
1383593248514478089
1383593257561587720
1383593402109890560
1383593442232573953
1383593616015183876
1383593633698304007
1383593667458338819
1383593718918176770
1383593733875060737
1383593846513102855
1383593860354301952
1383593900607037442
1383593943099609089
1383594152823193602
1383594192685858817
1383594255541694472
1383594361456259075
1383594523587088384
1383594591245373440
1383594628646010889
1383594759738970112
1383594917469978632
1383595011200020489
1383595123766747144
1383595214015582212
1383595224941744133
1383595258894700548
1383595324678103047
1383595326603337730
1383595357662171138
1383595516538155010
1383595734591631361
1383595810059788288
1383595863402971137
1383596073269096451
1383596104692891650
1383596158929440768
1383596209139421190
1383596383312048128
1383596420842754053
1383596560143896579
1383596665152491522
1383596733926567936
1383597010306043904
1383597155730944001
1383597205303414787
1383597287616638979
1383597426141921282
1383597498128732167
1383597648645541888
1383597686897577986
1383597724436602884
1383597739561213960
1383597790475874306
1383597939923111939
1383598245251731460
1383598309818830851
1383598317918031877
1383598318970839045
1383598504329695237
1383598521698250757
1383598522121867265
1383598551704371203
1383598672231899140
1383598677994864645
1383598897482792965
1383598925798465542
1383598937257385990
1383598978944491528
1383599115557167106
1383599156497829893
1383599302375743488
1383599386647691275
1383599503240929280
1383599581913444354
1383599692777279493
1383599729209077761
1383599783500152843
1383599806690435079
1383599874524913665
1383600048777297932
1383600254436601858
1383600373827457024
1383600451157860357
1383600460985077765
1383600469214306308
1383600580208173057
1383600602433785857
1383600605051035648
1383600748240375809
1383600858462519296
1383601261925126149
1383601266253725703
1383601300412141569
1383601548408737803
1383601662011404298
1383601731817205773
1383601788369072133
1383601880287252484
1383602042996809731
1383602057790201862
1383602265936654338
1383602273830400000
1383602440365219840
1383602482404679680
1383602619239657477
1383602875402620937
1383602881400508416
1383602974371377162
1383603000237719560
1383603060073586689
1383603086959136770
1383603099667816455
1383603191749644297
1383603211295100934
1383603498013528070
1383603524265594894
1383603534420082691
1383603612115341315
1383603616955604994
1383603666389663745
1383603738204524552
1383603814930862080
1383603846866378754
1383603925748649984
1383604004425388049
1383604120414609415
1383604245807583239
1383604258696699908
1383604433808805888
1383604540906250242
1383604584031997957
1383604992280465409
1383605048093990913
1383605175265337346
1383605196719222785
1383605223290064902
1383605391884386304
1383605517340143620
1383605533467308037
1383605712945778698
1383605906521223168
1383606078315720707
1383606129893150731
1383606196498681867
1383606202903400456
1383606293512953856
1383606295081586691
1383606360005173257
1383606402086674439
1383606460093919240
1383606468503498755
1383606469199757327
1383606475025616904
1383606575789527047
1383606591589548034
1383606622119874560
1383606791401992207
1383606850755579908
1383606891520032772
1383606955147595782
1383607271784017927
1383607286384320520
1383607430022504453
1383607561035739141
1383607636524879892
1383607707228270601
1383607747803967488
1383607926149943300
1383607930293940227
1383608013903200265
1383608049655443457
1383608384281223177
1383608800238731269
1383608828206358531
1383609017918889987
1383609078388199427
1383609151058636803
1383609213188931585
1383609309133635585
1383609389227986954
1383609536326422530
1383609637216276484
1383609738005344265
1383609908415766529
1383610039164801030
1383610103354433537
1383610300545462272
1383610308724330498
1383610483995922437
1383610594226360322
1383610613818032128
1383610652359495694
1383610658185383936
1383610783372697602
1383611053158715393
1383611185824604163
1383611238773497858
1383611736188616707
1383611892749332481
1383611913418928130
1383612109624201216
1383612464214929408
1383612584360742918
1383612665738661894
1383612690099146754
1383612978444963852
1383613027635785737
1383613362269917193
1383613564108251147
1383613637625991169
1383613832854085632
1383614110097494016
1383614266901630988
1383614291727634436
1383614455368454150
1383614484837638145
1383614608288616456
1383614672843145218
1383615066256252932
1383615080365887490
1383615119649738762
1383615171587760129
1383615182828494849
1383615307269382149
1383615387653197836
1383615545354854400
1383615705799483394
1383616460237336584
1383616570472091649
1383616951352578063
1383616952149561352
1383617070680608771
1383617155267133442
1383617247805984773
1383617502572277761
1383617533727547393
1383617775608889344
1383617777739571201
1383617833678954500
1383617859981484041
1383618032660992003
1383618149338083329
1383618264400490497
1383618303633940494
1383618321833025536
1383618601857421316
1383618833596829701
1383618927347986434
1383619246735851521
1383619525095030786
1383619539456253957
1383619540899176449
1383619630913101831
1383619864426815500
1383619954298163205
1383620003635732482
1383620010065625094
1383620101425958914
1383620660308574209
1383620793192521731
1383621020322463757
1383621249264328709
1383621256080027652
1383621505716678663
1383621701615845378
1383621793877872650
1383621957132849155
1383622403918417923
1383622450085199875
1383622630830272519
1383622634101907461
1383622678028767240
1383622844966313991
1383623017545142280
1383623207282905094
1383623225922396178
1383623256461111300
1383623315068055552
1383623463890427909
1383623576465514499
1383623588813496333
1383623713401102339
1383623744434757640
1383623761560162307
1383623970138722308
1383624197029564417
1383624466844901380
1383624699133915138
1383624719119704070
1383624735989272579
1383624826061942786
1383625083839651843
1383625115426975748
1383625131004624897
1383625247220371461
1383625299066200068
1383625644488073220
1383625865104265221
1383625958880546817
1383626067231969294
1383626176065724416
1383626228700127233
1383626248602013699
1383626634444509185
1383626650248613894
1383626662584021000
1383626711095418882
1383626745245364227
1383626747489386503
1383626875214303236
1383626886329163779
1383627024300797953
1383627301552680965
1383627395123466242
1383627418678693890
1383627437863432196
1383627551755493376
1383627799903096833
1383627940907257861
1383628085505912833
1383628173439488007
1383628217437724673
1383628514360922123
1383628554345218051
1383628870352457729
1383628911171362820
1383629472109191181
1383629644600016907
1383629699633483779
1383629702410117128
1383629705283178497
1383629812971950084
1383630117637820423
1383630241357131782
1383630253730324480
1383630329852792835
1383631178935144455
1383631215765295106
1383631664937529358
1383631712932929546
1383631786626805773
1383632025450467331
1383632237887774720
1383632450761330689
1383632451558248458
1383632785441660936
1383632877141692421
1383633161951739920
1383633407301746688
1383633497974185984
1383633558745403410
1383633695630794760
1383633796877086731
1383633862819926017
1383633983129329666
1383634098611048456
1383634189430312960
1383634423539589121
1383634484998807562
1383634575130202113
1383634594075869185
1383634941045460997
1383635082263494656
1383635234030161926
1383635482920198147
1383635563723382790
1383635662377668622
1383635884558327812
1383636124250173447
1383636206123061251
1383636472398434304
1383637241818320897
1383637277151137795
1383637646300172305
1383637969043554306
1383638341300543488
1383638627255603209
1383639023877443588
1383639104982642690
1383639672081903623
1383639907684417537
1383639983018283010
1383640024759955461
1383640113901494273
1383640261721399298
1383640331233554437
1383640353081753608
1383640387126845444
1383640441585762312
1383640570996817926
1383640664768847878
1383640672486395914
1383640762609377286
1383640762940751875
1383640823305175048
1383641176964665344
1383641230525964293
1383641319340339207
1383641393202008067
1383641424025985026
1383641741350211593
1383641779862339586
1383641808136073216
1383641960242565129
1383642006300155905
1383642025304629252
1383642109186494464
1383642168783360014
1383642258872750086
1383642588624818176
1383642825611378695
1383642865532764167
1383642977608687624
1383643433915486216
1383643637620166659
1383643725604134913
1383644386915880963
1383644426707210243
1383644428791808002
1383644753539911687
1383644957450203140
1383644972168081420
1383645001431719943
1383645313785745411
1383645432404856837
1383645470652727306
1383645490059780098
1383645599082311697
1383645600856494080
1383645676974735364
1383645909049769986
1383645948094533636
1383646268660977665
1383646560001564672
1383646738469195777
1383647437642817536
1383647447499476995
1383647482245128197
1383647782297243660
1383648142143279105
1383648311492562947
1383648765899251723
1383649092723609610
1383649132485627911
1383649214303854594
1383649404213555213
1383649477928488968
1383649497545248775
1383649779930959872
1383650233805012994
1383650949688807425
1383651333031354372
1383651971840704514
1383652169526611971
1383652550306525202
1383652569222762501
1383652749552750592
1383652805144055813
1383653047646048258
1383653137009942530
1383653357902991366
1383653893746266114
1383654495981248514
1383654542366052355
1383655005140389895
1383655283541479428
1383655351665315847
1383655447635193856
1383655448448888837
1383655548474720257
1383655621736603656
1383656008992509952
1383656261460271109
1383656262995304449
1383656340522893314
1383656372072378368
1383656399247269889
1383656457321648148
1383656770032136195
1383656861199605762
1383656863829413889
1383656865867862019
1383656915444506627
1383656990061125632
1383657002577006600
1383657041726636038
1383657145304977410
1383657188204245002
1383657526269382659
1383657560394276865
1383657639737847808
1383657734516531200
1383657825210048513
1383657867136311305
1383658083138736128
1383658232992829442
1383658254220152834
1383658307559194626
1383658338597052423
1383658352673132556
1383658481534705667
1383658504712429574
1383658570818883587
1383658609481969665
1383659311881101312
1383659328977080321
1383659531478003717
1383659536976728067
1383660096081723398
1383660416253927425
1383660972380807172
1383661667024740355
1383662732327538700
1383663120422371328
1383663454188306434
1383663597541216260
1383663712532254723
1383663794375692290
1383664000261525504
1383664275093213184
1383664341816283136
1383664880981405705
1383665194614726661
1383665801392136192
1383665863203586050
1383666139021021188
1383666279538520071
1383666318956654605
1383666437693206535
1383666728719159301
1383667120404189186
1383667273299152904
1383667748266336259
1383668826743590920
1383669127655555078
1383669563758309378
1383669812748947458
1383670511398375424
1383670832128401414
1383670864055455749
1383671711309058050
1383671806142283776
1383672220967346181
1383672311207792647
1383672493404082184
1383672708722880512
1383672889522626563
1383673664176943105
1383673761145098249
1383673951465836552
1383674117920989188
1383674180663611393
1383674439661854720
1383675849988141056
1383676340826624001
1383676846118604807
1383677163656810500
1383678802455252998
1383680034318155776
1383680040219541511
1383680059429376003
1383680155948765184
1383680211401666564
1383680694115725315
1383681146823663618
1383681239291285505
1383681242567041039
1383681305708093440
1383681761561907206
1383683437366710273
1383683523106656259
1383684361577385988
1383685151557754880
1383685151616487427
1383685151822028802
1383685152237252620
1383686680813604864
1383686795917873152
1383687034296885250
1383687067243204610
1383688621400625152
1383689165485658112
1383689881969332226
1383690186547032064
1383690590383050753
1383691418036629506
1383691957004693512
1383692813804601344
1383693324993712131
1383693919758675978
1383694612724805632
1383694923115896842
1383695994903166983
1383697342029713412
1383697412481449991
1383698646944739329
1383699058154369036
1383699280733478914
1383702035480989696
1383704426892840967
1383705004083613699
1383705253481095175
1383706378116624389
1383706869554946048
1383706877960200193
1383707001029496834
1383708399045472264
1383708401935413248
1383709247020572672
1383710615030538247
1383710987606401025
1383712302281621512
1383712812472537092
1383716125188366340
1383716941924212743
1383717386382020613
1383718947460050944
1383720139191853058
1383720843402874885
1383720931139330057
1383721164657217543
1383721250887933956
1383721391472611328
1383721566093991937
1383721574499377156
1383721651867553795
1383721872743796743
1383722008379224073
1383722563625390087
1383722989145886724
1383723217064325129
1383723616907395079
1383724534876962818
1383724873785090058
1383725156703506434
1383726014002434048
1383726159574102031
1383726653164032007
1383726872454832135
1383726937097441284
1383728053952548868
1383729345152180228
1383729722241155075
1383730306310500359
1383730494181834756
1383730617095888900
1383730725497708548
1383731267582140419
1383731493667688450
1383732421586128902
1383732936470454279
1383732961892200450
1383733669211217924
1383733852632338433
1383735141890019339
1383735543062622218
1383735800156753922
1383735810143395852
1383736201664897026
1383737068371648512
1383737072608030720
1383737248554749968
1383737318331228165
1383737655779762182
1383738180818534403
1383738326583218176
1383738330282553347
1383738567638228998
1383738764195876865
1383739516800823297
1383739799438200841
1383740180679430147
1383740241488453635
1383740481411063825
1383740591142436877
1383740679155634178
1383741097390665730
1383741747147071499
1383741886087655437
1383742004752883714
1383742043164352518
1383742101238599681
1383742227076194310
1383742792279552001
1383743026057465860
1383743235487518723
1383743518561107969
1383743905812733961
1383743995688357894
1383744055671099397
1383744619826098176
1383744627077910533
1383744838487535621
1383745678619267079
1383746267663138822
1383746484932255751
1383746600598523908
1383746910662451205
1383747073502154757
1383747609886482435
1383747772361236486
1383748349610762245
1383748518326640646
1383748825290973186
1383749098449215491
1383749237180010499
1383749354846969864
1383749651099131911
1383749859295911937
1383750262116929539
1383750446297149444
1383750451493883909
1383750513259278347
1383750914964561922
1383751445799849985
1383751600771014657
1383752123398070274
1383752176925773829
1383752176938459136
1383752767882231814
1383752893405155330
1383752944437264384
1383753324755775500
1383753702603776000
1383753979809521678
1383753998608465920
1383754569482600453
1383754582128431110
1383754880590909442
1383755209222987792
1383755429709185024
1383755439133716487
1383755539092361223
1383755904017833985
1383756042568290304
1383756239901921284
1383756509834670087
1383756570136256514
1383756669088276493
1383756862240149510
1383756929810403330
1383756951054475279
1383757115701948426
1383757153576493060
1383757530166284308
1383757624882077709
1383757627218284549
1383757659837325313
1383758276144238595
1383758641560363023
1383759007156867079
1383759574423900165
1383759594552369153
1383759696146833413
1383759717886054400
1383759731529945093
1383760073390891016
1383760172607102984
1383760290022526980
1383761051125047296
1383761176534814723
1383761209275547654
1383761318260346880
1383761350875226115
1383761362359177220
1383761652059832323
1383761875385524232
1383762019791216642
1383762078385676296
1383762085532766226
1383762123105267720
1383762148610904071
1383762280895041538
1383762319990165510
1383762359798222859
1383762423992098820
1383762476051828741
1383762621564801033
1383762854449336332
1383763218296832007
1383763370688409612
1383763406868545549
1383763417840840712
1383763422169341960
1383763441437974535
1383763545968439302
1383763690680295424
1383764197922656265
1383764305011560460
1383764654673907723
1383764966805688324
1383765067477315584
1383765537939812352
1383765730865213455
1383766083866267659
1383766235578441742
1383766288485388289
1383766313839960070
1383766346639450113
1383766368852475908
1383766417229508610
1383766505792315395
1383766609999798277
1383766719789879306
1383766865789419531
1383766932202000384
1383766960077369359
1383767127073513475
1383767324092624900
1383767374306766853
1383767376106196997
1383767532826292224
1383767582579118084
1383767644872986638
1383767720571805698
1383767732953313280
1383767978215309317
1383768071756664839
1383768076001239049
1383768121429819392
1383768147069526032
1383768171438493703
1383768541065670663
1383768811694743553
1383768860894007305
1383768974345719812
1383769046055677960
1383769145704009731
1383769151823482898
1383769569576161285
1383769583618641933
1383769658080186378
1383769685439647746
1383769689000603652
1383769690686693388
1383769812761935884
1383769940046483461
1383770101359386634
1383770103020343299
1383770126516822019
1383770179012677636
1383770220511207433
1383770236315258887
1383770313419202560
1383770352640159745
1383770367278256136
1383770638582616068
1383770673005273098
1383770760066469898
1383771032113205250
1383771167513665538
1383771279606513664
1383771353539497986
1383771393553141761
1383771587837521929
1383771926791811074
1383771943313104897
1383772138239266824
1383772160330584076
1383772182321369090
1383772302609772545
1383772354908618758
1383772682689269765
1383772734446964736
1383772858980081665
1383772890705784833
1383773124529844230
1383773248672780298
1383773330243653632
1383773362216865800
1383773583646674949
1383773820633292802
1383773907841257484
1383773911934930952
1383774044105842704
1383774368556220423
1383774438391312386
1383774733032849409
1383775186709667840
1383775291756056591
1383775304708067334
1383775325910274055
1383775471494520839
1383775531187900423
1383775760314339329
1383775963750670337
1383776046185549835
1383776224590270467
1383776274208804868
1383776305024438273
1383776457659351043
1383776768360779782
1383776781686112258
1383776796101943298
1383776844256714752
1383776887961382919
1383776909851459587
1383776931930206224
1383777061127417856
1383777154807197709
1383777300773183491
1383777434563014672
1383777585037938689
1383777617162117121
1383777674523410440
1383777718198620171
1383778491607392260
1383778538310930440
1383778840275689477
1383779127195430920
1383779470159474697
1383779588644376583
1383779938600325125
1383779966505029632
1383780177252024324
1383780278703857664
1383780397016772628
1383780615367979022
1383780664592396293
1383780910122692617
1383780953072443408
1383781028943126530
1383781080910626828
1383781264004583429
1383781439083225092
1383781620373622804
1383781635850526731
1383781746013995014
1383781752565497867
1383781832219455493
1383782336953610247
1383782415999459339
1383782481002844174
1383782489659830274
1383782512552411142
1383782603921055750
1383782611508633603
1383782729368498187
1383782941629706254
1383783039763771404
1383783070466150405
1383783163466457093
1383783163609051138
1383783312850780167
1383783326427750411
1383783585786720258
1383783597237145607
1383783677084143624
1383783712580521991
1383783721141108742
1383783738765578241
1383783877768929288
1383783900137213956
1383783957183963142
1383784061089374213
1383784064226713613
1383784129129447433
1383784295819485189
1383784331403960322
1383784487964712969
1383784557900562439
1383784652519796737
1383784715035975682
1383784809445527559
1383784828718354433
1383784961971429387
1383785029466148871
1383785073455943688
1383785226795552777
1383785235003822088
1383785285486477319
1383785338351407117
1383785369234116613
1383785567817637888
1383785617285283853
1383785817504587782
1383785954037493766
1383786010471923717
1383786039525855237
1383786100183879689
1383786104780775431
1383786137177575424
1383786211110653959
1383786267410780169
1383786411195658242
1383786567437750275
1383786575071301636
1383786581551575046
1383786596604858378
1383786675218780165
1383786729115557900
1383786743892045833
1383786912788353027
1383786932308611080
1383786980392148995
1383786992463273991
1383787036214128657
1383787087544029189
1383787101481627657
1383787167705567240
1383787312434188290
1383787340800290824
1383787388833472514
1383787402502709255
1383787454079987715
1383787486887903236
1383787547524878344
1383787581289074694
1383787605314084870
1383787648406360068
1383787652969766925
1383787675254099974
1383787725115981832
1383787754270560266
1383787768032104449
1383787811002720272
1383787816358846470
1383787861632110596
1383787933430284291
1383787937834225668
1383788006285316104
1383788051671912456
1383788082596442119
1383788104683716610
1383788113093296130
1383788116645875717
1383788294572449794
1383788380278775821
1383788384888389634
1383788416169508874
1383788430484639758
1383788576471621640
1383788745527152642
1383788768004513795
1383788801223315456
1383788816738095116
1383788920907845634
1383788987446296582
1383789024045789184
1383789109525717006
1383789393949839360
1383789432977772550
1383789443199295491
1383789449419509778
1383789542558212104
1383789556751687687
1383789571767345152
1383789571880603657
1383789598208184325
1383789673932214279
1383789773341356033
1383789927842807813
1383789933853216779
1383789943936282630
1383789988039454721
1383790022034214922
1383790035196018688
1383790191995801601
1383790265962356741
1383790294663979014
1383790344500781072
1383790358820052995
1383790440168628238
1383790520032391171
1383790560905809929
1383790581978071048
1383790615884812297
1383790674739269636
1383790675636867074
1383790682641338368
1383790928230371335
1383790969728823299
1383791000208887811
1383791025114607621
1383791244812292102
1383791287459979264
1383791360633819141
1383791401066926090
1383791412102135811
1383791516187979798
1383791568570642440
1383791691413422084
1383791749718429696
1383791887295811594
1383792170709094401
1383792182620868611
1383792183937957890
1383792435579424780
1383792438238613514
1383792440901918725
1383792558598283278
1383792647886675973
1383792675673935881
1383792681013288965
1383792797459705857
1383793115585146881
1383793158920622097
1383793212024782851
1383793264709361669
1383793273580318721
1383793422150950924
1383793639713771520
1383793650585399305
1383793714099744772
1383793735712972802
1383793750783131657
1383793889148952576
1383794015271743502
1383794054454910986
1383794116643876872
1383794215432249348
1383794272701272064
1383794318096224258
1383794450116141060
1383794465517629443
1383794552130064387
1383794582576529409
1383794598678433800
1383794695403233289
1383794797173895179
1383794820800344066
1383794826752106499
1383794973573730313
1383795007727947786
1383795068813733897
1383795207771017220
1383795216323256320
1383795247323389954
1383795258887049218
1383795350582882308
1383795405817667584
1383795486801362944
1383795738228920331
1383795824929304577
1383795849277284373
1383795975722913802
1383796030718701569
1383796145273536521
1383796178882424836
1383796256015749127
1383796269223538697
1383796289180078085
1383796312408133646
1383796315172196353
1383796369081602058
1383796388962529290
1383796470734745609
1383796532185493504
1383796602708529160
1383796635197603842
1383796671042125829
1383796713295540230
1383796728319467530
1383796790856601613
1383796901984673795
1383796934217846784
1383796969894682630
1383797039385903109
1383797089906282502
1383797208424747018
1383797215596998663
1383797314737770503
1383797351295315978
1383797351807021059
1383797356043280385
1383797389815812108
1383797452210204675
1383797550457577478
1383797554463207430
1383797575413735433
1383797614588485634
1383797690492874766
1383797721367150594
1383797741478825991
1383797822303080448
1383797843874312201
1383797869585473538
1383797882352914434
1383797995401973762
1383798003874492421
1383798043565170692
1383798061105782784
1383798175480180736
1383798222875889669
1383798285073223683
1383798318556274689
1383798329776087041
1383798459652730894
1383798574861885441
1383798587352440837
1383798630545457156
1383798713915637769
1383798718084780037
1383798744622067713
1383798772254220297
1383798800557305866
1383798854982664197
1383799081256906755
1383799084025188372
1383799091772018691
1383799192473063431
1383799217622114304
1383799521147121664
1383799796054454276
1383799902778531856
1383799916481314818
1383799948072787969
1383799997414531072
1383800010618195981
1383800103752716290
1383800262884618246
1383800282182651909
1383800322833805315
1383800352181346310
1383800510054948864
1383800522809905155
1383800661058359305
1383800745279967245
1383800765634936833
1383800858303819786
1383800895176015881
1383800971822702599
1383800980156813313
1383800995658887177
1383801006354436098
1383801099639877641
1383801104442400775
1383801148897841171
1383801259258306567
1383801309250265095
1383801341806465028
1383801347917565970
1383801354662023173
1383801373821595655
1383801390464598017
1383801560933699590
1383801584480505857
1383801635302895620
1383801660091244548
1383801691833659395
1383801738755403788
1383801792257925125
1383801856741187596
1383801896121507849
1383802000907722758
1383802114669875209
1383802131010916353
1383802140812931076
1383802169707548685
1383802307217805322
1383802357784322056
1383802438549852170
1383802748278231045
1383802878565879808
1383802949260890116
1383802951055986697
1383802982949539840
1383802989228351490
1383803044727427082
1383803062607773707
1383803141813010432
1383803192945696769
1383803305038467085
1383803355462475783
1383803373716000779
1383803488241553411
1383803500040114177
1383803554301812754
1383803584869924869
1383803620278243342
1383803696186757124
1383803964240535557
1383804119693946880
1383804161515425796
1383804172127014914
1383804549593321476
1383804552055455753
1383804630170169350
1383804639154298883
1383804706246430723
1383804714505031690
1383804784117911568
1383804996307746820
1383805007925899269
1383805057779453964
1383805090859868168
1383805238897909770
1383805314365988865
1383805371836362763
1383805374935961600
1383805427368927232
1383805449099612164
1383805891728744457
1383805951640182803
1383806023291478018
1383806103318790149
1383806457280299013
1383806471746453512
1383806475529646095
1383806782317817863
1383806935569367045
1383806992158916610
1383807110203330561
1383807202830405633
1383807284057231374
1383807481697030148
1383807543709822978
1383807700618792966
1383807742826016768
1383807894617870337
1383807960594354179
1383808012322623493
1383808055670759427
1383808156594184202
1383808203750658050
1383808282788196354
1383808321199558661
1383808545095774215
1383808561570930690
1383808575701610515
1383808657377300484
1383808705716625409
1383808706157060106
1383808903385796613
1383808943869202449
1383808962726797316
1383809004430716930
1383809093022875651
1383809148668633102
1383809187247837192
1383809284257943552
1383809516433600517
1383809649044983809
1383809698860703750
1383809795010961414
1383809840305164303
1383810085185417217
1383810143712735239
1383810206199521280
1383810245403635719
1383810262306738180
1383810557862563840
1383810644923731977
1383810671456911360
1383810673063251968
1383810675558866947
1383810701555159044
1383810745331159046
1383810816625971201
1383810827870818313
1383811023342215179
1383811028304101383
1383811141160235011
1383811178489475074
1383811339605274650
1383811370596982786
1383811447960981504
1383811511387189250
1383811520102993935
1383811566760431622
1383811664907177986
1383811789176000527
1383811792955068423
1383811821035872259
1383811860974030853
1383811873858940929
1383811895317045252
1383811965848461319
1383811966683127821
1383811988170567688
1383812113345384455
1383812251400822790
1383812336591405068
1383812396494458883
1383812456988901379
1383812458180071426
1383812556461015060
1383812610252890121
1383812691500830720
1383812775554686977
1383812794907205636
1383812869108629513
1383813185627594759
1383813194976620551
1383813204350959618
1383813212986961928
1383813424732250116
1383813472102731786
1383813601509613580
1383813901851103240
1383813957345968130
1383813960470650890
1383814038350565383
1383814053127024646
1383814182294876170
1383814224472789005
1383814254256480259
1383814315954753538
1383814335701544962
1383814656020467717
1383814713348222988
1383814745338236931
1383814801617391625
1383814833045348353
1383814901089538050
1383815063400697858
1383815074444234762
1383815113900060683
1383815296243232781
1383815439852064777
1383815491735617536
1383815501780979729
1383815533066215429
1383815569430827009
1383815571779719185
1383815592189169664
1383815695272603663
1383815717020073998
1383815756115169285
1383816038672785413
1383816090434736143
1383816113549549573
1383816116410015747
1383816138887352329
1383816229840846855
1383816278972899328
1383816280612872199
1383816341090488328
1383816353899978752
1383816488646111245
1383816517205118987
1383816538466099201
1383816547940986881
1383816620083073029
1383816728438665226
1383816787469291531
1383816808138874899
1383816889084776461
1383816956961124360
1383817236498948099
1383817238394773524
1383817572710195201
1383817725865168898
1383817752624787457
1383817785285828618
1383817849278402572
1383817864939917314
1383817959236202503
1383818010293534726
1383818026995179524
1383818032892432385
1383818053666820096
1383818193299337220
1383818266196385795
1383818287872573452
1383818308235927553
1383818352372588547
1383818353597325318
1383818400393166854
1383818481255075858
1383818544844972044
1383818667977183233
1383818851893186560
1383818856846659594
1383818862798393345
1383818875532288004
1383818984001183751
1383818987222405125
1383819225517543436
1383819226503254021
1383819300629147657
1383819352999297029
1383819379238838274
1383819381549924354
1383819535988396036
1383819575146385417
1383819795330605078
1383819824321597441
1383819906496356358
1383819913194721280
1383820057743036420
1383820123211919366
1383820171920297990
1383820247287824386
1383820301943795713
1383820395254468610
1383820576213454856
1383820700578844679
1383820718417137670
1383820759047438339
1383820804832432133
1383821003365650433
1383821108919488514
1383821124341886985
1383821140540284928
1383821191996051466
1383821199751319552
1383821250225532940
1383821397017825281
1383821485060460547
1383821594712178690
1383821596142407691
1383821615759200266
1383821628090372099
1383821769673297920
1383822021688127498
1383822143297757187
1383822237199859715
1383822334163779592
1383822383547514881
1383822402019160074
1383822414434365443
1383822448286593024
1383822500153290752
1383822743892725766
1383822746988081163
1383822797512658950
1383822874394325001
1383822944074227722
1383823167693545481
1383823172470853633
1383823464595812354
1383823488205524998
1383823586306101254
1383823691805388806
1383823738479661056
1383823783169978369
1383823892083400712
1383824099986722829
1383824196124348421
1383824254236430339
1383824376353550336
1383824413498298376
1383824681409474570
1383824697918332935
1383824745620148229
1383824808073334785
1383824906404569088
1383825062059380737
1383825125863149568
1383825169974644744
1383825237972713477
1383825280184197120
1383825367966781447
1383825382823010305
1383825457120829444
1383825627246039040
1383825953562918912
1383826062073683969
1383826100753551360
1383826336364437514
1383826474642202631
1383826489607557129
1383826743631388683
1383826784433491968
1383826832315748363
1383826908874375179
1383826984417988618
1383826986070548490
1383827035781439502
1383827138374033420
1383827189326487557
1383827225565220867
1383827327814017024
1383827672095084547
1383827795860590595
1383827847207219204
1383827933484130319
1383827960839294984
1383827971417395205
1383827991961116680
1383828132310904838
1383828248220504074
1383828482090622981
1383828493830479873
1383828694733516810
1383828737553096712
1383828989756674054
1383829199790641155
1383829384155389961
1383829461754277891
1383829599079911427
1383829665714892802
1383829702712852483
1383829750049697802
1383829847730900996
1383829856845058048
1383829896363794440
1383829946762625027
1383830227420286983
1383830244507807744
1383830562125729794
1383830746008219655
1383830796788670467
1383830866271473668
1383830931090276359
1383830953236172806
1383830954188234758
1383831027747987460
1383831136128757770
1383831149101809666
1383831158807433221
1383831176511557638
1383831204437188609
1383831313598214152
1383831345361657875
1383831444158517248
1383831451364249606
1383831466853863429
1383831495022813195
1383831518120857615
1383831629047623691
1383831661863837697
1383831679173742593
1383831838653784072
1383831988172328964
1383832012889362439
1383832095101833228
1383832100076326918
1383832506919624711
1383832570073260045
1383832601715109889
1383832656895299590
1383832730853539850
1383832842979844110
1383832850819022856
1383832851812995082
1383832899120599042
1383832959266877450
1383833090414419970
1383833104318570498
1383833222035894277
1383833429423185933
1383833432560521219
1383833602039836686
1383833602081714190
1383833680225792009
1383833703139274752
1383833755492655109
1383834069021052942
1383834224059289603
1383834270309838859
1383834280992808962
1383834346050625541
1383834354959282187
1383834451793174530
1383834566259970052
1383834591362879492
1383834698229583883
1383834803137511430
1383834870460256261
1383835162643816451
1383835182021582848
1383835203504721935
1383835225860370437
1383835239080882182
1383835282336731138
1383835340457222148
1383835385801822209
1383835388586827776
1383835602043342854
1383835609089798149
1383835623895666688
1383835690564165643
1383835764383838209
1383835766543974408
1383835830741962758
1383835950153797641
1383836027786186753
1383836085889892358
1383836364488122369
1383836412248608770
1383836432926609414
1383836479776981000
1383836656046731268
1383836661625196544
1383837023497191434
1383837086852124685
1383837152732012551
1383837303727005705
1383837309204791297
1383837348203433989
1383837384328966146
1383837543297208320
1383837717641920516
1383837731273461760
1383837753738027013
1383837840954445830
1383837842510520323
1383837905248944129
1383837953810591760
1383837960550772743
1383838063105777667
1383838066469572615
1383838114867597321
1383838140721369093
1383838263509536768
1383838265699028997
1383838392803205120
1383838489532268553
1383838715248742403
1383838751609167875
1383838926335406088
1383839014877159430
1383839307555766273
1383839326388117511
1383839327604535296
1383839334252511232
1383839337222066183
1383839351566524418
1383839369220423682
1383839483456458753
1383839560119963657
1383839572430262273
1383840360812597248
1383840394752847877
1383840815370280975
1383840877869617162
1383840884790206471
1383841054521053194
1383841255038210057
1383841326597251076
1383841722602377217
1383841764985872395
1383841778885824519
1383842042669789185
1383842223767261196
1383842364523831300
1383842386967625740
1383842460388925443
1383842688089214977
1383842700496039937
1383842870407270407
1383842916091654157
1383842943795032068
1383842983120826376
1383843008718655496
1383843251308822534
1383843264583716866
1383843528820682755
1383843832513454089
1383843923613798411
1383843957336010753
1383844215847673869
1383844291689078790
1383844526012305412
1383844611689353221
1383844614977712135
1383844638809747459
1383844698599485442
1383844898042826755
1383844942099873793
1383845313673240583
1383845354248884226
1383845485077663751
1383845574420537345
1383845651520258058
1383845814263377931
1383845842864381964
1383845944391655424
1383846355123064835
1383846552867721227
1383846576762675203
1383846709797613569
1383846848503312384
1383847064023420936
1383847287009386500
1383847292537479169
1383847304088616968
1383847600487428104
1383847624923435010
1383847672516284417
1383847741411889157
1383847797833691141
1383848060443250699
1383848376446316555
1383848400932667400
1383848402337759232
1383848422373953541
1383848474920120322
1383848595267358724
1383848633724915713
1383848725676658690
1383848728088387589
1383848771964964872
1383848898007949316
1383849020011937798
1383849027498766337
1383849100299300873
1383849134658965513
1383849215688790026
1383849219081990144
1383849241315995651
1383849414976958467
1383849644384407554
1383849760025575425
1383849830049484800
1383849892997599235
1383849929760645125
1383849950056894474
1383850004071125004
1383850201668939778
1383850245059072006
1383850287933247488
1383850326193627136
1383850415880511489
1383850556951650307
1383850861625962501
1383850941472862210
1383850981360766982
1383850995587772418
1383851006522322946
1383851043121889287
1383851171492757505
1383851176056082445
1383851191923138568
1383851353441652738
1383851356063092738
1383851407132925954
1383851483553165315
1383851622669774867
1383851743784488964
1383851759852875777
1383851774688120834
1383851798465695744
1383851852920283144
1383851927151149060
1383852035477364737
1383852074551496706
1383852149931601920
1383852171997761547
1383852202515582979
1383852213718585352
1383852444325531648
1383852476000923652
1383852536252157953
1383852712203227147
1383852939890987008
1383852997751439368
1383853290622914571
1383853448316080128
1383853508202418184
1383853567631450115
1383853738046070794
1383853788096696335
1383853848767328264
1383853873408876560
1383853923279138820
1383853993571414019
1383854129395634180
1383854267979632645
1383854296920252420
1383854459613110273
1383854553875902468
1383854583601012737
1383854798932348931
1383854920424513541
1383854927470989314
1383855133411266569
1383855231650332674
1383855234414305283
1383855321261608961
1383855602644832256
1383855661335736323
1383855720777408513
1383855824355819522
1383856110306660357
1383856201486585867
1383856269245571080
1383856467170578435
1383856596359389190
1383856615422525446
1383856649006293003
1383856749833179136
1383856813200658434
1383856859656822784
1383856908679876610
1383857084081442817
1383857214541033472
1383857311404285954
1383857358929993735
1383857460545409024
1383857556154511371
1383857591323820034
1383857721439490048
1383857762635943940
1383857810732052480
1383857894190313488
1383858392666558476
1383858405878616067
1383858577320779780
1383858605976211461
1383858722611417090
1383858884310228993
1383859018959974406
1383859272342065156
1383859301257662469
1383859399358255106
1383859580451442691
1383859682092093442
1383860401025130502
1383860577693356043
1383860904471662603
1383861028568530949
1383861036231450628
1383861161771225093
1383861257078382598
1383861309851115524
1383861542903455751
1383861572779479044
1383861764413030411
1383861830389428237
1383862096341831686
1383862153594085384
1383862263572877322
1383862284296937491
1383862346561441795
1383862453348405250
1383862639772663817
1383862711490990092
1383862716792639493
1383862853304676353
1383862886066360322
1383863053289017358
1383863082779234306
1383863144095780875
1383863154048868356
1383863262639321088
1383863497172262925
1383863616345042949
1383863728794333202
1383863849518919681
1383863954846326790
1383864144537948162
1383864184098590723
1383864308015144967
1383864435995942916
1383864519105994752
1383864610495733761
1383864736069001220
1383864830319235076
1383864853291356162
1383864879493173250
1383864994979139589
1383865087228747778
1383865161946058759
1383865234121654280
1383865299271749641
1383865383082287106
1383865414485041156
1383865599386800134
1383865715753586759
1383865789451669514
1383865800939892738
1383866185754681346
1383866246848864262
1383866405850730509
1383866433176670210
1383866555570610176
1383866556707340294
1383866608691515397
1383866659669118976
1383866687049506817
1383866854058258433
1383866879207305218
1383866968642519042
1383867259802718213
1383867347287494660
1383867617539100675
1383867628763058181
1383867658169315333
1383867747143094276
1383867785621565445
1383868063045492745
1383868222223523843
1383868384287199235
1383868496631648256
1383868605322780673
1383868710138441736
1383868776047779848
1383868800546656261
1383868811686727680
1383868944012877832
1383869209227059200
1383869314294374408
1383869417226784769
1383869522008895488
1383869538463150080
1383869554162425862
1383869589814083592
1383869602522755072
1383869729782177798
1383869799453794307
1383869882916167683
1383869896640004096
1383870291076521991
1383870513051705346
1383870647399456779
1383870700750991361
1383870885145104385
1383871054498598913
1383871202641387527
1383871606456422407
1383871744583163907
1383871867639898116
1383871884236754953
1383871954315214855
1383871969519497227
1383871993334829059
1383872114848014338
1383872214970208260
1383872371287678976
1383872379135270915
1383872520802037764
1383872539106058244
1383872948201611276
1383872967562518538
1383873012164743174
1383873030372225026
1383873091130990595
1383873091340693509
1383873135972208640
1383873228595089413
1383873312460132355
1383873498343301131
1383873682364198919
1383873886547169283
1383873939097604105
1383873972710764545
1383873990737895431
1383873996165324805
1383874039437922307
1383874159734784002
1383874217347731459
1383874243436322836
1383874424793800705
1383874566653575173
1383875169454759942
1383875215210344449
1383875241949106176
1383875390830125058
1383875532698259456
1383875625472053255
1383875657935904769
1383875748507787264
1383875781084938240
1383875802324815875
1383876052812918789
1383876102163103745
1383876132903079941
1383876331700559878
1383876656268386313
1383876836115959815
1383876864180031490
1383877083059810304
1383877118174498823
1383877381572620294
1383877576972668936
1383877615530889216
1383877739610984454
1383878062576586753
1383878093845131275
1383878211847671816
1383878334782664708
1383878379498209283
1383878452147675139
1383878453611536388
1383878492576620549
1383878502957469706
1383878516328992776
1383878585052635145
1383878619987021825
1383878646792802314
1383878763629342727
1383878952830214150
1383879073869426690
1383879140005142537
1383879236423876614
1383879269634363400
1383879427520487428
1383879467320307722
1383879633188188166
1383879785814716421
1383879935115157504
1383879938491641866
1383880156159168523
1383880261557899272
1383880447889874949
1383880540953079813
1383880543574519818
1383880562897678345
1383880626684579843
1383880640324456461
1383880697048309768
1383880708645560320
1383880730988617731
1383880860462567427
1383880866338803718
1383880885611614209
1383881001693188096
1383881019489546246
1383881039693500423
1383881069087182855
1383881185013616647
1383881232262459400
1383881340085411847
1383881380325576717
1383881435954651137
1383881574161162245
1383881722438189061
1383881738800095236
1383881858379771907
1383881924301660169
1383882140123754496
1383882162181599232
1383882228103401472
1383882243844689929
1383882247900524548
1383882359867547657
1383882409918140424
1383882796180000770
1383882846431891456
1383883133511032834
1383883158152568837
1383883160912416770
1383883184929054736
1383883224355541005
1383883250800631857
1383883282530521091
1383883322128945153
1383883356081844235
1383883444178931721
1383883469646823426
1383883523623317508
1383883715449737224
1383883941224992772
1383884070287908866
1383884161849593860
1383884209505198092
1383884249267200003
1383884293013786632
1383884308528521223
1383884390393020431
1383884413927247877
1383884745554071553
1383884962084966401
1383884967487311877
1383885115130974219
1383885154679021575
1383885342638440448
1383885346430091266
1383885371398705156
1383885604501393419
1383885649112027146
1383885679831052294
1383885738756898820
1383885746566680576
1383885747334238211
1383886041468211202
1383886134921502720
1383886151279251456
1383886216404238343
1383886240638922756
1383886298071457792
1383886330480926727
1383886422537490445
1383886492699742215
1383886642415501316
1383886725789806600
1383886898158989320
1383886927833665541
1383887003746332676
1383887032775176198
1383887059597742080
1383887071803109388
1383887085669470217
1383887281216315401
1383887307560808449
1383887332168790023
1383887339819180036
1383887391736229896
1383887398803628032
1383887451379224579
1383887453916856321
1383887463119130627
1383887497478868993
1383887535097532420
1383887736424202246
1383887779751284740
1383887984240447496
1383888066809454593
1383888151568031757
1383888212943245330
1383888276503760906
1383888643819905024
1383888690405986304
1383888725902458884
1383888782194221069
1383888818223255555
1383888833087827969
1383888834975260680
1383888840419512323
1383888860950646789
1383888892969947145
1383889029599432719
1383889217441329160
1383889227092357123
1383889352611090446
1383889503182417921
1383889518709723145
1383889557637062656
1383889563148423176
1383889598661550083
1383889666806476813
1383889702432870405
1383889706924929038
1383889710074851328
1383889795156377605
1383889910034169870
1383889966074241024
1383890322938220552
1383890337123356681
1383890416307605504
1383890500260818950
1383890517184835588
1383890534142414848
1383890575519227910
1383890661485662216
1383890676098551810
1383890727797616642
1383890777642659843
1383890805304152074
1383890866280951810
1383890917216587788
1383890989446680578
1383891172846837760
1383891330951118857
1383891489046990865
1383891508563091462
1383891525185064962
1383891593191510022
1383891682391859208
1383891699206787075
1383891807189180420
1383891867876483082
1383891985514131460
1383892137486426114
1383892195090964483
1383892556816080900
1383892619353157639
1383892700743692293
1383892715583115268
1383893036006998023
1383893080420483073
1383893138159243270
1383893157998317574
1383893163182415881
1383893331705356289
1383893483946012675
1383893550224445448
1383893647976919040
1383893662992502784
1383893729090543623
1383893732856979457
1383893749722337284
1383893761680306186
1383893784279191561
1383893813773553673
1383893909336514571
1383893973400395781
1383894009299439622
1383894151859556352
1383894272705916939
1383894333833715731
1383894439924363270
1383894610053795848
1383894700856250376
1383894775485505538
1383894933237506048
1383894943370932226
1383894991571800064
1383895058244460544
1383895303372214275
1383895359043211266
1383895468736876552
1383895477905551360
1383895748106850311
1383895792478408705
1383895882106433548
1383895894735482881
1383895909856006153
1383896164685127681
1383896225154433029
1383896399884869646
1383896402963550208
1383896440108314625
1383896470269489155
1383896481527074823
1383896551475486728
1383896632056455175
1383896713765605378
1383896821697695746
1383896905185251330
1383896965323247632
1383897003298476034
1383897219317702668
1383897388079747073
1383897389577109508
1383897395759439881
1383897554060906501
1383897574986313737
1383897746080337922
1383897889282220041
1383897911071711234
1383897984321003524
1383897985621262336
1383898013517578241
1383898060938350600
1383898201669783567
1383898249233268746
1383898304002420744
1383898465600565251
1383898476891697153
1383898505333276687
1383898527420411904
1383899237126086661
1383899274270834698
1383899397868511236
1383899490629808128
1383899493112770562
1383899533877268481
1383899552852299790
1383899594996649986
1383899627083112449
1383899723921195018
1383899800899186691
1383900097230958593
1383900159709302789
1383900252529254405
1383900513612095497
1383900524458627075
1383900528959053829
1383900645841727490
1383900654612017153
1383900654880493572
1383900690930536451
1383900732982583296
1383900833985617923
1383900848544047108
1383900914445000709
1383901010037329921
1383901066744328196
1383901121366822915
1383901202040057857
1383901304859160583
1383901349142695948
1383901357493555203
1383901359326433283
1383901472715276288
1383901522388418562
1383901532647657474
1383901587274227718
1383901596405272586
1383901690693177344
1383901711740198915
1383901717738049543
1383902023448334338
1383902053609603073
1383902066007965700
1383902203321061381
1383902224384811008
1383902299123195904
1383902377581768704
1383902446611668997
1383902457995042824
1383902496951717896
1383902599515049989
1383902675410948104
1383902694910296066
1383902779995869194
1383902868592160773
1383903080278724610
1383903176751861760
1383903277104779270
1383903291571011598
1383903383979892747
1383903416812859396
1383903455425695759
1383903568617361414
1383903612116488198
1383903616931491841
1383903655909150724
1383903721470382082
1383903772699549702
1383904043030835215
1383904050207289345
1383904104657739787
1383904190393552898
1383904194097156098
1383904249185128459
1383904399366389769
1383904510272151559
1383904565796360197
1383904580665110534
1383904624688594949
1383904810764627969
1383904897863540736
1383904925915041792
1383904986636058635
1383905118953693187
1383905448747622406
1383905543954128903
1383905551956856835
1383905592708722690
1383905725303250947
1383905805146103809
1383905838729863168
1383905978907709440
1383906186559328259
1383906202212454402
1383906513484337153
1383906565883789314
1383906638520754181
1383906669223055369
1383906698516074502
1383906750542213120
1383906785220698115
1383906937272602627
1383906963185045514
1383906977642803203
1383907136682352644
1383907184086425608
1383907323970609160
1383907409026981890
1383907489750474754
1383907495228284939
1383907532876304387
1383907567445766147
1383907837328248843
1383907931024887810
1383908050868662272
1383908138433216516
1383908232658243590
1383908266208493580
1383908434643349504
1383908465957957636
1383908466314543108
1383908466721320962
1383908466801008641
1383908467853856782
1383908494059786244
1383908540117524481
1383908624276197385
1383908684376330241
1383908710041350148
1383908837724352514
1383908883178037251
1383908921320951811
1383909089088995331
1383909096944902155
1383909110966415369
1383909279032221709
1383909338515853317
1383909369172004879
1383909441901187075
1383909516878651393
1383909594452221953
1383909672499892226
1383909714296131587
1383909744914567172
1383909898837102597
1383909955246325761
1383909964582850565
1383910026897616897
1383910130912174087
1383910188537696263
1383910205398798347
1383910213590290437
1383910227523764227
1383910229318922246
1383910247740235777
1383910269345173514
1383910350727180290
1383910351616413696
1383910378451529738
1383910401100816387
1383910475365183491
1383910539085025287
1383910561277112320
1383910606781116419
1383910669146202121
1383910778697252871
1383910779829641220
1383910836024926211
1383910880832724998
1383910978354511872
1383910982007750663
1383911036433027072
1383911254436192265
1383911316323135489
1383911351421005829
1383911461953544195
1383911469339725827
1383911568623104001
1383911648696537090
1383911705793630214
1383911794427588617
1383911881706930178
1383911964649295881
1383912007322136585
1383912120983511047
1383912216341082119
1383912260230270982
1383912268677611522
1383912362483220487
1383912401980981251
1383912417994764298
1383912475125452804
1383912490547908612
1383912492611428352
1383912562908008455
1383912574547152898
1383912719477141504
1383912738594852866
1383912801530310664
1383912869851394051
1383912892248952842
1383912957139034114
1383912977779204106
1383913077012238339
1383913132624547840
1383913164895490053
1383913383544594436
1383913444206776323
1383913478704959492
1383913517619634176
1383913642253455369
1383913789456666630
1383913792224911360
1383913811808161792
1383913873246355457
1383913896499552263
1383913898089218049
1383913985133539338
1383913992851054594
1383914030197137418
1383914114221711365
1383914222493437958
1383914235311398912
1383914256924483590
1383914375979802633
1383914611632529412
1383914697619955715
1383914732327903239
1383914767253790724
1383914803677200385
1383914943896952832
1383914965942247435
1383914980328624129
1383915014055096323
1383915045017423877
1383915100864585737
1383915126542114820
1383915215532658690
1383915245396140034
1383915392888754176
1383915461318897674
1383915753494106128
1383915789313449996
1383915864278245377
1383915948550225922
1383915962341101580
1383915996109414403
1383916000597270528
1383916173687803905
1383916237613273092
1383916268709761035
1383916332920414212
1383916333255970821
1383916429179711491
1383916453242445833
1383916466764849160
1383916482627727375
1383916502517116934
1383916520393170947
1383916615595544590
1383916625468952585
1383916641755402249
1383916643571568646
1383916672566784006
1383916901034696707
1383916902204936193
1383916914515189770
1383916938925989899
1383916969766789124
1383917064230895622
1383917080727093256
1383917262298509312
1383917268615061510
1383917302446391300
1383917308742012929
1383917501944266752
1383917536706646016
1383917613252714504
1383917687798059015
1383917774611763202
1383917803871236101
1383917825178226691
1383917827879440389
1383917856035803157
1383917917712961548
1383917941628948487
1383918067005022215
1383918220206166017
1383918261633441792
1383918356789563402
1383918377031245828
1383918547940769798
1383918669806194695
1383918691629236226
1383918726878138375
1383918766585614339
1383918829349212165
1383918834143301635
1383918911112896514
1383918964221218820
1383918972488216578
1383919145268310021
1383919420339154949
1383919423547854853
1383919555920105480
1383919566095409152
1383919722261925893
1383919914772176905
1383920068271116292
1383920181110468611
1383920465643663360
1383920482768932872
1383920524703584257
1383920526280646658
1383920536594489346
1383920634657345537
1383920705855647753
1383920800474886146
1383920858737963018
1383920917735116803
1383920929521115148
1383920978024026113
1383921037574766599
1383921050036031493
1383921050879107076
1383921107938418701
1383921205942505474
1383921227786375174
1383921409148133378
1383921440349573124
1383921457768517638
1383921808496205824
1383921830323310593
1383921920232411142
1383921952771829775
1383921957662388228
1383921980668141572
1383921985395126276
1383922170531762178
1383922214018322433
1383922236684333062
1383922292367892483
1383922327969095693
1383922387997970439
1383922391630311430
1383922508131278856
1383922557489848324
1383922592751374336
1383922765183418385
1383922852794048518
1383922901896744964
1383923059782938629
1383923124912021505
1383923156457385995
1383923158864994318
1383923228649820168
1383923293292417029
1383923340662870021
1383923372568940546
1383923427682111496
1383923449047838728
1383923573522239488
1383923646687678465
1383923690597879813
1383923691205980168
1383924037529661446
1383924059461668864
1383924135823245327
1383924206161723398
1383924334264164356
1383924362906988545
1383924453709475846
1383924466959323136
1383924575780499457
1383924707074871300
1383924752650182664
1383924765946048518
1383924855821660166
1383924929050021896
1383925256717365253
1383925283842002944
1383925329442394116
1383925348765556739
1383925507075366924
1383925534841663489
1383925691159224320
1383925714940928007
1383925717193302016
1383925812869484554
1383925866539806724
1383925921799761924
1383925923792134150
1383925993643986953
1383926023469756433
1383926037499633676
1383926154789199891
1383926245864316930
1383926248057933825
1383926338193485831
1383926432003354627
1383926560931991552
1383926594402603013
1383926597250551814
1383926799336284171
1383926807364202497
1383926829799542797
1383926888372998144
1383926935483404289
1383926942085222408
1383926951165906944
1383926962251390978
1383926981893378056
1383927002449604616
1383927114739552260
1383927159773810694
1383927175330422792
1383927179902287882
1383927413290135552
1383927415739617291
1383927443426222082
1383927522182647816
1383927534648102912
1383927548497649677
1383927641309208577
1383927723706306560
1383927801951121409
1383927857693429764
1383927872268558338
1383928258681466895
1383928476336418817
1383928612076720133
1383928702321319936
1383928735452188678
1383928755928723457
1383928782159958020
1383928870215192587
1383929135601381378
1383929135999852550
1383929154345717768
1383929429873729550
1383929528934748164
1383929583741722633
1383929604465823744
1383929705477275663
1383929734145351684
1383929739748859912
1383929958444146696
1383930129680723971
1383930184873566211
1383930266519937029
1383930317744971780
1383930370110885906
1383930448502345732
1383930491322060802
1383930633592860686
1383930741344505857
1383930776446664704
1383930874626904073
1383930901210406912
1383930950887698440
1383931068286345220
1383931072312795144
1383931136343089155
1383931151111245825
1383931167674568707
1383931171248119812
1383931220011098114
1383931231444738054
1383931237723607043
1383931284469084169
1383931320435281928
1383931346276417539
1383931361627492353
1383931367294074886
1383931412940693505
1383931414320533506
1383931629937184776
1383931724254441475
1383931746836574216
1383931751387459591
1383931975153582080
1383931982833348615
1383932019042701313
1383932157530279939
1383932162290770034
1383932204204445696
1383932246013321216
1383932332176855041
1383932338921295875
1383932368797396996
1383932370538008577
1383932480651087874
1383932523793633291
1383932619016994826
1383932659458400264
1383932682820677633
1383932705797152770
1383932782557089804
1383932869429448707
1383932956364791820
1383932967735627789
1383933041068761088
1383933235747381255
