1338634941349945345
1338634942897659906
1338635017925369860
1338635073546031105
1338635094660165632
1338635175769632768
1338635284343377921
1338635395781816326
1338635399241977857
1338635411661459456
1338635514430312449
1338635706764292096
1338635854852579333
1338636060650299395
1338636117919272963
1338636354557800450
1338636360295600129
1338637045837811713
1338638450849886208
1338638557708251143
1338639526089134080
1338639743182106625
1338640066843971586
1338640173282758659
1338640406335156225
1338640526401265666
1338640787580575748
1338641059111374855
1338641798567178241
1338642191858614272
1338642434981580800
1338642446201315334
1338642446297804801
1338642599368929285
1338643098361016322
1338644612483862532
1338644627029684225
1338644658352775168
1338644784647446528
1338645073626587136
1338645132116185091
1338646010025881603
1338646438264397824
1338646889160470530
1338647064876621824
1338647440501714945
1338647723071795200
1338648792460128257
1338649032076505098
1338650099929366528
1338650179994611712
1338650315109883910
1338650489865596929
1338650996168417280
1338651099629285377
1338651143174578178
1338651231846359042
1338651456484806656
1338651665721925642
1338652259744428034
1338652296545263617
1338652550560698368
1338652830337478658
1338653005332221954
1338653024483487744
1338653727343996930
1338653996303724544
1338654251195789313
1338654760174559238
1338655402620284928
1338655445356064768
1338655761170374657
1338656128641732608
1338656129111429120
1338656164112904192
1338656340860936194
1338656486415888384
1338656774803640322
1338657039652941824
1338657471183941632
1338657755897487362
1338658565372981249
1338658850409418753
1338659130035351553
1338659230778331136
1338659357052071938
1338659613856632833
1338659692327923713
1338659864818671618
1338660044146032640
1338660251705470978
1338660680766021633
1338660688202436608
1338660721706618887
1338660839210053634
1338661316211449863
1338661395597058052
1338661536328523776
1338661603882004480
1338662187007668226
1338662202082009088
1338662360442150914
1338662373301891072
1338662873892065280
1338662971338272768
1338663233968812033
1338663530531270658
1338663649012035585
1338663688014848003
1338663723603529729
1338664444445003777
1338664754571862017
1338664910516006913
1338665077675724802
1338665079697358848
1338665131996274688
1338665350104109056
1338665557202259968
1338665661535563778
1338666399640776705
1338666791199969281
1338666814402912259
1338667146126254080
1338667207329521664
1338667281992339459
1338667636599762946
1338668008240197632
1338668288646246400
1338668398864195586
1338668876498952193
1338668987824046080
1338669037048508418
1338669079159316480
1338669152391852035
1338669178341961728
1338669240530984961
1338669349033402369
1338669716571873282
1338669810822094849
1338670422926249986
1338670430119464967
1338670596100665345
1338671152584159232
1338671267096965121
1338671464686489600
1338671905008742400
1338672715352453120
1338672891022479360
1338672996811214849
1338673352202915841
1338673976344764421
1338673997383340032
1338674042535030787
1338674175968481282
1338674275742572544
1338674400179044354
1338674649907953666
1338674728450445312
1338674842531483648
1338674884784902146
1338675143535546370
1338676131193643014
1338676517480648704
1338677100258144256
1338677205619138560
1338677242143059969
1338677419784335360
1338677488151638029
1338677647954554880
1338678302387695616
1338678367583875072
1338678399838146566
1338678545481146368
1338680403704606722
1338680424814395393
1338680586928599045
1338680870820061192
1338681052114673664
1338682104264142848
1338682718289334273
1338683148566224896
1338683257752342529
1338683469854093314
1338683941881061377
1338684408442843136
1338684421646528514
1338685096702795776
1338685209840025602
1338685685939769346
1338685850222096384
1338686149276160002
1338686837750181891
1338686910278086658
1338686985414848512
1338687038489587713
1338687140776075264
1338687523816677378
1338687534738665473
1338687668868288513
1338687857842642945
1338690002411122689
1338690229876748288
1338690242807820288
1338690528087564297
1338690879071117314
1338691205597720576
1338691786089373701
1338691828246261761
1338692270263033858
1338692327947329538
1338692519903825921
1338692882388180995
1338692943088144392
1338693175322546177
1338693300975525892
1338693347284815873
1338693902065410050
1338694442463735809
1338694632331472898
1338695279600611328
1338695600670449667
1338696071116189696
1338696342986776576
1338696768154898432
1338696912187355136
1338697048527351808
1338697096782897152
1338697282401787910
1338697792643076096
1338697820476481550
1338698035392548865
1338698186756661248
1338698700378484736
1338699557279031296
1338699888612302849
1338699895407079426
1338699996531744774
1338700002667991040
1338700535562637314
1338700632950247424
1338700947925688324
1338701439238074369
1338701596482547715
1338702085064421388
1338702130715176963
1338703287391055872
1338703849599737856
1338703921934725120
1338704495367294976
1338704670617825280
1338704724380553218
1338704816751702019
1338704988097404928
1338704996829982720
1338704998214012931
1338705011086401536
1338707027544182788
1338708060060090369
1338708731324928000
1338708926297206785
1338709638032855040
1338709805792436225
1338709857399156736
1338710359406997506
1338710379115888640
1338710642262360067
1338711929334927361
1338712353878237184
1338712895442575360
1338713014565003264
1338713282266456066
1338714251163291649
1338716233278115842
1338716968304709632
1338718655362772992
1338719004341522432
1338719296512462848
1338719590118002688
1338720939991855105
1338721114139332608
1338721481728139265
1338722450423623681
1338722741676019714
1338724445586927616
1338725009683079168
1338725455189463040
1338725781544050690
1338727458594492418
1338727500000546817
1338732026036441089
1338738491895676929
1338739331666624512
1338740301263941637
1338742611536842753
1338743851071266816
1338748919954763777
1338750403505082370
1338754641526403072
1338755706766364672
1338759358310719488
1338761475532279811
1338762485587877888
1338762587438276608
1338764614121771008
1338769277285924864
1338770030826123270
1338774239202189312
1338780341339820032
1338784044650278912
1338784490215383040
1338785875975614464
1338786188128358401
1338789956832161793
1338792694940905472
1338796788346740736
1338797389830828032
1338797727115845632
1338797833990770688
1338797897262002176
1338799223454769157
1338800432957812739
1338801141530955777
1338802149535440899
1338804538300624897
1338805428424065024
1338805935737868288
1338807549857058818
1338808039374254080
1338808042188574722
1338808523900194816
1338810067932622851
1338811936293720065
1338812161594961920
1338812186752331777
1338813523787476994
1338813641836138496
1338813990034608131
1338813990571544576
1338814648670449666
1338814757504233474
1338815132386926593
1338815222103076864
1338815225571708929
1338816149933453312
1338816807835209729
1338817054615465985
1338818378237161472
1338818669091168257
1338819257858187269
1338820093044809729
1338820378471391238
1338820725931696131
1338821244032978946
1338821868178997249
1338823677354315776
1338823756592992256
1338824268319232003
1338824543259987968
1338825482712870913
1338825636060798976
1338825714699743235
1338826477903626240
1338827279162597378
1338827754771542016
1338828116932907008
1338828476279828481
1338828545565618177
1338828781251948546
1338828892564549637
1338829068456898562
1338829840032673794
1338830056295198721
1338830118446358528
1338830254471852035
1338830374659567617
1338830676737601537
1338830824968499202
1338831339383099396
1338831564831076353
1338831944377905152
1338832573116641280
1338832887697838085
1338833243630690304
1338833655725236225
1338833719281541122
1338833814802599939
1338833831550476288
1338834010487869440
1338834520745840641
1338834738476429318
1338834947914731520
1338834991992729601
1338835122804699136
1338835218367717378
1338835407438540800
1338835473310093312
1338835860851134464
1338835879499018241
1338836037020372997
1338836233435426817
1338836716975607809
1338836830159069190
1338836894419972096
1338836928444108801
1338837581677596672
1338837632978219008
1338837845507792898
1338838390935089155
1338838580848975873
1338838750605041664
1338838986328997888
1338839269436174336
1338839865090220032
1338839991775092736
1338840105839185922
1338840329391394816
1338840620891299840
1338840652092682242
1338840701115781121
1338840749111209985
1338840764701437957
1338840821559398402
1338841097053876227
1338841872085774336
1338842039149064195
1338842328572833793
1338842834418491395
1338842927871746049
1338843623186714624
1338844311077728256
1338844631052787712
1338844728012496897
1338844736992505857
1338844925761368067
1338844956455297024
1338844983768518658
1338845207308144640
1338845388514725888
1338845813204783106
1338845813460623368
1338845826412666882
1338845844808867840
1338845960080855040
1338846025319141384
1338846167094996996
1338846407919190022
1338846626035724288
1338846737105084418
1338847116463050754
1338847369840955394
1338847562070102016
1338847732719554561
1338848417431375877
1338848567964930049
1338849121831165952
1338849524387811333
1338849676603305984
1338850185603117057
1338850566894723081
1338850979802984450
1338851055677943809
1338851339418349570
1338851389963825153
1338851452568154113
1338851459148890113
1338851623116804096
1338852044782780418
1338852110809575424
1338852204023664640
1338852241864876034
1338852486459895808
1338852607834644482
1338852688893710336
1338852732858404864
1338852792191102976
1338852849439092736
1338852942913277958
1338853313459101696
1338853347751645185
1338853392257589253
1338853437375700992
1338853555508219904
1338854319739777024
1338854443429687297
1338854461716873218
1338854876940435458
1338854942455414785
1338854950646865923
1338855061292679176
1338855293023789057
1338855648897892353
1338856086195957762
1338856758048002050
1338856800536457216
1338857695886000132
1338857708070440961
1338857725669740549
1338858077857087492
1338858110442598401
1338858215954468869
1338858710970454023
1338859196868005890
1338859251272314881
1338859574137245697
1338859607171600397
1338859867650498562
1338860012710424590
1338860557022031876
1338860579574845443
1338860579990032391
1338860626781773828
1338861032215724032
1338861607896535040
1338861885404286977
1338862097107542018
1338862337072099330
1338862571718262784
1338862706837790728
1338863190780780545
1338863245143101441
1338863774539816968
1338863955427487744
1338863957583429633
1338864514238873602
1338864716874096641
1338864768380092417
1338864947019706373
1338865190327123971
1338865259231080454
1338865269066756099
1338865434917883905
1338865476416356355
1338865607412838401
1338865731539148805
1338866494411657220
1338866655850479628
1338866927972696067
1338866928396320770
1338867612462149632
1338868026922344449
1338868267457388544
1338868498034913280
1338869025414074369
1338869256969019392
1338869463819673600
1338870029257994243
1338870222867079169
1338870333676326915
1338870374134501376
1338870415960272899
1338870480628035584
1338870633355227138
1338870731682279424
1338870909835358209
1338871050277416960
1338871145836240907
1338871223539937294
1338871515610288128
1338871682396729345
1338871919786012678
1338872114624016384
1338872121406140416
1338872914393894915
1338873258482016259
1338873319416852482
1338873550854303744
1338873953499181067
1338873954212212737
1338873975385059329
1338873988039254019
1338874013242826752
1338874050031079426
1338874153508757504
1338874810982658050
1338874816804352006
1338874861809258501
1338875085843816449
1338875166407991296
1338875211614187525
1338875262121992193
1338875580792631298
1338875892202876928
1338876150551089155
1338876688768364545
1338876688978112514
1338876702366294016
1338876896499601411
1338877518343000065
1338878042207358977
1338878408818913282
1338878417245188097
1338878913381064705
1338878931840151553
1338878938265899010
1338878943517171714
1338879629944369155
1338880002872528898
1338880176810299394
1338880330938413056
1338880484676431877
1338880616100753411
1338880658182201351
1338881057869991937
1338881233821048837
1338881263764029447
1338881392118259714
1338881427849568259
1338881484338425857
1338881579322576896
1338881835456139266
1338881984484040704
1338882100762718214
1338882291398041604
1338882894366978048
1338882984775184384
1338883187854991360
1338883271321669633
1338883426032766976
1338883553157844993
1338883680815738888
1338883796037496836
1338883823510106113
1338883901884928000
1338884015529603074
1338884043690160130
1338884095514988544
1338884126947074048
1338884158597238786
1338884185977724928
1338884213148430341
1338884355490451464
1338884986754265091
1338884999341346817
1338885147115008000
1338885160889159684
1338885326803251206
1338885382914576384
1338885917101215752
1338885977939582976
1338886124119461888
1338886510607790080
1338886563187527680
1338886580900073472
1338886864753848323
1338887208946823178
1338887457442586625
1338887483623415810
1338887680961089544
1338887910674796544
1338888130737352705
1338888195828682752
1338888199628713985
1338888391052685318
1338888566441652226
1338888685908094977
1338888937599733762
1338888938514071555
1338889063345102852
1338889223747801091
1338889274188574722
1338889354949824520
1338889450617774085
1338889734240788483
1338889776309690370
1338889809071198208
1338890219949600771
1338890266732847109
1338890388564750340
1338890393119821824
1338891037004087302
1338891261936283653
1338891567566909457
1338891573325668352
1338891663062732800
1338891681542922240
1338891928943923200
1338891993557200900
1338892112830623744
1338893021631422464
1338893093928624128
1338893247511490561
1338893499173924864
1338893565091524612
1338893838425972736
1338893973964779521
1338894371379404800
1338895094926204928
1338895149640916994
1338895452465475588
1338895490931453953
1338895643121741827
1338896062212415488
1338896142084534272
1338896157322391553
1338896198367789056
1338896267032858626
1338896286293037058
1338896319604199431
1338896371093561345
1338896437363548162
1338896508788355076
1338896697167056903
1338896992701845504
1338897071567495170
1338897072381161473
1338897664117706757
1338897986827546626
1338898375396085760
1338898492920631299
1338898718184108032
1338898839181402117
1338899516288716802
1338899723470692353
1338900136659980292
1338900650638229507
1338900835066130433
1338900903563235329
1338901442011291651
1338901721121234944
1338902650876809222
1338902687597928450
1338902750499921920
1338903031664918529
1338903063806025734
1338903155069890563
1338903337966723074
1338903707900108800
1338903774719578112
1338903815672750081
1338903873239572480
1338904247627354116
1338904292279738368
1338904657704456192
1338904794690285568
1338904847215681537
1338904958062764032
1338904970565971978
1338905438771941377
1338905642539634690
1338906062175526913
1338906093267918848
1338906218870546433
1338906411015823360
1338906511586848770
1338906672274825217
1338906675739205633
1338906850268487683
1338906872754081792
1338906905209688068
1338907029633634304
1338907221116280836
1338907379912626178
1338907448820854787
1338907553611255808
1338907771408953346
1338908493143830530
1338908581547159553
1338908856294969344
1338908904638525440
1338909323565494272
1338909667423031296
1338909674880503811
1338909704597217281
1338910232504897536
1338910473832472576
1338910580896198657
1338910770898169857
1338911130333421569
1338911220775043072
1338911259555717122
1338911460379009029
1338911577882439680
1338911698535784451
1338911702612660224
1338911808959225858
1338911904224436225
1338912004640296962
1338912100324937730
1338912358744387584
1338912581302489088
1338912797267128322
1338912949864452099
1338913227665678337
1338913233873203200
1338913234972155904
1338913236054233088
1338914221061525505
1338914275306446850
1338914539467902977
1338914660964327424
1338915550374793220
1338915656692064256
1338916114613620739
1338916243991126017
1338916248239763456
1338916441043726337
1338916833336963072
1338916872834596865
1338917020209975299
1338917097947230208
1338917336275968000
1338917721732472833
1338918120875057153
1338918129737420801
1338918212017266688
1338918464006856705
1338918503420715012
1338918628599664641
1338918755636797442
1338919872772919298
1338920144639123456
1338920150968508416
1338920653685190657
1338920986889101313
1338921654366429193
1338921768506052613
1338921771286708227
1338921772037582849
1338921832150429698
1338922431977840645
1338923403865157632
1338923406142660609
1338923722741321733
1338925326701879298
1338925340501086209
1338925537176260610
1338925708324843520
1338925891569774592
1338926114941644804
1338926230033281026
1338926426578358279
1338926446908215297
1338926602923732994
1338926801666502656
1338926808507555842
1338926912333287427
1338926943744499719
1338927180332589056
1338927348146692099
1338927381910872068
1338927444829626372
1338927656075546624
1338928189121449984
1338928629464637442
1338928686272229377
1338929003030310912
1338929011058237445
1338929051281534983
1338929074576773120
1338929206726701056
1338929477880082432
1338929641000759297
1338930094388154376
1338930175145340930
1338930184238620674
1338930379420561412
1338931020008185856
1338931235217956866
1338931461290913794
1338931780712280066
1338931878276030465
1338932089882882048
1338932141841903617
1338932576443133953
1338932621334749186
1338932909558919168
1338933214610657283
1338933385759223808
1338934370594385920
1338934508922527745
1338934627797438465
1338934691404148738
1338935166480297984
1338935514754396165
1338935652549877760
1338935684086849537
1338935917973807105
1338936076451373059
1338936251714453504
1338936868432347136
1338936909087780868
1338937053858426882
1338937238831316992
1338937419509456897
1338937824855416837
1338938498049601543
1338938651456188421
1338938913021423619
1338938969782890507
1338939523380613125
1338940029037588487
1338940182947618827
1338940646170750978
1338940927679852545
1338942290371424258
1338943442500661253
1338943898991939586
1338944269357375488
1338944386072240134
1338944417999175682
1338944419668615171
1338945097233260544
1338945755470581766
1338946338055139331
1338946712543629312
1338946968127725571
1338948150787252224
1338948165320445953
1338948342521327616
1338948372414279685
1338948651733962754
1338948839768793090
1338949900982243334
1338950195330097155
1338950638106005504
1338950873788129284
1338950964510912512
1338951172439347200
1338952096679333896
1338952143059947524
1338952325646462989
1338952400472780805
1338952574645522433
1338952916141568001
1338952917211033602
1338953091308195846
1338953272070201346
1338953696475033601
1338953733804347392
1338954808548528128
1338955500843622402
1338955639591071745
1338955923595784193
1338955931300847619
1338956073340981250
1338956310117830658
1338956540729024512
1338956586367201283
1338956855113027594
1338956953297498112
1338957000575741952
1338957150039592960
1338957244730204160
1338957492001394691
1338957521151795200
1338957845723820037
1338957988820815872
1338958177505861638
1338958510466412545
1338958537372930048
1338958750317731851
1338958797734359040
1338959091394371584
1338959172050751490
1338959288564391937
1338959827570188290
1338960048379334658
1338960200536125449
1338960224896638983
1338960302495436802
1338960837889806336
1338960852007886848
1338960932807077888
1338961013866196998
1338961300303433728
1338961405714845697
1338961472513302537
1338962105295392769
1338962258718765057
1338962394660433920
1338962740673703938
1338962813843288065
1338962852145733636
1338962852510642179
1338963517223874563
1338963532709236736
1338963539071995906
1338963683372748800
1338963961924947969
1338963977267785730
1338964035719602176
1338964138010218498
1338964258722295822
1338964272907505665
1338964317186699266
1338965179791503360
1338965662488735747
1338966969924587525
1338967172236926981
1338967877244887042
1338968267407446023
1338968526707707909
1338968830882754560
1338969182424227840
1338969958542417922
1338970349485125633
1338970369886138368
1338970433568329728
1338970499087527936
1338970542674767884
1338970639370227716
1338970798304993287
1338971101829812224
1338972053630824451
1338972119368146945
1338972183150931968
1338972362406993920
1338972635460464640
1338972796781735937
1338973126177112068
1338974221683347457
1338974603272724484
1338974636466384899
1338974643798020097
1338974710042865677
1338975166378995712
1338975519505838080
1338975881969229830
1338976231178588160
1338976285754843138
1338976801113190402
1338976838354350081
1338976887448760320
1338977450303365123
1338977506670555139
1338977648173694976
1338977925052444673
1338978071395905536
1338978294696448003
1338978324480208896
1338978443556499457
1338978491379949568
1338978934663286789
1338979135734083586
1338979593491976193
1338979650006118402
1338979844739244033
1338979894886338560
1338980516956147713
1338980698116513794
1338980843835056131
1338980901213130760
1338981067085197314
1338981175872933889
1338981354604810241
1338981847246712832
1338982052385837056
1338982113522102273
1338982172057694209
1338982185072812035
1338982215737290753
1338982313850531841
1338982591786065922
1338982976227598336
1338983239344672774
1338983247162843143
1338984826217529347
1338984829803581442
1338985288249569280
1338985379987394560
1338985664147312640
1338986187080560643
1338986480732168193
1338986874946379783
1338987171127189504
1338987175698894850
1338987258515517443
1338987367932293121
1338987422651199490
1338987452359454721
1338987504129683462
1338987616537096194
1338987964915859457
1338988263701360642
1338988530949873666
1338988790002692097
1338989129577750528
1338989513738231811
1338989552267091970
1338989592289169411
1338990084343934976
1338990530177404929
1338990555217469441
1338991391553310725
1338992232817336320
1338992635193618433
1338992848272830467
1338993248338108416
1338993565628821508
1338993626836168704
1338993741403746304
1338993872018563076
1338994054869245952
1338994108220764162
1338994214726754305
1338994673734594560
1338994694001483783
1338994759663235072
1338994989083267074
1338995013053603841
1338995164560429063
1338995747409289216
1338996400697335810
1338996811571359746
1338996938830700544
1338997119370334208
