1338634879219630082
1338635151916621827
1338636075472982016
1338636599614115841
1338637745288253442
1338638652985888768
1338638653057200129
1338639911210131456
1338640700351672321
1338641268113629185
1338642003417034759
1338642148955205635
1338642172539760640
1338642362369708041
1338642931343896576
1338644441142157312
1338644526848765954
1338646052661026817
1338646741009240065
1338646754191945728
1338647682571792384
1338647768714289152
1338648897896521728
1338649026443571201
1338649474827169792
1338649588346085379
1338649980714835971
1338650211317657602
1338650387885289473
1338650833685241862
1338650907714744322
1338651244135657476
1338651257976840192
1338651483198337025
1338652507246112769
1338653718816886785
1338653964783345664
1338655022544982017
1338655217303379973
1338655984915525634
1338656371147993090
1338657159060598787
1338657528146657280
1338657528469626880
1338657989088206855
1338659535481958400
1338660399642775559
1338660955258040321
1338661368250179586
1338662126878121986
1338662571478495232
1338662572027994114
1338662909816213508
1338662984932073474
1338663067937280002
1338665998132666369
1338666335484563456
1338667082821595137
1338667253869506572
1338667450116796416
1338670136610463746
1338671545930162184
1338672218335744000
1338672634138124288
1338672634213634049
1338672643814412296
1338672678706814979
1338673226793152512
1338673720332791809
1338673743716081668
1338675044348809232
1338675151865585667
1338676283895668739
1338676980586344449
1338677028200083457
1338677155564285955
1338677292751589378
1338677393662349313
1338678576632229889
1338678577286549507
1338678831981400064
1338678845747175425
1338680185684684801
1338680186737397761
1338680309102108680
1338680318790864900
1338681068145307652
1338681136181075970
1338681442193301504
1338681495452577794
1338682194114523143
1338682744210124801
1338683790240194565
1338684675221557248
1338685157168078849
1338686032297025536
1338686594748985344
1338688657029468163
1338689767907577857
1338691868016717826
1338692769716506626
1338692774162358272
1338693656962715649
1338694244601622528
1338695031431995395
1338695276756750336
1338696546930614274
1338696801319268359
1338697804114518016
1338698635958161409
1338698710209998848
1338699255419166722
1338700133094055937
1338700210852204547
1338700318050234370
1338701199151915014
1338701579013279749
1338702161325268994
1338702876370235395
1338703058503667713
1338703565372743682
1338704143330979840
1338704982464454656
1338705011153498112
1338705297351847936
1338706040481779712
1338706557635325952
1338706908908285954
1338708542581301248
1338708556154073088
1338710377467613190
1338710641364897792
1338711557430239232
1338713234069725185
1338714789326041089
1338715107300405252
1338716502925713408
1338718682684542977
1338719833186242560
1338721276744114177
1338736147770593280
1338740220796125184
1338744105531133953
1338748484741193729
1338750192410124288
1338756102805196802
1338762380428324864
1338763478031605762
1338763856395395074
1338766398630359040
1338766651257450496
1338766663479652353
1338766670056353793
1338768851614507008
1338768872011407361
1338768892508971008
1338774560691412992
1338782204361662464
1338788770397696005
1338790527093919744
1338793936337338369
1338797512614948864
1338798167668760576
1338799332762537985
1338800976065544198
1338805614336757760
1338806167083102208
1338806712682373120
1338806989913284608
1338807656157507587
1338809427638571008
1338809818686099456
1338811123865366533
1338811566054109185
1338814649786052608
1338816229734289410
1338818618977562629
1338818880932876288
1338819819504889857
1338821129809629185
1338821133358026752
1338824640995733507
1338824727717158914
1338825903628021761
1338826505854590976
1338827870182006785
1338827936275816451
1338828413763719169
1338831127210037248
1338831367937945600
1338832668075700224
1338832858023153665
1338833628504141831
1338834387849383945
1338835001572544514
1338835222293590020
1338836462792552448
1338838229009707019
1338838273947545601
1338838337973575681
1338839123587723264
1338840647944581121
1338841458841972736
1338841946622713858
1338842010514563075
1338842292875038721
1338842511503220736
1338842832891760643
1338842999044911105
1338843751645589504
1338844092583862277
1338844352580374529
1338845267358085120
1338845618232586241
1338845829172490240
1338846278051131394
1338846280827559936
1338846636710244352
1338846653177077761
1338846836455600128
1338846881628217347
1338846894869635072
1338847103653703684
1338847639022997504
1338847812801470467
1338847979927703552
1338848222731759623
1338848241127985154
1338848313450373120
1338848393481908224
1338849007196639237
1338849206048534530
1338849274038280194
1338849326467084291
1338849388869922819
1338849783335759873
1338850205760847880
1338850249905823745
1338850449395478530
1338850475630882818
1338850870524399621
1338851319860301824
1338851337363202052
1338851732084957189
1338851742985773058
1338852586745716737
1338852640776736769
1338853552068861952
1338853969913933824
1338854108841701376
1338854116278169600
1338854192023146497
1338854223149211649
1338854393349894147
1338855003016949768
1338855359461511172
1338855466282045441
1338857156800475136
1338857199418834948
1338857356495446018
1338858290160095245
1338858736241143808
1338858826838147079
1338861376735858690
1338861382372970501
1338861735222996999
1338862145547587594
1338862654245330952
1338862760923262983
1338863914784751617
1338864548602814464
1338865146123276289
1338865462436761603
1338865555822891012
1338865567424335881
1338865774669099010
1338866289071157249
1338867291564306433
1338867595651379212
1338867628132196352
1338867658159079435
1338867823133659137
1338868452782723073
1338868704201891841
1338870926839001088
1338871066249351169
1338871396441722880
1338871805415727104
1338871861791367169
1338872341233889282
1338872394572849152
1338872456904388608
1338872552475791366
1338872719492919297
1338872770915168263
1338872966759780355
1338873189246660608
1338873290262196226
1338874750911844358
1338875234238287874
1338875382745997314
1338875450307846156
1338875474655768576
1338875489738428419
1338875585322508288
1338876095295320064
1338876186521444355
1338876349709230080
1338876642412941314
1338877918110420995
1338878665573228546
1338879184496635905
1338879480450985988
1338880473519501312
1338880682915926018
1338881049774919686
1338881296408469510
1338881662629933058
1338881687984467971
1338882005799481344
1338882548689215488
1338882649419640839
1338882656642228226
1338884286334767114
1338884995537100807
1338885067582615552
1338885477198405633
1338885831193452546
1338887082731823105
1338887802407227392
1338887857721798656
1338888372396371972
1338888904582320134
1338889648089804805
1338889692603932672
1338890269643730944
1338890993744179202
1338891130260369413
1338891313643724802
1338891574097244160
1338891862497701888
1338891994437971969
1338892073378979841
1338892123521867777
1338892409783115783
1338892643200364544
1338893148446224384
1338893241958232066
1338893515422650374
1338893734109392902
1338894825005977601
1338895375348994050
1338895487718526981
1338897107680448522
1338897243584118784
1338897419711508483
1338898104746184709
1338898367234109440
1338898555201748992
1338898575669997573
1338899257558933504
1338899291260280833
1338899835202768900
1338899961258385408
1338900295758319618
1338900404776656898
1338900937545576448
1338902419774861313
1338902559319265280
1338903353296883715
1338904120938405889
1338904178568081416
1338907227239936003
1338908782487867394
1338909230531833856
1338910053844176896
1338910163839934471
1338911215985319936
1338911515202744322
1338911736292839424
1338912080544534531
1338912919837433861
1338912982642941954
1338913079489425410
1338913658630508549
1338913688762396672
1338913781775298561
1338914218976763904
1338915132311654400
1338915676333936641
1338915849852346368
1338916924034527232
1338917965127880707
1338918287837630464
1338918307676762116
1338918875908296704
1338919051570147328
1338919633060044800
1338919748416008193
1338920915799838722
1338921222168514562
1338921574515216384
1338921768669433857
1338922682847547399
1338922912359870465
1338923253868490752
1338923491886833666
1338924036747890689
1338924296887001090
1338925167184138241
1338925238097219586
1338925415499436040
1338926371872120840
1338926819773440003
1338927536819068928
1338927815010476033
1338927869720977419
1338928064772911105
1338928065355911168
1338928199657431040
1338928501886423040
1338928726399209473
1338929320392351746
1338929480929337348
1338929964763262977
1338930479534313474
1338930677237112834
1338930935069351946
1338931021664964611
1338931244600614916
1338931516198580226
1338931568031756289
1338932562341875715
1338932882371440645
1338933794666123265
1338934377401749504
1338934453071175681
1338935385657913345
1338935393471901697
1338936202691489793
1338936247222353922
1338936944626184202
1338937161505271808
1338937295328653315
1338937939569545216
1338938957845946369
1338939096488677378
1338940468328095747
1338940557452775424
1338941702820728834
1338942515475599360
1338942875900522500
1338942991583633409
1338943188711698435
1338944615433515010
1338944797248286726
1338944815938015235
1338944866429120515
1338946953711923202
1338947242510708736
1338947356780343298
1338948192931635203
1338948576496340992
1338948707853676547
1338949140575883271
1338949677820096512
1338950062781632513
1338950087624560647
1338950109812416512
1338951046048190466
1338951108094545923
1338951397904146432
1338951967364640769
1338952051502542848
1338952063166918662
1338952306646245379
1338952311599673346
1338952314720309254
1338952471318847489
1338952587429748739
1338953085918515206
1338953259210305538
1338953642402050048
1338954513659604994
1338955927660212225
1338956758488899591
1338957000713986048
1338957021920563200
1338957142833958912
1338958248079142919
1338958746677112832
1338959012516204557
1338959535524941824
1338959540646252546
1338959607847399425
1338959610040872961
1338960028481564680
1338960607484260352
1338960778712510471
1338960793044336640
1338960941396930560
1338960979405770757
1338961151082848258
1338961547230474240
1338962742997372928
1338963372101021700
1338963850142633984
1338963901824679936
1338964467728719873
1338964573953658883
1338964686927228929
1338964767373893632
1338964959108206596
1338965234061615104
1338965995315212289
1338966378477457413
1338966402376589312
1338966476372533250
1338966562150223874
1338966718312566794
1338966955219427334
1338967093912473600
1338967094059274240
1338967146374725632
1338967159788199943
1338967321361211392
1338967375366991872
1338967955015667712
1338968135668527105
1338968220766793728
1338968339805319170
1338969300170919938
1338969512704692224
1338970059574800384
1338970286574735360
1338970536827871237
1338970871793332229
1338970901992206336
1338971473084641284
1338971597512859649
1338972818361511938
1338974196769153028
1338975084174856193
1338975380003295232
1338975977905512451
1338976131995852800
1338976378323087362
1338976384912338946
1338977133150883840
1338977164725805060
1338978400619253760
1338978643305893888
1338978914207735809
1338979899239968768
1338980752646664196
1338980858699640833
1338980917939941380
1338982036204294148
1338982101039853574
1338982168945692673
1338982172934328322
1338982199987761152
1338982354241642498
1338982594004856833
1338984129640222720
1338984683187662850
1338985598292463618
1338985680425332736
1338986304223256577
1338988500822204419
1338988891798376448
1338989153258778625
1338989319076327426
1338989386210418696
1338989909403701249
1338992803704082434
1338994725177724929
1338995311725993986
1338995822697050112
1338996731497885696
