1394804997213155328
1394804997745889283
1394804997984972802
1394804998169563137
1394804998224101377
1394804998417100800
1394804999436206082
1394804999629148160
1394804999889330179
1394805001164263426
1394805001390854149
1394805001592221698
1394805001608892417
1394805001789186048
1394805002288304131
1394805003265531906
1394805008273575938
1394805042369105927
1394805043711336452
1394805045900808192
1394805051105943554
1394805053266055176
1394805142243917827
1394805158828290050
1394805166726160395
1394805169771229189
1394805235311255554
1394805241493835780
1394805411514101762
1394805467323449346
1394805473975496704
1394805473992454144
1394805639826722817
1394805644566347780
1394805678057922568
1394805745854468096
1394805911076679680
1394805992559419401
1394806004219514885
1394806150869233667
1394806234600124416
1394806344469917696
1394806367618314242
1394806393132224516
1394806558782021632
1394806690491420673
1394806716064219137
1394806758707654656
1394806769352859649
1394806841914368002
1394807036626362369
1394807057941925898
1394807094692429827
1394807152506769411
1394807286858661892
1394807301182304257
1394807405175791617
1394807417871994882
1394807443666968580
1394807445667655680
1394807493306507265
1394807511593754627
1394807513980317700
1394807514034708481
1394807548121948160
1394807579352633348
1394807583253450752
1394807587799961603
1394807605562855428
1394807608507252745
1394807654237851652
1394807656381132806
1394807710005223425
1394807746332086273
1394807761024782337
1394807784655388673
1394807792947527680
1394807810844729344
1394807819145256965
1394807844570996736
1394807904788701185
1394807939756613633
1394807986808307714
1394808040038281223
1394808077183066117
1394808101170204675
1394808125434253320
1394808190844481536
1394808311535517698
1394808361795952643
1394808373258989569
1394808391613263874
1394808409749434368
1394808429558960128
1394808584073007104
1394808631779106818
1394808733545472000
1394808772078493699
1394808772141461511
1394808772158115842
1394808772288204803
1394808772485332996
1394808784325726211
1394808790516645894
1394809023933779969
1394809099766796288
1394809106913972234
1394809121229180929
1394809176749051909
1394809237474365447
1394809257804058626
1394809337508401152
1394809358492618752
1394809369854943233
1394809428080271361
1394809447961169922
1394809609232293888
1394809621722849292
1394809674457915392
1394809813528367105
1394809839025475587
1394810030466035712
1394810030508056576
1394810030637993990
1394810100334878726
1394810116243865602
1394810136586330112
1394810163102691331
1394810165300498435
1394810165338284034
1394810169373122561
1394810203107774466
1394810259080945664
1394810261865963524
1394810328643424260
1394810356221022208
1394810379721592833
1394810408339378182
1394810420754620425
1394810468125003780
1394810566015918080
1394810668608495619
1394810785365434370
1394810802293465089
1394810836225568772
1394811037023555584
1394811063833485318
1394811389257080832
1394811429493018626
1394811475286392833
1394811543901122560
1394811580408291328
1394811593490305024
1394811644052713472
1394811672724971521
1394811691611967489
1394811713162207232
1394811808511369220
1394811855315603456
1394811901289369600
1394811925897359369
1394812167124303872
1394812209407086594
1394812231397818371
1394812312737894400
1394812323659976704
1394812390689083393
1394812395818782728
1394812420112195584
1394812491453042693
1394812499443294210
1394812546977255426
1394812547203747840
1394812547811844098
1394812563481837569
1394812580359774210
1394812582641520642
1394812582876299266
1394812675587203072
1394812688614797312
1394812691110301697
1394812699733856257
1394812964805521411
1394812979607130117
1394813005616095233
1394813043180244993
1394813047693262854
1394813050440593411
1394813086683570177
1394813092551446532
1394813154375385088
1394813393492709386
1394813495590408193
1394813580143468544
1394813620056379395
1394813653422166017
1394813718446231556
1394813785777520645
1394813805415342083
1394813805440425987
1394813811060879361
1394813924642537473
1394813982158950401
1394814010961240067
1394814017273696259
1394814299932028929
1394814337684893697
1394814394555539459
1394814398015983625
1394814539489849346
1394814690258309122
1394814860710629378
1394815024384909312
1394815063534473217
1394815063597277185
1394815063630909440
1394815063643627521
1394815066202157056
1394815073370185734
1394815078562779137
1394815093943115776
1394815105968320514
1394815125769490435
1394815216186179586
1394815271945314307
1394815354321264644
1394815357806854144
1394815377322950664
1394815519790927873
1394815527130959872
1394815592092291073
1394815604155166720
1394815606088773637
1394815677521874959
1394815709876686854
1394815719632773121
1394815722765828100
1394815773705658368
1394815834967658499
1394815862486355974
1394815943172399106
1394815957739229184
1394816042208268288
1394816198315892739
1394816227592359939
1394816231836950528
1394816235972567041
1394816239436976129
1394816321905377281
1394816322047864833
1394816322178060290
1394816366495027209
1394816372547497987
1394816406307356678
1394816485395152904
1394816491908907015
1394816554835988486
1394816640173305857
1394816650503880704
1394816653024714752
1394816653515427840
1394816763515244550
1394816860726734860
1394816907291906049
1394816954591064071
1394816985847017472
1394816989567361025
1394817086824779777
1394817196551901184
1394817352013950978
1394817392002277378
1394817407617798144
1394817411409489922
1394817481701789698
1394817507316224004
1394817572416237570
1394817580179750912
1394817589344448512
1394817659322126340
1394817669497593859
1394817744256729089
1394817750074228740
1394817911592718336
1394817932857954308
1394818048121507841
1394818083018182658
1394818151708233729
1394818169093689346
1394818289918939138
1394818327818739715
1394818335062204419
1394818441740230656
1394818474069872653
1394818487978188803
1394818514792460289
1394818662066888704
1394818927759437826
1394818984877432836
1394819254344634368
1394819264847171587
1394819330500702209
1394819367435710464
1394819691714121728
1394819714833076225
1394819770730614784
1394819841295622144
1394819864301350915
1394819874183077890
1394819902683369472
1394819964834566150
1394820013505269760
1394820034464256000
1394820064998739972
1394820079292911619
1394820096841879561
1394820097017978885
1394820097512968194
1394820097819123712
1394820098183942146
1394820098750246916
1394820099312209924
1394820100826435585
1394820101287858178
1394820102235754498
1394820102420377600
1394820103389294598
1394820113321299970
1394820129834291204
1394820139959439364
1394820186088394756
1394820237057576960
1394820305529409537
1394820337284435969
1394820348793671682
1394820403185524744
1394820542767812615
1394820736364208128
1394820890932690948
1394820937900568578
1394821074320297984
1394821304138838018
1394821321402589188
1394821340805439492
1394821355443347457
1394821360673693696
1394821361688776705
1394821584083431426
1394821601338740737
1394821606636081152
1394821723149713410
1394821839499710468
1394821858445299723
1394821935431880704
1394821941463236608
1394821966566236160
1394821986128367617
1394821992390565888
1394822031502450689
1394822128684384257
1394822142924099590
1394822251619528704
1394822349346807808
1394822453466173442
1394822559414226944
1394822598874255362
1394822613285883906
1394822613306908674
1394822616133873665
1394822625755549696
1394822639911424003
1394822678633144321
1394822680377954306
1394822865023692807
1394822881100587009
1394823037745258499
1394823041088110597
1394823166992785410
1394823185552449537
1394823213390221314
1394823226342137865
1394823264774590464
1394823320336490497
1394823415597617157
1394823424044851202
1394823530357923842
1394823661870145537
1394823671529803777
1394823882708852746
1394823888778014727
1394823994864402432
1394824009456443398
1394824123470295045
1394824200125300736
1394824227396755456
1394824255787962368
1394824262410809349
1394824282631512065
1394824312993968130
1394824355788505093
1394824361975107591
1394824374969114625
1394824390106177537
1394824392866205701
1394824493437263873
1394824526383312897
1394824650564251654
1394824660160815104
1394824673305808896
1394824705509629953
1394824948598902789
1394824964482666497
1394824973517090818
1394824992819351552
1394825023215521796
1394825119978164226
1394825127502794752
1394825129914290177
1394825129918533632
1394825129960656897
1394825129981476865
1394825209664966661
1394825251591229445
1394825274861277185
1394825349196697602
1394825668693839874
1394825682551808001
1394825695541579777
1394825849908649986
1394825870469124097
1394825926957961219
1394825987372818440
1394826149432283136
1394826245981065220
1394826294232190980
1394826372481171456
1394826382698504199
1394826388142759946
1394826448234450948
1394826451103408130
1394826586692755457
1394826655173074944
1394826695706808322
1394826836090179584
1394826836136415233
1394826854297702406
1394826889454182400
1394826943942512640
1394827049559367680
1394827117871960075
1394827191897239553
1394827229377572868
1394827277981126656
1394827283324674052
1394827309329305603
1394827333148753921
1394827340337844225
1394827394964410373
1394827403613114369
1394827454657744899
1394827493249634307
1394827535872151552
1394827587273334790
1394827594709749762
1394827612502036482
1394827646425501697
1394827647126052866
1394827647331586051
1394827647620947968
1394827647759364096
1394827648019230722
1394827649537560577
1394827657607532554
1394827658308079624
1394827669284392974
1394827672568705024
1394827856908333070
1394827877020016640
1394827897488257027
1394827906665308163
1394827994376646659
1394828045379375105
1394828057773416450
1394828088295493636
1394828122898501632
1394828150211809280
1394828193278820357
1394828203487862784
1394828205341749254
1394828356160573442
1394828375932481540
1394828385898086402
1394828396375560197
1394828463173947394
1394828653238710277
1394828663703678979
1394828685010739208
1394828730175000577
1394828894658699266
1394828904871907331
1394828904901357574
1394828940297056263
1394828983192129536
1394829035881041932
1394829049688731649
1394829102650040320
1394829111835639809
1394829203103756288
1394829235492110338
1394829287413493763
1394829290299080706
1394829307336404994
1394829408150560768
1394829418691010560
1394829421681459201
1394829436487340032
1394829496952446977
1394829575104958466
1394829632256552961
1394829635586871297
1394829666658127881
1394829671838240770
1394829700225249282
1394829715710480384
1394829905934700544
1394829911530119168
1394829964088852480
1394830031210172419
1394830163045613570
1394830163054153732
1394830163083362306
1394830163234328576
1394830249259675650
1394830259778985987
1394830394592272389
1394830398690140161
1394830565300387843
1394830579640803334
1394830597579845632
1394830613526548491
1394830667331117065
1394830669570842638
1394830669927251969
1394830705167904769
1394830813469069316
1394830815423569922
1394830836554420224
1394830963809521667
1394831020831223810
1394831065840238593
1394831098329305089
1394831134974832640
1394831139630637058
1394831157854932994
1394831206538219521
1394831253724024833
1394831320786870272
1394831359546380290
1394831405989912576
1394831421274050561
1394831421319958533
1394831430434369540
1394831438365790208
1394831534352437250
1394831719216332803
1394831821368610826
1394831950398074881
1394832037832441861
1394832040026116099
1394832077179265026
1394832512795480065
1394832589169561607
1394832679741308928
1394832687140155393
1394832687471472641
1394832722091257856
1394832786918449153
1394832807432802310
1394832853150703622
1394833059049099267
1394833102749503489
1394833182877388800
1394833191039643654
1394833276104155143
1394833296752848900
1394833298153738240
1394833316155699203
1394833333440311296
1394833356764979203
1394833460339122176
1394833468509536257
1394833572150845440
1394833684692406275
1394833861910089728
1394833880683790343
1394833892381626371
1394834110921658368
1394834155263954947
1394834168698265601
1394834187232976902
1394834331202371585
1394834462542868480
1394834484198088707
1394834615576170505
1394834639055904770
1394834709964787715
1394834740914671616
1394834744635019264
1394834797659258880
1394834833872986119
1394834866643120129
1394834944556343298
1394835044322131969
1394835177805946881
1394835196197883906
1394835196411883522
1394835196621594624
1394835196973776897
1394835199343562755
1394835199637270529
1394835199725240324
1394835200207724545
1394835200228663300
1394835202820558848
1394835214862635011
1394835225507676165
1394835237817913346
1394835286325092353
1394835313768509441
1394835340737794050
1394835413835993091
1394835443615739904
1394835526591594503
1394835583512588292
1394835587253903362
1394835596124766210
1394835603288645635
1394835720909508611
1394835723069673472
1394835778140884993
1394835802732044293
1394835849284620296
1394836052481880068
1394836117694816256
1394836204978376708
1394836296338755585
1394836406309048320
1394836584638320642
1394836663507951620
1394837010762829826
1394837097924673537
1394837170922401792
1394837399717310464
1394837410857373696
1394837443212419073
1394837527488573443
1394837685366370307
1394837712729903105
1394837712734130179
1394837712859897856
1394837712876687362
1394837712956387329
1394837713002524672
1394837713023500298
1394837720531456000
1394837723572277252
1394837833215512584
1394838133062225921
1394838204080173062
1394838231473037313
1394838234027470849
1394838374738022401
1394838675255545859
1394838777340874760
1394838945796562944
1394838971071430656
1394838971377758209
1394838977346220046
1394838981683068932
1394839215129702409
1394839736179740676
1394839916849377286
1394839927012085760
1394840078225129481
1394840102539603969
1394840147989078016
1394840216075112450
1394840229421273088
1394840229517971456
1394840229840769025
1394840235788443650
1394840323420008450
1394840401576669185
1394840454001201152
1394840481016733709
1394840483915042817
1394840558678458378
1394840676622286850
1394840794461347841
1394840822114242564
1394840964276043779
1394840965681012736
1394841006441443328
1394841069863378944
1394841117951205376
1394841142710083591
1394841360117731329
1394841419920072707
1394841447036243972
1394841452283322371
1394841487721091077
1394841542309728257
1394841678373138434
1394841711474528256
1394841731359821830
1394841734123769858
1394841832861884416
1394841934728876037
1394842010251456512
1394842032787451904
1394842044770750464
1394842056107900929
1394842128782610432
1394842473202061312
1394842475307667458
1394842478830931970
1394842569675313155
1394842665133424641
1394842718392758278
1394842737791410177
1394842745861296131
1394842746628808705
1394842747157184518
1394842747454980100
1394842747580731394
1394842757605298185
1394842788018020356
1394842877428125701
1394843005291487235
1394843216814411782
1394843256173867012
1394843290508447756
1394843314432757762
1394843590241792012
1394843806810492930
1394843808265768961
1394843893104005121
1394844029582520322
1394844054408531969
1394844058024038401
1394844151385051140
1394844195525890052
1394844223300636675
1394844321568940032
1394844391752282114
1394844533209255936
1394844559075516420
1394844564045840387
1394844615623249921
1394844641728598016
1394844759169118208
1394844841025146885
1394844864198684672
1394844868866883592
1394844951490568193
1394844988664532994
1394845070898176005
1394845110202998784
1394845229811961857
1394845262561124352
1394845262716231681
1394845269741785094
1394845301819707399
1394845578513850370
1394845650425196545
1394845698798014468
1394845701058744333
1394845765978116099
1394845768364744704
1394845787079720960
1394845821938634752
1394846017560928256
1394846076859977738
1394846089535238145
1394846171911315460
1394846228706385921
1394846231579566084
1394846285065297923
1394846510353993734
1394846520852328455
1394846520881684480
1394846521015799809
1394846521200308227
1394846527810641922
1394846699424788480
1394846723298705411
1394846744375091200
1394846783403085827
1394846927691321346
1394846933580087297
1394847221179469827
1394847222878113792
1394847275780825089
1394847339953668099
1394847528630292486
1394847530379190274
1394847610364698625
1394847617683763200
1394847683626643468
1394847738777452544
1394847752111144961
1394847779030241281
1394847888732299265
1394847897351606277
1394847922840342529
1394847960937140227
1394848010652119042
1394848030856294401
1394848094970425347
1394848173563252744
1394848265770725376
1394848307860619266
1394848354299953153
1394848354446807045
1394848547250581508
1394848604347584519
1394848653123198978
1394848655354605572
1394848656684167169
1394848741442691075
1394848742625456129
1394848757301272580
1394848760954507266
1394848773428424708
1394848828692566018
1394848875110977538
1394848928516898816
1394848940114206724
1394848942517628936
1394848962272694273
1394848965045235712
1394848977544155137
1394849015615922177
1394849306029563911
1394849379257921536
1394849485495406594
1394849508224245761
1394849539891376130
1394849703720783876
1394849761719685121
1394849812340686850
1394849844695650304
1394849964904353799
1394850258803380224
1394850295654531073
1394850295998410757
1394850296510226438
1394850296841478144
1394850297038528519
1394850297588056065
1394850297697214465
1394850297801936896
1394850297873199104
1394850299563610112
1394850303468576772
1394850303565090822
1394850305519587328
1394850314885414912
1394850379263844353
1394850379343536135
1394850388583518208
1394850399236935680
1394850532305489921
1394850648450023424
1394850684370046977
1394850781086498816
1394850812849963010
1394850894693511168
1394851210054799364
1394851268716269575
1394851278161907714
1394851290702831617
1394851403294773251
1394851554411225092
1394851716449935361
1394851783839780867
1394852014115459077
1394852051662909440
1394852151877259270
1394852376230592516
1394852377501618179
1394852463916818436
1394852542035775493
1394852578102583298
1394852663125331971
1394852673694863360
1394852696134402050
1394852709816229888
1394852710361489412
1394852811305885696
1394852812555755522
1394852906982072322
1394852928557490177
1394853168463454215
1394853372390514700
1394853409111646208
1394853598224388097
1394853653320802308
1394853684190892034
1394853787408363520
1394854070859419653
1394854080229560320
1394854207379972097
1394854327840292866
1394854338217091077
1394854406659747841
1394854464394194944
1394854640274055175
1394854641238675459
1394854647559606273
1394854772486905858
1394854821056897025
1394854905454735363
1394855006306770946
1394855024224780289
1394855049289940995
1394855081670057984
1394855361266524164
1394855370875678725
1394855381986418692
1394855490342039557
1394855510172704768
1394855513389768704
1394855667006115840
1394855708743675907
1394855848673939457
1394855850972385285
1394856019180855297
1394856096796454919
1394856105705152512
1394856144624050177
1394856243836203015
1394856552956407810
1394856606249127939
1394856831114153984
1394856849539743746
1394856857852948482
1394856940942106627
1394857012924764165
1394857038568640519
1394857068130152454
1394857269880369156
1394857299727032323
1394857351690309632
1394857425895833600
1394857459358044160
1394857550366056449
1394857588622254082
1394857589402443780
1394857591583526912
1394857657123672067
1394857798849241093
1394857807036526595
1394857823021019140
1394857845846249477
1394857845955469313
1394857846005633027
1394857846269911040
1394857846278328321
1394857846664220673
1394857846731276289
1394857846827888640
1394857847029059587
1394857847549136897
1394858200889954306
1394858212327710724
1394858235471925249
1394858262676312065
1394858351331221509
1394858364602101762
1394858600670154755
1394858678876925952
1394858749379203073
1394858905390493696
1394858956879769603
1394859031781593088
1394859114350645248
1394859161993846788
1394859294944894978
1394859368882049026
1394859569860562944
1394859825956364293
1394859935670833160
1394860087831891970
1394860096920895489
1394860147802050560
1394860150767370240
1394860151623110656
1394860249396416517
1394860292664872960
1394860295827382272
1394860361996767235
1394860361996775429
1394860362097336327
1394860362395127811
1394860416308760578
1394860453889593344
1394860501692256256
1394860540380565506
1394860571158274048
1394860686401056770
1394860865359257601
1394860886326657024
1394860915699462147
1394860916135628808
1394860988873199617
1394861137271803906
1394861182285230082
1394861507071053824
1394861554873610242
1394861557977337859
1394861620631724032
1394861624771579906
1394861689028370437
1394861707059769346
1394861789242855426
1394861894846935044
1394862053194612743
1394862113068396546
1394862386620862464
1394862641823240193
1394862658545876994
1394862753416761344
1394862878587375619
1394862887202705410
1394862893288538114
1394862907486134272
1394862934225002496
1394863252337840128
1394863316888137731
1394863437671452673
1394863449574871041
1394863450317262848
1394863581712195588
1394863749807448067
1394863824939982848
1394863908872245250
1394863912038723587
1394863938081263617
1394863954984308736
1394864032310386689
1394864081945960449
1394864254071738371
1394864257435684866
1394864309730267139
1394864316243918850
1394864403611324419
1394864496817197058
1394864529532723206
1394864638496546818
1394864744318779399
1394864778443624450
1394864798119067652
1394865013282820099
1394865126977589248
1394865259270316032
1394865316874932224
1394865325447987202
1394865392133328898
1394865395895468033
1394865395920744453
1394865396033986562
1394865396499496963
1394865397128650757
1394865397602586631
1394865397929844737
1394865399104217091
1394865412454731778
1394865412731543563
1394865436525797378
1394865450966781952
1394865567132131332
1394865601659740160
1394865647104913409
1394865647184715776
1394865691644334085
1394866025502367746
1394866050177589248
1394866067881693193
1394866191408275458
1394866222081187842
1394866402272583683
1394866455590567941
1394866653976879105
1394866665058357248
1394866805294895105
1394866826773991424
1394866842921996288
1394866847099596810
1394866932554338305
1394867295726489600
1394867735105085440
1394867808543154185
1394867866227331072
1394867870090268673
1394867938834923522
1394868076248719360
1394868142401282053
1394868163368558592
1394868304779497472
1394868424728354817
1394868429400600581
1394868644715302912
1394868697349697540
1394868996982415361
1394869020952776704
1394869271629602816
1394869430685929472
1394869471538450434
1394869595325046787
1394869762107363328
1394869804394287104
1394869874728607744
1394869930504359938
1394870265071423489
1394870321300348931
1394870403756068865
1394870428305223680
1394870428359872515
1394870438216544258
1394870684325715970
1394870790764498944
1394870899191472136
1394871048202440704
1394871229102821377
1394871723212906497
1394871733132435456
1394871753982291969
1394872106077331464
1394872170929610754
1394872299677958146
1394872365989957634
1394872512702472193
1394872561100595203
1394872612191363076
1394872724422631424
1394872766659276800
1394872798468837378
1394872900306575365
1394872945223241733
1394872946078846984
1394872946083074052
1394872979335561219
1394873004757237761
1394873097799491584
1394873134470164481
1394873138312146949
1394873196717953025
1394873212002050049
1394873700898414592
1394873734801068035
1394873782456705029
1394874150397923331
1394874598429237254
1394874706680074240
1394874835608682498
1394874951472062464
1394875210608742405
1394875441245216771
1394875446681079808
1394875448035786754
1394875461629407236
1394875868326080513
1394876364461838340
1394876478802874374
1394876581995294721
1394876613079207944
1394876750459555842
1394876791894990848
1394876833217368068
1394876960648564736
1394877289578573826
1394877741187563522
1394877941268484099
1394877978253750274
1394878058331611136
1394878281636319235
1394878294214864908
1394878393942958081
1394878592551641089
1394879078990221312
1394879304845176832
1394879796497297411
1394879846023667712
1394880023081984001
1394880117441277953
1394880337562456064
1394880494848724994
1394880495494733825
1394880496673468417
1394880499072462851
1394880514658652160
1394880616890515463
1394881119066238977
1394881664887754752
1394881972401549312
1394882515400216577
1394882813833383939
1394883261852225634
1394883946018742276
1394884779732979714
1394885080699445249
1394885233317715970
1394885601665507330
1394886109235007488
1394886542536200194
1394886639961485317
1394886786149621768
1394886806219501574
1394887253529350144
1394887552520294401
1394888046546284548
1394888745581678593
1394888877840560132
1394890132885549056
1394890687347372035
1394891440388550658
1394891701588832259
1394892397616709633
1394892437118722049
1394892682103820289
1394893245918941186
1394893902092640256
1394895594527752194
1394895595664384002
1394895595693821953
1394895595840544769
1394895595987365889
1394895596104798212
1394895620985528324
1394896442905571329
1394896584224264194
1394896656198479872
1394898096283389952
1394898264269500417
1394898642675326978
1394899117583704064
1394899369468456961
1394899380726026241
1394899591376613376
1394899685207334915
1394900104063164418
1394900131439423490
1394900166994505734
1394900242328432640
1394901627925041153
1394902116955836416
1394902528169594880
1394902870361772036
1394903144862081026
1394903762632912896
1394904383897341953
1394904658825601028
1394906822646157312
1394906927965032448
1394907063520743427
1394907758156259333
1394908189607415813
1394908319614128129
1394908405521862656
1394908906141491201
1394909360447533057
1394909727990026244
1394910500752957442
1394910694785511425
1394910696056360965
1394910696807100416
1394910697537028096
1394910698900164609
1394910735965229057
1394911037636419585
1394911563191132162
1394912056583786496
1394912678687109128
1394912732256813056
1394912905154473986
1394912930156658690
1394913179797495811
1394913210449416192
1394913516650381314
1394913830275276801
1394914210820276228
1394914307692011520
1394915032513892357
1394915035588308994
1394915038150942720
1394915042722713602
1394916164975923201
1394916307380883460
1394917228886302720
1394917452715282435
1394918245035958274
1394918924828004353
1394919608742727683
1394919785746604032
1394920517862309890
1394920760150462466
1394921135301709824
1394921153278447620
1394921443411042305
1394921464843886593
1394921735829528576
1394922027853692928
1394922233013936129
1394922249984086016
1394922611717689345
1394923833203871744
1394924093489696768
1394924109167988737
1394924630700433408
1394924868815269896
1394925800130957315
1394925879617273856
1394926732889796609
1394927677086347264
1394929196422545410
1394929361149734920
1394929956422103041
1394930030740787201
1394930826383659013
1394931535107837954
1394932316393426944
1394934699286466561
1394937389206880256
1394937561366286339
1394937714236067842
1394938124489396229
1394938376239861760
1394939388614922241
1394939942887899136
1394940120382443521
1394940899033960455
1394941132975525889
1394941809323696128
1394943180848517125
1394943409371062273
1394943549704228866
1394944053620391943
1394944786696740864
1394945017161080833
1394946262370332674
1394946707885068288
1394946942959079424
1394948026398089216
1394948445253771266
1394949700885913606
1394950959013326850
1394951714168442885
1394952517583245317
1394954995569672193
1394955996498436102
1394955997958049795
1394956000642359296
1394956001066070017
1394956025007071237
1394956156192317443
1394957773276844040
1394958247820468227
1394959497261637636
1394961013682974720
1394961276992991234
1394961278024785920
1394961678769524736
1394962032068153344
1394963117533241345
1394963147015004160
1394963205286473729
1394963460790882304
1394964635179180041
1394965058443268096
1394966995121184769
1394968194486525955
1394968363223367684
1394970545255497729
1394971099314724864
1394971100480684033
1394971101533442052
1394971344505344000
1394972235375398916
1394972501806043138
1394973608297041927
1394973608330489856
1394974764163379200
1394975907539046403
1394976038711709698
1394976215568719873
1394976628200067072
1394976628376285186
1394976802540560389
1394977357354749953
1394977365374160902
1394977383212625923
1394977383376060416
1394977676339912708
1394978017794039813
1394978418987520001
1394978462427926532
1394978643261235206
1394978685162332163
1394978893451333644
1394980010423816194
1394980463513571332
1394980570740953091
1394981066348302342
1394981072606224391
1394981078985756679
1394981084652347398
1394981158006427652
1394981277443440640
1394981965913366531
1394982416364703745
1394982457921900546
1394982602432552961
1394982748473991171
1394983053462839296
1394983143762014208
1394983243691220992
1394983465028882438
1394983674630660101
1394983960271327233
1394984199602507778
1394984213854699527
1394984373938708481
1394984380813254658
1394984476581769222
1394984572257964032
1394984581976182785
1394984767649615881
1394984810809069576
1394985590563741702
1394985597798866948
1394985710055268352
1394985899109277705
1394985928003923971
1394985997243408389
1394986091971764226
1394986191175393284
1394986192588902403
1394986192962301953
1394986195185278985
1394986195260788740
1394986196565204992
1394986199001944064
1394986237816102917
1394986316899753988
1394986399888252928
1394987123367895042
1394987449927962630
1394987476364713987
1394988038221086722
1394988047146668032
1394988296879607809
1394988464576376834
1394988685335175175
1394988685540659203
1394988708055552001
1394988708085080066
1394988718696587272
1394988720185618432
1394989081910816774
1394989129822257155
1394989211179274241
1394989611592601603
1394989611894677509
1394989923053281283
1394989966107815945
1394989966380392452
1394989966569078787
1394989966954958852
1394989994314539011
1394990120571392002
1394990212883927047
1394990441699987456
1394990608536768514
1394991109533847553
1394991113891684354
1394991199014985735
1394991224344383496
1394991224411545603
1394991419895517190
1394991448655859714
1394991574447235072
1394991617140936704
1394991666742845440
1394991785534009344
1394991979612672008
1394992231019212805
1394992238699204609
1394992435822989317
1394992482828656644
1394992905798963204
1394993048162127890
1394993241129472009
1394993393726545920
1394993516372283395
1394993741090287622
1394993741329571842
1394993742998691846
1394993743594508288
1394993744487800835
1394993859906703362
1394993865686462471
1394993901203775491
1394993922053660677
1394993940110225413
1394993992803119105
1394994005373591558
1394994009530109956
1394994118154145792
1394994118628192260
1394994372085682183
1394994397180219399
1394994501677207552
1394994965776830464
1394994999532560389
1394995018436382723
1394995087931842561
1394995251148775426
1394995257805320195
1394995572474621952
1394995609824792577
1394995823302242307
1394996079591055364
1394996119403470849
1394996257496645637
1394996285535621128
1394996457091051527
1394996541358755845
1394996577039704071
1394996774859849733
1394996930237841420
1394996993597001730
1394997036609593345
1394997337383133188
1394997353623531525
1394997515955572742
1394997521123008514
1394997849016791041
1394998110263422980
1394998243508035586
1394998437385580544
1394998441533706244
1394998465374179331
1394998479760416772
1394998748019843078
1394998774188191753
1394998774229962752
1394998774318211080
1394998790176784387
1394998821248196614
1394998918467969026
1394998930010738690
1394999382324482055
1394999649774182406
1394999744548720640
1394999750106091527
1394999844863873027
1394999884755865602
1395000075819143176
1395000118538031105
1395000295059427328
1395000302437289986
1395000312910467077
1395000545119719427
1395000740947636224
1395000780931977230
1395001002424606720
1395001242942836736
1395001292112736258
1395001297741377538
1395001302216806407
1395001302409752576
1395001302782930948
1395001384152535046
1395001468365721602
1395001481863081987
1395001542776954881
1395001584640167937
1395001777561513987
1395001914555867139
1395002088455823360
1395002550257176592
1395002574495956994
1395002640183005193
1395002659485016065
1395002668721053696
1395002800908636166
1395003172163227650
1395003250278076419
1395003304971735045
1395003359514578945
1395003485591150593
1395003538493874178
1395003540922376192
1395003555820412931
1395003561411547137
1395003683847426053
1395003740357337088
1395003769545445376
1395003807432470529
1395003889988947972
1395004121376305153
1395004189864984576
1395004317136998401
1395004413585022978
1395004614823616515
1395004670377177095
1395004795925274626
1395004804057927682
1395004998665261056
1395005063416926208
1395005064809435137
1395005085751652352
1395005110544216068
1395005116344795138
1395005124301533184
1395005204857245697
1395005247328772098
1395005271559245830
1395005481047973888
1395005583565094916
1395005668873101315
1395005744014106626
1395005824230215686
1395006003104604163
1395006005902118924
1395006078216294400
1395006253684961280
1395006324019138563
1395006324061229058
1395006328200859648
1395006347725447172
1395006356097220614
1395006487857086473
1395006622838280192
1395006880355921923
1395006936949661699
1395007041245270022
1395007330694074369
1395007366605725701
1395007418204102661
1395007475477217280
1395007615617277957
1395007837030559753
1395008013274996736
1395008295941836803
1395008337314557952
1395008554432712711
1395008574611279874
1395008583046213632
1395008840450510849
1395008840576507909
1395008841100587008
1395008842052685828
1395008843025993742
1395008843541729287
1395008844267507713
1395008844326076417
1395008852010098692
1395008877792464896
1395008885702991875
1395008894771007489
1395008895731576840
1395008969106726922
1395009024660328454
1395009034219032586
1395009052992811013
1395009058537709568
1395009199600439301
1395009344140238854
1395009352638124037
1395009425153404930
1395009722940547075
1395009889789878277
1395009901827694592
1395009958056538114
1395009965207740425
1395009974116433923
1395010043972571142
1395010096250462208
1395010099165503488
1395010106719444992
1395010114583683082
1395010258272202760
1395010353361207297
1395010411473379329
1395010446856425474
1395010474174001156
1395010570689171464
1395010638188007427
1395010707826085888
1395010726188695557
1395010736418660352
1395010801589579776
1395010875015245830
1395010882963451910
1395011271389503488
1395011317057077257
1395011357158817799
1395011357972385793
1395011362133266439
1395011373999009799
1395011390197338117
1395011417930092548
1395011469780078594
1395011490575523846
1395011515951075339
1395011521869193221
1395011555323006983
1395011697929166851
1395011764706811904
1395011768305520645
1395011874517831680
1395011892104638468
1395011945976172547
1395011988129034246
1395012076389769218
1395012105280032768
1395012378677370883
1395012435011149824
1395012615613652994
1395012615865180160
1395012650501689344
1395012657925824517
1395012749730762752
1395012826062901252
1395012941041311746
1395012941653684224
1395013038433001473
1395013234785148930
1395013300824457216
1395013370701565953
1395013490822324225
1395013643226386435
1395013733764587523
1395013873850195971
1395013873858613255
1395013881928556546
1395013926920892416
1395014094361608193
1395014501632811009
1395014514970488842
1395014526693695488
1395014598634389505
1395014651533008899
1395014688933519375
1395014806038589441
1395014813118500864
1395014880575594497
1395014952042254336
1395015023185993731
1395015035508899841
1395015105310466055
1395015145101971457
1395015210839195653
1395015293521563648
1395015381891305478
1395015450166140933
1395015484974764033
1395015631267827712
1395015686477565957
1395015707465822209
1395015863007420428
1395015873761529858
1395015968863162369
1395016039906390019
1395016106721558528
1395016128485892104
1395016138652733440
1395016201382805504
1395016229082046467
1395016285449244677
1395016392022249474
1395016392110350336
1395016392777207809
1395016394014707716
1395016398112321537
1395016402407354370
1395016402474389511
1395016403263004675
1395016430496714752
1395016444048404484
1395016501774651394
1395016546825773059
1395016550613229579
1395016767748071426
1395016804334981128
1395016810789957635
1395016820516601857
1395016849780322311
1395016867820015629
1395017061441708034
1395017084514492421
1395017114910662657
1395017140126822406
1395017150985904137
1395017427575054339
1395017635276984330
1395017649524969474
1395017649915052035
1395017649923497991
1395017772221059073
1395017787794407428
1395017900419858432
1395017900646440967
1395017900654829568
1395017910603632643
1395017921970253839
1395018037024239617
1395018047845457925
1395018129219129344
1395018152338206721
1395018327022518275
1395018403836989444
1395018443359928320
1395018539568967684
1395018602206703617
1395018615464804355
1395018655457497090
1395018660771680263
1395018732242673664
1395018792774868993
1395018858252144640
1395018888560136198
1395018897275953156
1395018907044356101
1395018907044532226
1395018907753267201
1395018966981128194
1395019047406772229
1395019077257678850
1395019158891507713
1395019227690582018
1395019249245110273
1395019269243551749
1395019272611667969
1395019356791267333
1395019376718450690
1395019382598684676
1395019410524413957
1395019458012397569
1395019510609031171
1395019560940679171
1395019566871465985
1395019661876502534
1395019756189671426
1395019828256182273
1395019913673195522
1395019969172164614
1395020012138684418
1395020103247273986
1395020165390217219
1395020179441082378
1395020183878750210
1395020227067400196
1395020283518623746
1395020313172365314
1395020336870133765
1395020374195130369
1395020374614548480
1395020383653404676
1395020417023180807
1395020471507247108
1395020488624254977
1395020610858803200
1395020654261452806
1395020668752646153
1395020748532502530
1395020839981039621
1395020848210358272
1395020920239001601
1395020960546295815
1395021172023218178
1395021172069343238
1395021178989916160
1395021278667493377
1395021301702561796
1395021415905218564
1395021424541245447
1395021564748472327
1395021570863603721
1395021585321496579
1395021628459798528
1395021670646231048
1395021675280748546
1395021758370095104
1395021857942867969
1395021880625672196
1395021926943191046
1395022041561116673
1395022045336023040
1395022077921464323
1395022178513420288
1395022178664345603
1395022231067979783
1395022232821407751
1395022289146683394
1395022303835181057
1395022313494654977
1395022404590653440
1395022430406647812
1395022454997741568
1395022462954450950
1395022465349394438
1395022588179591168
1395022682094247947
1395022682299764736
1395022694836490245
1395022767985242112
1395022933706350597
1395022994783850501
1395022995240914950
1395023185100242949
1395023317179019273
1395023436867461121
1395023530438320130
1395023688592936962
1395023719244894217
1395023768813293573
1395023877336674311
1395023940658024451
1395023940762877952
1395023942063099906
1395023942092529664
1395024005535604739
1395024011155890177
1395024094752608258
1395024162561855488
1395024191947100161
1395024191951302661
1395024192001613826
1395024212612599809
1395024302685179905
1395024312244088834
1395024401322610697
1395024443575922694
1395024505932861440
1395024622819713027
1395024648178487297
1395024695280377860
1395024695385223171
1395024699294470151
1395024764914315265
1395024837169528843
1395024879506821121
1395024898989363206
1395024947169292292
1395024951153987586
1395025153818509313
1395025177126359040
1395025198697664512
1395025443334590465
1395025523722661893
1395025718292230145
1395025728035606530
1395025748923146240
1395025811477049344
1395025919568449536
1395025928187752455
1395026036899737602
1395026131015905285
1395026133591240709
1395026140482387971
1395026225480048646
1395026278730895360
1395026340236115969
1395026359630635012
1395026456808366084
1395026456833626120
1395026457185955843
1395026457248686080
1395026479336075270
1395026485124161538
1395026533220245504
1395026593832218628
1395026889186623489
1395026937639280641
1395026949286805505
1395026952189353985
1395027033273536517
1395027035026821126
1395027067280969728
1395027114827554821
1395027186516627461
1395027210218651655
1395027290464133122
1395027472564031493
1395027491656396806
1395027566960988164
1395027679070588932
1395027684355346436
1395027715573624832
1395027715619700738
1395027715665760262
1395027719193169920
1395027761576751105
1395027781721808896
1395027848889524231
1395027902534725634
1395028091915833349
1395028161860153353
1395028283968958464
1395028326520082436
1395028476953075717
1395028578492817417
1395028581865172992
1395028631706083328
1395028666560794631
1395028719945666560
1395028789424529421
1395028821989023747
1395028880709148672
1395028973223137281
1395028973810245632
1395028974011568131
1395028984002404353
1395029009168322567
1395029095449247747
1395029114822737927
1395029138952556545
1395029226227748876
1395029246414819330
1395029257810849798
1395029288454393862
1395029324374347780
1395029339557744643
1395029389901971457
1395029591711010825
1395029636719861760
1395029637693157376
1395029652947841030
1395029722510204935
1395029830236790784
1395029870346911755
1395029898666954755
1395029906879356929
1395029936658866179
1395030130926493699
1395030150769676289
1395030171791634440
1395030230646001671
1395030246177615873
1395030256709513222
1395030277462712326
1395030317740830732
1395030352247369737
1395030431779676167
1395030476847464451
1395030483080208393
1395030524369022978
1395030530253524997
1395030568576950281
1395030602185908230
1395030604195024897
1395030638575640587
1395030724617584641
1395030744968400898
1395030834789289988
1395030948815724545
1395031070203072525
1395031294548000777
1395031419735379968
1395031489818107906
1395031490363371525
1395031491927810057
1395031492107988993
1395031492296790022
1395031492489740295
1395031492896509955
1395031495371157517
1395031496826761223
1395031497548058628
1395031498043002880
1395031498189942786
1395031498982559748
1395031500546920451
1395031502388350976
1395031502631706633
1395031505353601024
1395031554091536384
1395031562916409347
1395031567882457088
1395031579148259331
1395031586865885188
1395031631761711110
1395031640993243141
1395031647297363972
1395031653857304580
1395031654834614276
1395031655241469954
1395031661813850119
1395031689550778368
1395031702909620236
1395031747776106501
1395031765635387392
1395031801157111808
1395031826691932162
1395031859105521669
1395031882681757696
1395032003427307522
1395032017914433542
1395032151570075652
1395032227705143298
1395032315525402629
1395032351730720768
1395032428037779456
1395032481737449477
1395032567326380033
1395032600880852995
1395032696737472514
1395032761363099653
1395032795873951746
1395032807223746560
1395032881416876033
1395033050858377216
1395033151458750470
1395033382921330696
1395033401883828227
1395033457781264386
1395033490077462534
1395033506309447681
1395033571455377413
1395033762640060417
1395033823331721223
1395033823813914631
1395033849420255238
1395034006501138444
1395034112872828933
1395034170246803456
1395034258545197066
1395034276719104000
1395034291172777988
1395034339726012421
1395034589224226820
1395034602373369861
1395034672644694023
1395034693075193862
1395034709693026305
1395034742874124289
1395034787195273216
1395034791670595585
1395034796930306049
1395034873547612178
1395034934125940736
1395034973619560449
1395034995295756288
1395035046990565377
1395035147674681344
1395035264704253958
1395035264859484161
1395035265035554817
1395035265245270017
1395035265467564037
1395035322363285509
1395035390755491846
1395035445520605190
1395035517880725508
1395035597799100423
1395035634889379842
1395035976825716738
1395035984635605000
1395036164134899715
1395036435313569794
1395036460626051072
1395036504913813509
1395036518641672195
1395036523049984000
1395036567765491712
1395036599612809218
1395036673763733505
1395036728138899457
1395036754768539651
1395036771243671554
1395036771411443712
1395036941884788740
1395037001250918402
1395037050072494080
1395037140757712899
1395037180058341376
1395037182868348931
1395037224786350085
1395037257141260288
1395037327723044866
1395037364863578115
1395037613195767815
1395037654819950597
1395037713615626244
1395037723921199105
1395037781387210756
1395037789687885825
1395037793097863173
1395037879441575937
1395037936786280454
1395037964065857536
1395037969384361986
1395037980499324936
1395038033011957761
1395038049747144708
1395038169985339396
1395038317339717632
1395038383995506689
1395038426873929729
1395038478979719169
1395038549968367617
1395038567118876674
1395038600195055623
1395038614707396610
1395038615634423811
1395038753970868225
1395038972200603652
1395039002810589184
1395039039623876612
1395039040609607684
1395039040747892738
1395039041800658948
1395039041805070349
1395039041817505801
1395039042928922626
1395039065494507522
1395039248223555586
1395039303173091329
1395039380562132993
1395039429778198529
1395039493414076420
1395039532073070596
1395039642378981376
1395039685043310594
1395039712520261633
1395039713829040129
1395039750046851072
1395039808561504256
1395039905655541764
1395039931773358080
1395040006738173953
1395040029685264385
1395040091580424196
1395040138007302151
1395040246455160832
1395040439653355523
1395040736475860997
1395040797058240512
1395040841517969412
1395040949416329219
1395040960363499526
1395040965207990273
1395040976561922059
1395041125010870273
1395041191532576770
1395041312710307842
1395041317705682948
1395041334826881026
1395041431354548230
1395041449570291712
1395041457917022210
1395041465638821900
1395041556030185473
1395041556197822468
1395041556235620354
1395041566381707267
1395041575403614208
1395041952450613251
1395041953218236426
1395041997191323651
1395041998210543616
1395042021299998722
1395042037536280576
1395042053785112578
1395042059367682049
1395042083556241417
1395042128955314178
1395042197498695690
1395042279706873857
1395042304235212801
1395042331645120514
1395042420648202242
1395042462125629441
1395042523547160580
1395042523555446784
1395042541461032961
1395042580107251720
1395042814472318979
1395042814740869128
1395042814803677191
1395042842029039618
1395042845426393092
1395042846638542849
1395042902653300737
1395042902728871949
1395042902863089667
1395042950674100225
1395042970240495617
1395043006760292353
1395043143779766274
1395043144790683649
1395043147189669892
1395043337237942278
1395043367201947650
1395043442187776006
1395043508612907021
1395043605492879363
1395043645804404741
1395043674686468099
1395043684224221184
1395043736179073024
1395043836171272198
1395043842769006594
1395043915946991618
1395043948675182598
1395044073312964612
1395044073598238722
1395044107832242191
1395044199033151490
1395044249259941893
1395044259745648640
1395044351533793285
1395044488809226240
1395044563811700740
1395044661656539136
1395044673304023042
1395044673891176450
1395044734037544967
1395044794129338371
1395044878820593665
1395045045607272450
1395045091614597121
1395045147021283331
1395045202927235073
1395045370804248584
1395045478023188480
1395045581773545477
1395045598965891072
1395045621271306242
1395045663562416133
1395045674178203649
1395045726309158913
1395045871109165060
1395045932304056323
1395045953481158663
1395046005155024901
1395046021907030021
1395046174999072772
1395046229260767239
1395046238404423686
1395046239985565701
1395046253407481858
1395046271094718466
1395046381451100170
1395046418679803911
1395046467312685058
1395046496249290756
1395046585675960321
1395046589215903748
1395046590159728643
1395046590549798915
1395046590956466178
1395046591178985473
1395046591644508162
1395046594345521153
1395046594513354754
1395046596392460294
1395046596841201674
1395046597499756546
1395046599634690048
1395046600439779329
1395046619293257732
1395046625005871109
1395046628348805120
1395046629061894154
1395046633361002498
1395046706778157060
1395046720644345863
1395046734640857091
1395046834675007501
1395046956611813379
1395047026136653830
1395047054502776840
1395047102867193858
1395047125885624321
1395047126728642567
1395047160777953280
1395047250359947270
1395047270417113093
1395047339761586181
1395047363128045576
1395047364122062855
1395047364541440002
1395047482049110017
1395047558095978514
1395047587347116038
1395047715650686984
1395047728951005188
1395047786048065537
1395047863164588032
1395047966268923909
1395048022057394176
1395048025979039750
1395048094291664900
1395048131285368836
1395048199853850632
1395048280879403013
1395048290153074698
1395048537067429889
1395048542276886533
1395048556365549568
1395048612594425862
1395048663873998853
1395048693565362178
1395048792903327744
1395048807604400132
1395048833219022848
1395048847064326156
1395048942237323271
1395049007710412802
1395049069526007816
1395049105962020873
1395049106301616130
1395049119350153216
1395049132159651844
1395049206159757315
1395049229060542469
1395049233598844934
1395049249906298881
1395049336225030147
1395049336950640642
1395049343930015749
1395049613581815810
1395049619432824838
1395049688475242500
1395049860877979654
1395050039538556933
1395050105758273541
1395050112825634816
1395050134350794765
1395050189388455940
1395050235336998912
1395050317482446858
1395050332053454851
1395050335165718537
1395050364206911489
1395050365016416256
1395050413888446465
1395050426773512196
1395050441361211393
1395050488928915459
1395050489163698176
1395050551080013830
1395050639214977025
1395050867619942401
1395050939711696901
1395051119328464897
1395051187083350018
1395051192238096397
1395051200840601608
1395051269732114436
1395051422144634880
1395051591430967301
1395051622334672898
1395051622573568001
1395051622733074439
1395051677858869248
1395051695793713152
1395051698675195906
1395051872063528968
1395052062006816768
1395052121565761537
1395052335244759044
1395052342890876931
1395052464018268163
1395052488487755779
1395052555353403393
1395052618909618188
1395052753781678080
1395052809846984714
1395052950876262400
1395052991917527047
1395053036867883009
1395053067905732609
1395053108909203459
1395053144128716809
1395053149904424963
1395053203985735681
1395053214375063553
1395053286542090240
1395053349024591872
1395053372596686856
1395053548510056458
1395053592990601220
1395053696891990021
1395053704399699968
1395053795705442313
1395053811929161737
1395053891251838977
1395053902073057280
1395053942166392836
1395054084722503681
1395054139462332420
1395054141488209923
1395054141819473920
1395054142175993859
1395054142834446340
1395054155304108033
1395054179626979329
1395054229530742788
1395054238779183104
1395054239240556550
1395054249101336583
1395054264049864711
1395054265366892545
1395054268424593409
1395054307339292677
1395054312661962753
1395054323768479744
1395054330135433221
1395054374171328519
1395054506744893444
1395054614060277765
1395054664496959496
1395054701595537411
1395054900871057409
1395055168027308041
1395055211522269190
1395055247341535236
1395055339658223618
1395055397489188867
1395055403151593474
1395055441701326851
1395055498660024320
1395055583716249600
1395055620294856706
1395055621918105604
1395055649093033991
1395055793909768199
1395055808765849602
1395055906031771651
1395055991180431362
1395056026462965761
1395056037380636675
1395056145669267464
1395056293468164096
1395056326229860353
1395056368587984897
1395056390729871367
1395056474645319683
1395056490680041478
1395056586788311043
1395056655537037313
1395056655692271620
1395056664655634432
1395056670091452430
1395056871002841093
1395056893408817160
1395056907732365317
1395056936098336775
1395057026988969991
1395057080680304647
1395057113257463816
1395057223185862660
1395057264810147840
1395057344992710669
1395057384763150337
1395057403637510146
1395057463725019145
1395057479168450563
1395057491667558403
1395057499791937538
1395057600866267139
1395057603290488835
1395057609091190790
1395057816222699528
1395057913828413446
1395057914209923076
1395057914331676678
1395057914671468549
1395057916818898946
1395057947751952385
1395057974851289098
1395058097459240961
1395058212978761729
1395058224810795009
1395058315072360448
1395058358873378816
1395058369317142534
1395058405820227586
1395058498786955264
1395058605276205065
1395058632019038214
1395058668878532613
1395058918657777671
1395058927604207626
1395058994578968583
1395059021292388356
1395059103031074819
1395059172173959179
1395059172379488257
1395059172501331977
1395059227530604547
1395059234077806600
1395059240386056198
1395059274955493379
1395059340311212045
1395059354466988045
1395059388784709637
1395059424012627968
1395059424037806080
1395059470565355520
1395059759620009984
1395059927555706880
1395059938905534476
1395060030764838915
1395060075618734087
1395060214274080770
1395060266585427977
1395060567568748548
1395060678407294982
1395060790697267201
1395060919412133894
1395060988991340545
1395061039906103298
1395061093966487559
1395061149914304512
1395061242902073350
1395061298438758404
1395061325844422656
1395061338062340098
1395061437198999562
1395061446451605504
1395061466189991947
1395061543843340290
1395061620846563333
1395061631911034881
1395061690174099457
1395061690450984974
1395061691184992256
1395061691231227906
1395061691604357127
1395061692711768072
1395061692724244483
1395061694540369923
1395061696386027523
1395061696478302209
1395061697036144648
1395061738064826368
1395061752606470145
1395061757534605313
1395061801025511427
1395061808608727041
1395061824693882887
1395061855807287298
1395061858273464320
1395061869715546112
1395061873788215297
1395061880994021377
1395061885725184001
1395061892465545218
1395061908059865089
1395061908894633985
1395061997788614663
1395062115489157131
1395062128193716224
1395062136427143173
1395062163346165760
1395062201300443143
1395062204081262596
1395062274486935559
1395062285295517701
1395062310922858498
1395062387074609154
1395062397472329743
1395062474681065479
1395062526115713024
1395062552485314569
1395062619581685760
1395062623738032134
1395062695972392960
1395062706390982662
1395062737307320325
1395062777237196801
1395062781452472321
1395062793909506058
1395062825416990725
1395062878319874057
1395062889623560192
1395062954635190275
1395062987086569476
1395062999245680641
1395063004983615492
1395063178288054277
1395063205249040390
1395063268159393792
1395063304238796807
1395063318109429766
1395063417656983564
1395063431687020555
1395063450674466821
1395063462917599232
1395063570459734021
1395063618320863243
1395063662197477378
1395063712608931846
1395063763297054734
1395063870964867075
1395063959095582720
1395064001130684418
1395064008936464386
1395064081850281985
1395064098124148736
1395064147134590980
1395064205867356166
1395064219255648261
1395064416060706829
1395064418862604296
1395064467952525313
1395064480871165965
1395064532154859521
1395064620898037764
1395064720487452672
1395064725294157828
1395064836183269376
1395064866646409220
1395064892781117447
1395064923470839818
1395064940621295617
1395064993314443268
1395065070711971844
1395065075388624896
1395065178283143168
1395065211976134659
1395065295916634119
1395065445296664576
1395065463659319301
1395065463772573699
1395065463957299206
1395065464062099464
1395065482630340608
1395065593624027139
1395065596388118530
1395065623676391429
1395065988085862401
1395066087998476291
1395066118625239042
1395066169992925185
1395066170945024005
1395066201877909509
1395066220001513475
1395066262674415618
1395066267225235456
1395066392999866370
1395066437451096074
1395066448985350145
1395066716913381378
1395066722017763330
1395066722449690629
1395066722475024403
1395066722747510787
1395066722801963009
1395066793757138946
1395066904604200960
1395066927131893765
1395066939882545157
1395066971922657283
1395067048233930757
1395067060108005386
1395067096669642753
1395067248620969986
1395067260578959369
1395067353021419523
1395067356368494598
1395067405320216577
1395067639999909888
1395067659771949056
1395067667858563075
1395067790269194240
1395067879901392898
1395067908519174144
1395067921584386048
1395067980258570243
1395067995957911564
1395068012521304065
1395068076249559040
1395068107132186628
1395068228276211717
1395068395691806720
1395068411814850561
1395068470119780365
1395068504970235912
1395068605012840450
1395068791667757057
1395068831849226241
1395069000330121226
1395069073743138825
1395069075542392833
1395069116525039624
1395069238906216454
1395069239875104774
1395069239891927046
1395069240160526348
1395069240869363717
1395069241334894597
1395069253209006087
1395069279503101952
1395069294560653313
1395069333450149891
1395069453453365254
1395069478233329669
1395069483983593472
1395069499016105986
1395069567827947521
1395069579345399808
1395069638095081472
1395069810007056385
1395069835822960647
1395069993520451586
1395070043541671936
1395070147782656006
1395070163699998721
1395070259942641668
1395070348282974212
1395070351101644803
1395070427832242178
1395070461646712836
1395070511252656132
1395070574519623686
1395070581159211011
1395070701275697155
1395070748448854016
1395070761816178688
1395070785480499200
1395070918418915335
1395071095481454594
1395071100418154496
1395071174086909957
1395071291472891904
1395071606486089733
1395071755035848708
1395071755069308930
1395071755111190530
1395071765932646401
1395071774879010816
1395071776749760512
1395071813982597120
1395071862468759556
1395071864863551489
1395072173199577094
1395072238202855430
1395072434215215105
1395072511788785668
1395072531011457025
1395072561814376449
1395072570198614016
1395072573432532995
1395072635977953280
1395072717712396289
1395072721697001479
1395072773874241540
1395072855310839816
1395073013352079362
1395073014111227904
1395073035653234697
1395073224485085189
1395073374771040260
1395073487102955520
1395073497429385218
1395073535375253509
1395073541737828358
1395073558771023887
1395073594183532545
1395073604132478978
1395073606791667717
1395073712077123585
1395073794247741450
1395073867144593409
1395073933670420486
1395073939345342466
1395073944902766592
1395074017019711494
1395074078583627779
1395074082446663681
1395074165917487113
1395074168824213510
1395074179922231296
1395074212096847875
1395074271672619010
1395074357702057994
1395074410873241602
1395074534387093509
1395074631804112900
1395074649617281032
1395074656831410178
1395074698233344001
1395074872225697794
1395074908514828290
1395074920045060104
1395075099380826114
1395075172760100865
1395075174496489475
1395075244268871687
1395075361256263681
1395075371045842948
1395075646888583171
1395075781605330950
1395075948836499461
1395075957392822273
1395075957652852736
1395076129896075267
1395076188486307840
1395076289401393161
1395076554904903686
1395076619350515712
1395076788510937091
1395076788607352833
1395076789622378501
1395076790322827271
1395076790666792962
1395076791501393921
1395076792344530948
1395076792503967744
1395076794605211649
1395076794840137732
1395076795070828547
1395076796362670085
1395076797998407683
1395076817585905666
1395076905594929152
1395076936360206337
1395076964868841480
1395077233002299399
1395077239847460867
1395077240497573893
1395077290489483265
1395077291823099904
1395077306398298113
1395077368448966658
1395077816002269194
1395077864945557506
1395077923393228806
1395078011985309697
1395078047393402881
1395078047498444802
1395078126531661829
1395078144512729089
1395078154730053633
1395078183318327300
1395078184341671937
1395078202540716033
1395078268684996608
1395078302587621378
1395078329133379587
1395078510465650688
1395078511828688897
1395078588546879494
1395078658373660674
1395078714514452481
1395078757917073408
1395078801504223232
1395078931569577989
1395078938322513921
1395079297921163268
1395079303877074949
1395079304996872193
1395079317776965634
1395079327121907716
1395079345027358722
1395079467387793416
1395079518466060291
1395079546043518978
1395079556717891584
1395079560593657863
1395079565899337740
1395079704395268098
1395079727908597766
1395079787253846020
1395079817360551940
1395079822662148097
1395079829888720898
1395079859039178752
1395079865334964224
1395079980619550722
1395080030477176832
1395080040707133442
1395080059891851265
1395080225449459721
1395080376213778436
1395080636516474881
1395080919841705985
1395081085009076227
1395081085231538181
1395081090184802306
1395081117330444291
1395081160473071619
1395081329017069572
1395081331751759877
1395081335576879110
1395081436353294336
1395081465738665985
1395081687369928713
1395081736627818498
1395081821419839488
1395081822015348742
1395081822736900104
1395081836343271424
1395081845566488583
1395081852411645958
1395081886796496906
1395082311234949130
1395082357430919168
1395082417116000259
1395082531049988099
1395082632136900612
1395082688424562688
1395082787821064192
1395082793227587587
1395082810008817664
1395082955035402247
1395082978150162437
1395082999394447360
1395083110727966731
1395083183348199430
1395083192839942148
1395083228373995524
1395083235613319170
1395083305867960329
1395083340705931265
1395083360314220551
1395083438600884226
1395083519001497601
1395083549615792129
1395083604200501250
1395083618335219718
1395083772228521991
1395083783490220037
1395083810497310720
1395083837223448576
1395084004819415047
1395084084066541570
1395084231156588548
1395084234566639618
1395084338396504066
1395084340778856452
1395084349742063616
1395084361167425541
1395084368826310659
1395084388094853127
1395084394352754689
1395084422060388354
1395084428196651015
1395084432235696134
1395084438690836483
1395084478163345408
1395084500938395650
1395084511554191360
1395084600288894985
1395084671382396928
1395084783630360577
1395084820762402816
1395084895827939329
1395084958608281601
1395084989306445827
1395085004506546183
1395085051776360450
1395085176078671873
1395085220932694016
1395085352117817345
1395085382358904834
1395085439225192451
1395085479847022593
1395085580330016769
1395085596536840194
1395085598407499777
1395085661825347586
1395085687851044864
1395085700198961160
1395085792977080321
1395085855270785030
1395085871951450118
1395085873067307009
1395085885486608396
1395085892851732488
1395085941824540675
1395086016227287040
1395086106136305672
1395086249040429063
1395086357039620100
1395086391806152715
1395086394423271424
1395086626448101377
1395086644353638401
1395086706089529352
1395086766504296451
1395086798372712451
1395086854547034114
1395086854613979138
1395086981898641416
1395086988282372097
1395087079323815938
1395087139419918339
1395087143941246976
1395087152699039744
1395087154678833159
1395087230591541250
1395087336220864512
1395087424049586182
1395087507117727752
1395087542794563595
1395087631214645250
1395087837180006401
1395087882813984768
1395087922739793924
1395088170937569285
1395088180680949760
1395088214155739140
1395088216982757379
1395088257239584769
1395088384209481729
1395088394359873538
1395088422239412229
1395088466321584130
1395088468313772032
1395088545665196036
1395088622248943621
1395088725277880328
1395088822547931137
1395088853267066882
1395088896875171846
1395088899593195529
1395088919801257987
1395088952739127298
1395089075623927816
1395089092640129033
1395089290921717765
1395089301399015425
1395089371238445065
1395089389206835204
1395089413089239046
1395089608505974789
1395089622842191876
1395089633449594882
1395089671319818241
1395089730803470337
1395089958612963335
1395090033435156485
1395090241191612417
1395090257914339336
1395090285034721284
1395090417373286406
1395090435446513664
1395090591810265088
1395090678502371339
1395090888905404417
1395090905615507470
1395091028906962947
1395091046506405894
1395091152232230918
1395091155084136448
1395091212558872578
1395091219307499522
1395091398907551746
1395091482034515978
1395091504285196291
1395091543640453127
1395091555862597641
1395091581246611459
1395091655439437824
1395091676159520782
1395091827745869826
1395091890102411268
1395091891151048705
1395091891285155841
1395091892858200071
1395091893860458496
1395091894850498565
1395091896230465536
1395091896679104516
1395091896763047943
1395091897014624258
1395091897438269442
1395091905705299968
1395091930527174659
1395091965914591239
1395091997833183232
1395091997904580610
1395091998147756036
1395092021627457541
1395092046273187842
1395092080834273290
1395092091676594179
1395092122420850698
1395092124673187840
1395092134647111686
1395092155115483139
1395092180256149506
1395092180352573446
1395092240083599360
1395092241375432706
1395092242147291138
1395092249441099779
1395092289609994240
1395092330936422406
1395092334971260930
1395092391330148352
1395092447131103232
1395092466202730500
1395092471688744962
1395092485597192200
1395092498167607297
1395092546200690688
1395092635317121034
1395092643118415874
1395092664014475272
1395092766586294273
1395092787964563461
1395092874610491393
1395093131465433088
1395093146866835456
1395093150612525056
1395093157684056081
1395093255977570312
1395093393970241536
1395093394469310465
1395093566863589378
1395093627479773187
1395093669351280640
1395093748401508356
1395093761127034881
1395093822078693381
1395094022071492608
1395094059925090306
1395094128720031745
1395094149544783873
1395094181266214914
1395094275076001793
1395094432987365376
1395094437211119621
1395094450922262529
1395094451203321857
1395094615364100098
1395094651737198599
1395094663141466119
1395094678689755139
1395094727549235206
1395094866930057216
1395095010194886656
1395095330136465411
1395095403276689408
1395095424000839686
1395095452425490434
1395095662652379138
1395095730688184323
1395095745854795780
1395095848447582213
1395095872053170179
1395095873286115330
1395095981654515716
1395096017264054276
1395096059446169605
1395096137049247745
1395096142451515394
1395096163062272004
1395096279202496513
1395096326111731726
1395096352355463171
1395096375180865541
1395096390200664072
1395096542298656768
1395096704005910537
1395096920889040896
1395096920935133184
1395096920947929099
1395096921358753795
1395096935988670483
1395097087696674822
1395097237202653185
1395097308719718413
1395097359713980416
1395097384552566784
1395097436117512192
1395097461195161600
1395097476747694083
1395097603151253506
1395097720566730754
1395097908236722178
1395097914448523268
1395098080479940609
1395098085047508997
1395098179377549315
1395098212483047426
1395098327084064768
1395098355433345024
1395098357991936004
1395098360978149376
1395098411297300486
1395098430989500418
1395098560224448513
1395098654206169088
1395098704177111040
1395098789405409292
1395098794279284736
1395098900801929219
1395098979231227905
1395099099964268549
1395099116233887747
1395099398837841926
1395099437530222592
1395099438947856387
1395099439031742465
1395099439203819522
1395099439426154504
1395099439769980933
1395099439799357443
1395099440084439041
1395099520896282631
1395099528420859906
1395099528496304131
1395099560964395013
1395099689264066560
1395099694687264771
1395099905258045440
1395099935612231683
1395100092533678080
1395100103828934657
1395100160372379652
1395100288902647811
1395100308494110720
1395100352207327240
1395100374340562945
1395100422294081537
1395100447736688642
1395100514019315713
1395100586937307140
1395100788628901891
1395100804676206592
1395100921869357056
1395101005470179328
1395101006900379648
1395101211326619657
1395101220658876432
1395101227684401163
1395101312497377281
1395101420580392962
1395101430533533700
1395101481532018688
1395101486384828425
1395101534795538432
1395101539568693253
1395101617033150464
1395101631855931395
1395101704115343361
1395101920050794497
1395101954158653441
1395101954158731265
1395101954158874632
1395101964770361353
1395102028641222664
1395102047238860801
1395102054100586498
1395102080726142985
1395102162435428354
1395102221113696257
1395102287807320064
1395102445408329730
1395102470167306241
1395102551092117508
1395102579135221768
1395102746135650309
1395102782177296387
1395102784807219201
1395102813739495424
1395102836829077504
1395103071953428492
1395103073635340289
1395103146125447168
1395103212240265224
1395103212290514948
1395103212449959940
1395103212772995074
1395103212965875712
1395103212970160133
1395103257555517447
1395103262357934081
1395103288282865666
1395103310831554566
1395103387125944324
1395103407195582465
1395103505073967108
1395103513802387457
1395103518185377803
1395103654450016264
1395103689124233226
1395103696808292352
1395103930892304385
1395103988798926848
1395104032679661568
1395104053479317512
1395104233599422465
1395104349873913861
1395104364453376001
1395104418069102603
1395104433160261637
1395104470556684289
1395104487719772166
1395104722474913807
1395104776564707329
1395104807120248834
1395104841542733827
1395104922274656256
1395104924501905409
1395104970144354316
1395105368594866179
1395105464950607877
1395105481451053057
1395105521498263554
1395105699919798275
1395105776453111814
1395105776834842624
1395105782698553352
1395105879431725057
1395105893243518977
1395105971144384513
1395105980703117313
1395105980799651847
1395106073254694913
1395106102447050761
1395106337067999233
1395106345913880579
1395106432287117313
1395106444572246017
1395106502382346240
1395106540206624772
1395106592664612865
1395106600990519306
1395106686659178500
1395106870063468546
1395106892339421185
1395106920319553541
1395106987726151680
1395106988107833347
1395106988636311552
1395106988653121536
1395106988653256706
1395106989416529933
1395106989991202822
1395106990007980032
1395106990012043264
1395106990070943750
1395106990565715971
1395106990637010945
1395106991584985095
1395106992432156677
1395106992478429200
1395106992562216960
1395106993170534410
1395106993396875264
1395107124087193608
1395107146442760192
1395107167796146178
1395107174708387841
1395107239170564096
1395107242580529155
1395107248838488070
1395107252906995719
1395107306027814915
1395107331457835008
1395107490849722368
1395107491181125634
1395107581698453504
1395107736665350145
1395107761839431680
1395107888557854722
1395107994090749957
1395108109354512390
1395108245849534464
1395108265474801665
1395108318910222337
1395108397293391873
1395108421704187904
1395108484287500288
1395108509969223681
1395108584283836424
1395108684745822216
1395108803645947906
1395108872940044297
1395108888702115841
1395109016540438536
1395109029945384960
1395109036060708877
1395109078964350984
1395109182303469568
1395109378420842498
1395109503813619715
1395109591889989635
1395109682604384262
1395109715193991170
1395109730754891779
1395109834522038281
1395109836069777408
1395109943095742467
1395110046938275841
1395110139569442818
1395110204803411969
1395110258767405056
1395110258830422017
1395110274672308226
1395110303793393666
1395110496928473091
1395110510429761536
1395110514003300355
1395110692240433154
1395110762142740481
1395110770355154949
1395110779729367044
1395110783298777091
1395111024932573185
1395111057706741764
1395111084399411206
1395111206860599300
1395111377409351688
1395111383092637696
1395111833468645382
1395111999860736002
1395112020354031616
1395112020362645511
1395112020668682240
1395112020781973511
1395112033641771009
1395112042458124291
1395112055255048192
1395112055775059972
1395112080710127616
1395112095025356801
1395112130752483329
1395112134296616961
1395112188323450881
1395112194463969281
1395112221630468105
1395112415705116673
1395112511578509320
1395112531400790020
1395112757352091648
1395112850578890762
1395112873202958341
1395113026987216897
1395113027448541193
1395113081991090176
1395113194675441665
1395113305056874497
1395113468949196804
1395113564311019520
1395113775750164484
1395114096442454025
1395114127174082561
1395114232052699143
1395114286528319490
1395114536865251337
1395114536890368002
1395114537238532097
1395114537620180992
1395114537725038594
1395114537951637507
1395114538568065030
1395114539004272640
1395114543873990666
1395114560542150662
1395114573632466946
1395114602690646019
1395114671632523271
1395114674493005826
1395114681644236801
1395114747100606464
1395114788888317953
1395114827656347648
1395114859784773640
1395114913408901125
1395114956304142341
1395114960804581376
1395115187900985345
1395115268129632261
1395115330079449088
1395115339432800258
1395115341651628036
1395115389374304259
1395115520370909188
1395115535973629954
1395115874848288769
1395115886638415874
1395115988467830788
1395116046898532353
1395116102821187584
1395116253258391553
1395116310305050625
1395116431147159554
1395116481084465152
1395116550651359239
1395116625561624576
1395116680335040512
1395116693589004289
1395116761645821954
1395116803555217408
1395116830612725760
1395116854805295104
1395116894412316674
1395116902993780737
1395117053539872770
1395117053812543492
1395117061874061312
1395117084733018118
1395117130341928960
1395117207688986628
1395117229411295233
1395117309723877377
1395117345669066756
1395117469426192385
1395117544692932613
1395117556948635648
1395117687731281923
1395117855440576512
1395117923438583825
1395117963800371203
1395118021002338314
1395118279266537475
1395118311810142211
1395118311822745602
1395118312363749376
1395118338972467206
1395118455561412609
1395118595450015748
1395118616539025409
1395118800933203970
1395118815172730881
1395118835259297796
1395118926019837956
1395118926305107975
1395118965144408064
1395118984836550660
1395119019833839622
1395119035742711808
1395119068131340288
1395119070853410819
1395119109751312385
1395119285601718285
1395119570386526208
1395119677865660436
1395119968056926216
1395120073476644864
1395120097811914752
1395120441304485904
1395120486275715072
1395120486837747712
1395120487215206400
1395120488884498432
1395120489077493761
1395120712441122819
1395120845178249220
1395120860529311750
1395120942410514433
1395120945359065088
1395121041849176068
1395121074530967558
1395121089882243078
1395121132878110723
1395121142638288896
1395121272372310018
1395121337887297539
1395121372070825989
1395121439716651009
1395121497698619396
1395121592158629889
1395121766557700101
1395121841161728000
1395121854248067076
1395121858870226949
1395121861579714566
1395121927900082179
1395121931272261634
1395121957599854604
1395121960833765383
1395121980777525248
1395122018039865347
1395122086587158531
1395122087358988288
1395122087962972163
1395122089141624834
1395122090320175105
1395122091070869505
1395122091322642436
1395122091368779779
1395122092257910784
1395122092501200899
1395122092513710082
1395122093298110464
1395122094472499201
1395122130371719169
1395122175531683843
1395122195593039873
1395122197518327810
1395122333107556362
1395122333904420867
1395122368956309514
1395122380545138689
1395122393375457281
1395122453492506631
1395122472127696896
1395122478930972678
1395122585151545344
1395122593657671684
1395122623340634112
1395122623588179969
1395122637462855682
1395122732753465349
1395122790081212416
1395122863045292034
1395122961317773312
1395123042922213380
1395123057358950400
1395123065491623936
1395123083481079811
1395123093807448069
1395123261474750467
1395123365669638147
1395123373114417153
1395123418257895426
1395123600630427654
1395123603654512646
1395123641386422279
1395123742154661888
1395123881585766401
1395123897654185991
1395123904872534017
1395124164281896961
1395124169453576193
1395124221739737089
1395124231780847621
1395124342061551617
1395124348369838082
1395124461821743108
1395124530008494082
1395124552087318531
1395124603303890946
1395124603320553474
1395124614720892937
1395124618495762441
1395124727585415171
1395124861509459970
1395124877733109765
1395124895751839749
1395124927540432900
1395124947828330498
1395125350208843781
1395125378772094977
1395125455284539392
1395125464398802952
1395125583416279042
1395125609462894601
1395125614886195207
1395125625451655179
1395125661329772554
1395125733912158216
1395125776341782528
1395125822516830208
1395125825360388098
1395125861867606017
1395125861939093508
1395125874849165313
1395125907854086156
1395125914355347461
1395125965081223171
1395125983565520898
1395126011264524288
1395126206236876808
1395126221969575936
1395126245063643148
1395126359823847427
1395126365008060416
1395126440157401088
1395126532260122625
1395126622823530500
1395126745918066689
1395126829841887239
1395126869360513034
1395126991138041857
1395127003158876161
1395127120205017091
1395127120263712768
1395127181496537094
1395127193341202437
1395127260726927362
1395127275838869507
1395127355409158154
1395127371448135683
1395127444680495104
1395127458278563846
1395127475596890112
1395127519351762945
1395127622267453440
1395127623412457474
1395127736335749123
1395127806976266246
1395127828920901635
1395127981459259396
1395128065047601155
1395128115324665859
1395128126510755841
1395128291485491201
1395128378764767244
1395128389376356353
1395128393734279168
1395128408309334019
1395128480073932803
1395128535136755713
1395128537196204033
1395128539557425152
1395128617869455367
1395128624752304128
1395128679647399947
1395128937123139584
1395129016596762624
1395129066991271947
1395129091272097798
1395129155121913856
1395129285426483205
1395129325112881152
1395129565006155777
1395129636368142339
1395129636376301571
1395129637173407745
1395129637177528320
1395129637605462019
1395129638167400448
1395129638515585031
1395129644207198208
1395129651710861316
1395129655229919243
1395129657863835650
1395129660816642052
1395129686850785284
1395129698519330819
1395129776386367491
1395129792417210372
1395129888202543111
1395129947841339394
1395129977214054405
1395130004632113152
1395130016422313987
1395130117949509632
1395130147150389249
1395130157925642247
1395130168323284993
1395130170437160963
1395130243564900352
1395130261537447939
1395130311617429504
1395130361143771140
1395130381880463363
1395130388717080576
1395130475472162826
1395130549367312384
1395130553981153280
1395130643269394433
1395130666426175490
1395130682209230851
1395130735502180356
1395130906394906624
1395130929610375168
1395130958072872960
1395131192379383815
1395131270661816327
1395131444263985156
1395131487805132800
1395131510924222465
1395131519459598348
1395131524660568065
1395131547544608770
1395131641820073986
1395131643317284865
1395131704638013441
1395131707175710721
1395131738507075591
1395131829087133697
1395131833826824198
1395131891695632391
1395131906254118915
1395132062416375811
1395132163679457280
1395132164317007877
1395132165965422592
1395132257535504389
1395132287008735232
1395132431586533377
1395132537194913792
1395132585307774977
1395132595848065025
1395132679381737476
1395132948865765376
1395132989592547334
1395133123013320714
1395133134451232768
1395133224838320128
1395133276751384576
1395133285143957507
1395133405302505477
1395133411342225409
1395133411375857674
1395133411388428293
1395133411489026050
1395133483572506625
1395133486256869377
1395133792696770561
1395133983764193280
1395134049639882754
1395134095760445443
1395134108758597645
1395134123921055746
1395134135497379842
1395134162072268800
1395134166312787970
1395134174630223875
1395134234919063557
1395134298756423682
1395134406986276869
1395134601857847299
1395134669692227588
1395134680719106049
1395134719533137921
1395134739007348737
1395135002485141511
1395135049222209539
1395135057124380677
1395135061947715590
1395135089013665792
1395135192868835337
1395135574370029571
1395135579076141061
1395135580946812930
1395135711871913989
1395136040424312836
1395136249028128771
1395136287179526145
1395136411083448320
1395136411293126660
1395136420730314755
1395136458676178948
1395136626297290760
1395136943147687938
1395136980720181253
1395137021069430786
1395137031299272704
1395137120415719427
1395137188002684937
1395137188019376132
1395137188094951424
1395137188162154500
1395137190234099714
1395137190519349251
1395137191869747203
1395137192276762631
1395137192738107397
1395137193233035269
1395137226942599169
1395137262464143363
1395137314695811074
1395137384690368513
1395137423114444804
1395137431691829250
1395137445872689161
1395137469654388745
1395137483680145414
1395137500377620483
1395137707073019908
1395137780670402565
1395137829919936513
1395137886194970626
1395137926661562372
1395137929551417349
1395137957548466179
1395137972186406915
1395138224897499139
1395138368338604038
1395138372125876225
1395138444813234178
1395138542716788736
1395138545841590278
1395138555534626816
1395138947857018881
1395139000139141125
1395139002882211847
1395139014664011776
1395139018044710922
1395139153113796609
1395139186538156043
1395139244000268295
1395139249075376128
1395139260165017603
1395139266821378055
1395139326074363904
1395139507314470913
1395139531570044931
1395139564965011456
1395139577673879555
1395139656446988294
1395139702756282372
1395139702798225411
1395139702991228930
1395139703058407428
1395139717495148545
1395139773447163909
1395139814077444098
1395140175127203840
1395140237630844934
1395140262851186691
1395140293041741825
1395140309814816774
1395140314315243524
1395140459077505029
1395140491050618883
1395140961123045383
1395140961320144901
1395140961353744387
1395140961689378816
1395140982967054338
1395141095252807697
1395141143315288065
1395141402837856258
1395141437101121539
1395141576402382848
1395141613211508736
1395141898969522180
1395142121770815492
1395142128011988996
1395142219745701895
1395142483215015941
1395142626295226368
1395142695769841664
1395142755798724609
1395142954726137862
1395142962984620032
1395142970689605632
1395142974497976321
1395143040080154629
1395143083902357509
1395143105817595917
1395143106836766720
1395143174427926536
1395143473800654857
1395143490485596166
1395143542687813633
1395143577152327682
1395143706412527616
1395143733021134856
1395143767020249094
1395143864499851265
1395144089624997892
1395144144146817027
1395144181459390464
1395144279115317254
1395144352347852801
1395144449068576773
1395144595760205827
1395144598616526849
1395144736055468032
1395144736764317696
1395144737217257473
1395144737687056389
1395144737707859971
1395144737967857666
1395144758029430786
1395144786659659778
1395144787955798017
1395144834529337344
1395144835552665601
1395144992897650692
1395145241020207109
1395145248645472258
1395145413297061889
1395145691761037314
1395145746697973762
1395145994455633921
1395146333229514752
1395146373985710080
1395146578202030081
1395146596149567489
1395146637983506440
1395146823199825926
1395146847866470406
1395146914501439490
1395146936815136771
1395146979383013377
1395147026099224581
1395147167745064961
1395147176888655872
1395147238729469961
1395147252599955457
1395147252646121472
1395147252688199680
1395147320585592832
1395147349433987075
1395147471593033730
1395147473077686278
1395147492077891584
1395147497991917571
1395147501431398402
1395147586428817409
1395147602778370050
1395147841824120832
1395147884891234305
1395147891296116739
1395147920454864903
1395148137048776706
1395148356423405568
1395148510744481799
1395148510752690177
1395148510765494272
1395148515093876736
1395148705423138818
1395149139151884291
1395149217237245955
1395149265777876992
1395149427162206217
1395149456094515200
1395149504459034625
1395149758340255755
1395149769656487936
1395149801805815810
1395149926473076736
1395149965845045252
1395150035139039233
1395150180304007173
1395150249757495297
1395150559800332288
1395150771730231302
1395150932892020736
1395151027251388416
1395151273167671298
1395151325009166336
1395151364884287488
1395151402607988736
1395151403476205574
1395151530001674243
1395151534921560065
1395151560959737857
1395151748403240961
1395151856859586563
1395151906868170753
1395151960861548545
1395152167481356289
1395152191921479681
1395152285995573252
1395152286150643712
1395152286536683521
1395152286633152519
1395152287362912258
1395152287388086283
1395152288197578755
1395152288298143745
1395152290063937536
1395152290898579460
1395152290944888835
1395152291217379329
1395152292052152322
1395152292081553408
1395152292102299651
1395152293259976705
1395152318115504132
1395152320191770625
1395152440744456196
1395152454333964291
1395152482632966149
1395152498801979393
1395152517055455233
1395152525544890371
1395152532436135936
1395152558914736130
1395152565789204481
1395152710798819332
1395152740251172866
1395152777026752512
1395152836208603139
1395153040924037120
1395153056770232322
1395153063237783557
1395153068556230657
1395153149716058118
1395153157697720328
1395153181039112201
1395153223829364742
1395153463303102468
1395153464616001539
1395153538368491520
1395153557108760577
1395153584476594177
1395153598414196739
1395153675648131081
1395153681969029123
1395153744099164160
1395153959212490752
1395154001449177090
1395154091702112259
1395154133515214854
1395154534897442819
1395154802103967748
1395154802212958208
1395154802472980480
1395154883829972993
1395154912581935104
1395154927593340928
1395155002826633225
1395155061785911296
1395155203767164928
1395155245735501824
1395155469640118274
1395155601433448451
1395155621880676359
1395155721256411138
1395155764692459520
1395155790713999360
1395155838248046598
1395155868942020613
1395156060571242496
1395156071036116992
1395156076031619077
1395156131484512256
1395156248228737026
1395156312250413058
1395156338855055360
1395156355045068803
1395156355489673217
1395156493083856900
1395156508661489664
1395156538143223817
1395156566584795137
1395156569332060165
1395156570632331266
1395156603750518787
1395156639079149569
1395156665239023618
1395156774009851907
1395156851252154371
1395156862576828419
1395156912417562624
1395156995741818885
1395157115619221509
1395157145432231936
1395157219826667521
1395157237358809094
1395157259169185799
1395157318816256001
1395157318887624704
1395157318975692800
1395157318988402694
1395157319315378176
1395157328819892232
1395157382020349953
1395157452082057223
1395157524580642816
1395157553965895681
1395157585175715842
1395157605396406273
1395157632017735680
1395157753014927364
1395157865573257216
1395157927787384833
1395158025120387073
1395158034498957312
1395158154950938624
1395158166137098240
1395158192125009924
1395158206813335554
1395158219467726858
1395158338019733505
1395158577178808324
1395158768262987776
1395159013688500229
1395159028083400705
1395159042386022400
1395159141040246789
1395159146241183744
1395159183314415616
1395159187517227020
1395159332115918850
1395159371747930113
1395159491893764099
1395159513750192132
1395159635447922695
1395159835528863751
1395159835629522944
1395159835784617984
1395159835931561987
1395159836162027522
1395159836489228288
1395159837240020993
1395159837625839616
1395159838259355650
1395159847784615936
1395159850666143744
1395159867904643073
1395159891317338115
1395159905049452545
1395159933306523649
1395159956282806273
1395160039158161412
1395160057424273410
1395160087577120768
1395160228551962624
1395160378913533952
1395160431619186701
1395160455061155843
1395160632786358272
1395160649957789696
1395160720241827841
1395160796078952459
1395160831294271489
1395160857911382020
1395160881420402688
1395160921379647489
1395160979592392706
1395161077793632257
1395161138455879686
1395161303241609221
1395161619815182336
1395161623103426569
1395161676245176323
1395161722663706626
1395161843220549632
1395162094014799878
1395162113744654338
1395162144941953030
1395162268904660996
1395162351905779714
1395162361875607553
1395162389285310477
1395162625592500231
1395162657032900610
1395163061309353985
1395163064752877574
1395163102526812163
1395163127373836289
1395163247301603328
1395163419637133313
1395163423185457155
1395163429812506625
1395163469142441984
1395163493981167616
1395163539761938436
1395163562922893316
1395163585282809857
1395163610276577284
1395163610293448705
1395163621039161349
1395163734277083139
1395163758348091393
1395163862056333316
1395163945917366274
1395163993807867905
1395164055111933952
1395164157960458243
1395164284376784896
1395164296242507777
1395164816994492422
1395164823017725954
1395164868467175426
1395164868672692229
1395164875194867712
1395164902310957056
1395164902373789698
1395164966492119044
1395165108351819776
1395165149384908812
1395165156817182727
1395165211611566080
1395165214673342467
1395165238182301697
1395165512397623299
1395165651543760906
1395165697794314250
1395165712138788864
1395165854455717889
1395165959325982722
1395166030704558080
1395166096186134533
1395166452043374597
1395166480451264512
1395166510901993474
1395166615495397376
1395166770411950085
1395166786081918978
1395166879824728068
1395166928826683393
1395166962263728130
1395166999744028674
1395167049224163330
1395167059449946113
1395167175866978305
1395167194821005315
1395167289511710723
1395167374450462720
1395167377516531722
