1331387121546846210
1331387792660815874
1331387933459443712
1331387948470767617
1331389010300825603
1331389013949870081
1331389025614262273
1331389522735730688
1331389617015283714
1331389660191465480
1331389982242639873
1331390193035784193
1331390540496179201
1331390742577762304
1331390888006782976
1331391193914159106
1331391543308128257
1331391553428926475
1331391677341298690
1331391778495344642
1331392030703050753
1331392057198452739
1331392589166206977
1331393064817078276
1331393103811502081
1331393549661769732
1331394504839008257
1331394563018199041
1331394673131151361
1331394675442409472
1331394902358421505
1331395062849269760
1331395407721672706
1331395584880676864
1331395903337410563
1331396452195692544
1331396967604359168
1331396969248546816
1331397236794732544
1331397296232280065
1331397594531176455
1331398279045771265
1331399695822884864
1331399878870753286
1331400157573894146
1331401054408351744
1331401427193917441
1331402385613332480
1331402537845583873
1331402857417990144
1331403193226579975
1331403488883052545
1331403834153963524
1331403883831320584
1331404246328160258
1331404963654889475
1331405134912512001
1331405922481139712
1331406602356858880
1331407032705048576
1331408496827506691
1331409289429311490
1331409793798594565
1331410856232554497
1331411742543515649
1331411797472129026
1331414202343444485
1331415631435100160
1331416004006653954
1331416450695774210
1331417121113444352
1331417147143319552
1331417273983184903
1331417733955788802
1331418460635664387
1331418483767250945
1331418502788472833
1331419204524847105
1331419822844997632
1331421831648174080
1331421934605590528
1331424113861201921
1331424869771210752
1331424914541318144
1331426708818440194
1331427142110826498
1331427995651862530
1331429502220693505
1331429755053281281
1331431196736192514
1331431400256495616
1331431465482137600
1331432517547782145
1331434067913424898
1331434241767460866
1331434601248673793
1331434707930722304
1331434739291594758
1331434761596833798
1331435242985574403
1331435882428198912
1331436437393256454
1331439014189166594
1331439974248542209
1331440330055577600
1331440937696964609
1331442969031962626
1331444298500481024
1331447169837133825
1331448491357376513
1331449633198006274
1331450009431248897
1331450265388658688
1331451742978977792
1331452014287593475
1331452039407300609
1331452856881336321
1331453290459095042
1331453564015833088
1331453954912346113
1331455327976390656
1331455693891776514
1331457837151772673
1331458341235732485
1331458504520060928
1331458598334042112
1331459040187199488
1331460083067330560
1331460536765190144
1331460864780734464
1331461206926909441
1331461371448356864
1331461891479244800
1331462020235931648
1331462621204135938
1331462666003619840
1331464675867963392
1331464803521585153
1331465267759767552
1331465391051300865
1331466618724081665
1331466779437174784
1331467304190824449
1331467912914169856
1331469121742102531
1331469380119629825
1331469743329583106
1331470200852635648
1331470601597411328
1331471643269505024
1331472464904380416
1331472814826811392
1331472959819624449
1331473200694358016
1331473407876214785
1331473473537978369
1331473690966577157
1331473907514306562
1331474095012261889
1331474270103293952
1331474408326750208
1331474768919490560
1331474949371011077
1331475194846863361
1331475683923595267
1331476230705717248
1331476293586726914
1331476321722097665
1331476470473093120
1331476578744799232
1331476645459468288
1331477027405389824
1331477153737793536
1331477169390936064
1331477468419657731
1331477472731406336
1331477706953854976
1331477717800407042
1331477798918172673
1331477882682675200
1331477986865000448
1331478097376505857
1331478368768970754
1331478460544454657
1331478494942007302
1331478801025536000
1331478966495039488
1331478976372633602
1331479214571319296
1331479476421726208
1331479687432953861
1331480192242642944
1331480244264513536
1331480264464355330
1331480273154940929
1331480669235646464
1331480743650988035
1331480857190789121
1331480874148302849
1331481204445556736
1331481377448095744
1331481504535416835
1331481608235474944
1331481772127887361
1331481975018967040
1331481994254032899
1331482257543016453
1331482388959027202
1331482507603177477
1331482599089377280
1331482770972028928
1331482853989867521
1331483004494110722
1331483169296625665
1331483207133442050
1331483229644345346
1331483240738279426
1331483494330081282
1331484109928062983
1331484651282718720
1331484749974687749
1331484756563922944
1331485268394668033
1331485296786092032
1331485335159771136
1331485343607107586
1331485508535529473
1331485582724386817
1331485788828266497
1331485821728419842
1331486179183702018
1331486209043030016
1331486270065881089
1331486459115790336
1331486527059341312
1331486658684973057
1331486735650463744
1331486749311311873
1331486866776928256
1331487000361308160
1331487517439352832
1331487540898099200
1331487640433070084
1331487692669018114
1331487803125927947
1331487924186017792
1331488111617056768
1331488150116573185
1331488264365223936
1331488543299018752
1331488567626002433
1331488682327617537
1331488819401646081
1331488856378642435
1331488891459817472
1331489056979513344
1331489316837744640
1331489349263822851
1331489465244786689
1331489555350949894
1331489565132152832
1331489594911690753
1331489660951023617
1331489790915698693
1331489983010643969
1331489994859573249
1331490128200658946
1331490313152700417
1331490514982604801
1331490597845262336
1331490656825585664
1331490946798788608
1331490976137875457
1331490979627601921
1331491061332578304
1331491225757741056
1331491259148595200
1331491535691649026
1331491570445586432
1331491571569659904
1331491663357861889
1331491734572949506
1331491754281938944
1331491888420024321
1331491939699593216
1331492012298735616
1331492128799731714
1331492139440672768
1331492307925929991
1331492317291708418
1331492399290458113
1331492602634493952
1331492819102404609
1331492823955349505
1331492842922008577
1331492871095148545
1331492875905994754
1331492918549471232
1331492992641884162
1331493041757188096
1331493048321253377
1331493069129207808
1331493069133410305
1331493112238235653
1331493213266440193
1331493293843243009
1331493310289113088
1331493325430542336
1331493393663483905
1331493447056945152
1331493498529468416
1331493731309133825
1331493732265373696
1331493741723611141
1331493811802042369
1331493865333940225
1331493967830151168
1331494030518214659
1331494033265483777
1331494077511196674
1331494078375219203
1331494091134291968
1331494091562102784
1331494094049325056
1331494179525046272
1331494287100481536
1331494361117429761
1331494420886204416
1331494424723984384
1331494532639318016
1331494641565372421
1331494697580306435
1331494698482085890
1331494710985322496
1331494901079531521
1331494939004383233
1331494961817264129
1331495160744714241
1331495164565712896
1331495164850954241
1331495181288402947
1331495205753806849
1331495316466651136
1331495371298791425
1331495457646911488
1331495569093763073
1331495595643637762
1331495826338811904
1331496003267153921
1331496099245219842
1331496296415453185
1331496340539453440
1331496350018580481
1331496410521497602
1331496483942699008
1331496536044408833
1331496591979548672
1331496592315015168
1331496604856152066
1331496773274251265
1331497016925577217
1331497026123657217
1331497078388912128
1331497197842681857
1331497352381804544
1331497475409141760
1331497684256116738
1331497687200501760
1331497690195255301
1331497783971504130
1331497803185582081
1331497850283450369
1331497850333630464
1331497850337972230
1331497977928683520
1331497980420034561
1331497986883522565
1331497990587080710
1331497998749143041
1331498095998345216
1331498101371236353
1331498101899554816
1331498111324233730
1331498166454247424
1331498210641195008
1331498222955753486
1331498235106627585
1331498256099053568
1331498491265261568
1331498705170567169
1331498750150385665
1331498751689715715
1331498836909580289
1331498858992586752
1331499013753933824
1331499039989362688
1331499048730292227
1331499057701924866
1331499108830470147
1331499243941589006
1331499364913700864
1331499407607537668
1331499824487804929
1331499931228663808
1331500056705445891
1331500292282707968
1331500330639613953
1331500366899290112
1331500366928646144
1331500367306252293
1331500368065249280
1331500388307132416
1331500392421711874
1331500407248605187
1331500422440292352
1331500428102672385
1331500455927685127
1331500498264928256
1331500506682953729
1331500588920659968
1331500638224658432
1331500683846148097
1331500723679465474
1331500902470066176
1331501078458806272
1331501321665605632
1331501327957024769
1331501624385220614
1331501638771675136
1331501740315709445
1331501744619212800
1331501797714898946
1331501826223566850
1331501984407580674
1331502029517283328
1331502059724677120
1331502072978661376
1331502083758026752
1331502121410293762
1331502141639323648
1331502164699713536
1331502170571755520
1331502268269686785
1331502287076941832
1331502293020250114
1331502380366524417
1331502432443113474
1331502498981535745
1331502562105815045
1331502600018157568
1331502714912641030
1331502733355053056
1331502740829327365
1331502754750140416
1331502801084616706
1331502883506966529
1331502894626041857
1331502967011336194
1331502980957396994
1331502990805643264
1331502996631515136
1331503001501052934
1331503013463269378
1331503249266970624
1331503300030717953
1331503326526140417
1331503362467098625
1331503453290573826
1331503470164267008
1331503525248061441
1331503555384107009
1331503639114952711
1331503843016773632
1331503860087656448
1331503861786296322
1331503929482481664
1331503978803322880
1331503996280975361
1331504069584805889
1331504093161000960
1331504110026305536
1331504142179774464
1331504163667251200
1331504214011498496
1331504312795717632
1331504381435531264
1331504502780923905
1331504526348726274
1331504536825982977
1331504615255314432
1331504785707520000
1331504891316068354
1331504893438341120
1331504896852504576
1331504982038863873
1331505110174806018
1331505136867405824
1331505148405932032
1331505180135862272
1331505206677352449
1331505213488979970
1331505285123465216
1331505304853508097
1331505370330611712
1331505397434359808
1331505400206782465
1331505406200455168
1331505409996296193
1331505410113740801
1331505484248084482
1331505577969774594
1331505594474303488
1331505601055248385
1331505618440626176
1331505624946008066
1331505655799312385
1331505862595194881
1331505906530529280
1331505950658867201
1331506086445191168
1331506108259713024
1331506144871845890
1331506228808323073
1331506385671032832
1331506433230315520
1331506473512415235
1331506528797548544
1331506622787534848
1331506623991476224
1331506642576420866
1331506658426703874
1331506669575172097
1331506673089974274
1331506697454702594
1331506713074262017
1331506737724198912
1331506812114399236
1331506839893254145
1331506842120413184
1331506853315031040
1331506862924173313
1331506874114592774
1331506885887975425
1331506920780419072
1331506930892877824
1331506941781282817
1331506953659494400
1331506969824403456
1331506996458246144
1331507034869669889
1331507093107585025
1331507161650761735
1331507190713241600
1331507217443512320
1331507327896313856
1331507370007162881
1331507404966653953
1331507443160010753
1331507487149862914
1331507555886108675
1331507588173860865
1331507633371701250
1331507647116349440
1331507660940783616
1331507714720231424
1331507788930019328
1331507828872372225
1331507916604583940
1331507921243410433
1331507925957963776
1331507932261969920
1331507939698487296
1331507942881959942
1331507975912124420
1331507997198209024
1331508109819453440
1331508120095498241
1331508124990267392
1331508127829794816
1331508135337586691
1331508147010285578
1331508177838481410
1331508193982287872
1331508216727998477
1331508302879068163
1331508343966474242
1331508361536409600
1331508613936984064
1331508624825475073
1331508666344890368
1331508678336376832
1331508724813402112
1331508849711386624
1331509013482180608
1331509025054351360
1331509080070959107
1331509086412738561
1331509133959376896
1331509156415762433
1331509175499722752
1331509202704076800
1331509273453617152
1331509352721739776
1331509354860847105
1331509435051745280
1331509524381962240
1331509613909381121
1331509666959011841
1331509675532181504
1331509684025569280
1331510204077383684
1331510262097178626
1331510316417626112
1331510443786072064
1331510444117417987
1331510446583672832
1331510497519218690
1331510639966244864
1331510698820722688
1331510714469666821
1331510888000524290
1331511177621499906
1331511194776047617
1331511229983100930
1331511260970618881
1331511392193613832
1331511400997531654
1331511413228105728
1331511452612632576
1331511464969064449
1331511609232142336
1331511672427737090
1331511706686812160
1331511715784237056
1331511788110753793
1331511806469300224
1331511983892541446
1331512149039050752
1331512245864554498
1331512338927718400
1331512350118121475
1331512388470910977
1331512426483871744
1331512553227362305
1331512554754088962
1331512673826201600
1331512693052862472
1331512698211864579
1331512770899095554
1331512914570829826
1331512915166367747
1331512949786243073
1331512949941428225
1331512958476636164
1331512998092034048
1331513044300685313
1331513109215911938
1331513145358168065
1331513191944302593
1331513254322040832
1331513315349180416
1331513430482841600
1331513598489858048
1331513691020402690
1331513704874176515
1331513732103606274
1331513851016335360
1331513897724092416
1331513950580699136
1331513983967367168
1331514006012616704
1331514058386845698
1331514080784478208
1331514085062676481
1331514114217283584
1331514197809750018
1331514235193581569
1331514270786449408
1331514277325377536
1331514281628737536
1331514413359259648
1331514449098891264
1331514459530072066
1331514583505317888
1331514680301543424
1331514779475861505
1331514900573777920
1331515054114660359
1331515073173577728
1331515077900587008
1331515090902855680
1331515116970455040
1331515120564973570
1331515205269008385
1331515420856168450
1331515467169558528
1331515467719172098
1331515468486643713
1331515488975908864
1331515548325326848
1331515714654572545
1331515718190260226
1331515728814616577
1331515797001428993
1331515880681967617
1331515888529453056
1331515958553403392
1331515966858158080
1331515971895504899
1331515977696153600
1331515985149521920
1331516161700270081
1331516232059719685
1331516256462233603
1331516351928786944
1331516390491238400
1331516393351737345
1331516404307210240
1331516538646650881
1331516592300158977
1331516598713192449
1331516630703149059
1331516635828674561
1331516736739430401
1331516874027388928
1331516891979010049
1331516952079192064
1331516958387413000
1331516976397750273
1331516987000967174
1331517008966508544
1331517052113326082
1331517086238117889
1331517462345560064
1331517463092211712
1331517473070452739
1331517602439557121
1331517631631908865
1331517636493053952
1331517740306272256
1331517749093408769
1331517856635293696
1331517879972474886
1331517909844316161
1331517943436488705
1331517949597933569
1331517983085064192
1331518019898540033
1331518047773986816
1331518053394296834
1331518088358080512
1331518116782694401
1331518192775213056
1331518221825011712
1331518240154116103
1331518275457572865
1331518276422299654
1331518284517269504
1331518367627403264
1331518367748984833
1331518422849646592
1331518473332207617
1331518566911373312
1331518596011470850
1331518692295847936
1331518695768723456
1331518752190566400
1331518791507996672
1331518794792046593
1331518819790172161
1331518988925460480
1331519003089653760
1331519036547616769
1331519128868450304
1331519161512701953
1331519171721572354
1331519237274415104
1331519241439252481
1331519254567464960
1331519256035536896
1331519263652384768
1331519282308636673
1331519299694059520
1331519301208051713
1331519508914130945
1331519560990793728
1331519622311538689
1331519645824806913
1331519682600448002
1331519701919420419
1331519717065027585
1331519792688328705
1331519799894155264
1331519805950750722
1331519852369088513
1331519872061288448
1331519930752249858
1331520032740925440
1331520130082349056
1331520198554361857
1331520217772683264
1331520237527818240
1331520428809056263
1331520442918711297
1331520481565028352
1331520513244622849
1331520545091948546
1331520619482128385
1331520635537817600
1331520729779736576
1331520731491012611
1331520778970533894
1331520851510841344
1331520951197069313
1331520974450274304
1331521031744450561
1331521066397798401
1331521070353047552
1331521099180494849
1331521108122750976
1331521113134927873
1331521119577370625
1331521132814536704
1331521140125282305
1331521155375755264
1331521160719327234
1331521216755150848
1331521268512907266
1331521269058203648
1331521552249188352
1331521557508874240
1331521559811514368
1331521685871267840
1331521769929383937
1331521849050755073
1331522030206902272
1331522154882621443
1331522183844294656
1331522200944447488
1331522265729691649
1331522277595234306
1331522388278865920
1331522403948761090
1331522522387542018
1331522568734601216
1331522684111491072
1331522808816472067
1331522851338399744
1331522946188398592
1331522959886999553
1331522959912169478
1331523017004953609
1331523019785854976
1331523022164029441
1331523022239444998
1331523024235978755
1331523065088409600
1331523091483287552
1331523100152881153
1331523150010601472
1331523185217581060
1331523241580621825
1331523261197398016
1331523268092841991
1331523377543180289
1331523415254200321
1331523464356917248
1331523510943043585
1331523519893491712
1331523639620014080
1331523715214028802
1331523847166758912
1331523857040240641
1331523858013237250
1331523907648679936
1331523915001319424
1331523932831297536
1331524048791154693
1331524063651622913
1331524067975966720
1331524081032843264
1331524159378223105
1331524244774248451
1331524266383331328
1331524281990307843
1331524302668173315
1331524306321481728
1331524337338343424
1331524469668646913
1331524578867200000
1331524705287811073
1331524777966788609
1331524829703499778
1331524865992634369
1331524913530867712
1331524970191740930
1331524989317681152
1331525083526000642
1331525098550026241
1331525114815459330
1331525202606514176
1331525229340930048
1331525281157406720
1331525325398929408
1331525340011896832
1331525461374021638
1331525461810294785
1331525468185616384
1331525475366281216
1331525539769823232
1331525540654747649
1331525603103821827
1331525630278635521
1331525641334820864
1331525646481289220
1331525740949614592
1331525780065689600
1331525784448581632
1331525792313073664
1331525840983760897
1331525869660217344
1331525879609118725
1331525904087052288
1331525946097201157
1331526024702648321
1331526057023991809
1331526072358330370
1331526079555776513
1331526106936119296
1331526119363842050
1331526175638781952
1331526263308169218
1331526287383552003
1331526308912885760
1331526359991070720
1331526395114221569
1331526523711578118
1331526549737115650
1331526554791374848
1331526599385042945
1331526702380560389
1331526732873142272
1331526740288675843
1331526753509134338
1331526773696245760
1331526790993629186
1331526791224119298
1331526791224127489
1331526794277777410
1331526797310255105
1331526799419973632
1331526802070769664
1331526820852879360
1331526834425647106
1331526880068046849
1331526968911728641
1331527126797922304
1331527178954174466
1331527210176540673
1331527279311282176
1331527334659284992
1331527361892937728
1331527461880946690
1331527467933331458
1331527539727212544
1331527566520438786
1331527616290021377
1331527629715988480
1331527707553886209
1331527708568907779
1331527757944283136
1331527813015498752
1331527936118124545
1331527945437982721
1331527967000973312
1331527967005171714
1331528035317784577
1331528049599205376
1331528049716723712
1331528112966930433
1331528122882207744
1331528152796033025
1331528171494264832
1331528226888421376
1331528317359583232
1331528332790423553
1331528384975867904
1331528427669688320
1331528447496216577
1331528462289481730
1331528564957720587
1331528565737861120
1331528627197009921
1331528710240014341
1331528760886177799
1331528840653500416
1331528868554022912
1331528897926717443
1331528941652340736
1331528994957783040
1331529059218690048
1331529068576182273
1331529114214391808
1331529147240345601
1331529190819078144
1331529231650729986
1331529249543626754
1331529307630542848
1331529307684884483
1331529326064521216
1331529331626086401
1331529340648124416
1331529372101185538
1331529438685753345
1331529441827287041
1331529653220241411
1331529669779349506
1331529739161493504
1331529794253713408
1331529880983523328
1331529914097553408
1331529953129730048
1331529977305690112
1331530065776140291
1331530118280437760
1331530122915176448
1331530141521022978
1331530205517770754
1331530294533500928
1331530417824993280
1331530544836980743
1331530566424924167
1331530574293594113
1331530588369645568
1331530588550025218
1331530615091556353
1331530649757421568
1331530714072879105
1331530758410936323
1331530817806462977
1331530836806610950
1331530844599627779
1331530851427946496
1331530907166142465
1331530945535631364
1331530955752927234
1331531069565280257
1331531079891578880
1331531080617246722
1331531082940858371
1331531083301588993
1331531222275731456
1331531328257466368
1331531369806241793
1331531399141216256
1331531413338861568
1331531415482200065
1331531455885942786
1331531478661025793
1331531482817499136
1331531539507802112
1331531746454728704
1331531799571345408
1331531986012409856
1331532035391971328
1331532078421323776
1331532088928067584
1331532089397702657
1331532089481564162
1331532131370209280
1331532133375094784
1331532176618295296
1331532202790842368
1331532220243320833
1331532285984825345
1331532394395029504
1331532414359842817
1331532581356101634
1331532603476779008
1331532706317004800
1331532762529017867
1331532798155509760
1331533063319408641
1331533106365550594
1331533106684301312
1331533334200029184
1331533407386480641
1331533417805193219
1331533424272826369
1331533509182230529
1331533559803338753
1331533604443328521
1331533647225171974
1331533757346680832
1331533766641201153
1331533787415633921
1331533814909243392
1331534031041798150
1331534340883353603
1331534340921036800
1331534342879907842
1331534356855271425
1331534357551583232
1331534364103110656
1331534378422464513
1331534379789774850
1331534406129954821
1331534410299170817
1331534563764482052
1331534601093787649
1331534640910360577
1331534658916454402
1331534673860825088
1331534742626439170
1331534777023913984
1331534790688989186
1331534811895386112
1331534814751694850
1331534844652818432
1331534855109287941
1331534860742250497
1331535030481514499
1331535061301260294
1331535068993609728
1331535142956003328
1331535143023075329
1331535163344494594
1331535207212720128
1331535333771669504
1331535485970374657
1331535489376149505
1331535544799596545
1331535552387145730
1331535610381819906
1331535628673101824
1331535660985925638
1331535804427100160
1331535804515180547
1331535944156147714
1331536011873185792
1331536025483698180
1331536053375819781
1331536079313383430
1331536135097606146
1331536241406439424
1331536255453175808
1331536265158778882
1331536361002766342
1331536379780747266
1331536384876814341
1331536502338293762
1331536514971561985
1331536533216702465
1331536539344572418
1331536543715094528
1331536605845327873
1331536611532808194
1331536689915957248
1331536718772789248
1331536780466802688
1331536788251418627
1331536791019589632
1331536835613503488
1331536851333746692
1331536934641000448
1331536956564639745
1331536991016640513
1331537016786472960
1331537060403027969
1331537122176561152
1331537185095430145
1331537251541594112
1331537302762479617
1331537346332921861
1331537370144006145
1331537417195622401
1331537529460428800
1331537530311888897
1331537576822501377
1331537616022462464
1331537679348092928
1331537710503383040
1331537722754936839
1331537744842149888
1331537800307544068
1331537953034788865
1331538005379543041
1331538012661014531
1331538083490254848
1331538117006819329
1331538117107412992
1331538117724028929
1331538129086459904
1331538133159079937
1331538147314896896
1331538178520518656
1331538180642893824
1331538187165061122
1331538187186016262
1331538188947566593
1331538198938456064
1331538222833397761
1331538237282770944
1331538250616463361
1331538268794580993
1331538327112126464
1331538366614167552
1331538383919849472
1331538386553892869
1331538413221195776
1331538465926811649
1331538502744420353
1331538570834825217
1331538585829470208
1331538631295717377
1331538635586478083
1331538685809090560
1331538795649507331
1331538809297756161
1331538831707959296
1331538874481434624
1331538948158590981
1331539120963858432
1331539235673944064
1331539386610167808
1331539423176101888
1331539464456429572
1331539492503773186
1331539635315478528
1331539641565126656
1331539678382727169
1331539681977257985
1331539726235525125
1331539912227741696
1331539925444009984
1331539986492100608
1331540072571736064
1331540139026378753
1331540168273227779
1331540225500344320
1331540252289343498
1331540393176010753
1331540457713786880
1331540485559693314
1331540535060914176
1331540573564579847
1331540637737431041
1331540651670900744
1331540673724633090
1331540679613419523
1331540757094731777
1331540776912871424
1331540895213096960
1331540916868411393
1331540936262897665
1331540940239089665
1331541068463153153
1331541157659217920
1331541306678644736
1331541313616027650
1331541346935590915
1331541377159737346
1331541395962793984
1331541403290185730
1331541662183673856
1331541676553347072
1331541699437457408
1331541833281908736
1331541890508988418
1331541898230714379
1331541903851085824
1331541914714304513
1331541926722609152
1331541945240465408
1331541977142321152
1331542060030173185
1331542217786335233
1331542351752400898
1331542392432963584
1331542429091160071
1331542527149740035
1331542560662286343
1331542599086329857
1331542607693029378
1331542631969660929
1331542761829527554
1331542780838105089
1331542784931753985
1331542811620085760
1331542825742315521
1331542892716896256
1331542963290316803
1331543017094832128
1331543112888496130
1331543149089599489
1331543156576444417
1331543161886400512
1331543168127471616
1331543229116899329
1331543388202668032
1331543428564455424
1331543444821520385
1331543594117832704
1331543605484326912
1331543702410588160
1331543759201464326
1331543863778045957
1331543908258615296
1331543991658164224
1331544012688388097
1331544149514997760
1331544179646803969
1331544295736807430
1331544346202664961
1331544355023302658
1331544424636182532
1331544437273538560
1331544633424433152
1331544711631433729
1331544804916944896
1331544850664132608
1331544997607448577
1331545001789173761
1331545148795318273
1331545186703462402
1331545284967620608
1331545311920140288
1331545340470767616
1331545418816249857
1331545425384452099
1331545457508671490
1331545477611970560
1331545508448509955
1331545515792740354
1331545539603783680
1331545569794404364
1331545572931756032
1331545583585202177
1331545590338101248
1331545630725038084
1331545641516986369
1331545647720312832
1331545666355482626
1331545673888567296
1331545693421522950
1331545703227797508
1331545715621900289
1331545733850394624
1331545776879759365
1331545917120458753
1331545917434916865
1331546043419406337
1331546043914342400
1331546044363104258
1331546054483873793
1331546055096283136
1331546089862930432
1331546216627396612
1331546286659686401
1331546349247078401
1331546385309687808
1331546440162750464
1331546478251225088
1331546619116986368
1331546625446195203
1331546636921737216
1331546644463153153
1331546669670920192
1331546696279597056
1331546777946894337
1331546827464773632
1331546841037606915
1331546893646782464
1331546937091362821
1331546968942895104
1331547005424963584
1331547011963887617
1331547014035804162
1331547164137426946
1331547180642017280
1331547191765331968
1331547237386776577
1331547388725633025
1331547527951360000
1331547528538566660
1331547545533902848
1331547557898686464
1331547647270907906
1331547777814425607
1331547824996147201
1331547930319233024
1331547954956685312
1331548003698692103
1331548038523998210
1331548065971331080
1331548182426206210
1331548196817006593
1331548271039406081
1331548335010930688
1331548360017375232
1331548374718439424
1331548388987445250
1331548396486881280
1331548539122573313
1331548540036853760
1331548789786677250
1331548810133327873
1331548830123384835
1331548845478653952
1331548850843246593
1331548960620687361
1331549007886376961
1331549226120130560
1331549256570843136
1331549324183035904
1331549360807686144
1331549394106265601
1331549406622081025
1331549418559074304
1331549440453144576
1331549447231320064
1331549485969911811
1331549512792502275
1331549550604120065
1331549558262915073
1331549641079463936
1331549644887875589
1331549692082102272
1331549709547102210
1331549719588376578
1331549741801476097
1331549841722380289
1331549867991310338
1331549870113644544
1331549953378766848
1331549964045004807
1331550078775988225
1331550145113153538
1331550164620861440
1331550214793080832
1331550228806307840
1331550271164600320
1331550335215808513
1331550515373748226
1331550528468357121
1331550661784301568
1331550698840928256
1331550710115291136
1331550744751857664
1331550754100948994
1331550767350734849
1331550778385895424
1331550883432325123
1331550961106612224
1331551000495271937
1331551026059628545
1331551041641455621
1331551135413526530
1331551209858195458
1331551212861353984
1331551228577406981
1331551274479853568
1331551289147338752
1331551323158876160
1331551361255825408
1331551569943404544
1331551589224443904
1331551670774484992
1331551748239056897
1331551811006816256
1331551860457697283
1331551907412905984
1331551914887176193
1331551957022961664
1331552016347377666
1331552041056006147
1331552237307514882
1331552359139467266
1331552364852113416
1331552499384406017
1331552554828914688
1331552582364442624
1331552758919548931
1331552815248969728
1331552995235012610
1331553087065034752
1331553101401165825
1331553119252189188
1331553176328302592
1331553192170172423
1331553216228634625
1331553216941744129
1331553219114274816
1331553222172028929
1331553222759215104
1331553223438548994
1331553223954423810
1331553225175150598
1331553243017711616
1331553264999993344
1331553283551399936
1331553289293484032
1331553315113603072
1331553343068581888
1331553343420895232
1331553352329490432
1331553353289986048
1331553364677713920
1331553470306988034
1331553487499522054
1331553497251258370
1331553542721703936
1331553559381413888
1331553572866154496
1331553585369391104
1331553592659091456
1331553612607201280
1331553651790376968
1331553670111125505
1331553717708058626
1331553802252595201
1331553823853338624
1331553860599640065
1331553868447166464
1331553920070660096
1331553930464124928
1331553984872583170
1331554050278612992
1331554128766623744
1331554200182992898
1331554203806863360
1331554287424581637
1331554315014709248
1331554319607459844
1331554357624520706
1331554435202502659
1331554437924589568
1331554473798479872
1331554506321108996
1331554506857910274
1331554513757548546
1331554551162306560
1331554566333214722
1331554672793055234
1331554733253824512
1331554733702705152
1331554896617861120
1331554899365072896
1331554928679116801
1331554943136837639
1331555027937333248
1331555028029632513
1331555069649506310
1331555133382070274
1331555180819656706
1331555201187246082
1331555329491021825
1331555354732339202
1331555355533438977
1331555400911638529
1331555402895552514
1331555468691582977
1331555517513293826
1331555534856708097
1331555543136280577
1331555628788158465
1331555755489718272
1331555772623245313
1331555778168320000
1331555778189209600
1331555778356981761
1331555795134263296
1331555955671248896
1331555991662567424
1331556045412569091
1331556046448553986
1331556196860395520
1331556245095002112
1331556255291367426
1331556265399627776
1331556387244085248
1331556409297793025
1331556435189256193
1331556468781441026
1331556472136863744
1331556575308369922
1331556653884469249
1331556738772971520
1331556798491480064
1331556884197896192
1331556929013944320
1331556955261972487
1331556990095560707
1331556997259436033
1331557004373094403
1331557014925946883
1331557020349198337
1331557031065624576
1331557032227434498
1331557033527685120
1331557259713896449
1331557261693607936
1331557375338229760
1331557395944890368
1331557400181137408
1331557409916145664
1331557473728258048
1331557487607226368
1331557542561001475
1331557564526579712
1331557571547828229
1331557592053780480
1331557650321059842
1331557671997231105
1331557686840791040
1331557743078100995
1331557756445224963
1331557817401155584
1331557828381782016
1331557895675252742
1331557941921636355
1331558029184163840
1331558030962528258
1331558036805201920
1331558177779949571
1331558244725252099
1331558246935564289
1331558272759947267
1331558304603140097
1331558310835855360
1331558356788654081
1331558361410760704
1331558436748865538
1331558472840830979
1331558500162408451
1331558572623335424
1331558770233708544
1331558815117021185
1331558820322144256
1331558866451042310
1331558912475230209
1331558913402134530
1331559024408616961
1331559085632872453
1331559095489486852
1331559122941120513
1331559131963142146
1331559173201530882
1331559235772149762
1331559301283016705
1331559314285355008
1331559325068832769
1331559334359216130
1331559390911062017
1331559524889661442
1331559564102299651
1331559566262358023
1331559604342448128
1331559606301175812
1331559728430845959
1331559765009453056
1331559954529067009
1331560055666323459
1331560140731015168
1331560171190046720
1331560175740837890
1331560185656188929
1331560199782608896
1331560247627042818
1331560264601399297
1331560315687997441
1331560321136422913
1331560349141786625
1331560351792566273
1331560408931577856
1331560462962610176
1331560560488542211
1331560561549701120
1331560700355948544
1331560708367069190
1331560767317897220
1331560767498248192
1331560772539920390
1331560777526992899
1331560792286777344
1331560793251459073
1331560807067508738
1331560852252733440
1331560873673052161
1331560874209812482
1331560881298268162
1331560934905667584
1331560993214910466
1331561016795172866
1331561068095795201
1331561089407078403
1331561153340772353
1331561192876339201
1331561215416561664
1331561224790740994
1331561255031730176
1331561329849733121
1331561396774072321
1331561405896667136
1331561454433165313
1331561529712414725
1331561551271178240
1331561591079391233
1331561618522611720
1331561622427594752
1331561724210769923
1331561792833794048
1331561810458271744
1331561941173760000
1331561973180461061
1331562031070261248
1331562038557028352
1331562149789962242
1331562190411886592
1331562198389420032
1331562238180790273
1331562297739907073
1331562307411963905
1331562318958899201
1331562354363011074
1331562417210454017
1331562420314271745
1331562440539185159
1331562504376430596
1331562520298065920
1331562535955406848
1331562570000572417
1331562582394724352
1331562590233833477
1331562611104747522
1331562704444723201
1331562746668838913
1331562793359863808
1331562973622657024
1331563141688332288
1331563154984366082
1331563177629388800
1331563178438893568
1331563231215820802
1331563291802558465
1331563301411696644
1331563305643761665
1331563323058479112
1331563328133468163
1331563636163289088
1331563658791489537
1331563672410468357
1331563707420340225
1331563794791682049
1331563908730118144
1331564040829734915
1331564126984957954
1331564175181680642
1331564199072440320
1331564272594391040
1331564300499111939
1331564539784081409
1331564547811917824
1331564572382294018
1331564574676574209
1331564616862883840
1331564643836436481
1331564698211332097
1331564799994585088
1331564823931338752
1331564842415689730
1331564842562564099
1331564847717347329
1331565032644161536
1331565040751742977
1331565043398307840
1331565105239236608
1331565158137794560
1331565242174812161
1331565244020355076
1331565259103088648
1331565284541554690
1331565379836055553
1331565383803936769
1331565395636064256
1331565438120075265
1331565465060208641
1331565546534420480
1331565566604275712
1331565591979823104
1331565594878021634
1331565698565480454
1331565771118546946
1331565798100512776
1331565811622821889
1331565888173203457
1331566095170482177
1331566096730746880
1331566128267730944
1331566145657319425
1331566155480387587
1331566166960029702
1331566210039812097
1331566221951635457
1331566225642692609
1331566232747827201
1331566282454536199
1331566319087587329
1331566457587724288
1331566541960310784
1331566553171636224
1331566567427952640
1331566568736583681
1331566627427643392
1331566639977013250
1331566813713485826
1331566960761597952
1331567056295141376
1331567212767965185
1331567224721698818
1331567251246501897
1331567255071633409
1331567308020576257
1331567315197030403
1331567328312451075
1331567332355837953
1331567371857825792
1331567394330996736
1331567421442953221
1331567444473704450
1331567444603842560
1331567445685923841
1331567460596789250
1331567544247914496
1331567562468028416
1331567565160800261
1331567611683934209
1331567634480033793
1331567642805743616
1331567643782942722
1331567792970211328
1331567795939766279
1331567861400297475
1331567869113593856
1331567907000692738
1331568023568863234
1331568044934656002
1331568098323918849
1331568130670424065
1331568276883857409
1331568300409622528
1331568320340955142
1331568348719685632
1331568369531805697
1331568394236256257
1331568453120036865
1331568566848659459
1331568623631147014
1331568681369931776
1331568690664509440
1331568728497156096
1331568728836804609
1331568749233762305
1331568786923720704
1331568787787812865
1331568822311129088
1331568904179769344
1331568938078117897
1331568951982219267
1331569037244067846
1331569078033637378
1331569114951856128
1331569139882848260
1331569287505584129
1331569342501285888
1331569376928129025
1331569391608205313
1331569438777339905
1331569502174277632
1331569504363671555
1331569524307619840
1331569587398316037
1331569605131853824
1331569653575987207
1331569686711046145
1331569881360293893
1331569975828639746
1331569993113346048
1331570032694988804
1331570099749269506
1331570215864455168
1331570223342882816
1331570261108404224
1331570328200376321
1331570457091452929
1331570652030054401
1331570672330547202
1331570716995710976
1331570748847218688
1331570760008216576
1331570762944290816
1331570791905947648
1331570805893894146
1331570841788755974
1331570944230514689
1331571028678619138
1331571070265155586
1331571255485616130
1331571278290022401
1331571315736784897
1331571345017221121
1331571362490707968
1331571602010513411
1331571604480876553
1331571619492466688
1331571706561957893
1331571726367547392
1331571812107481088
1331571825441173504
1331571893095321603
1331571970601857024
1331572097978658816
1331572103028633600
1331572122754420736
1331572185530511362
1331572189943001089
1331572220636880898
1331572270385467395
1331572291243798528
1331572338966540291
1331572341210554369
1331572359229186056
1331572361586376705
1331572408017432584
1331572444327530497
1331572461918429193
1331572584517951489
1331572586959024129
1331572603992072192
1331572728999063555
1331572730722807811
1331572730949296128
1331572871953571841
1331572917646336006
1331572947719516171
1331572961837527041
1331572979487154177
1331573112593387520
1331573121611075584
1331573162631376897
1331573228356177922
1331573343212941312
1331573357427482626
1331573395214004228
1331573407239053318
1331573419549265926
1331573450750701571
1331573455012106240
1331573524943745024
1331573545290375168
1331573573178232836
1331573592417513474
1331573594447601666
1331573724835966977
1331573808004812804
1331573888816386054
1331573913797742593
1331573952301424641
1331573959935086592
1331573968986370050
1331574008911900675
1331574059260383233
1331574103040430081
1331574168085815296
1331574199912177665
1331574324436799488
1331574377905860609
1331574401419108353
1331574558395158530
1331574735780646912
1331574805594853383
1331574808434405383
1331574906316787719
1331574959748096001
1331575022717112326
1331575125616046087
1331575165533237254
1331575219140620297
1331575250211880960
1331575327353692160
1331575406693068801
1331575429732446210
1331575476901515266
1331575535160451072
1331575538192953347
1331575549748269059
1331575558073966592
1331575612738252800
1331575622997598211
1331575633269415938
1331575734381502469
1331575737254621187
1331575747518074880
1331575778186850305
1331575815956361216
1331575830271713280
1331575864375513095
1331575864442630145
1331575872562802689
1331575889872760833
1331575903365832705
1331575904833843200
1331575922810564609
1331575924643520515
1331575956511870977
1331575998467493889
1331576013638283266
1331576058060152833
1331576059217711106
1331576081271447552
1331576142680240128
1331576143460315136
1331576205208932355
1331576210321776643
1331576244199157760
1331576255733501955
1331576294069444608
1331576384075010048
1331576392660684801
1331576406262812680
1331576437632077825
1331576619601956867
1331576656574738437
1331576749621121024
1331576765169463297
1331577024943689730
1331577123056746497
1331577123971198978
1331577144556875777
1331577185082150912
1331577189058433025
1331577229290184706
1331577337998172160
1331577361477857285
1331577542696972288
1331577616462209025
1331577681129988097
1331577730979262467
1331577739476938753
1331577786151137283
1331577853356503042
1331577860491010050
1331577916090703872
1331577919928492032
1331577944574218240
1331578000920506371
1331578072617914370
1331578077835620354
1331578095850164226
1331578282853208066
1331578288158990337
1331578308186804224
1331578347973988353
1331578380261711875
1331578396493615107
1331578420866781184
1331578450193354752
1331578472230219779
1331578480123895808
1331578506745090049
1331578537111916553
1331578542417711104
1331578579155623936
1331578660906819587
1331578731018805251
1331578770290069505
1331578811297755137
1331578932035022848
1331579193793064961
1331579213623783426
1331579213749645315
1331579230254223360
1331579289377058816
1331579307479748610
1331579395014860802
1331579407673274369
1331579454171328513
1331579524115542019
1331579543929430017
1331579590943313920
1331579617233301507
1331579643632242692
1331579704869064704
1331579824805203968
1331579851392868354
1331579852286255104
1331579853062213633
1331579862621020162
1331579872179871745
1331579914986917888
1331579952681136128
1331579979101057024
1331579980078264323
1331580072432693249
1331580085283983365
1331580100404457473
1331580124257513472
1331580398166564870
1331580425840386055
1331580530719125507
1331580688416567297
1331580728472121346
1331580870432595974
1331580915361918978
1331580917740154883
1331580927554752513
1331580943837106176
1331580960962437121
1331580988942594048
1331581065228587009
1331581078994292742
1331581107981213696
1331581114750787586
1331581132698169344
1331581182367178753
1331581208338329602
1331581224054386688
1331581284498370560
1331581285672751111
1331581331516612609
1331581438014185472
1331581495690014722
1331581585104261126
1331581589789274112
1331581611830243328
1331581668768026624
1331581687432671233
1331581813169541120
1331581836603125760
1331581931650211841
1331582006828937216
1331582009081294850
1331582080954863619
1331582090144583680
1331582113016127492
1331582122277081088
1331582125502566401
1331582344344592384
1331582348631138310
1331582351579750401
1331582428696121344
1331582489186480129
1331582545952116739
1331582607025434627
1331582636901490689
1331582683173031938
1331582708661841921
1331582917227778050
1331582988010844163
1331583018188894208
1331583250100330497
1331583272204316675
1331583318954045445
1331583357642280964
1331583380673191937
1331583417436282881
1331583419223060482
1331583421295038464
1331583422276509697
1331583423035494402
1331583427414544388
1331583432254742530
1331583500923904005
1331583501095886848
1331583513422913536
1331583520523870209
1331583528560173061
1331583567797907457
1331583577943924737
1331583679789981697
1331583743472054273
1331583787831013377
1331583826804547584
1331583845687234560
1331583879732473857
1331583883209424899
1331583930789728257
1331584004898820096
1331584117658542082
1331584123169804291
1331584306381082625
1331584310495895552
1331584341328191488
1331584346722070528
1331584454670901257
1331584513407922181
1331584595503034368
1331584676369199104
1331584690491453441
1331584728529588226
1331584742446206977
1331584793130262531
1331584801204264960
1331584831311011840
1331584918888050690
1331584943860965377
1331585155102892036
1331585172865691649
1331585187801608194
1331585221096042497
1331585272912470016
1331585285185007619
1331585313941155843
1331585366885871616
1331585464067887104
1331585476055142403
1331585519847923712
1331585568707317760
1331585742141845505
1331585786660220928
1331585874614685699
1331585884425220100
1331585931162255361
1331585941631365124
1331585941857841152
1331585944416378880
1331585944462495750
1331585954474315778
1331585992176840706
1331586052973355010
1331586167683358721
1331586227733192704
1331586353210023944
1331586363876110342
1331586431479934977
1331586614750011392
1331586686019461122
1331586719922130945
1331586765476556801
1331586792492048385
1331586957663678465
1331587040954224640
1331587061816635393
1331587075632750593
1331587172936409091
1331587202556506112
1331587207983992833
1331587208336302083
1331587208357220352
1331587209452023816
1331587275667484673
1331587289751969792
1331587306445266945
1331587330218594316
1331587553443672066
1331587558783000581
1331587596166832128
1331587646112587776
1331587800957931523
1331587804883808260
1331587826811453441
1331587848823328771
1331587876719636481
1331587940905086976
1331588023457370112
1331588051999526913
1331588167552692224
1331588190151581696
1331588257008791553
1331588275841142789
1331588316697804800
1331588377225912321
1331588435728011264
1331588473921351681
1331588475632701441
1331588507115122688
1331588613440753664
1331588638430388226
1331588679140339717
1331588699012952064
1331588700489310211
1331588706575200260
1331588881049935872
1331588895201513474
1331588935001235456
1331588950918631424
1331589042715168768
1331589072968675328
1331589122536910848
1331589131181432837
1331589311985299458
1331589338799484929
1331589387549859844
1331589404700385280
1331589475592499201
1331589508488437761
1331589508530384896
1331589578919129090
1331589619654209536
1331589650780196865
1331589678017949700
1331589712167964677
1331589801741611013
1331589870377164808
1331589871723491330
1331590101315547142
1331590108005404673
1331590113109942273
1331590242206437377
1331590382543663105
1331590563397857280
1331590607475765248
1331590865081552896
1331590885142900743
1331590966025732101
1331590966751363077
1331590967103692801
1331590972606734336
1331590997076307993
1331591004923842562
1331591051438645249
1331591088621170691
1331591115494055937
1331591196272103427
1331591209849131008
1331591226735226881
1331591295333249028
1331591382570512385
1331591403697299458
1331591426166099968
1331591447473246209
1331591462270668800
1331591481040269314
1331591494097117186
1331591505341976579
1331591870770786305
1331591899627577346
1331591901930283010
1331591943952928769
1331591976412729347
1331592007832231941
1331592056595156993
1331592087834398721
1331592101637853184
1331592111431553028
1331592150811889666
1331592187285540865
1331592252263690243
1331592256650964995
1331592278796800001
1331592360162070529
1331592428323745798
1331592548629049344
1331592840082821122
1331592863076020227
1331592895950954504
1331592939504619522
1331593149970599937
1331593166777061377
1331593169729949697
1331593291373154306
1331593388878143490
1331593407085555712
1331593484134993921
1331593492112568322
1331593500853481474
1331593562161602562
1331593572475400194
1331593637478723585
1331593824322326528
1331593829422673921
1331593848758415362
1331593857058955264
1331593940173197317
1331593979113181186
1331594122172526598
1331594143102070785
1331594166346919937
1331594274803224579
1331594327747928067
1331594390960214018
1331594497801809921
1331594522262958082
1331594698994151425
1331594738882007042
1331594745542569984
1331594757613760513
1331594760000331779
1331594786189561856
1331594805735002114
1331594906800971776
1331594989235793924
1331595015936757762
1331595017148911617
1331595034894929922
1331595075709759495
1331595140679536640
1331595231037431808
1331595245910433795
1331595391381463042
1331595478442586112
1331595521459359746
1331595557417218048
1331595596369629186
1331595597594456064
1331595980043677696
1331596007793188865
1331596008988553217
1331596153041940481
1331596180376182784
1331596217156046849
1331596233748738049
1331596328690982913
1331596418059022336
1331596460316626944
1331596470911438850
1331596645583245312
1331596684334424070
1331596707398905856
1331596763564630021
1331596765540192256
1331596768010670082
1331596909358813184
1331596975058411528
1331596986101936131
1331596995606306817
1331597048395730946
1331597119002701825
1331597126757978113
1331597161797185536
1331597200028299264
1331597265329410050
1331597278784712704
1331597292512698373
1331597297310896129
1331597297679994882
1331597374687424515
1331597388859977728
1331597396397191169
1331597551380869122
1331597713654358017
1331597746202169350
1331597933603598336
1331598025395986434
1331598119679700997
1331598345635323904
1331598405290909696
1331598420490948608
1331598523645779970
1331598641388249088
1331598655443361793
1331598658379329536
1331598664771514369
1331598669020360704
1331598679527071747
1331598738780004353
1331598842396102656
1331598864483282946
1331598984125820928
1331599061955260419
1331599117802475520
1331599195850076161
1331599199343947776
1331599203815010307
1331599225310883842
1331599390478397447
1331599493888954374
1331599631877287945
1331599645877936129
1331599738131652615
1331599741239648256
1331599801432084480
1331599841043091461
1331599919598198787
1331599980365221891
1331600026531926026
1331600033104453633
1331600151266422785
1331600228772945921
1331600355789049856
1331600369449889793
1331600492863033351
1331600517890519042
1331600526182649858
1331600583153872896
1331600895897972738
1331601008217174017
1331601040723087360
1331601051330469888
1331601098583515136
1331601123636031494
1331601299318714372
1331601313604521985
1331601346072600576
1331601411134656512
1331601453400662017
1331601507582685185
1331601533780307968
1331601607746859009
1331601631117537282
1331601704379437059
1331601727708131329
1331601751284314112
1331601801930543104
1331601803562024962
1331601859191205888
1331601998316232704
1331602067748753409
1331602077546639362
1331602154797330433
1331602289031692288
1331602296711639041
1331602308363325443
1331602324771532801
1331602337400557573
1331602499820793856
1331602521975033857
1331602653340708866
1331602671057457153
1331602792658706435
1331602849327931392
1331602863664082944
1331602884123832324
1331602894831964160
1331602904327839760
1331603003825065985
1331603053397610496
1331603177096040450
1331603178551390209
1331603263725121539
1331603298089046023
1331603374215753728
1331603433837764608
1331603477064282112
1331603915591344135
1331603969400070145
1331604054292754432
1331604143031652358
1331604297826639876
1331604444295868419
1331604446376235009
1331604465972031489
1331604526542041094
1331604535136169987
1331604635279368196
1331604681748078594
1331604703877210113
1331604800333602816
1331604801776476166
1331604805303853056
1331604890850881536
1331604915458887684
1331604978876772353
1331605056253259777
1331605139187183617
1331605199488757763
1331605261803524097
1331605276261109761
1331605424446042122
1331605437716844549
1331605453411938306
1331605532977848326
1331605699613380609
1331605735956951040
1331605829053796354
1331605857000435714
1331605866563444738
1331605979721588737
1331605995651469313
1331606017856188417
1331606065503494144
1331606099087208450
1331606100681105410
1331606122227257344
1331606123342868480
1331606183510241280
1331606199188525056
1331606211008077824
1331606315295256576
1331606352133824512
1331606547047342080
1331606555876265986
1331606579666272256
1331606586347954179
1331606607340457987
1331606609404063749
1331606627271766019
1331606655067414529
1331606671819411456
1331606902728503298
1331607224939114496
1331607316467159042
1331607324696436741
1331607326562902017
1331607334162935808
1331607349283475465
1331607485006942210
1331607513893113856
1331607595921117189
1331607703844687872
1331607777354141696
1331607828876976131
1331607933772328960
1331608085308321792
1331608135388323845
1331608292074934274
1331608347880148992
1331608357166338049
1331608426691108867
1331608427899080704
1331608507674742785
1331608613329178625
1331608660489940992
1331608708414050305
1331608831785193474
1331608849414057984
1331608936449978370
1331608989130481669
1331609065756250114
1331609210593939457
1331609249747791872
1331609255430983680
1331609432959094784
1331609595387711488
1331609618099920897
1331609629533614080
1331609683451408387
1331609738358960129
1331609765739376640
1331609894529675265
1331609976633241603
1331610043465277443
1331610105830395904
1331610220246786054
1331610311279996932
1331610332335382539
1331610353004933121
1331610496185856004
1331610518457606144
1331610565844799492
1331610609947906051
1331610624854552581
1331610655372300294
1331610683729989633
1331610713140432896
1331610771663548418
1331610856740827140
1331610860884783109
1331610882388987905
1331610892316905472
1331610990534864900
1331611072743268355
1331611103877586944
1331611110118715393
1331611126631632899
1331611142561681409
1331611169589760006
1331611348342599682
1331611359231008774
1331611362338992131
1331611401538973696
1331611404621787137
1331611566551261185
1331611616668999682
1331611655109824513
1331611701754679297
1331611731467116546
1331611752665124864
1331611798278205440
1331611829659967488
1331611830968602626
1331611843341807618
1331611912229036034
1331611917635489792
1331612103442984962
1331612148833923079
1331612224830500867
1331612270426779648
1331612339293069312
1331612354958688257
1331612354971267072
1331612365473804288
1331612392527114241
1331612439448875010
1331612612623216642
1331612617341853696
1331612618256158720
1331612656067878912
1331612742495551491
1331612848179601409
1331612848766717956
1331612877027946498
1331612886083530759
1331613030988324864
1331613231757012994
1331613345607282688
1331613467288219648
1331613478151450626
1331613498095308804
1331613620275441665
1331613621240160256
1331613621932134408
1331613622011740162
1331613622338990080
1331613667780079617
1331613715557388293
1331613759304069122
1331613767998840833
1331613810768175117
1331613822663221248
1331613844431581184
1331613865319178241
1331613881433808896
1331613904280162307
1331613939931766784
1331613955245158403
1331613970273349635
1331614002649194496
1331614072471769091
1331614083943182339
1331614139593199618
1331614325769990145
1331614375577231364
1331614377984872448
1331614516732420099
1331614519358070786
1331614558193143808
1331614610798104579
1331614616724656128
1331614619996200963
1331614620294012928
1331614626748960769
1331614677407772673
1331614746966188032
1331614759502876673
1331614795632685058
1331614797549473798
1331614817615048704
1331614870421327874
1331614871989850114
1331614872057106436
1331614881276186629
1331614947172884480
1331615055075536898
1331615061887094784
1331615083819102208
1331615102206955522
1331615240954519552
1331615342054023171
1331615385884512259
1331615386681348097
1331615469871230981
1331615485985689600
1331615516092489735
1331615757369806848
1331616039675813894
1331616064946532353
1331616149730189316
1331616218097266688
1331616233016479746
1331616250976489472
1331616381847015425
1331616688975056907
1331616700077371392
1331616708411478017
1331616772047462409
1331616837084319744
1331616849751052290
1331616859527974913
1331616986313482243
1331617006378999814
1331617064625336320
1331617153963978752
1331617287925878786
1331617372864655365
1331617390745018370
1331617394012413953
1331617409346772995
1331617494528897027
1331617513034178560
1331617810456457216
1331617891352006658
1331617929096523778
1331617979704938500
1331618019894833152
1331618041910734855
1331618090682109954
1331618096063389696
1331618121208246272
1331618153391075328
1331618173666406401
1331618175667101696
1331618237335937025
1331618245317713925
1331618333813317635
1331618357657948166
1331618414251679747
1331618491795902470
1331618504425037825
1331618532338126848
1331618574826434561
1331618596674555905
1331618632665866240
1331618741428346881
1331619185231884288
1331619248851054594
1331619250189045761
1331619344313430017
1331619622802567173
1331619662396854272
1331619831548882944
1331619904735252485
1331619936318468099
1331619956308455424
1331619992891174919
1331619998226321411
1331620098902282241
1331620156410392576
1331620182205272065
1331620445808943105
1331620455741054977
1331620561563344898
1331620596854251522
1331620642916081669
1331620842023817217
1331620860793417729
1331620932868313091
1331621093128499200
1331621107191984132
1331621133318283264
1331621162908958722
1331621163324350466
1331621163446005762
1331621163777273866
1331621165480206336
1331621200984989696
1331621204017471490
1331621205942693889
1331621208643788802
1331621209172271104
1331621216663310339
1331621231787913216
1331621509429923843
1331621569756622848
1331621589281107978
1331621682809802753
1331621719786868738
1331621781602492416
1331621792776138756
1331621806445359104
1331621896312524801
1331621902444613636
1331621925521645568
1331622024171679746
1331622087581110276
1331622144447553536
1331622176101949445
1331622260856254464
1331622280938532865
1331622343215616001
1331622451030200325
1331622456747044865
1331622499310768129
1331622511948206084
1331622517958733827
1331622794128453638
1331622930262921217
1331622933605838849
1331622940224401412
1331622948067799040
1331623027457581058
1331623073397825536
1331623141278412801
1331623146118651905
1331623343783628805
1331623406953959426
1331623478009729024
1331623502135308289
1331623559920279556
1331623562474446854
1331623574847811586
1331623695530471430
1331623708994260992
1331623715449270274
1331623751708971010
1331623914137595904
1331623931199975427
1331623941878628353
1331623950569320451
1331624182874980352
1331624246460772353
1331624346738192384
1331624515273691137
1331624544667373581
1331624596991307777
1331624708102557696
1331624813660692481
1331624866181734402
1331624951770648576
1331624954849349635
1331624965515468803
1331625020712431616
1331625030657191936
1331625040748613632
1331625066824671232
1331625242419220480
1331625293996552192
1331625330621239297
1331625367879245827
1331625378167877634
1331625386933952513
1331625388183785472
1331625502268854280
1331625741516148739
1331625755521003520
1331625887305961473
1331625966070865922
1331626152415387651
1331626192580055050
1331626203502047232
1331626210355531776
1331626242098032646
1331626269960773632
1331626280878530561
1331626621661483009
1331626791522488324
1331626805858590720
1331626838175621120
1331626862678831113
1331627072914132994
1331627097849262089
1331627129424011265
1331627312266276871
1331627337725726721
1331627372722970624
1331627540570660867
1331627566269165568
1331627632962756614
1331627657683939332
1331627696074448896
1331627707898224643
1331627718597861376
1331627823711260674
1331627865830551553
1331627925733511169
1331627929357398017
1331627943714574341
1331627975046033409
1331627987591188480
1331628010030690306
1331628021195870218
1331628189152669702
1331628215241224194
1331628307603988481
1331628382476439555
1331628461039861760
1331628468619112450
1331628509295505408
1331628582305665027
1331628624089403400
1331628661171249154
1331628665122287618
1331628716087132167
1331628718813446144
1331628718956097536
1331628719161499655
1331628719442595844
1331628722336669697
1331628751600439300
1331628774337642496
1331628834274353152
1331628850829254663
1331628868973834242
1331628891283320835
1331628896387731458
1331628905221021698
1331628914163257349
1331628921469755394
1331628933746397185
1331629161753047041
1331629200193810433
1331629315893714946
1331629338018656257
1331629385959563264
1331629474945900544
1331629568273289216
1331629582332678146
1331629606093299714
1331629681481838593
1331629701840908288
1331629803615768579
1331629843373551623
1331629971475890177
1331629977222213633
1331630004896149505
1331630184827658243
1331630235104624641
1331630259876278275
1331630293246234626
1331630491771019266
1331630580849647619
1331630645949460483
1331630738718957568
1331630739922825225
1331630928112852992
1331631220938125312
1331631227661672448
1331631264579915778
1331631266911883264
1331631271987056640
1331631286465794054
1331631466980237312
1331631525910245379
1331631526681907200
1331631527478882307
1331631565244420098
1331631690465337347
1331631707397758989
1331631743632334848
1331631827518361600
1331631862196920322
1331631883466235905
1331632037216874499
1331632094179713024
1331632311515885572
1331632351688990723
1331632411935989764
1331632439593230336
1331632487630561280
1331632491103363072
1331632491526905856
1331632491963138048
1331632508618870786
1331632648003981314
1331632678299381763
1331632720313724931
1331632731881672705
1331632739330760704
1331632804581531654
1331633095531966468
1331633198409928704
1331633242387181568
1331633242655494145
1331633354899329026
1331633412155842560
1331633494317883397
1331633541415899138
1331633621183172611
1331633887114637316
1331633943452524548
1331633947198042112
1331634073652109314
1331634110805258241
1331634187363880965
1331634226337345544
1331634228602286080
1331634230883983361
1331634301285371909
1331634451319689219
1331634458999611396
1331634484190568450
1331634591971635201
1331634636770959361
1331634752697241601
1331634764084891650
1331634771244544004
1331634772762877954
1331634795944751104
1331634865670934528
1331634876890697728
1331634893479153664
1331634923090931718
1331634940686045184
1331634957551276044
1331635152557121539
1331635217141035015
1331635266314932225
1331635440714178561
1331635513082716167
1331635519617437698
1331635867111333892
1331635882206617602
1331635890964271105
1331635961411866624
1331635967032254465
1331636025731461123
1331636082719526920
1331636083084365825
1331636108153667584
1331636160653897733
1331636171064152066
1331636190093643776
1331636215393742848
1331636350760566786
1331636362144083968
1331636367634407425
1331636391432904705
1331636465286213633
1331636465667874816
1331636513566838785
1331636519199707136
1331636527646994433
1331636529953796096
1331636533368152066
1331636549906276353
1331636567362981888
1331636583263592448
1331636613194133507
1331636630151684096
1331636630394908673
1331636756035334145
1331636862549716993
1331636917348216835
1331636977268035586
1331637209829609472
1331637230721384449
1331637305124270080
1331637489480716289
1331637521068003328
1331637567314419715
1331637678127935490
1331637689821638656
1331637721987764225
1331637743747796994
1331638001361969154
1331638043447582724
1331638123017752576
1331638127606247424
1331638191749730305
1331638377934958593
1331638485082583042
1331638728889147398
1331638749579665410
1331638785780670465
1331638817393094664
1331638828545794052
1331638870262296584
1331638871843614721
1331638911483916288
1331639044816646144
1331639085274963969
1331639160298463233
1331639171191074816
1331639406940327937
1331639452826034183
1331639672137785349
1331639800831619072
1331639971707547653
1331640032625618945
1331640067434164224
1331640155879460865
1331640183788277763
1331640378638917634
1331640636320190466
1331640730473926664
1331640773931044867
1331641012020719619
1331641072569683969
1331641078567620611
1331641100336033793
1331641254157934593
1331641323288473602
1331641411901468672
1331641501424685058
1331641595867914241
1331641842266476549
1331641883873992704
1331641910759452673
1331642028078272515
1331642150891741185
1331642198371291139
1331642208076886019
1331642219460235266
1331642228909944835
1331642233209106432
1331642272279097350
1331642475115638788
1331642530023280641
1331642626865565699
1331642702878937088
1331642716455841799
1331642875021549577
1331643009012797440
1331643061961633798
1331643119541116932
1331643295315988483
1331643440971571200
1331643455211253764
1331643663861108739
1331643690004205568
1331643816885948416
1331643818785923072
1331643818861420544
1331643819910021121
1331643823563345920
1331643825593442312
1331643841783476224
1331643867184193537
1331643957563027457
1331644042761953281
1331644176879005696
1331644189268963332
1331644235825762309
1331644248303788034
1331644273024970752
1331644318210265090
1331644426469449731
1331644426855337990
1331644476339662851
1331644578873581568
1331644623660396552
1331644755491647492
1331644767172784131
1331644770624675840
1331644959473209351
1331644963034189824
1331645088947183616
1331645185357443072
1331645195729899529
1331645245029830657
1331645258887737344
1331645400948891658
1331645513960214528
1331645534713622528
1331645733376831493
1331645777098248203
1331645860208390145
1331645949215694850
1331645978814930945
1331645994593898497
1331646032682377219
1331646056736571394
1331646059358130178
1331646133664423939
1331646140073336833
1331646280515379202
1331646283199639554
1331646328821211138
1331646350086332418
1331646353085263873
1331646353714384896
1331646381417787396
1331646414666018816
1331646434710577154
1331646466432135173
1331646557570162688
1331646660221480966
1331646758947065861
1331646793403297793
1331646803360542720
1331646852119343104
1331646928279511045
1331646955064274950
1331647048052068352
1331647059397652480
1331647101042909192
1331647113835458564
1331647133561331723
1331647289270611968
1331647510587318275
1331647550311571457
1331647582074974209
1331647594938970114
1331647602878676993
1331647642472951816
1331647674941132800
1331647706813640705
1331647939601719302
1331647998955282440
1331648171651584004
1331648203524083718
1331648235732144129
1331648274571423744
1331648300106330117
1331648351658504198
1331648703040458752
1331648843524558848
1331648845529444354
1331648856354926594
1331648856396865536
1331648946712801281
1331649062098100224
1331649071099113474
1331649115797790721
1331649129236361217
1331649360778629128
1331649386770731012
1331649404143603722
1331649496686669824
1331649743345360896
1331649867823845377
1331649880176156676
1331649976980676612
1331650118295097347
1331650120711073794
1331650130752253952
1331650191640899585
1331650211513585667
1331650292350406658
1331650412848558085
1331650414807289857
1331650542142164992
1331650612279250946
1331650747960856579
1331650763152613377
1331650814931333121
1331651062651039746
1331651159971553286
1331651204867383296
1331651211183988736
1331651216875679747
1331651313185206273
1331651362552213506
1331651363764256769
1331651364141879297
1331651410702774272
1331651416922992645
1331651421721288704
1331651467460173832
1331651613954613248
1331651665238380545
1331651689892483073
1331651690123177984
1331651698587279362
1331651743789289477
1331652044252438531
1331652124892131329
1331652187123052549
1331652200469311491
1331652204147699716
1331652489310068736
1331652621959114754
1331652703571898370
1331652728771186690
1331652863613935618
1331652897709436929
1331653022322192386
1331653029230223364
1331653159178162179
1331653180669784073
1331653263826046977
1331653404117114882
1331653435150700544
1331653452997545986
1331653501970247683
1331653567468498944
1331653616176918530
1331653711156961281
1331653740408016899
1331653845244579840
1331653862307082241
1331653956838240257
1331653974093684737
1331653994960318466
1331654076157759488
1331654088455544841
1331654130432155651
1331654238183763968
1331654250817069059
1331654331083468803
1331654370094686208
1331654434410082305
1331654449719341060
1331654451560656898
1331654645694009345
1331654658776064000
1331654745715601409
1331654811104763905
1331654840792068096
1331654885331378176
1331654915639402499
1331655143213961218
1331655178253197313
1331655209085497352
1331655275896516617
1331655420512006145
1331655441013727234
1331655455618248708
1331655477361565696
1331655548828332034
1331655564741521408
1331655734950506499
1331655814923345921
1331655829876039684
1331655845046874113
1331656169564278791
1331656196328140800
1331656224346173445
1331656299088650243
1331656319787479041
1331656400758583296
1331656423210684417
1331656540898652164
1331656552026152971
1331656567498944521
1331656636100993027
1331656722553901058
1331656725666164738
1331656867676889088
1331656965630668800
1331656968692490248
1331656980495261706
1331657378895450113
1331657409316663296
1331657530259476482
1331657561184083969
1331657681782919171
1331657685482221571
1331657711893803008
1331657819964182532
1331658044980277250
1331658092854071296
1331658159082049537
1331658207023009797
1331658228422356992
1331658473097072641
1331658507918188544
1331658574951550983
1331658686486470656
1331658770913648641
1331658855021998080
1331658917705887748
1331658918410539013
1331658920667000832
1331658921518350338
1331658940963315715
1331659050837274630
1331659072815456258
1331659090796359680
1331659097285025792
1331659147356594183
1331659167518625795
1331659213827878913
1331659242810576899
1331659247122325512
1331659298389303296
1331659394837311489
1331659439116587010
1331659467545579524
1331659495714549769
1331659496289144833
1331659514152628230
1331659576459071490
1331659625448534017
1331659653797785603
1331659695803797504
1331659700815994884
1331659746701697027
1331659840968601606
1331659926737985546
1331659936674279426
1331659992676577281
1331660078164955142
1331660085588881408
1331660108129034247
1331660201670357004
1331660227054333956
1331660227104665605
1331660277084000261
1331660298202341377
1331660361087524864
1331660369509588997
1331660422127230984
1331660469615153152
1331660490473414660
1331660784426946560
1331660825485041667
1331660845101748224
1331660941017161736
1331661035707764737
1331661114627813376
1331661117303689216
1331661155052490761
1331661188263010305
1331661445105405955
1331661447844204545
1331661461584797697
1331661582531747840
1331661705823334403
1331661711779258370
1331661713310183425
1331661800807550976
1331661926691180544
1331662011663593473
1331662017632083969
1331662062272057344
1331662188927479808
1331662226491633664
1331662231382188038
1331662426023096325
1331662439448973317
1331662444263981056
1331662582869073921
1331662646848991234
1331662656416124928
1331662694550790144
1331662704491302912
1331662704977866755
1331662714587000840
1331662803304919043
1331662885769146368
1331662938273443840
1331663027658248192
1331663151339872258
1331663386510323714
1331663402381561856
1331663505628532737
1331663555897282565
1331663556312494082
1331663660398342149
1331663677003534336
1331663700349112325
1331663743915339777
1331663862853210114
1331663936656117767
1331663944944070661
1331663958743396354
1331663990276182016
1331663996399841280
1331664037755703299
1331664039362129923
1331664076854976515
1331664217347338243
1331664218165288962
1331664408095977477
1331664444607385600
1331664518125064193
1331664594796949511
1331664607652573187
1331664619652452353
1331664805464322049
1331664948624297984
1331664960569667584
1331664961433726976
1331665056283635713
1331665178560245762
1331665211024084994
1331665230548656128
1331665291651244033
1331665293953953795
1331665440725233667
1331665449738756099
1331665487344914432
1331665524565172225
1331665652453691403
1331665665682452481
1331665672703774720
1331665687765536773
1331665845613854720
1331665885187203075
1331665950991671296
1331666121045532678
1331666209776001026
1331666213940973573
1331666325274566658
1331666364642291715
1331666441955909633
1331666461396385792
1331666462080024578
1331666462763868161
1331666463464202241
1331666468468125700
1331666468912590849
1331666496284667908
1331666538282295299
1331666542719868931
1331666549065871360
1331666592627888129
1331666793237270530
1331666809469153280
1331666933498916864
1331666959092551680
1331666961856671745
1331667110116941825
1331667238248648704
1331667263162900480
1331667275854667777
1331667340547809281
1331667441563410432
1331667446378475526
1331667524522565633
1331667646207635457
1331667650481704961
1331667686624010241
1331667701538942983
1331667734611046401
1331667737970683904
1331667740122202112
1331667819923185668
1331667849786617861
1331667929562222592
1331667962982494209
1331667971459014662
1331667973963132934
1331668171623981058
1331668228234416129
1331668260501250048
1331668569747304451
1331668699716198401
1331668714702376964
1331668759027871745
1331668763377328131
1331668822819033090
1331668825960566793
1331668852221112322
1331668883040858113
1331669073185398784
1331669365394075648
1331669436630183938
1331669517236367371
1331669547443687424
1331669595141402624
1331669714477719562
1331669816411910145
1331669901921161218
1331669985425494017
1331670031554514949
1331670046633046016
1331670223611695108
1331670236467105793
1331670245367537664
1331670251520536576
1331670487571845122
1331670553380446216
1331670629695836161
1331670660268126208
1331670663908700172
1331670727406325761
1331670803834953736
1331670844955832323
1331670938409119746
1331671001009156102
1331671093627809795
1331671157075013634
1331671203149385728
1331671205955444738
1331671234686431240
1331671394015436800
1331671533874520064
1331671537531965440
1331671562282524674
1331671574966112257
1331671592712220672
1331671611745898496
1331671692628910081
1331671734840385538
1331671744424407045
1331671744818647051
1331671775235739648
1331671802335162372
1331671807699660805
1331671824502026240
1331671827316355072
1331671883167707137
1331671937156788227
1331671941049151493
1331672005230415874
1331672043071426560
1331672070724481024
1331672126764544002
1331672171031236609
1331672220712701954
1331672314421907458
1331672332226719751
1331672430109216777
1331672503194963971
1331672508274270208
1331672529782632449
1331672530701127686
1331672590482632708
1331672735693606916
1331672761589243904
1331672846330966017
1331673107308933122
1331673205703061510
1331673220848693250
1331673249802039297
1331673263550984193
1331673284144934914
1331673287278080002
1331673332991860737
1331673432564658178
1331673546154790922
1331673554354581505
1331673620578439173
1331673665134616581
1331673671069556743
1331673759879753730
1331673772462645248
1331673839323975680
1331674013974753280
1331674018290823169
1331674018903171072
1331674026981421062
1331674068752457728
1331674078961229825
1331674084686651397
1331674119394521093
1331674133831114752
1331674135567724544
1331674209978900481
1331674266165776388
1331674386160553986
1331674402560282625
1331674417949257738
1331674424257507337
1331674506658799616
1331674624619393024
1331674645481877505
1331674666780528644
1331674668537929729
1331674690520313856
1331674698850193412
1331674743909605378
1331674785231876096
1331674807361032194
1331674860490272772
1331674981894410241
1331675021027254275
1331675031190056960
1331675276112257024
1331675309847027712
1331675311713513478
1331675313416384518
1331675327848968195
1331675331602898947
1331675501904224262
1331675517725052930
1331675592102711296
1331675598012473347
1331675602294812675
1331675697950167042
1331675731039031296
1331675745387732997
1331675808931385344
1331675842288742401
1331675904628715520
1331675925671415808
1331676002821533705
1331676142009536513
1331676145893470212
1331676151018786817
1331676182354464770
1331676243197104138
1331676259953369091
1331676269252120576
1331676333764698112
1331676394359812096
1331676446939615233
1331676494372933632
1331676498214985731
1331676527742873607
1331676749592203268
1331676826675064834
1331676832668770307
1331676891791679493
1331676991217668097
1331677016555479049
1331677031143129088
1331677043419844608
1331677107051761665
1331677290196049925
1331677311352139777
1331677391220056066
1331677462988808194
1331677482257440772
1331677498611015680
1331677570195185665
1331677675228983298
1331677786071658496
1331677798130388993
1331677801116815361
1331678037864312832
1331678152150683649
1331678238679162880
1331678277006733316
1331678372712341507
1331678423815774217
1331678499954946051
1331678509501206529
1331678597120221184
1331678597812264972
1331678738522759168
1331678740460527619
1331678828016627714
1331678835562213382
1331678852737806336
1331678860744781824
1331678966403444745
1331678998448001024
1331679007331536897
1331679044903923712
1331679173539205123
1331679391672360960
1331679558592913408
1331679615539089410
1331679775895801856
1331679915121520642
1331679939922436099
1331679987422941184
1331680017680621572
1331680021501661187
1331680071556493312
1331680104695599104
1331680137876819973
1331680185041752070
1331680187491217408
1331680311567126529
1331680330957328385
1331680434569228289
1331680502269554688
1331680520145674241
1331680657504931840
1331680716179075073
1331680720981463043
1331680830058504193
1331680848580632578
1331680864896475138
1331680947591401473
1331680993753894912
1331681072967524353
1331681145231200258
1331681243159801856
1331681243566657536
1331681398495830016
1331681472856600580
1331681563155734528
1331681634073137153
1331681690176151556
1331682038332731395
1331682159267082244
1331682168989503489
1331682247196504071
1331682292260081665
1331682298765447170
1331682325801922562
1331682442067980290
1331682650105503746
1331682729688227840
1331682791898161154
1331682829671952384
1331682863000002561
1331682890128744448
1331682902447362048
1331682920495460359
1331682935972515840
1331683036518174721
1331683255754645504
1331683294019264516
1331683433068826630
1331683711012757505
1331683757552709632
1331683814377185282
1331683829426302982
1331683895792775168
1331683966760456192
1331684002898599938
1331684053377052672
1331684089640996870
1331684091935256578
1331684110335684611
1331684125451890690
1331684173237501952
1331684197338148865
1331684227306446850
1331684265378066432
1331684438741282821
1331684691645173760
1331684841298030593
1331684917487529985
1331685065961648136
1331685107447586829
1331685191589507074
1331685299638968321
1331685308400873478
1331685327443021826
1331685335890214912
1331685337454825472
1331685353401544704
1331685353535787011
1331685366919798784
1331685532401889280
1331685652723867649
1331685706142453761
1331685717546852356
1331685854360825856
1331685942013423617
1331685973646843912
1331686000641404929
1331686046602506240
1331686155964846082
1331686320914247682
1331686342720434178
1331686390300598272
1331686441689157639
1331686532776927232
1331686569305133071
1331686617946464258
1331686729296785417
1331686731322683394
1331686761584586754
1331686816869720065
1331686866559639553
1331687084650795009
1331687097476943874
1331687106024976384
1331687178095767554
1331687247435927555
1331687325752025088
1331687362636734466
1331687410510475267
1331687912849682432
1331687944789389313
1331687959800778760
1331687984240975877
1331688080621899777
1331688104055500800
1331688191087218691
1331688263061483523
1331688324717834240
1331688353599795202
1331688375913418757
1331688596819107840
1331688703090167809
1331688773860679692
1331688830840283138
1331688843838418946
1331688916353736704
1331688999958753280
1331689081013735431
1331689113934675969
1331689114597355520
1331689115373322240
1331689119026712582
1331689213436325891
1331689263579193356
1331689266263502851
1331689266389397505
1331689289487413250
1331689441270837250
1331689454180954116
1331689465249746948
1331689521235234823
1331689530634756101
1331689540449406976
1331689560363954179
1331689796989816839
1331689843399798784
1331689914505826304
1331690040783740934
1331690153203658753
1331690157548965889
1331690237840527360
1331690336557674503
1331690401481179136
1331690402114646020
1331690449094971392
1331690598189895681
1331690639055089664
1331690658978009094
1331690888146391040
1331690986045628416
1331690986163023874
1331690986637041665
1331690988721610752
1331690992492306434
1331691028751986691
1331691111589564419
1331691128735870981
1331691235036291072
1331691258650234882
1331691410760806407
1331691436442587138
1331691437944135680
1331691449453334529
1331691487676026880
1331691492109389824
1331691524040646657
1331691566654689286
1331691699937173512
1331691754333024261
1331691782736850947
1331691933291458568
1331692007820054529
1331692100132491267
1331692123029184515
1331692201693360134
1331692203383656452
1331692208563609610
1331692230525005827
1331692266788974594
1331692296019075073
1331692440626077699
1331692446745583617
1331692458070126592
1331692500428484610
1331692622470111232
1331692630024065024
1331692686760419329
1331692800677654528
1331692872505110530
1331692877982920704
1331692929291792388
1331692954260545537
1331692978402889728
1331693119524499463
1331693133516730369
1331693137337724929
1331693211740483584
1331693286793371649
1331693321702567936
1331693370645897228
1331693437247172611
1331693449226178564
1331693506419625987
1331693539550490625
1331693547653881856
1331693619728805889
1331693638552854529
1331693674758017024
1331693685789093889
1331693743599210498
1331693813656641536
1331693821747466240
1331693891494547457
1331693952181948421
1331693974273331201
1331694026899255299
1331694034050568196
1331694035208167425
1331694150278844421
1331694161427304453
1331694234550800385
1331694285247361024
1331694299113787392
1331694371876564999
1331694392709623809
1331694458925178884
1331694477623300097
1331694506320728064
1331694545122287617
1331694572066500608
1331694700647100416
1331694741864521729
1331694887142649857
1331695111730851846
1331695210464759810
1331695329784324109
1331695409165725696
1331695419471106053
1331695431416487945
1331695458956218368
1331695564967251973
1331695650669555716
1331695938008739841
1331695963250044932
1331696104514220032
1331696109425745920
1331696197288030208
1331696235858817026
1331696242536091648
1331696580932612097
1331696612373110784
1331696629276172289
1331696660376817665
1331696660687187969
1331696661492498433
1331696662096429060
1331696662499254273
1331696669197479939
1331696677661642753
1331696679603539969
1331696689745424390
1331696802094075905
1331696806837841926
1331696822797148165
1331696884956753921
1331696928661364736
1331696981815783425
1331697001113718784
1331697090628628481
1331697220568100866
1331697273642885128
1331697335731183620
1331697487606919173
1331697551054139393
1331697569668460546
1331697617819082753
1331697649876152320
1331697704888578052
1331697833167220747
1331697843296481281
1331697861969518593
1331697866147061763
1331697930626068480
1331698010569535489
1331698332557864973
1331698345853788160
1331698353416118277
1331698472886685697
1331698587529580544
1331698599093297156
1331698784464670722
1331698859660218368
1331699004703465475
1331699037632925705
1331699037704163330
1331699048890445826
1331699189730914304
1331699420161855489
1331699520091136000
1331699634339770368
1331699661221015553
1331699709757583361
1331699737599340545
1331699962619568130
1331699973839335424
1331699995456761857
1331700080320126976
1331700086099808259
1331700226093178885
1331700231864537090
1331700243872833538
1331700410583830528
1331700552045121543
1331700581929521152
1331700695330942978
1331700786800242691
1331700862775926785
1331700901875245057
1331700916064571397
1331700964974358529
1331701142628216834
1331701184877506560
1331701273201033216
1331701307254730752
1331701328549203974
1331701358144139266
1331701656464011275
1331701693625618434
1331701772621148161
1331702039198490624
1331702080613076996
1331702088850616321
1331702102465392641
1331702200893050883
1331702303364149248
1331702501998022657
1331702627445379077
1331702627923603459
1331702891850166274
1331702915262795782
1331703104774037505
1331703208041996289
1331703532865654786
1331703592487620613
1331703625148723207
1331703679691464705
1331703739984572417
1331703825128960002
1331703902824259584
1331703926010376199
1331703935229419527
1331704011720896512
1331704016804470787
1331704167686156291
1331704169233788928
1331704221884878848
1331704279665696769
1331704318693699584
1331704332677505027
1331704363794960385
1331704428961947648
1331704429037424640
1331704440559181828
1331704441049853957
1331704824686108672
1331704902763098118
1331704998099644417
1331705029301071874
1331705045260390400
1331705158028451840
1331705219546292228
1331705284369276930
1331705313079255042
1331705552418836481
1331705614477762562
1331705621872340997
1331705699185856515
1331705766089199616
1331705861555752960
1331705875824783360
1331705911967174658
1331706053998882822
1331706084785074176
1331706155412959236
1331706180348104705
1331706668351188994
1331706734822510592
1331706821753659395
1331706879156903938
1331706985578967043
1331707143515467783
1331707203200438275
1331707216320204802
1331707281373683713
1331707350294654980
1331707468116799488
1331707524651896835
1331707574362763268
1331707700447731712
1331707809868738566
1331707857172131840
1331707993260482561
1331708001762365441
1331708043260735492
1331708083018620935
1331708134159773709
1331708210156363782
1331708436053172228
1331708579166863360
1331708596455870465
1331708665305427970
1331708877176524805
1331708963721793542
1331708983556644867
1331709098111475712
1331709182496665600
1331709256312238082
1331709495077076992
1331709776959561734
1331709845398024203
1331709883268345857
1331709915690389507
1331710022905114632
1331710156422459392
1331710232662335490
1331710277390364680
1331710357115719683
1331710750298152962
1331710861547872257
1331710970381602817
1331710983258169344
1331711014308605955
1331711078242377730
1331711081572610054
1331711092226199553
1331711156478750720
1331711285214515201
1331711287798194176
1331711333381894145
1331711345721561090
1331711419583262720
1331711438067478528
1331711439346733056
1331711452810514434
1331711601410498567
1331711711959773185
1331711775490924547
1331711807141113856
1331711815898853383
1331712009436532738
1331712011747483649
1331712270926229506
1331712518146961408
1331712671654289409
1331712726364778503
1331712765808025602
1331712840835735553
1331712878873808902
1331712881184935937
1331713007898988544
1331713028908322816
1331713145740685316
1331713147846225932
1331713196894326791
1331713248169775104
1331713262866591746
1331713291144613888
1331713475245182977
1331713584175460352
1331713598478032903
1331713731328417793
1331713811477356546
1331713851323265025
1331714064255422466
1331714128474468355
1331714132077391880
1331714276625690632
1331714285702098945
1331714347656212482
1331714350931980291
1331714409782272002
1331714515168354304
1331714531677048832
1331714818953375746
1331714861835972608
1331715035270443014
1331715105697001473
1331715119668146179
1331715153738543107
1331715253529403392
1331715294369374216
1331715360530247680
1331715403589046277
1331715426536075268
1331715462242201600
1331715649396240386
1331715692165525504
1331715712595922944
1331715786436530177
1331715799946567682
1331715868083040257
1331715988002394115
1331716071406100481
1331716266579677190
1331716307574775811
1331716572373717004
1331716617143791619
1331716726900346890
1331716787747106825
1331716798744555521
1331716827823677443
1331716834773622785
1331716869351485443
1331716978466316292
1331717045831020550
1331717087069343751
1331717106677714951
1331717246188736512
1331717295983521792
1331717323280031746
1331717365227270157
1331717378233733125
1331717431648280578
1331717462434455553
1331717545582358532
1331717657683431425
1331717695700668417
1331717739187216387
1331717749635223554
1331717853779800067
1331718035988738053
1331718053445439491
1331718168755236865
1331718263219376132
1331718266771927041
1331718271259840513
1331718431733927937
1331718509412446209
1331718725284802569
1331718863042600966
1331718868176416770
1331719053237506048
1331719283051814912
1331719316354584578
1331719316866297856
1331719329306583041
1331719386068086791
1331719561784291331
1331719627777388545
1331719775639265289
1331719883445448709
1331719960507396096
1331720182650318850
1331720193911959553
1331720491640434689
1331720568211705856
1331720646796120064
1331720792686604288
1331720833816010753
1331720850987479042
1331720932231090177
1331721273873928197
1331721423581302784
1331721855560978443
1331722299658162176
1331722354133753856
1331722599248916484
1331722699593437189
1331722822243282951
1331723001914662924
1331723093363011585
1331723225718550528
1331723345155518464
1331723348812894208
1331723540157050880
1331723869711970307
1331724011072577540
1331724203205271562
1331724559641423872
1331724659159609344
1331724731427352576
1331724861329317890
1331725101641904128
1331725228679049221
1331725277777498113
1331725392579792902
1331725650131083269
1331725667604557826
1331725747883532295
1331725792703901701
1331725973998481411
1331726182027505664
1331726310373289987
1331726454439206914
1331726658492116998
1331726711340355584
1331726838696202240
1331726861487968256
1331726927439261699
1331726957088829441
1331726975115939841
1331727111581822976
1331727269392506880
1331727692757045248
1331727766962704386
1331727823019659265
1331727896080228354
1331727914363219969
1331727986085814275
1331727991114764296
1331728194148425736
1331728240088670208
1331728279145951234
1331728323945390080
1331728369294077958
1331728555680673797
1331728638165839872
1331728658113974276
1331729215759245319
1331729238433599489
1331729295228751876
1331729383632072705
1331729557876051969
1331729611428868096
1331729873333784581
1331730202096001026
1331730296119681032
1331730331393798145
1331730367221534722
1331730430928809984
1331730654845931520
1331730666384404482
1331730673783148544
1331730806562299904
1331730852125011970
1331731287758041090
1331731289758707712
1331731750595203079
1331731902806560775
1331731955067604994
1331732163319001089
1331732180297527303
1331732228074852353
1331732306361401347
1331732353086074880
1331732368944750594
1331732615271944198
1331732709291536385
1331732729952694274
1331732783014830092
1331732856175996931
1331733088041316352
1331733367839223808
1331733728998133760
1331733761139085312
1331734012839260162
1331734055008808963
1331734121996046336
1331734246898225154
1331734395657523201
1331734433209212929
1331734491342245888
1331734504940199936
1331734577589661696
1331734604261314561
1331734636758790146
1331734744585957376
1331734823791104008
1331734892023930880
1331735154222575619
1331735234061209600
1331735809783975939
1331735882261549056
1331735998703742976
1331736000872271879
1331736048892846081
1331736080090095618
1331736333795078144
1331736343194513408
1331736363444613120
1331736522576564224
1331736704160567296
1331736704714223618
1331736790185746441
1331736810620211200
1331736878211620864
1331736879792869382
1331736886751223808
1331736947631517696
1331737287114289155
1331737466479513601
1331737683891154944
1331737870659358720
1331737970169229313
1331737973575081987
1331737974317445121
1331738025211142144
1331738120132419590
1331738178311626753
1331738202655383558
1331738217364721667
1331738406360068097
1331738412576108546
1331738467294908422
1331738566402187267
1331738955251912710
1331738967847415808
1331739080279912449
1331739256084115463
1331739424590356483
1331739564243886080
1331739573534273536
1331740066352418817
1331740076997533699
1331740297907277824
1331740444854771719
1331740494536318977
1331740559673860098
1331740814242930688
1331741224802414592
1331741334592499713
1331741480898228225
1331741645855993862
1331741757176999939
1331741877222117376
1331742002388627456
1331742068243218436
1331742128733556736
1331742245981130753
1331742735578112001
1331742860400615425
1331742965149159426
1331743155268562945
1331743635466051589
1331743651819622400
1331743691040493569
1331743842924699654
1331744042170929155
1331744223079636993
1331744231455649793
1331744461697724420
1331744476826636288
1331744695811256323
1331744779739213826
1331744837989699588
1331744898270294019
1331744915747983361
1331745058584932354
1331745160162668544
1331745333953478657
1331745450689490950
1331745477063307265
1331745485934260226
1331745527965343747
1331745805405917186
1331745970552516608
1331745980123844609
1331746043546005505
1331746106938716163
1331746116853960704
1331746306763730944
1331746443493859330
1331746823199985664
1331746907849433088
1331747195381555200
1331747407600742401
1331747818084704257
1331747830839570432
1331747956278644737
1331748347607216128
1331748441194631168
1331748649118945285
1331748668874117128
1331749282366582787
