1447713631181983747
1447715269988818952
1447715812219969536
1447717136017903624
1447717908981944326
1447722346886967296
1447722690585014276
1447725921574719489
1447728526111690755
1447728644676366339
1447734661405454341
1447736276199698437
1447739617726418947
1447743389991149570
1447743912815247360
1447744880663400453
1447751375593562118
1447751379771031555
1447756561493884937
1447756702665818114
1447758925646884871
1447759349590417411
1447760726840516609
1447760894671396868
1447764612292677636
1447767969094844419
1447774028534587397
1447774158805426181
1447774916854562817
1447778092085399552
1447778939712253959
1447779507922944000
1447781055185002498
1447781585261154308
1447784431750684675
1447785352001884163
1447785804919607297
1447786234714206215
1447787618637422593
1447788632581021698
1447789553432023043
1447789868843683842
1447790555908517889
1447791639540404227
1447792435141111808
1447793074399334404
1447793174651441155
1447794110333657090
1447794911844122627
1447795693654061056
1447796672751280129
1447797134120587268
1447798282126864386
1447798690408763392
1447799473393082368
1447801780558049281
1447802319324786695
1447804226130911235
1447805491447488514
1447805670112337920
1447806738682548225
1447807062038155264
1447807670208106496
1447807816799039491
1447808008717750273
1447808087931359235
1447808324217548802
1447808763398967297
1447808786240966665
1447808789290242053
1447810528303140865
1447810528579964929
1447810550025576449
1447810906780536834
1447811035189047296
1447811123663810561
1447811809252102145
1447811817993035781
1447811969030017024
1447812056707702786
1447812156251156488
1447812535772585988
1447812721592971268
1447814289029357577
1447814557355945989
1447814687328976904
1447814720711536642
1447815861595774977
1447816823387348992
1447817185682812931
1447817199813488642
1447817240448016389
1447817560666296321
1447817702249222144
1447818070068715523
1447818364416573441
1447819327370141696
1447819328166924291
1447819329391628288
1447819369061490690
1447819510531100673
1447819587513421827
1447819912735514628
1447820254793588746
1447820642540261379
1447821817268277249
1447822512541339650
1447822700890763265
1447823097399283722
1447823107117436933
1447823107494907904
1447823424554942464
1447824062701576194
1447824686814044160
1447824858495266823
1447825541961293825
1447825613465608195
1447826217680392192
1447826574460571648
1447827113051049990
1447827250229956608
1447827779853164544
1447828797609234437
1447829422376210435
1447829943073722370
1447829950547910657
1447830583200161792
1447830614275772420
1447830646672478209
1447830654612393986
1447830800590835713
1447831462464602115
1447831927206076416
1447831929043275776
1447831947275821057
1447832062334054408
1447832078981210115
1447832126703931393
1447832271394938884
1447832355775918085
1447832364055400451
1447832843665690624
1447832892139257859
1447833173191274499
1447833365210611715
1447833844049121280
1447834229052674054
1447834237915340805
1447834290620932108
1447834419943849986
1447834422712078338
1447834429242724355
1447834435416637445
1447834751184867336
1447834836140429315
1447835505706643458
1447836127285628928
1447836185141956610
1447836427312672768
1447836686482755590
1447837729220354049
1447837797679869952
1447838201100443651
1447838249116971013
1447838277302689795
1447838277432717319
1447838699815800832
1447838995279400963
1447839008873136132
1447839017395949568
1447839204755525633
1447839464760479745
1447839493323694083
1447840700901564419
1447840816236531713
1447840911161954304
1447841319875919872
1447841469029654532
1447841890724950018
1447841972442451969
1447842068227837954
1447842105653698561
1447842458637844482
1447842969986510849
1447843229756534787
1447843404034056195
1447843762294697987
1447843842942775299
1447844017631375360
1447844075940552708
1447844220572684288
1447844222795763717
1447844487976214532
1447844495815544832
1447844626547757062
1447844705048399873
1447844817950621698
1447845221140680705
1447845798553792518
1447845981849010180
1447846021296500737
1447846043903619079
1447846931926036483
1447847026494955522
1447847138860232704
1447847237598552064
1447847377570832384
1447848056939032576
1447848216817541120
1447848433767919620
1447848523832172548
1447848778682220544
1447849193117298689
1447849241796399107
1447849525968875523
1447849530347737093
1447849633196224512
1447849793594736641
1447850291571924994
1447850482043662339
1447850661740167169
1447850776907321347
1447851026955046912
1447851146849226754
1447851423551524864
1447851552815857666
1447852288270340096
1447852646312955905
1447852778043363331
1447853296316821509
1447853318814961664
1447853338855411713
1447853504375164929
1447854117230104578
1447854468171710466
1447854561146855424
1447854574774194177
1447854595443671043
1447854704713773060
1447854812389945346
1447854841670348802
1447855016413437958
1447855125788254208
1447855309221990402
1447855661178658818
1447856115161747458
1447856390182158338
1447857106061774853
1447857130510471172
1447857159237144576
1447857408542453761
1447857710284906496
1447857720535789570
1447857721739517952
1447857733051559937
1447857737430360065
1447857746079096836
1447857905781383169
1447857921711386625
1447858261483528192
1447858404333170695
1447858879174520832
1447859307631030274
1447860226653360138
1447860769043910656
1447860966155227137
1447861066868867076
1447861654058852355
1447862110537588740
1447862474988994561
1447862503900393475
1447862514725838849
1447863074334117893
1447863114544910337
1447863125999562758
1447863274893193220
1447863370791759872
1447863489263980544
1447863958082314244
1447864001703067652
1447864117273010177
1447864368574701579
1447864404737994753
1447864621285715968
1447864621403095040
1447864621474349061
1447864626209828868
1447864627270881281
1447864630303412232
1447864638436257797
1447864701178757126
1447864766882586627
1447864795487686667
1447864831223205893
1447864852056317953
1447864909593722882
1447864929759924225
1447864931160928257
1447864978686545920
1447865016825253888
1447865500416020485
1447865604094967813
1447865639373320195
1447865642762350596
1447865886422016002
1447866113258369026
1447866148738019332
1447866206564802562
1447866408180846595
1447866529735925762
1447866881218654208
1447866927091748869
1447867019349606404
1447867103369891843
1447867155291254785
1447867654266658820
1447867698784915458
1447868348910477313
1447868402027188225
1447868415205691394
1447868426408579077
1447869707843932162
1447869973985173505
1447870350688235523
1447870408691265541
1447870660592558080
1447871345820307460
1447871649869668354
1447871757994663936
1447871897404907525
1447872081702658048
1447872176468672512
1447872292202110976
1447872639209443332
1447872834966073353
1447872848438169600
1447872970622488577
1447873086703943683
1447873177430814723
1447873260880908290
1447873405177540610
1447873444884877315
1447873670261653504
1447873742009470976
1447873862151151620
1447874077373259784
1447874324061433863
1447874386971742209
1447874694976262151
1447875041572626434
1447875190235533312
1447875237513777154
1447875512366403584
1447875534973722629
1447875557476257795
1447875987316817921
1447876364460302338
1447877022882148354
1447877048509284354
1447877145133568002
1447877462675832840
1447877622319439873
1447877657727840265
1447877707531001858
1447877748010143751
1447877760928698373
1447877845267533828
1447877848258293763
1447878125732483076
1447878286604972033
1447878526393323528
1447878650917949450
1447878687832031234
1447878713404583940
1447878719473860619
1447879723955068930
1447879726144573442
1447879945208967174
1447880049265233921
1447880237388283907
1447880939321892871
1447881017021407238
1447881176325230592
1447881573739728897
1447881597743730689
1447882166768214021
1447882629328551936
1447882870706642944
1447883250022629378
1447883393182707717
1447883620744581124
1447883695403175937
1447883787371782149
1447884115093737472
1447884310464303104
1447884438923325447
1447884871339331585
1447885032476000260
1447885416712089604
1447885671805423616
1447885940840611845
1447886014077456384
1447886361529311239
1447886546464657410
1447886795950239744
1447887168907644930
1447887277137580032
1447887287015071748
1447887844874276866
1447888018837229576
1447888196902215685
1447888258654945282
1447888994600034304
1447889105594032131
1447889120886468613
1447889460713119744
1447889493244190722
1447889799323521031
1447890289654308866
1447890403001348096
1447890564913958915
1447890595578515458
1447890790781489154
1447890916291878917
1447891016426606603
1447891291715645445
1447891299634458624
1447891634759376897
1447891749620355074
1447891933393735680
1447891934119333890
1447892183013543938
1447892219432734725
1447892303012499459
1447892535091859460
1447892686422396930
1447892922603642888
1447893057093910529
1447893319590158342
1447893770683494402
1447894258908897282
1447894472818401289
1447894511921868809
1447894629697953802
1447894650799280128
1447894747524255747
1447894826129653768
1447895256834379776
1447895610741362691
1447895665997123587
1447895806497939456
1447895836894056450
1447895896310616071
1447895903877140480
1447896091492593666
1447896781581393923
1447897419199430660
1447897472261558294
1447897591312683015
1447897769902067715
1447898100417372168
1447898203903365126
1447898331934515204
1447898445163995136
1447898523266060291
1447898599879217154
1447899953066614787
1447900086512586753
1447900174450311171
1447900184491528193
1447900356235698181
1447901001848180736
1447901054545321993
1447901314030129159
1447901467915038723
1447901719803932675
1447901774694731787
1447902079918518285
1447902094111936512
1447902333921267715
1447902388199858177
1447902435389976581
1447902915239239687
1447903020533129228
1447903250938744838
1447904299279953931
1447904498492530709
1447905437022445574
1447905726521921540
1447905734147158017
1447905813243305990
1447906391352561668
1447906453742833670
1447906536622276616
1447907309959659523
1447907402477539330
1447908710131634180
1447908923894337541
1447908923911049224
1447908968043479047
1447909421464662018
1447909919085236230
1447909920049819653
1447909925041184772
1447910245557276672
1447910429678768139
1447910518828711939
1447910704338530304
1447910848156999680
1447910848547201027
1447910865995452423
1447910867241103362
1447911315754962949
1447911438790635520
1447911526682267650
1447911600573358082
1447912106775519240
1447912204800598021
1447912342180843522
1447912580584984578
1447912827461775364
1447913210527551488
1447913243708624898
1447913669162151942
1447914745626038277
1447914963754962955
1447915073729667077
1447915254701338628
1447915849550077956
1447915978109640714
1447916152710127616
1447916349330796553
1447916893051002880
1447916894602866688
1447917088190967816
1447917171674435586
1447917338188263433
1447917394916220937
1447917571274121219
1447917972429971463
1447918017946468362
1447918417235820549
1447918736875343883
1447918740192907266
1447918793372487682
1447918888893788176
1447918999887663114
1447919060092604433
1447919142804365313
1447919696033030153
1447920219473825802
1447920233893797895
1447920238578839564
1447920387036258310
1447920761231007753
1447920773952376834
1447920801680867330
1447920895872454659
1447921412145131522
1447922242432679948
1447922260199751694
1447922435752333313
1447922520531869722
1447922557529829386
1447923167549394952
1447924279245479946
1447924636361105425
1447924858944425994
1447924918465728530
1447925021209284608
1447925263225036823
1447926047509471237
1447926367937568788
1447927013881352206
1447927168827371520
1447927170031136774
1447927512483442696
1447927807460397062
1447927842705117186
1447928278531125251
1447929427359326219
1447930058790903815
1447930362739494930
1447931256436576258
1447931892284760074
1447932570616967198
1447932612857802762
1447932829900357647
1447932869150707725
1447933383326175234
1447934833196290049
1447934955775041541
1447935049379328002
1447935287519326218
1447935357463449606
1447936343217168388
1447936376163479558
1447936424947367936
1447936639028895753
1447937286218387458
1447937606466088964
1447937624396677141
1447938212937228288
1447938299717459985
1447938434857947139
1447938558170439683
1447938647605579777
1447938967781924873
1447939819657646092
1447940379089772548
1447940676986056710
1447941045032005644
1447941084353634312
1447942443672997893
1447942745537056769
1447943003587420160
1447943276825358336
1447943620699607041
1447944618239270917
1447944823915388932
1447945162471182344
1447945174785708032
1447945178577346567
1447945291110526979
1447946409530073100
1447946470972399623
1447946955288625166
1447947427886030856
1447947488061689859
1447947667787616258
1447947726633766913
1447948312036872194
1447948469608538113
1447948490861068295
1447948510188421134
1447948651838443529
1447948915383410688
1447949031548891145
1447949381114765315
1447949574530867204
1447949662682484742
1447950032523649027
1447950688068198405
1447950860575719428
1447950940372455425
1447951031044804608
1447951118949142538
1447951349988171783
1447951380577128457
1447951443047026689
1447951845989621763
1447951909256630272
1447952054857703425
1447952106481233923
1447952364741308417
1447952626558152706
1447952631037665280
1447952665061756930
1447952685081284608
1447952717943554050
1447952772620488704
1447952835275001857
1447953687700246535
1447953873159823362
1447954009529200644
1447954282024783877
1447954532454084610
1447954533854941188
1447954772871585801
1447955218956697607
1447955223130132493
1447955368819101699
1447955676244873218
1447955704501915648
1447956404153765892
1447956458130264068
1447956837651951627
1447957530936844290
1447957900018716685
1447957995816693766
1447958325832916994
1447958358959460352
1447958378622357515
1447958809570390022
1447959609227063298
1447959799811936259
1447960261072150531
1447960502567456769
1447960646910423044
1447960947277107205
1447961235425792006
1447962171640451079
1447962366671532032
1447962423504297985
1447962452281466884
1447962469213822987
1447962682955546634
1447962702312247300
1447962714635128844
1447962767726612481
1447962769266024451
1447962938644512769
1447963439402524678
1447963696446119940
1447963716339871744
1447963902596235265
1447963936570159105
1447963976541802508
1447964035681562630
1447964456189845519
1447964471067127815
1447965063378345984
1447965082995015680
1447965114825682949
1447965207477825541
1447965351170519042
1447965548193763334
1447965759989293059
1447966192283627525
1447966542990168068
1447966677568827398
1447967398225752064
1447967771904577540
1447968065568792584
1447970092390694913
1447970322729377799
1447970323526131716
1447970692079685637
1447970782882242566
1447970962440392707
1447972285076410368
1447972295541202946
1447972843690602501
1447973230308777989
1447973852663975946
1447974350393597960
1447974686260932612
1447974885335130116
1447975122632003593
1447975863300104195
1447975897294848005
1447975988344803330
1447976186018160640
1447976637727924230
1447976814559825923
1447976954205020162
1447977012220477444
1447977279330656259
1447977886275735553
1447978044023525384
1447978709475004425
1447979106709250053
1447979629365665793
1447979743647780865
1447979971625033736
1447980280262897667
1447980518096711684
1447980841972404231
1447980851925508107
1447981429674086400
1447981809719988225
1447982441818378240
1447982461489713152
1447984687381721095
1447985070221021190
1447985346797506567
1447985424601915392
1447985426128687109
1447986446695112718
1447986481226821636
1447986492991840258
1447986684918960131
1447987062452391940
1447987239015878675
1447987280308842499
1447987343110119425
1447987600271323139
1447988462259482624
1447988535315910666
1447988969694695437
1447989009591017478
1447989196170440708
1447989462194180105
1447990155353133056
1447990173946494977
1447990971224920065
1447991109586665473
1447991128985411591
1447991489410252807
1447991599632355336
1447991852636966921
1447992091406127105
1447992351696334848
1447992966811840512
1447992968619565064
1447992981915684866
1447992982922305536
1447993099628732416
1447993181585485831
1447993381704151043
1447993466475225088
1447993467012100100
1447993473286684674
1447993636029878274
1447993933666078738
1447994141787541506
1447994236872318980
1447994398319448073
1447994642130210825
1447994827468062728
1447994867360149509
1447995413567614978
1447995734599643144
1447996150959775761
1447997999888601096
1447998502890393602
1447998872396124160
1447998938385108995
1447998948657012750
1447999029523075072
1447999087207387147
1447999104018227200
1447999402442956811
1447999869134774274
1447999947350106114
1448000523240620032
1448000568270757897
1448001025504382979
1448001553751842817
1448002872902291468
1448003395038679044
1448003415158796288
1448004142035841024
1448004236743258115
1448004331844907021
1448005025335324674
1448005135209222157
1448005666052968454
1448005692003135505
1448005927903313920
1448006516238430222
1448006756026695690
1448007844767453187
1448008026774982667
1448008065681297411
1448008081435242498
1448008161189826567
1448008234296659969
1448008326915186690
1448009066752745476
1448009375642263554
1448009580278059016
1448009645294034950
1448010282224193542
1448010371722272770
1448010460054310925
1448011513659379713
1448011622820323332
1448011773798408193
1448011869265006592
1448012134319853574
1448012165034782722
1448012482811944960
1448013099114504193
1448014946500030468
1448015616422518786
1448015716989427718
1448015876054265864
1448016505560608773
1448016646652764160
1448017467360567299
1448019197678788610
1448019274933719042
1448019828648947717
1448019897720651780
1448021063347187720
1448021262354329600
1448021314925629446
1448021956666798081
1448022420447694851
1448022852507209729
1448023377193672715
1448023417173708801
1448023443329503243
1448023851158355973
1448024222807339009
1448024958580531201
1448025208951029778
1448026074210787330
1448026208663314434
1448026331166482441
1448026457377230851
1448026568589197313
1448026715431882752
1448026738630569984
1448027562677051396
1448027928407773187
1448028085325111299
1448028123438669827
1448028162634436608
1448028227205799939
1448028853935480841
1448028953369878536
1448030722204200961
1448030880476409859
1448030938097754113
1448030967214624769
1448031108000530432
1448031605507903492
1448031680355258368
1448031688651575299
1448032516804382720
1448032525847253000
1448032804772753410
1448033075846422531
1448034134195068934
1448034795020300288
1448035754958020609
1448036322531323909
1448036485312176137
1448037178857119746
1448037276882137089
1448037673726271491
1448037773160636418
1448037971186307076
1448038277450137600
1448038543109107714
1448038706229678089
1448038743051493377
1448038982940508163
1448040105285931010
1448041906773102594
1448042044174258179
1448042463420162049
1448043315274846212
1448043361999466497
1448043910471852038
1448044146715922436
1448044169788903428
1448044267860078594
1448044915645108228
1448045820134178816
1448046195163664388
1448046303590731777
1448046558986002432
1448046629693558791
1448046698073296900
1448046709301342208
1448046773596049411
1448047081860513795
1448047114517467138
1448047369430487040
1448047426133270534
1448047553241624576
1448047909719711745
1448048613570105345
1448048624991092737
1448048780109139968
1448049202118922245
1448049500040335362
1448049909886750729
1448049936528969730
1448050360669642754
1448050877105942534
1448051882065334276
1448053488794091521
1448053555936518144
1448053561858867208
1448053621833322500
1448054018694123526
1448054267311443972
1448057525438402564
1448057830938906627
1448058610584543237
1448059937297506318
1448060220861779973
1448060392798834692
1448061174789062661
1448061453286531072
1448061719243329541
1448061975582449666
1448062091651387392
1448063954840870912
1448064866032488450
1448069444786348038
1448071478323335177
1448075538065723404
