1447714426283569155
1447714982511190023
1447716963409702915
1447716983416438791
1447722693038592011
1447723071360704513
1447725743811796996
1447727110676692993
1447727449324851204
1447727592933634049
1447728593480601608
1447728696291471362
1447728766994759680
1447728985362812928
1447731374304239620
1447732381306212362
1447733317781106688
1447736223695396871
1447740196666105856
1447741128321736707
1447742287052787722
1447744687222239233
1447745477412155395
1447745537797591040
1447746441200427009
1447750041934995463
1447753957481320450
1447754508134715396
1447757940056682498
1447758327606284294
1447759900986298370
1447762423453204485
1447764862487121922
1447771298868908032
1447771955348885505
1447772941899362304
1447775070152241152
1447777620595253248
1447779151839117322
1447781732049108993
1447785688666099714
1447785959811129345
1447787091446882312
1447790647264432129
1447790762658353153
1447791771354812419
1447792047201607681
1447793902971408384
1447795082590097409
1447797666084237316
1447797922343628801
1447807037317042182
1447808627897561090
1447809334860210178
1447812200056463360
1447819344549982210
1447821161639907328
1447821177351806984
1447821183676731394
1447821188202389504
1447821191029346305
1447821572908146688
1447823853279981571
1447826737123848193
1447830667451056133
1447832817304576002
1447832824434806791
1447833126076657666
1447834067932696578
1447857963117514752
1447859798339428352
1447863131930341378
1447863932807368704
1447867398640570370
1447876614520512516
1447877095485493255
1447877208253550595
1447877233222340617
1447877518082641925
1447877529323425796
1447877914305912835
1447877979347034115
1447878212361539584
1447878242376028166
1447880006437310465
1447882311157129222
1447883910155751430
1447885126575300609
1447886800685617158
1447887344741273604
1447891074572189699
1447891118520258562
1447891848782094337
1447895063435087878
1447896050182803462
1447896130805768193
1447896699263983616
1447897508525527051
1447898598922854402
1447899111877971971
1447899755917500419
1447900086038581253
1447904294179590146
1447905500897677331
1447906049353306118
1447906762124845056
1447907108045955077
1447907976350732298
1447908370653061125
1447909252413239299
1447910249990590469
1447911132937793547
1447911404976156675
1447912659723198466
1447913649356562438
1447915081497448463
1447919340146278405
1447920203082387457
1447920733045334022
1447922101290246150
1447922351509843971
1447922456308617217
1447923352673427460
1447924018426810372
1447924480475648018
1447924526533292039
1447924818737778698
1447925019317837834
1447925389486080015
1447927526052044809
1447927786262388746
1447930105045651468
1447930202609303565
1447931748029972484
1447931783685758982
1447935281206792199
1447935817759002627
1447936171904995332
1447936227131510789
1447936343317913616
1447936791437266947
1447937628054097922
1447939518804463643
1447942464736833538
1447942962701344776
1447944081083097089
1447944157960548353
1447944646295015426
1447945276107497475
1447946230269726722
1447946821649801217
1447947033768349699
1447947732119965700
1447948334971465728
1447948632146202624
1447948926309502980
1447948964611907594
1447949230249811968
1447949248545308674
1447949394096103435
1447949536748507141
1447949713156853768
1447949854731378692
1447950125943382020
1447950327991386116
1447950567758827524
1447950627414421505
1447950727477878794
1447950835380535298
1447951220077912077
1447951923848564747
1447952593486065672
1447953256626495489
1447954968481308679
1447955252645273603
1447955384468078599
1447955857577324547
1447956040713134082
1447957411222929409
1447957436481118213
1447957761128607755
1447957769609523204
1447958144886345734
1447958591219159044
1447960250687107078
1447960282152587272
1447960521957908482
1447961059030097927
1447962542899351552
1447962576743063555
1447963119075069952
1447963224171859978
1447963467332337667
1447965127823831040
1447966415160545284
1447966599911288844
1447966697164615686
1447968673008922633
1447969014223880200
1447969455229784072
1447969678912065542
1447970147499663361
1447971096343597058
1447972634822647811
1447972967179333639
1447972977216262144
1447975034304319497
1447975270670032900
1447976950417563652
1447977935080669184
1447978163485749251
1447978240635777025
1447979043442266115
1447980698300715008
1447981411873529856
1447982225706954754
1447983223997440006
1447983304322404355
1447983605729447940
1447983749589766148
1447984203501613066
1447984615004770305
1447984882806894595
1447985175644684294
1447985435540602880
1447985557678796801
1447985754311909376
1447985921064845317
1447987447237857287
1447987951481278466
1447988625036255241
1447988682170978309
1447989167619727361
1447989206559637511
1447989538689896451
1447989916974166018
1447990399109304323
1447991763172536324
1447991853060661257
1447991966453665795
1447991995583041544
1447995839700471809
1447996321672187904
1447996352248619016
1447996527138394112
1447996762824880132
1447996939086225410
1447997071693385729
1447997226471600132
1447997792132153348
1447997852425326594
1447998776422060035
1447999594906914816
1448000364528144384
1448000418747928587
1448000980692385795
1448001317813825538
1448002517141528576
1448003634898350091
1448004985036361729
1448005303262486530
1448005415544008708
1448005622478381056
1448005767525806083
1448008922082779136
1448010200057880577
1448010719404957702
1448011315856003076
1448011772447887361
1448012933926211587
1448013019431129089
1448013322276704258
1448013391621197824
1448013436416368649
1448014311310467083
1448015540140793861
1448018220510859270
1448018230833029128
1448019194512084992
1448019230872453121
1448019853202309130
1448019963504119817
1448020550333382656
1448020710962651141
1448022154839273478
1448022904390754305
1448023467320827909
1448024184123187211
1448026078484779011
1448029521140142094
1448029609006600201
1448030093004066817
1448030833047130114
1448031822458331138
1448033126857510915
1448034299278680065
1448034968718938118
1448035675635322890
1448035954741157895
1448036903291326471
1448037002851635211
1448038666316787717
1448038733253693445
1448039218605875202
1448039621724626944
1448039729891524608
1448041241745272835
1448041936418484224
1448042385133473797
1448045099938635776
1448045200337670147
1448046094227677184
1448046624895381505
1448049627622744065
1448050392756068356
1448050848039325701
1448052626269016066
1448052707386970113
1448056399439622146
1448057753939939329
1448059368801402885
1448060918731100165
1448061103297241089
1448061104404549638
1448062033644163075
1448062441670197248
1448062551581986820
1448064448258842627
1448065039575961601
1448066513638940673
1448067226796535809
1448068048313798656
1448068177020309504
1448070846900224003
1448073136239529988
1448073593640919047
1448075021298151433
