1406039034393153550
1406039415516958723
1406040015478607877
1406040483458060290
1406041066340499457
1406041337212944386
1406044091939442694
1406046987515011077
1406054118167285763
1406054132457353218
1406056719390740485
1406059185310257159
1406060891976708099
1406062976747159558
1406070929344581636
1406071807447293960
1406073310220361728
1406074157570347008
1406074159533379585
1406075010733719560
1406076055438323716
1406076997491691520
1406080342243618822
1406084052436893706
1406095650186579974
1406099650931798027
1406110962088828928
1406115294456676354
1406123997310251014
1406146832170881026
1406146841528483843
1406146865545027585
1406146870595010562
1406147633949941760
1406147639473758212
1406147641910730755
1406147662424985601
1406147667563061251
1406147676677316608
1406157912700076032
1406159161780486146
1406159165819662339
1406163599412826116
1406174945126797325
1406192886903943171
1406196000214159361
1406203208037507074
1406206403782524929
1406208793386627073
1406213993589624837
1406215181676564481
1406217024221679620
1406218183107825670
1406218529293193217
1406225023560556550
1406234130698866693
1406237873263742979
1406241620614283269
1406243251661807616
1406243533296648193
1406244469092106252
1406246187393560576
1406246996411813888
1406249294353608707
1406249989261639687
1406250140164296710
1406251656346488835
1406251828229152770
1406252297320079363
1406252631408979978
1406252948431196165
1406254167077892096
1406254585052860416
1406257670802247681
1406257969990406144
1406259350449045505
1406261259830501376
1406261682587029505
1406261847397969925
1406263008385323008
1406263828111933450
1406271150808834056
1406272650218033162
1406278673100115971
1406278992798175243
1406280570326425606
1406280665801310216
1406284865226559489
1406285122689765380
1406286997610799104
1406287410560790529
1406287948472066052
1406288180702330886
1406288504754147328
1406289388724760582
1406289946600775685
1406290807003484170
1406290856005586944
1406293201414082560
1406293387829989384
1406293706920005634
1406295654503170055
1406296343526707205
1406296409326956548
1406296671902998530
1406297650199158791
1406299268634365958
1406302679584882689
1406304590182719490
1406305365650718721
1406308797019262976
1406309454715424771
1406310070762283009
1406310599332548610
1406313377509613569
1406314303561547780
1406314693917130755
1406315839528345606
1406317587433242625
1406319680076271617
1406326368707678210
1406326809751396355
1406327822143139843
1406329692601294852
1406329963003842560
1406333605157081092
1406334493988777984
1406339650273398796
1406340004356497410
1406341022813143043
1406341513416691714
1406345270296731649
1406345378904035337
1406345780974268418
1406355581338800134
1406355854866235398
1406360468474716168
1406361057191411712
1406362858292756490
1406363713049931782
1406368102447685632
1406371801702309892
1406373593852702721
1406373836350709761
1406378914008629249
1406382633081319428
1406382938338508802
1406387432958877699
1406391053419221002
1406394817068908550
1406397200482111498
