1425246234995044352
1425250083633778692
1425250127300734977
1425250611134537736
1425253160654942211
1425253323926646789
1425255212445470720
1425256246622494724
1425259674341937163
1425259678871683073
1425261193053315078
1425262343395713031
1425262977847078916
1425263233330466822
1425264476715114498
1425264795293454341
1425265115599941638
1425266329347674113
1425267228807630849
1425267730102378506
1425267775874940936
1425268418547228679
1425268801059409922
1425271163303907332
1425272002294681601
1425272718895820801
1425278247487553550
1425281799249334280
1425282079810539525
1425282327190536194
1425282790858366978
1425284076198563845
1425291075376271360
1425295163816042497
1425295675282137091
1425296412929970180
1425298352703475716
1425298936349134858
1425302255301967876
1425306485442052101
1425307363658113025
1425313812853497858
1425317539786207235
1425321108601987073
1425322594450825219
1425326103900659713
1425335965938298881
1425352196573605896
1425355772414857219
1425356620683427841
1425357823660240896
1425369337884463108
1425373926163501056
1425374175699501056
1425376081314414594
1425377956122152971
1425382447622070278
1425384501706846213
1425391803365212167
1425393820955340802
1425404124267438082
1425408381095923713
1425411570075684868
1425414737123323912
1425416970770391040
1425424684808552452
1425430562165207043
1425434172018069509
1425434301840121856
1425434551006998530
1425436792820535298
1425439151558729728
1425443314053038086
1425443607826284546
1425443945656508418
1425444718855458816
1425445149505511426
1425445669939159044
1425447293126328323
1425448168364380161
1425448911095934987
1425449040142077955
1425449576849412100
1425451525351124999
1425451937844113421
1425453176094928902
1425457027787132931
1425457029800501254
1425457041615765504
1425457131764002819
1425457414413983744
1425457984000430080
1425459261086261248
1425461500894801929
1425464448962154510
1425464523729772547
1425466810632130560
1425468310582353921
1425468557433917450
1425468559552139265
1425468799118200835
1425468989464104961
1425469100101410817
1425469302270873603
1425470227341582344
1425470228335665154
1425471715845545995
1425473874527916038
1425474719776710657
1425474991378817028
1425475887680655362
1425476763711377413
1425479603582296066
1425479626785239044
1425481313801457670
1425481503362981901
1425481893542305801
1425483062628999171
1425483384407609354
1425484103789461504
1425486700550234122
1425486735526572035
1425487719304683522
1425487802930798598
1425487853841174528
1425487863005782021
1425488345413660673
1425489224434962436
1425489326683660291
1425490204815679490
1425491683383390213
1425492203674214412
1425492554712338435
1425493474607050752
1425493763393081353
1425494726195650560
1425498753453072387
1425500779868266505
1425501773301653506
1425501846613921800
1425504785898237957
1425507720287952903
1425508336473149444
1425512754299998208
1425513151005659141
1425513449371623433
1425517469352009740
1425522402109247491
1425524366419402752
1425524593129832456
1425527421785329666
1425528260272738305
1425532474411524096
1425532879791067136
1425533628860309514
1425536755135041543
1425537501536587781
1425545690575482884
1425546280596656138
1425547789891682304
1425548076324855810
1425548655239565316
1425549684668608517
1425550120851017731
1425550663514218500
1425551326298136582
1425557324777807874
1425559322105364498
1425559390988300290
1425560924493058053
1425562750143631372
1425564025082032140
1425565319972720642
1425565885771755520
1425568420649652233
1425569977176834050
1425570235277615108
1425575743459926025
1425577759053656064
1425585581212512268
1425588857366622208
1425589104792715267
1425591338926489608
1425591508833550348
1425592626913464332
1425592934410424325
1425594681384226816
1425597401516044290
1425598147557040128
1425598552571535364
1425600681461813255
1425602966493532160
1425606090348171269
