1377772767534321665
1377772770616958979
1377772773100097542
1377773465378418691
1377773551974035456
1377773756387590150
1377773825807503362
1377773938571411465
1377773951649247236
1377774270705762307
1377774366369443842
1377774378688114688
1377774438037479424
1377774712806334465
1377774842246787072
1377774988959305731
1377775370464821248
1377775535841890304
1377775625717608448
1377775733775425545
1377776038839775235
1377776099900461060
1377776290703417347
1377776504810074114
1377776682204078081
1377776685597274118
1377776709471178753
1377776740118978562
1377776865734184967
1377777594460934144
1377777602979635203
1377777859763310592
1377777965778501633
1377778304116170755
1377778507170914305
1377778532877803522
1377778786591199249
1377779046495440898
1377779058558255105
1377779361743527936
1377779368882270210
1377779895208701953
1377779915437846528
1377780096501682180
1377780117552906243
1377780169474199557
1377780173916008452
1377780321211535361
1377780357785866240
1377780738922266630
1377781213113503746
1377781477522440192
1377781946021974021
1377782009750257665
1377782315439509507
1377782324545347584
1377783201788264453
1377784092142432256
1377784092226293760
1377784287718686722
1377784354571759616
1377785131663036417
1377785189682798595
1377785268565123085
1377785280879546368
1377785379454091270
1377785795751391232
1377785877045346312
1377786251831558148
1377787554972508162
1377787727857475591
1377787867469078529
1377788050214772737
1377788061753470983
1377788135225036801
1377788155202519042
1377788619566485506
1377788810063400960
1377789033569525760
1377789282061053954
1377789823373750276
1377789956685492226
1377790292896665600
1377790431501631488
1377790635214770180
1377791252423397376
1377791299177353222
1377791390608977920
1377791641927360515
1377791906772615169
1377791951177666560
1377791981183766531
1377792401629122561
1377792517056397317
1377792798171279367
1377792909588754435
1377792911753031683
1377793403602137091
1377793673916772355
1377793703578849281
1377794582440738816
1377794681371820035
1377794704289447943
1377794822275227649
1377795046012022784
1377795417027473410
1377795418361368590
1377795459931115520
1377795516801646596
1377795649635241986
1377795753058430980
1377795798826676224
1377796114284490756
1377796765307576322
1377796948665700354
1377797004223520771
1377797183068594178
1377797398714535937
1377797970494685188
1377798090653057027
1377798157615128576
1377798326976974853
1377798557655261192
1377798589938798592
1377798753432829954
1377799258078871554
1377799286814085125
1377799366904270852
1377799442909302784
1377799609620303876
1377800079449456644
1377800638290100227
1377800908948529155
1377801268639436804
1377801565524926468
1377801681178611712
1377802426393235456
1377802428305842177
1377802496782041092
1377802562217328641
1377802611940859904
1377802710037192704
1377802968225959937
1377802995342192642
1377803054834147330
1377803173134491652
1377803398540627971
1377803502194397187
1377804233739763713
1377804281936502784
1377804436802789379
1377804767053877253
1377804782572863489
1377804850222788613
1377805043966042118
1377805488214147081
1377805632900845571
1377805658729414657
1377805734784561154
1377805957732966404
1377806080575700993
1377806149265809414
1377806165812391942
1377806741509959681
1377806877099225097
1377807249779875840
1377807412250431490
1377807496346169344
1377807916703563779
1377807999834656769
1377808066264043526
1377808075650969600
1377808434083561473
1377808503008591872
1377809076508299268
1377809796338974724
1377810173570527235
1377810203958185988
1377810332580741121
1377810479687553028
1377810900506320905
1377812213017247746
1377812351529979907
1377812373340356611
1377812547664015360
1377812824077037571
1377812965278294016
1377813034790440960
1377813360557834241
1377813382905073664
1377813639298703361
1377813855410257921
1377815061524312066
1377815720059359236
1377815772941148164
1377816186289807364
1377816468902019077
1377816563307458565
1377816625014013953
1377816737962459139
1377816820825124866
1377817239219503105
1377817508141527047
1377817591750795264
1377817731630829569
1377817802120237056
1377818065920913410
1377818069720989696
1377818317902249984
1377818565403934722
1377818608798154753
1377818626233921537
1377818748007120896
1377818788188590085
1377818879100063744
1377819004950216707
1377819324681875457
1377819875083702273
1377821111744929795
1377821348383313922
1377821480654929921
1377822289400639492
1377824389195038721
1377825245806129154
1377825258506493952
1377825678024933377
1377825852679974912
1377825874918129665
1377826378003939328
1377826558824435714
1377828954405535744
1377829196198780938
1377829376826478592
1377829964435820545
1377830491169161217
1377830777392656387
1377830838092636161
1377830867704352769
1377831771853717507
1377832240017735681
1377832626053128194
1377833140840988673
1377833265151815680
1377833269350240259
1377833333577629697
1377834705496719362
1377835107193647104
1377835464242135042
1377836149926936580
1377836185494511619
1377836265647792134
1377837264152186882
1377837735927541761
1377837827824685057
1377838336480534536
1377839701831393283
1377840162160381960
1377840290078281733
1377840441144573953
1377840546832650246
1377841019736178689
1377841224082657285
1377841247130415104
1377841703126757376
1377841737343897605
1377842082241515520
1377842391244271616
1377842396386443265
1377842702289633281
1377842788839137284
1377842816689311745
1377842821214957568
1377842822938816529
1377842878718865409
1377842894594306052
1377842944405868547
1377844681237729292
1377844758882697216
1377845001586159616
1377845155550666752
1377845305236975616
1377845678752288769
1377845739024420876
1377845793814683651
1377845833996075008
1377845867382718465
1377846443889807362
1377846622713942016
1377846823524696066
1377846880172904451
1377847000394297344
1377847049341779971
1377847393413136388
1377847455702773761
1377847473746632704
1377848067630698500
1377848404039118850
1377849310151344128
1377849360734691329
1377849383501377538
1377849827128643586
1377849923396325379
1377850019387215873
1377850172923871232
1377850178300960769
1377851150972633090
1377851584986685442
1377851884153737220
1377852035501023232
1377852241537871876
1377852958013014016
1377853282245304323
1377853298213068800
1377853307327221763
1377853983302246402
1377854463717875712
1377855044289236994
1377855675179671552
1377855821405622272
1377855859921989637
1377855886975188993
1377856398617366528
1377856486567723010
1377856687198109701
1377856711680270338
1377856818148433923
1377856980749025281
1377857703415050241
1377857833631371266
1377858845226250240
1377860191442599937
1377861131319046146
1377861749127458818
1377862043798224896
1377863306841575427
1377864305811525636
1377864589736574979
1377865548621623298
1377866190257807360
1377866379559366656
1377866695453327366
1377867358908391425
1377870732332564480
1377870938658725889
1377872906001264641
1377873267961257986
1377874504039403520
1377879036370812928
1377879244072755203
1377884285068251139
1377887283253108738
1377888483377840133
1377888489782583297
1377888506203230212
1377888521785081858
1377888527048966145
1377888614928027648
1377889160137211905
1377889388751904771
1377889508243476480
1377889517689057280
1377889518938914818
1377889520054636549
1377889521057021953
1377889668906295298
1377890168217145353
1377890241567191040
1377891720453578752
1377891737029468162
1377891740976361472
1377891744092667904
1377891746772885505
1377891793275064320
1377892123865972736
1377892509850996737
1377901113240743941
1377902386484817921
1377907748902436871
1377920157687943169
1377926058339672067
1377926110076416003
1377929100824866816
1377933828858257411
1377933936077242369
1377937407216062469
1377939831981019137
1377941478253731840
1377941627772268544
1377941858781892610
1377942429890801668
1377942636816961537
1377944861865865231
1377945003473911808
1377946515541475330
1377947630236540929
1377948729282531335
1377949279835324416
1377949944179527682
1377950213952966657
1377950378482880512
1377950466647195649
1377950676253339649
1377950939424956420
1377952765046091788
1377955888154210307
1377956604163862528
1377958090474131456
1377959017486680064
1377959371607527425
1377959872495509505
1377960926721245184
1377961030899404802
1377961216472141829
1377961387335561217
1377961628478668802
1377961659503894528
1377961715879575560
1377961911405445126
1377962344865787907
1377962749850947588
1377964115239505923
1377964167315873793
1377964368210575361
1377964966767132675
1377965819209060353
1377966261204738051
1377966544450244609
1377967523732275205
1377967528044023811
1377968312768983043
1377968491219804166
1377968682467520513
1377969060319784963
1377969061133307904
1377969064971173895
1377969070767632384
1377969197699981317
1377969363270168578
1377969506954440709
1377969642992451584
1377969703696674816
1377969868662829056
1377970299065540610
1377970371446640648
1377970505647554564
1377970911727525888
1377971447721771010
1377972526995898370
1377972686782140420
1377972904961409030
1377973557888753666
1377973874042765312
1377974063696637952
1377974094206005249
1377974105371185154
1377974315526815746
1377975089036152839
1377975174910337027
1377976503976222720
1377976611132293122
1377976611593617409
1377978047052312576
1377978337075859461
1377978440159232000
1377978624930951169
1377978820188327937
1377978830405697536
1377979146945626117
1377979267368300552
1377979300209647617
1377979696697200643
1377980168829014016
1377980297770364929
1377980369778192390
1377980480964997124
1377980708388532224
1377980764768370691
1377981257884307456
1377981313291026434
1377981548377542658
1377982057868038145
1377982220426752009
1377982663869534213
1377983527317348358
1377984052469374979
1377984162376736776
1377984164713132039
1377984170316627969
1377984193561518083
1377984299807473666
1377984351485431809
1377984389594947586
1377984497187233797
1377984713030242304
1377984788284473350
1377985672804511746
1377985714713923591
1377985964388319234
1377985969022976002
1377986013289664514
1377986556942815235
1377986960258654209
1377987217147183107
1377987236214505477
1377987359896174593
1377987494101323776
1377987669494542339
1377988874635522048
1377988906063433731
1377989133923201027
1377989318183096322
1377989984754483204
1377990018875191303
1377990940053364738
1377991710660124678
1377991803597692929
1377991806479179786
1377991850997481472
1377992343714926592
1377992700935426048
1377992965935759366
1377993104997949441
1377993128603439108
1377994719704317954
1377995086013861888
1377995396388171777
1377995586562093056
1377996428216307712
1377996605920526340
1377997933476413443
1377998001801625604
1377998613826125826
1377998712543272962
1377998801059909633
1377998990290092039
1377999181319655434
1377999213854920705
1377999324244742147
1377999536363339783
1377999708782788609
1377999713035825155
1377999724259737606
1378000427271208960
1378000558808821765
1378000699443777542
1378001166446039042
1378001194401021957
1378001280229126146
1378001645062258691
1378001899698450438
1378002366365057024
1378002483105124352
1378002734998241289
1378002749154062338
1378003238990012417
1378003436504023044
1378003795549028356
1378004315135164419
1378005121213288450
1378005229258543108
1378005575049613315
1378006469552013312
1378006487390388229
1378006581799960578
1378006811568189453
1378007072265093122
1378007206189264904
1378007303224487938
1378007457121898499
1378007676861431814
1378007949285679106
1378008143196733443
1378008348793114625
1378008532470140929
1378008887157272580
1378009037556568069
1378009086374084608
1378009252523094035
1378009917198585863
1378010043254243329
1378010260607238149
1378010360393912324
1378010492099297281
1378010692100456458
1378010745250721797
1378010871553724416
1378011058774933514
1378011534790696967
1378012238838173700
1378012431063089154
1378012456799326211
1378012978881118210
1378013026213855233
1378013113518190597
1378013303633510400
1378013423179603969
1378013475537043457
1378013499889172485
1378013518285398023
1378013683109011466
1378013712087416835
1378014191307661316
1378014363492233224
1378014667730251778
1378015055124520965
1378015133478215693
1378015417373954048
1378015475901341702
1378015606436401160
1378015800133623810
1378015947898953731
1378016032053473283
1378016541321654272
1378016835145248768
1378016912282636290
1378018454725361664
1378018613865676807
1378018685131091970
1378018759231815682
1378019175080329225
1378019317325950981
1378019395432288256
1378019432098856961
1378019895934246914
1378020133856219138
1378020689270214665
1378021633923891201
1378021911884492801
1378022363955146757
1378022408460906496
1378022999752859650
1378023052315930625
1378023357560586241
1378023435692019713
1378023487210676228
1378024836874768389
1378024841182392322
1378024862317445121
1378024867795189761
1378024890201219072
1378025004068188165
1378025102365880325
1378025416036909067
1378025684522573826
1378025703912972296
1378025752449462279
1378025824218193931
1378025908691476485
1378026041143345154
1378026290649780224
1378026351349927937
1378026447915380742
1378027173882257421
1378028577418047490
1378028763355738115
1378029297777192960
1378029429826412544
1378029502417227786
1378029503419711488
1378029522990292993
1378029595157524483
1378030188097851395
1378030217369944064
1378030275645558788
1378030908545110017
1378030928589684737
1378031257053978637
1378031608381513737
1378031954096971778
1378032574962995207
1378032724045410307
1378033019789905934
1378033259108577282
1378033879072788481
1378034035188961281
1378034353691824128
1378034398256332805
1378034424370040833
1378034940667953159
1378035379148886021
1378035396857237508
1378035558971232263
1378035930448150533
1378036189383516166
1378036517902413824
1378037512317231104
1378037924558684161
1378038071636156423
1378039352706666498
1378040022868312064
1378040487492390912
1378040831853142016
1378041056894324739
1378041332376145929
1378041424067854342
1378041457580384256
1378041641580253192
1378042275863871497
1378042282725756933
1378042516193341442
1378042551391952897
1378042571914682368
1378044099719262212
1378044198042136579
1378044559012343817
1378044566180409349
1378044601450311682
1378044682484207622
1378044696635842562
1378044820715884550
1378044974076411908
1378045049997512708
1378045133468397568
1378045228435791876
1378045303274795012
1378046477281456142
1378046870455521284
1378046927380578308
1378047291714637830
1378047322790232065
1378047658724634624
1378047744741376006
1378048131535888394
1378048253711818761
1378048798237327361
1378048953766264837
1378049332352520197
1378050254096982025
1378050378906886146
1378050787776020480
1378050829874237440
1378051238777008128
1378051450455138304
1378051760372260865
1378051956506308612
1378051961359101956
1378052176128438280
1378052191286665220
1378052586390061058
1378052622528167939
1378053405982228482
1378053507299872774
1378053553957273600
1378053972309708807
1378054814345658369
1378054995023687691
1378055236993040384
1378056422194307072
1378056646220451845
1378056776927604737
1378057678103121923
1378057841458741248
1378058286189150211
1378058541320273920
1378059062399660034
1378059255543169028
1378059839641952260
1378059939244085252
1378060712262696967
1378060946560679937
1378061145697890307
1378061237918035973
1378061617984901125
1378061781915086853
1378061900689371140
1378061936772972548
1378062102066253824
1378062134626619395
1378062205887901698
1378063110565728259
1378063174784651279
1378063381916217344
1378063896649609216
1378064200761815049
1378064239647203328
1378064252502732807
1378064439514177539
1378064576311406592
1378064664379146243
1378064713901301762
1378065949496995840
1378066208931594241
1378067027961782276
1378067041970757633
1378067208362991621
1378067227195375618
1378067273034924033
1378067279561252867
1378067463687049219
1378068151921938434
1378069246400466945
1378069845049217026
1378071968298192896
1378072659007840263
1378072663722188802
1378072989728710659
1378073352968024074
1378074228138913795
1378074505755648002
1378074758953246721
1378074763201929216
1378074824145305617
1378074865329115136
1378074865597612032
1378076003726155776
1378076059074199558
1378076658746454024
1378077530394083332
1378077808669380612
1378077967360876549
1378078039108620291
1378079476563709952
1378079646525325313
1378080223934169099
1378080571361013760
1378080900446101505
1378081171255492613
1378081240243388424
1378081552211439616
1378082230522814468
1378082307651866630
1378082369333305355
1378082629224894465
1378083896101863426
1378084082144395264
1378084259131428865
1378084455538118658
1378085181224013836
1378085235150237704
1378086226587230209
1378086809813549062
1378087107395264519
1378087515987525643
1378087749253746689
1378088042594983941
1378088135066849282
1378088178775687168
1378088215849107466
1378089727115599875
1378089788755034112
1378089861798842368
1378090097183195141
1378090286916722696
1378090345490223106
1378091370531975171
1378091408012288010
1378091545522495495
1378091836317839364
1378091939321544705
1378092282528825344
1378092342373191689
1378092643310305281
1378092926383894535
1378093922245836811
1378094282184212480
1378094767502983173
1378094849258360832
1378095769576738817
1378095816045432835
1378096160531959809
1378096490250403849
1378096809990619141
1378097379035996160
1378097406676328450
1378097407108464649
1378097408173768705
1378097697803108352
1378098118521151493
1378098255179964423
1378098704910016513
1378099016555245571
1378101205025570821
1378101615039758338
1378101973833093120
1378102437844824072
1378102439937777665
1378102535639171072
1378102891634900994
1378103041728057351
1378104072969056258
1378104792132780035
1378104886970159114
1378104959439417347
1378105335630729218
1378105372028846085
1378105534159683593
1378106251108843521
1378106271715442688
1378106611399589888
1378107453640966147
1378107487602274309
1378107533261410318
1378107558880280576
1378108391386660864
1378109121132646402
1378110671565549569
1378110881863585801
1378111812835610624
1378111840719417345
1378112186678181888
1378112506393108480
1378113538737238018
1378113691074371585
1378113773614080006
1378113773928652802
1378114155517972491
1378114388339613696
1378114536721457153
1378114764379975680
1378115131234717704
1378115156962643980
1378115390807609349
1378116045886513152
1378116281036050433
1378116347478040586
1378116483289645066
1378117382951026695
1378117549947256836
1378117812095492109
1378117850917912587
1378118040123027457
1378119125864755208
1378120210704650243
1378120842597515269
1378121243732348930
1378122276898549761
1378122548550983683
1378122584030650369
1378122986973200385
1378123564965040128
1378124590476574725
1378124754469728259
1378125311905255437
1378125472727453698
1378125897400733702
1378127113702797312
1378127201363750912
1378127245395558401
1378127607078735872
1378127763064958979
1378128636780351494
1378128873938939906
1378129191112179714
1378129390131933184
1378129968748724227
1378130212169396224
1378130218985078787
1378130315508645899
1378130564826402818
1378130714953199616
1378131452836130817
1378132044505567232
1378132271023144966
1378132390707597316
1378132585516310528
1378133645446148103
1378134504674619392
1378134555765452800
