1278841061813649408
1278841164569903105
1278841462613032963
1278841632213929986
1278842256355713024
1278842434907189250
1278842809089474562
1278843009866571786
1278843041797808128
1278843222949756930
1278843345020817414
1278843385147785217
1278843451166072833
1278843973889597440
1278844070761320448
1278844381492064256
1278844426098544642
1278844548156993541
1278845230897401856
1278845814274744321
1278846249890983937
1278846278802292742
1278848560444977153
1278849045071630337
1278849817087750144
1278850675946991617
1278850800631140354
1278851172250640390
1278851649407266816
1278852640827478016
1278854030677225479
1278854225162907648
1278854278145245187
1278854691238154240
1278855917124149248
1278856021532979200
1278856030013849601
1278856050767269888
1278856301410426886
1278856542792622082
1278856684664840193
1278856856652447744
1278857722583224320
1278858163631030272
1278858720307490816
1278859182851194880
1278859383456387073
1278859756262895617
1278859968742113281
1278860000300011520
1278860719946182656
1278861441932673026
1278861478553141249
1278861684522856449
1278862629516214272
1278862752321277952
1278863042827206656
1278863097248264194
1278863448403783681
1278863538119983107
1278863731821293568
1278864555024629761
1278864829063794689
1278864943492796419
1278865369822826497
1278865615495868423
1278865685553262594
1278866073002094592
1278866615128465409
1278866666995187715
1278867095720263682
1278867289211842561
1278867305741651978
1278867453406306311
1278868367986704384
1278868559431643137
1278868831390359554
1278869501363269633
1278869662260961285
1278869752996298752
1278869956851978240
1278870287120039937
1278870646282387459
1278871094435479553
1278871989659328517
1278872165899739138
1278872227597910017
1278872504736665600
1278872591797714944
1278872898019753985
1278873841008328704
1278874037222092802
1278874115189944321
1278874282005868547
1278874338066935808
1278874339551719426
1278875112159285249
1278875311120297985
1278875367688728576
1278875900847759360
1278876438243000320
1278876701406244864
1278876733509427204
1278876897636749313
1278876973327097859
1278877272364154880
1278877517907136514
1278877619891712000
1278878771848843265
1278879018633183235
1278879259654791168
1278879262393741323
1278879686798594053
1278879748685541378
1278880026340012033
1278880215217901569
1278880263842549760
1278880268762468352
1278892723651690496
1278893292172828672
1278893325668491264
1278893373726904321
1278893379343040524
1278893913269514241
1278894393211191297
1278894507971325952
1278895616907792384
1278895618379964416
1278896410977611776
1278896801349873664
1278897610598895616
1278897746909552640
1278897802869907456
1278898296858316800
1278898696877494272
1278899298504257536
1278900349085065221
1278900573622992904
1278901004726079488
1278901216773275648
1278901229901488129
1278901344921890816
1278901708609986561
1278902054031949825
1278902541233897474
1278904184969007104
1278904550959824897
1278905394295906304
1278905681777745925
1278906408025677825
1278907725842468864
1278907873876115456
1278909005595725824
1278909773510070273
1278910073096540161
1278911724188585986
1278912598835068928
1278912890939092993
1278913905235025920
1278914158835183616
1278914190246363137
1278914498309566464
1278915375393132544
1278917220475772929
1278917491591467009
1278917830373711872
1278918112482676737
1278922134845140992
1278922899798274050
1278923211690987520
1278925291398860806
1278926521328164864
1278930772762800128
1278930965067423745
1278933103227154432
1278934892454305792
1278937240639606784
1278938962405601280
1278940153847918592
1278943294509195265
1278943864657600512
1278946538966876161
1278948345264902145
1278948639176605697
1278948660391403522
1278948674555596801
1278948903438647296
1278953985043464192
1278955446230024192
1278955461996359680
1278956471292702720
1278956761647587329
1278958322633379842
1278959976871088129
1278960747683483648
1278961024859885568
1278961030677311488
1278961898835210241
1278963129007984640
1278963311334359042
1278964964548653057
1278970688720777216
1278974692053975040
1278975854920548352
1278976741852266496
1278977388697792512
1278981358543605761
1278983838098694144
1278984176151265280
1278984290957737985
1278986918034800645
1278989875664941058
1278990221833654272
1278991856274157574
1278991935991091200
1278993356522164224
1278993438130745344
1278993629370028035
1278996497296695300
1278997123833479180
1278997923922014208
1278998644486746112
1278999813019885573
1278999912135393281
1278999977776340995
1279000541083979776
1279001723399331840
1279002441204281345
1279002442613403648
1279006654336565250
1279007024932683777
1279007065172848641
1279007171326418946
1279008971026767872
1279009138383749120
1279009543637344262
1279009550021079040
1279010286184345600
1279010348465602560
1279010787026259968
1279013156895944706
1279013210931290112
1279013467312324610
1279013656039219200
1279013929499443200
1279014870143455232
1279014992537411584
1279018088814567424
1279018569209131008
1279018886000783360
1279019001117503488
1279019036223963136
1279019111650144260
1279020422454022144
1279020437289209857
1279020504750460928
1279020602402226182
1279020645184147456
1279020857931624448
1279021760835473408
1279022098502033409
1279022212989812742
1279022488429703174
1279022708605452289
1279022717434462209
1279022801828134915
1279023295392874496
1279023463416692738
1279023985242574857
1279024117400903681
1279024611796058116
1279025094187245568
1279025419996606464
1279025591354884096
1279025712410824704
1279025970108907522
1279026983775715335
1279027132027428864
1279027341331742722
1279027897764847618
1279028594510123009
1279028797879341056
1279029092214505474
1279029381021806593
1279029965963571201
1279030493116235776
1279031274649333760
1279031646717726720
1279031780272717824
1279031812988297216
1279032059785175040
1279032844724195328
1279033222920392704
1279033311692759040
1279033500872708103
1279033759539568640
1279033960220315649
1279034726335086594
1279034970099630080
1279035915227336704
1279036237802868737
1279037114236239872
1279037166090358786
1279037181907083265
1279037198281605120
1279037710288764928
1279037777825456128
1279037954409861123
1279038432371564545
1279038493294047232
1279038986590343169
1279038987265597445
1279039698384629763
1279039860750368768
1279040016799485952
1279040319615651840
1279040508720041986
1279041163438284801
1279041542993387521
1279041586429595649
1279041638992666624
1279041731393183746
1279041824724844550
1279041872296660993
1279042224764841984
1279043315879612416
1279043506149998593
1279043683787079680
1279044566096674816
1279044612523352064
1279044824771883008
1279045490940706816
1279045495722250243
1279046011307114498
1279046982389182465
1279047113117179904
1279047879173128194
1279048021280505856
1279048072157261825
1279048290487742471
1279048627776901121
1279049404457127939
1279050007807758341
1279050180717883392
1279050225664040961
1279050337475801089
1279050647749435393
1279050705786060800
1279050834702188545
1279051020413304834
1279051317525327872
1279051360999268353
1279052160035098625
1279052342676029440
1279052533713887233
1279053290681126913
1279053970019885056
1279054556220010497
1279054973146296321
1279055270472278016
1279055923353395205
1279056814282178560
1279056894884282369
1279057415036702720
1279058176894210049
1279058959970766848
1279059078866665472
1279059547253071873
1279059558204350465
1279059831341580289
1279059908449599488
1279059925113733120
1279059929748451339
1279060190340546560
1279060280404779008
1279060551428161537
1279060565663592449
1279060883323457537
1279061081663496193
1279061269413232640
1279061394537799680
1279061428968841217
1279061772503330817
1279062554623516674
1279062799998750725
1279062890083991560
1279062983797280770
1279062991686770688
1279063772947271680
1279064356865675265
1279064845657276428
1279064966843322369
1279064998422216705
1279065069616168961
1279065231927500800
1279065522685054976
1279065674044919809
1279065928991412224
1279066422333845505
1279066949981540361
1279066975856218112
1279067089890926593
1279067132807057409
1279067316844662785
1279067575280979968
1279068004232368128
1279068004374831107
1279068057034461185
1279068202253901835
1279068269983543297
1279069345860259841
1279070179671113735
1279070408965124101
1279070583771324416
1279070745398841347
1279070968640614400
1279071679126306818
1279072385010995200
1279072450689581057
1279072684735967234
1279072697557934081
1279072933038735360
1279072937836937218
1279073160852393984
1279073310249308162
1279074945432199168
1279075272520806405
1279075560430481408
1279075926932946944
1279076091274158080
1279076266608599043
1279076807619330049
1279077058451255297
1279077117897199619
1279077610585276416
1279077704034328576
1279078359323021313
1279078406706135041
1279079007007498245
1279079448478912518
1279079467785347078
1279080333305098241
1279080478541299712
1279080673278648320
1279080757814874114
1279080846914445313
1279081178650365955
1279081226289242112
1279081271709188096
1279081346674184192
1279081493701197825
1279082392918073344
1279082403756212230
1279082464049336322
1279082478599192576
1279082510073372673
1279082976031264769
1279082997485129728
1279083164070264833
1279083377057030145
1279083697338118144
1279083773213249537
1279083842498936834
1279084035604713478
1279084430766850048
1279084580306370561
1279084897404170246
1279085827960823810
1279085831756697602
1279085840187174913
1279086096001925121
1279086518628495361
1279087086507905030
1279087107324116993
1279087389189832705
1279087490276753414
1279087839062482945
1279088090070556673
1279088110589140993
1279088216394653697
1279088363904122881
1279088711016251393
1279088863252828162
1279090038379331585
1279090233888423940
1279090658482032640
1279090831086030849
1279091043078717442
1279091417864974336
1279091566565642242
1279092459927146498
1279093118474862601
1279093403343618048
1279093416769523712
1279093431705325570
1279093827865915392
1279094225343336448
1279094325381562368
1279094563383189504
1279094586758115328
1279095802397409280
1279096002612465664
1279096057364746241
1279096188168437760
1279096857424265217
1279097766803890177
1279097833455521794
1279097863365103625
1279098375707725829
1279098489071435777
1279098670164606976
1279098765677416449
1279098855519289344
1279098980220243972
1279099235569451009
1279099311431786498
1279099461621465090
1279100008139313152
1279100492552056832
1279100919024582660
1279101126097489921
1279101569783529473
1279101744849526790
1279101810372984832
1279101873019109376
1279102247880843269
1279102399110615042
1279102555323346947
1279102862191190018
1279102987806400513
1279103013228032000
1279103335627440141
1279103393173245952
1279103423904985088
1279103500253900801
1279103585905754113
1279103863270912002
1279103964051464192
1279104290448191489
1279104594841305088
1279104952590315520
1279105225052360704
1279105438567608322
1279105928936206338
1279106258499448833
1279106604185669634
1279106908973076482
1279107352424300545
1279107396468604933
1279107667189956614
1279107711871922176
1279109106402500610
1279110191884238849
1279110204714618880
1279110340538761216
1279110403809841155
1279110578439675905
1279110985303891971
1279111083203026944
1279111492953128964
1279112031417692160
1279112077492342784
1279112347777466374
1279112514241015808
1279112626484711429
1279112706688266242
1279112719413637122
1279112783280377857
1279112958744727552
1279112991666057222
1279113360429195265
1279113369073696768
1279113994897362944
1279113999272083456
1279114470959263747
1279114877336944640
1279115024531947521
1279115191746256896
1279115260344098817
1279115317432680448
1279115510014189581
1279116839935791107
1279116961411186688
1279117009159172096
1279117062825299969
1279117174347640837
1279117250809729027
1279117319302721538
1279117482058559489
1279117723121975302
1279118343660683264
1279118583868596226
1279119189807108098
1279119606095835136
1279119994035585025
1279120143373787136
1279120152957763584
1279121756347760641
1279121772915417088
1279121806436315137
1279121882848133121
1279122306678259712
1279122547829813250
1279122849559719936
1279123053805518854
1279123130917752833
1279123309838372866
1279123325067964424
1279123793852710914
1279123981820481536
1279124311194861568
1279124634303172608
1279125262052003845
1279126061280878593
1279126162824978432
1279126213735387140
1279126374532419585
1279126478723170304
1279126729081196549
1279126881162444801
1279127473444343813
1279127488241840129
1279127636162285569
1279128445037932545
1279128620007555072
1279128974526836736
1279129138247487493
1279129468284665860
1279129633045315585
1279129766004736000
1279130749271244801
1279131319012700160
1279131545509474305
1279131575138091009
1279131741861658631
1279131915627360256
1279132397544538113
1279132938119020544
1279133167849521155
1279133520590508034
1279133913777143808
1279133914423013380
1279134154471485441
1279134580545650690
1279134729531535364
1279134829955645441
1279134907202240514
1279135326422925314
1279135431582457857
1279135999986151424
1279136015932932096
1279136082332876800
1279136267159158785
1279136784891469830
1279137341257506818
1279137544945500160
1279137588075474947
1279137791989989382
1279139058476888070
1279139433124638720
1279139436186554368
1279139473821966338
1279139575617720322
1279140295448330241
1279140449266077696
1279141519417651204
1279141641996111875
1279141824049942529
1279141946699788289
1279142400540246018
1279142796750921734
1279143176322809857
1279143246975905792
1279143261731459072
1279143489264144387
1279144237590855680
1279144280364404737
1279145404853096450
1279145633258131456
1279146322617159680
1279146435825610753
1279146591111307264
1279146615694143488
1279146645096144896
1279146722300755971
1279146853032816641
1279146881898160128
1279147080716554241
1279147157786734592
1279147290490527744
1279147931992539145
1279148501482561544
1279148858921168897
1279148879213203462
1279148900662874115
1279150445311791104
1279150594368909317
1279150663059070981
1279151059110367233
1279152488877260805
1279153449788215310
1279153911555899393
1279153952039329793
1279154286430236679
1279154621731295239
1279154675837788160
1279155011428274177
1279155313447448576
1279155490698801152
1279155517441609729
1279155971391135744
1279156768908738562
1279156869014130689
1279156917257097218
1279157326335926272
1279158106501591042
1279158185732046853
1279158608341676037
1279159505201364994
1279160016973582339
1279160864948576256
1279161125028933632
1279161164069568513
1279161752773513216
1279161758326730752
1279161946395328512
1279162167565193216
1279162560311365636
1279162691840626691
1279162808345800704
1279162818726629382
1279162974008213507
1279163280519462913
1279163763904540672
1279163878518272003
1279164125759889413
1279164530589868036
1279164957716873217
1279165403068092417
1279165453525532672
1279166753340370946
1279168115998367744
1279169001017479169
1279169129556172807
1279169305788116993
1279169524760285184
1279171115747770380
1279172014125862915
1279172087660400644
1279172215565623296
1279172449289060353
1279172559406276610
1279172690771955718
1279172894191489025
1279173253869772800
1279173342977818631
1279173426826153984
1279173459675762688
1279173636432199680
1279173844515913730
1279174445857411072
1279174744118644736
1279174842990956545
1279175634430853121
1279175793571217414
1279176013566676996
1279176059481731075
1279176092818038786
1279176273131180032
1279177762033500160
1279177800621096962
1279178094121758720
1279178961168347137
1279179149836500994
1279179337024049159
1279180892850749440
1279180904204849153
1279180965034758145
1279181054050553860
1279181953556713482
1279182532555268096
1279182630110593024
1279183277534871552
1279183367024582659
1279183379771129857
1279183877848862721
1279184369798832128
1279184827573551110
1279184846175289345
1279184977264087040
1279185017902637059
1279185528903122946
1279186068139585536
1279186555844911105
1279186658504650759
1279186701114576897
1279187031185395713
1279187246189621249
1279187554500296706
1279188253166485506
1279188345822666754
1279188924028641284
1279189651765563393
1279190729135448067
1279190862870781952
1279191440162033665
1279192029092773889
1279192225616924672
1279192431951515648
1279192853420400651
1279192880746246147
1279193017992298501
1279193828730208259
1279194181655764994
1279194790014455808
1279194969350307840
1279195427863216130
1279195833116884992
1279196658442686464
1279196910134472704
1279196919521251330
1279197067009761285
1279197593927651328
1279197651209158657
1279197820776517635
1279197982928371714
1279198738586755073
1279199725565116416
1279199863255826433
1279200981327192067
1279201834909995009
1279201981760970752
1279202503721136128
1279202747779350528
