1418723031128682499
1418723070240505864
1418731162135007233
1418731601891037184
1418734682389188608
1418737696827138048
1418738713283022851
1418743813527461889
1418744564999929861
1418746942918692864
1418754029782450180
1418755160134742017
1418756876678963208
1418757626830200834
1418758849092259844
1418759948658429954
1418765375181922307
1418766895411458049
1418767589354901509
1418769656693747714
1418782995960401928
1418786915709501443
1418787029253378050
1418790451969085443
1418790544990429187
1418796639779622912
1418805652642615296
1418809680177078275
1418810683236524035
1418811693145145351
1418817730917056513
1418821030911557633
1418828632357806080
1418829194377715715
1418830022794690567
1418849945084469251
1418850951016898567
1418862525697994764
1418865044226547726
1418873599755177988
1418874605750689793
1418888428213710851
1418889082374168587
1418893087871578112
1418893760956616720
1418896515255439360
1418901078918189059
1418904837455060998
1418930097738952717
1418933995442737155
1418935271077433356
1418936260668841992
1418943839377797128
1418944546726088705
1418945717352206343
1418952621142986755
1418954563114225672
1418955108948262918
1418957029482315782
1418960850140925954
1418961682244722697
1418967019366518796
1418967223536955400
1418976280763060224
1418977296787124243
1418979353908613121
1418979570364076035
1418980360143187970
1418983168376455173
1418984500445552648
1418985337364287499
1418987010048634886
1418987051182084103
1418987558047035400
1418989867673980935
1418994387506270208
1418994388974374912
1418996261987004421
1418997315520524291
1419000678748286976
1419007011694465026
1419010649896726528
1419013270795599872
1419017267472384002
1419019454424494085
1419019922060025863
1419020148095213568
1419020218144280578
1419024595500163072
1419029451933945858
1419031796851879940
1419034652547891200
1419035199300583425
1419036168398671873
1419037174180155392
1419039690901139458
1419042713312268292
1419045994700890118
1419054788889694210
1419054836553768963
1419056301514973186
1419060744822341650
1419063528326041600
1419065313107263490
1419067137969250306
1419067167233003528
1419070535502376963
1419077087244206080
1419077435363143681
1419078302103388160
1419082475012190208
1419082791132844037
