1383208585417543680
1383208587212648450
1383208589272174594
1383208592317296642
1383208658826366982
1383208702786875397
1383208740036427777
1383208850090774541
1383208857946750987
1383209103875526656
1383209117377048576
1383209179154944000
1383209305873248257
1383209375939108873
1383209382075334656
1383209388085760002
1383209393370566656
1383209485305516032
1383209572031139842
1383209626301259782
1383209698648862723
1383209709386223616
1383209728755523584
1383209743574007808
1383209759101292545
1383209879544954880
1383210083530768385
1383210120373473282
1383210137423335425
1383210217069015040
1383210278620368905
1383210332244574208
1383210337009336322
1383210467972251657
1383210486456406020
1383210526730248192
1383210581902168070
1383210587342131207
1383210591075110919
1383211037340491778
1383211724854022148
1383212667855200258
1383214182158409731
1383214306964107266
1383214447880146944
1383214946478002179
1383215011489730562
1383215029458141184
1383215033383981057
1383215098827665418
1383215162107207682
1383215179572277257
1383215265928794115
1383215335382274050
1383215380907249667
1383215405427093507
1383215418001608708
1383215555046379529
1383215657328594951
1383215696901935104
1383215720868179971
1383215729135132679
1383215741076271105
1383215808172625920
1383215829525745665
1383215835108417550
1383215836534427650
1383215847435472896
1383215918512148480
1383215947855454208
1383216039274573824
1383216081951625221
1383216082450714625
1383216138067202051
1383216162289319936
1383216204349726720
1383216246003363846
1383216330875183104
1383216365746540547
1383216367722131466
1383216386084769794
1383216468515459076
1383216563315044354
1383216570302828549
1383216656495742983
1383216702775644160
1383216708572172291
1383216802663071748
1383216817779339268
1383216833923219465
1383216837740032004
1383216861991432195
1383216911618494466
1383217006724321283
1383217019785412617
1383217042963066881
1383217059111137282
1383217203344863233
1383217252414099457
1383217323536883716
1383217347729580032
1383217393602756613
1383217415463440384
1383217438465007620
1383217464801071109
1383217485491539971
1383217630262140930
1383217750730936323
1383217848479215622
1383217893735682053
1383217899557449731
1383218031384432647
1383218090679291904
1383218102712684546
1383218112183476228
1383218147482689540
1383218267561488387
1383218334041133062
1383218412139077635
1383218464123351040
1383218517353275398
1383218524265484291
1383218569211568128
1383218715395715073
1383218717622820864
1383218758567612416
1383218808010133508
1383218850435506180
1383218917389209603
1383219153100709889
1383219264631365635
1383219284843786240
1383219299830038537
1383219307111354375
1383219355119280132
1383219404092022786
1383219427420766210
1383219431300419594
1383219518357446662
1383219543175139328
1383219612985151489
1383219748188524544
1383219755775975428
1383219828899549187
1383219845735477251
1383219971426160642
1383219982440357892
1383220046579699718
1383220123754917894
1383220135838638089
1383220277392207872
1383220328474677252
1383220468145037325
1383220589242949643
1383220690740924416
1383220705936875521
1383221029003173890
1383221050050191362
1383221072980443138
1383221202559279110
1383221422508580864
1383221508391071744
1383221524090429446
1383221573012754438
1383221675915825160
1383221705619886082
1383221707561848834
1383221813014982658
1383221837765570560
1383221919877451777
1383221930958868488
1383222110173028352
1383222253232394240
1383222266192822279
1383222339152666626
1383222441380511745
1383222445440585728
1383222501023514630
1383222531935465473
1383222547525750786
1383222692682231819
1383222714933014531
1383222793320366087
1383222881492951040
1383223033335189505
1383223101727526922
1383223175358541827
1383223206455042049
1383223273194852352
1383223404501770243
1383223412835770375
1383223474760548355
1383223546806083594
1383223580406652935
1383223621716353025
1383223652653486086
1383223802411159557
1383223832182345728
1383223839945986058
1383223849060241408
1383223858585497603
1383223964055445504
1383223970535673857
1383224026915512324
1383224140077821961
1383224191411908616
1383224334844526596
1383224370009497603
1383224376292610052
1383224436577370117
1383224452758921217
1383224473650823168
1383224487940820992
1383224696167010308
1383224774277537792
1383224788043239431
1383224848638386183
1383224965705601026
1383225048303955969
1383225094298750979
1383225146396209157
1383225750367608832
1383225750833168385
1383225883922550790
1383225895565942785
1383225916252323843
1383226087048503301
1383226144011427841
1383226153922490368
1383226181177122816
1383226367349727233
1383226572904099843
1383226631905370115
1383226643167121414
1383226728282157057
1383226728680595460
1383226759445766149
1383226776382361603
1383226851414269953
1383226905248231424
1383227207749799937
1383227208055984129
1383227298376130564
1383227435928350720
1383227464189575169
1383227546012028930
1383227665365172224
1383227738962554888
1383228007221915650
1383228045285203968
1383228127594176515
1383228215406198789
1383228229331288064
1383228302878396423
1383228338106363907
1383228368699547650
1383228446097100801
1383228577118781440
1383228883634323461
1383228906606514180
1383229002987446272
1383229084805734408
1383229097531252744
1383229301802209282
1383229342763798528
1383229479326150656
1383229480693424128
1383229578995396615
1383229705856245760
1383229717852028932
1383229748009062403
1383229808889368577
1383229814857867272
1383229820327260165
1383229845841223682
1383229901411524608
1383230074900549632
1383230149538111494
1383230303360020480
1383230382200397826
1383230389733388291
1383230547653132294
1383230581148844035
1383230647012007938
1383230683250782210
1383230695355523077
1383230741748666375
1383230755434684421
1383230897990684676
1383230905259466753
1383230932023271425
1383230953238065155
1383231213167542274
1383231221036027906
1383231271216680960
1383231381447217154
1383231488133529604
1383231503975391240
1383231507439898628
1383231553426190336
1383231759697907721
1383231761623109637
1383231765251190794
1383231768531066886
1383231888328839168
1383232099713355776
1383232122496851972
1383232207225966596
1383232228453322754
1383232299513249792
1383232300364697601
1383232480925257741
1383232502072971265
1383232601679269893
1383232702732636165
1383232760920244224
1383232981930708997
1383233010099572742
1383233026725879814
1383233086666645507
1383233139271561221
1383233228455047171
1383233238521434113
1383233291281571843
1383233313897283590
1383233506126405636
1383233567958847488
1383233629187297285
1383233723500425222
1383233744065097732
1383233770396864521
1383233843990188044
1383233940824027142
1383234035883778054
1383234054087081989
1383234220818976771
1383234250208473088
1383234260258017282
1383234279568592904
1383234285541335042
1383234312468799490
1383234336233713664
1383234521806512128
1383234699603038208
1383234852196012035
1383234869291982852
1383235009893388288
1383235011944402950
1383235058304053250
1383235214067916803
1383235386659328009
1383235462295277572
1383235537620725769
1383235735822630913
1383235896552529923
1383235969860575235
1383236220096978945
1383236245736738823
1383236269904330756
1383236355543552004
1383236446639644673
1383236453669371905
1383236603787677700
1383236628081115137
1383236754992295947
1383236760092647427
1383236761380212737
1383237235575644161
1383237550047830018
1383237679953842178
1383238284558495754
1383238298198441990
1383238342515458054
1383238365454082052
1383238442583171076
1383238516511961092
1383238543732985858
1383238543791644678
1383238571641819144
1383238657260199944
1383238669000081415
1383238911699283969
1383239002120093699
1383239014585491459
1383239015239880706
1383239072336867329
1383239372640636929
1383239430408785928
1383239438596067328
1383239466400194564
1383239483244482566
1383239484804722694
1383239571060629510
1383239740967710720
1383239806038069252
1383239910853799937
1383240063148904449
1383240132094873601
1383240458067800065
1383240461586817028
1383240497997565955
1383240509947219971
1383240600275673100
1383240607351545860
1383240885480030211
1383240897689620481
1383240965851254789
1383241074617946121
1383241080926179343
1383241104678551555
1383241206600065024
1383241213516472328
1383241245347119113
1383241319418515459
1383241520510226438
1383241528194129923
1383241681009463297
1383241716522635271
1383241733685714944
1383242151241281548
1383242273354174471
1383242346981072902
1383242400848515077
1383242444884508686
1383242479168745478
1383242498537967622
1383242556171902983
1383242815673540612
1383242827899936777
1383242855284543498
1383242950965010432
1383242972959936517
1383243023320981519
1383243394219085824
1383243436988321803
1383243464142323712
1383243514775883778
1383243520555700233
1383243677926006790
1383243842414014466
1383243874789781507
1383243962530496524
1383244020827058185
1383244213526044674
1383244554510372880
1383244571065212938
1383244690493874178
1383244811809873922
1383245006303948800
1383245101938266114
1383245154010632192
1383245287548801027
1383245288341602304
1383245299481645058
1383245354766798860
1383245356662595587
1383245463608913930
1383245714671636483
1383246058092843010
1383246077701156868
1383246116326559747
1383246275882061824
1383246397193916417
1383246446967754752
1383246633522008065
1383246657521733637
1383246686068215815
1383246694519775238
1383247001144291331
1383247075362574338
1383247190101938194
1383247282942844935
1383247314731474945
1383247376450686989
1383247405852753923
1383247451541233671
1383247457316794369
1383247459711733760
1383247494616735744
1383247693762371586
1383247934116884482
1383248049015705602
1383248118502727685
1383248181635387404
1383248219233083403
1383248363760472069
1383248828434841600
1383248869312516096
1383249164704702465
1383249226960760836
1383249309131436041
1383249318522408960
1383249338793566212
1383249455105798145
1383249484021264385
1383249503357063169
1383249543731453953
1383249691958153226
1383249715228073987
1383249808559800333
1383249889362993155
1383249986977079303
1383250054769561600
1383250114869743617
1383250168024211461
1383250207517790212
1383250388401360906
1383250493523173382
1383250872231075846
1383250962320482310
1383251041240567810
1383251317959782404
1383251371839811585
1383251461744717827
1383251617781223430
1383251621379932161
1383251668142157837
1383251727445487623
1383251748580585475
1383251820567416832
1383251872874520577
1383252183534108677
1383252284524560392
1383252333509824528
1383252338203238409
1383252370579017732
1383252481480695814
1383252510568181762
1383252562086809607
1383252747743502338
1383252820292370434
1383253023628034049
1383253231665520641
1383253240557412359
1383253421508100099
1383253633274318848
1383253634922672142
1383253872014069761
1383253877684797442
1383253919900454915
1383253966050365445
1383253993850249216
1383254028788768768
1383254038238560263
1383254089778163718
1383254160301170692
1383254215674396677
1383254267666997256
1383254332984856577
1383254340194865153
1383254359962570752
1383254360214294532
1383254562090340352
1383254736204271624
1383254876243693580
1383254978127491079
1383255102547365898
1383255206700326931
1383255301067968516
1383255305656569859
1383255510917390338
1383255516663611395
1383255519146635270
1383255544740278282
1383255558946361345
1383255574570172420
1383255693671624705
1383255703440166913
1383255910311628803
1383255976795508743
1383256042641887232
1383256077928517650
1383256819951235076
1383256910493732865
1383257033755955205
1383257045202194435
1383257079490629634
1383257159266279425
1383257190891356171
1383257350555914244
1383257560820555781
1383257625517649920
1383257741859250177
1383257747844517888
1383257881324101650
1383258006196953098
1383258066389397514
1383258100606504968
1383258120982392834
1383258179027423236
1383258356048023560
1383258363258044423
1383258450986037251
1383258504069148674
1383258537510412288
1383258631253094406
1383258816095997955
1383258917388505093
1383258953929224196
1383258966776434698
1383258981892706310
1383259091477295108
1383259426958680065
1383259440007114753
1383259663219658760
1383259841506910212
1383260015889317890
1383260056343355397
1383260155991584789
1383260192750534661
1383260356621996038
1383260546481287178
1383260920466481162
1383260942633291783
1383261247106289670
1383261254307901445
1383261280862048265
1383261745037209602
1383262002148110345
1383262269656551427
1383262289575309318
1383262819508920326
1383262902224781315
1383262938006392832
1383263111570882570
1383263395533656066
1383263399958650880
1383263761209860096
1383263764502380549
1383263792734248977
1383263816528515076
1383264175992950790
1383264244662104074
1383264341575618568
1383264636519124992
1383264948562788357
1383264951406526465
1383265044587110404
1383265068037459973
1383265079756349440
1383265185897480199
1383265216402653185
1383265368794222593
1383265370882985985
1383265646700503046
1383265928637423617
1383266069507317765
1383266119935434762
1383266532927545345
1383267108616687621
1383267116544008197
1383267177734705160
1383267369594748930
1383267375680688128
1383267426138169351
1383267456370692097
1383267491091124224
1383267510787534849
1383267646762749957
1383267678190587911
1383267796839145480
1383267862345699328
1383268044105949188
1383268345064026116
1383268368640208896
1383268496457437187
1383268602816524294
1383268725831307266
1383268741757034502
1383269109731717121
1383269156401815560
1383269166853988352
1383269326795403265
1383269428591169540
1383270111566385154
1383270249634537478
1383270416823701505
1383270548864524295
1383270666770608137
1383270705928675329
1383270713981693953
1383270762421710854
1383270786270519304
1383270904092790788
1383271258834358273
1383271261875310594
1383271371602481159
1383271575105859586
1383271903075311624
1383272114250084354
1383272319418736641
1383272462868119562
1383272499828256774
1383272591121555469
1383272637955145730
1383272720951963654
1383272792418766848
1383272884349505536
1383273017686380545
1383273439532748801
1383273677429428230
1383273731284299777
1383274114719240195
1383274142611374085
1383274323033485314
1383274355069657091
1383274551715397634
1383274724646477825
1383274882465550345
1383275039013818371
1383275455415939080
1383275899307511809
1383275908501413889
1383276192673853441
1383276196469776385
1383276263796658177
1383276394206035971
1383276451571535881
1383276548153700355
1383276650457010177
1383276731335733249
1383277005366448129
1383277019576688640
1383277399924637701
1383277578308317193
1383277597283344385
1383277725675257859
1383278153775288322
1383278258335084545
1383279579276603397
1383280942186303491
1383281560430858244
1383281689065975815
1383281715699798025
1383281813125165059
1383282038677983239
1383282419017469953
1383282584881274880
1383282930869432320
1383283353072275457
1383284181451431942
1383284213105905664
1383284350398042116
1383284359596187648
1383284877739520011
1383285419328950277
1383285663949230084
1383285708660510722
1383285760506294272
1383287735067176965
1383287863345762305
1383288103977160706
1383288311226138624
1383290102265180173
1383290135203127297
1383290836423647234
1383291072189583371
1383291342034374662
1383291650814865417
1383291854087622665
1383291908726788101
1383292023826882562
1383292204945317892
1383292327259635716
1383292367885672450
1383292720177840132
1383293366197121029
1383293635207122946
1383293670787452934
1383293849498316803
1383294149323943942
1383294232333459461
1383295466884894722
1383296149331742725
1383296310443352067
1383296616400965643
1383296638362419200
1383297025052086281
1383297203268055043
1383297501940248579
1383297598186917890
1383297676100263939
1383299013101776897
1383300010113081351
1383300111145439235
1383300579632373762
1383301233239154692
1383301729974816771
1383301754402394118
1383302228211998721
1383303324477255683
1383303355020156940
1383305014693679111
1383305169517961219
1383305403669258247
1383308869586198531
1383310081706455043
1383310095468023817
1383310141248872449
1383310499190767619
1383311399040917504
1383312044997312519
1383312307250294785
1383314288828293122
1383315433088978947
1383315602756882440
1383317021132156932
1383318065530638340
1383318299518246916
1383319179227373573
1383320273139625999
1383323360482906121
1383323375662108677
1383323986457620481
1383324310887010310
1383326191189327874
1383328282817425412
1383328964026851338
1383329212245811204
1383329272744476677
1383329385114075140
1383331918033285130
1383332014821036038
1383332833956036611
1383332866403172363
1383334254201823237
1383334780138246148
1383336157350547472
1383336940813000713
1383337682076536838
1383339451271684096
1383341620515381248
1383344274356408325
1383344790553579531
1383345368365076487
1383345381841375232
1383346674131632132
1383346976515772423
1383347683478282247
1383347953436270595
1383348465510490118
1383349807759060993
1383350058838413320
1383352248093216769
1383352327554224130
1383354223111249928
1383354539500204033
1383354988592656386
1383356550551506948
1383356717543481347
1383356780726521858
1383356958594404359
1383357411172356100
1383357518177398786
1383357602529046531
1383357765570097154
1383358993410580485
1383359584807526404
1383359870116585480
1383360075457175556
1383361336915087364
1383361705732837376
1383363085612711941
1383363366056431621
1383364196851613698
1383364614100979718
1383365029366358022
1383365211755663367
1383365591994560512
1383365837415849988
1383366340421902341
1383366483602903044
1383367057337589768
1383367138321129473
1383367138711244808
1383367155991810052
1383367174962565133
1383367686298558470
1383368169562120193
1383368292392325122
1383368402522181639
1383368680201809925
1383368763521658888
1383368884191842307
1383369013393203204
1383369258579632128
1383369475827769359
1383369627959390218
1383369905538404360
1383369985607692289
1383369989135101956
1383370909986148353
1383370915157659656
1383370985043226626
1383371124440911873
1383371153369026560
1383371526116831244
1383371534341836800
1383371670635782152
1383372444187062273
1383372487220596747
1383373064625221642
1383373582370185224
1383373677090066433
1383373967528849415
1383374025385156612
1383374031982714888
1383374711862611969
1383374728455352325
1383374769538490370
1383374903617875968
1383374958114480130
1383375722773839878
1383375786917335046
1383375815514066946
1383376002169008129
1383376513697935365
1383377042557734916
1383377625243033604
1383377680561631236
1383377818336174082
1383378088319328257
1383378778378756098
1383378935262552066
1383379046654906375
1383379324154249217
1383379735267344390
1383379987709849600
1383380434256416783
1383380545661390850
1383380594990608384
1383380704944295946
1383380730437242882
1383381034931163141
1383381192460754946
1383381363332505611
1383381596112244742
1383381722809569284
1383381812219547653
1383381900140503051
1383382021020422147
1383382314055475205
1383382354824028171
1383382524760453121
1383382565390733334
1383382657946374144
1383383148294152199
1383383374245490692
1383383957471825922
1383384045464162305
1383384057514389504
1383384130226823176
1383384370153594882
1383384401027895305
1383384515062599683
1383384810354184199
1383384855942029312
1383385780391800834
1383386279283367940
1383386281145626635
1383386587958894598
1383386594854326272
1383386711753773063
1383387192177827845
1383387458604175365
1383387911790370822
1383388105277800450
1383388248085434376
1383388580240715780
1383388783467323395
1383388978137554946
1383389028267925507
1383389074954719237
1383389115131981825
1383389115450761217
1383389218802528256
1383389364160385030
1383389554355228678
1383389566824894475
1383389654272016387
1383389788527419400
1383389789785792515
1383389818571214856
1383389877413187586
1383389955452403718
1383390045734805516
1383390073975021568
1383390426057502721
1383390617430941697
1383390752651190272
1383390878220255258
1383390995870486528
1383391058076131342
1383391182491848712
1383391290717446151
1383391307075186690
1383391350138150916
1383391526542200838
1383391577628758030
1383391642871160833
1383391808621715456
1383391843631570944
1383392199044304899
1383392339389935626
1383392408763650052
1383392820535304192
1383392914605109250
1383393012277923843
1383393039985483777
1383393554601443332
1383393601749590017
1383393928993333251
1383394108039856129
1383394413875843081
1383394936591060997
1383395498778796052
1383395899544522759
1383396203375718400
1383396205204439048
1383396231750176774
1383396889261842443
1383397127217287172
1383397377902477317
1383397391219314691
1383397455274733570
1383397457149632516
1383397479580721156
1383397484743913483
1383397586170646535
1383397772376772624
1383398515200512001
1383398549522554881
1383398692498010116
1383398879559708672
1383399313728933892
1383399577936560131
1383399740134465543
1383399819058696195
1383399890206683138
1383399924876812290
1383400023040266244
1383400051167268864
1383400189415751681
1383400218306125829
1383400545214337026
1383400583315423241
1383400662713573378
1383401056122507266
1383401258145312774
1383401299161489410
1383401350952751110
1383401904617639942
1383402177398403086
1383402301956653056
1383402310433329152
1383402532676853772
1383402574686998534
1383402607994040324
1383402660171194374
1383402892875337740
1383403262292889600
1383403401162096650
1383403480287637515
1383403517117833225
1383403672499998722
1383403679835779077
1383403909847285769
1383403924971933703
1383404056417161220
1383404373334581251
1383404425599881216
1383404658140405761
1383404704047124487
1383404841532235786
1383404887598268422
1383404889120776202
1383404896913821701
1383404978140680196
1383405009136623625
1383405073313636354
1383405101830729735
1383405275042877445
1383405404357414917
1383405410028122117
1383405412930658309
1383405600923471879
1383405836425306112
1383405921649389577
1383406519555821571
1383406886825779206
1383406925476290566
1383407475597008908
1383407729440542724
1383407806632521730
1383407894431899651
1383407975340011528
1383408057586110481
1383408195360624648
1383408200335073282
1383408246703067141
1383408289354960897
1383408291997380618
1383408518066180108
1383408547011055621
1383408660559241216
1383408670617202690
1383408738204221457
1383408780113711108
1383408936812826625
1383408985001185281
1383409125996908546
1383409167990345739
1383409211174838277
1383409271455375361
1383409434181861376
1383409652214337545
1383409797144342546
1383409800118034437
1383410005592842244
1383410071992897540
1383410175608954889
1383410196286906373
1383410214284656642
1383410475468083202
1383410653788971016
1383410718372876294
1383410739558244355
1383410794994409475
1383410828603396099
1383410857367904260
1383411070522466306
1383411223358705681
1383411263951097865
1383411309698437133
1383411368779415556
1383411398315630594
1383411528561352711
1383411554595459084
1383411618625691649
1383411632353681416
1383411695217827846
1383411891783880710
1383411896598945804
1383412022285541383
1383412159204315139
1383412253228105730
1383412362321879047
1383412404013330444
1383412435764203524
1383412663296749588
1383412707483820032
1383413211861446658
1383413341599588363
1383413424412008462
1383413550148833286
1383413628242595846
1383413802603929606
1383413819939057667
1383413850574245898
1383413865937969155
1383413984758353922
1383414054434197507
1383414165675515908
1383414279450157067
1383414599924424717
1383414633545879554
1383414794594574340
1383414816128200713
1383414912970485777
1383414988228886544
1383415077181661185
1383415082936279043
1383415173097037826
1383415265174573061
1383415273714184206
1383415301669195776
1383415478257799171
1383415517805903875
1383415606985195525
1383415706520145929
1383415718239031297
1383415777810739201
1383415830528937986
1383415858932764677
1383415940289757203
1383416089728618496
1383416184888983558
1383416248621355008
1383416559801028616
1383416581573595136
1383416604638121992
1383416699282624512
1383416726713294854
1383416767955955718
1383416962647138312
1383416984067448843
1383416988203032581
1383417028455800835
1383417215630790659
1383417265849192458
1383417360049004557
1383417361382866947
1383417388662628357
1383417393238614020
1383417394228465671
1383417470078226432
1383417492568113156
1383417563422486529
1383417570347208719
1383417690878996483
1383417754527571971
1383418150486609924
1383418238659293193
1383418262436814851
1383418401259880456
1383418450157072403
1383418632030486541
1383418803158061068
1383418833365471245
1383419269283602443
1383419460971753474
1383419484099158018
1383419654769500172
1383419680652550152
1383419744301187079
1383419826249469953
1383419933644660736
1383419959036899337
1383419974593646609
1383419992469753856
1383420017446772738
1383420106097643526
1383420191007076357
1383420299576627207
1383420316844662791
1383420316899180546
1383420378232459268
1383420384033198094
1383420396062404619
1383420409069015049
1383420460365344769
1383420476819599370
1383420566539886597
1383420701999173640
1383420774954913792
1383420820735725572
1383421086633664514
1383421141952307200
1383421222789160969
1383421239310516228
1383421245543251971
1383421255857033226
1383421327726374912
1383421368541147145
1383421517237686274
1383421568965963778
1383421644480270339
1383421719038205962
1383421774897967106
1383422136988028929
1383422172010475521
1383422175974068228
1383422530791239684
1383422761981251584
1383422800585650185
1383422840926400513
1383422896844906496
1383422906307268610
1383423019603791883
1383423020081971206
1383423081520144387
1383423109059923969
1383423116055957506
1383423124029329410
1383423199480745991
1383423296335597577
1383423355638882316
1383423529085915144
1383423557028356098
1383423695884984325
1383423708362989574
1383423716256743424
1383423872712601609
1383423875166339074
1383423879205376013
1383423916824088583
1383423928106770447
1383424104624058382
1383424107576918019
1383424150140715019
1383424314670653445
1383424370094211072
1383424453380431874
1383424503233925133
1383424565888487424
1383424578119114763
1383424593260539909
1383424596678897682
1383424634553454592
1383424676873994240
1383424759459848198
1383424780657782791
1383424836949594130
1383424960740290564
1383425055053340675
1383425074397548548
1383425164646383618
1383425207277219843
1383425277909299205
1383425340584828933
1383425423682412545
1383425516850401282
1383425617907961857
1383425621322125312
1383425711730425856
1383425741589598211
1383425791988428805
1383425838473900032
1383425872841953284
1383425889963175939
1383425938600329223
1383425998843121674
1383426038470832136
1383426159975682051
1383426275465854982
1383426276552151040
1383426299474051084
1383426417300369409
1383426511005315075
1383426551266439169
1383426778010587147
1383426803113492485
1383426944201461764
1383426985058177030
1383427104994336776
1383427307650519050
1383427323769225216
1383427392304156673
1383427646223044611
1383427679190278152
1383427778058489860
1383427802548957189
1383427816402743310
1383427842533322757
1383428017041543185
1383428040982626313
1383428073089998861
1383428159471710213
1383428347833683980
1383428383757930507
1383428467727814664
1383428553342025738
1383428557620142088
1383428774490898439
1383428802198474771
1383428815431475204
1383428880527020040
1383428989948100612
1383428999171346449
1383429024173617152
1383429298896265218
1383429448142245891
1383429515204993033
1383429560083959826
1383429622767882243
1383429638643277833
1383429701725687810
1383429877315997706
1383430217432141824
1383430278979354625
1383430342086782976
1383430529211502594
1383430748074434572
1383430752776331270
1383430796027981828
1383430816026357767
1383430948151197702
1383431027524132879
1383431039452782596
1383431163700670464
1383431262346440706
1383431301684862985
1383431312485191684
1383431367594106882
1383431376641302529
1383431461630472193
1383431483558293518
1383431581960790019
1383431607223156742
1383431748411744271
1383431872861007873
1383431975030071301
1383431989601083396
1383432008274120705
1383432150096105483
1383432322763026443
1383432374940102663
1383432377448337414
1383432566061993996
1383432600384000002
1383432666213621767
1383432763420811265
1383432855263477767
1383432911894970374
1383433033152303108
1383433195224395790
1383433322173325314
1383433342725492740
1383433472027492358
1383433475877834759
1383433556173549574
1383433726743388163
1383433794871431178
1383433839796572163
1383433858402553856
1383433959954993161
1383434013067517952
1383434025533001730
1383434185835126797
1383434212674400256
1383434319641792515
1383434415741673474
1383434444829122566
1383434470267637768
1383434573824991250
1383434666028408834
1383434690032398356
1383434698244775939
1383434713725947907
1383434754230394881
1383434771322204165
1383434875785543688
1383434879208026114
1383434969721163780
1383434995763531784
1383435000079474688
1383435079230234631
1383435086427693066
1383435086595387404
1383435102273773577
1383435127041138692
1383435198650408965
1383435210616762373
1383435216908283913
1383435270721138688
1383435317550600200
1383435332356481032
1383435494634057728
1383435570899128320
1383435644215521281
1383435712062574601
1383435971262259202
1383435977218166796
1383436008964780039
1383436051033706500
1383436094000168961
1383436096336318465
1383436201139458055
1383436201386942471
1383436351320645644
1383436372225138699
1383436434455994371
1383436927790051331
1383436935020965897
1383436961109532672
1383436996731826194
1383437073735032837
1383437302605615114
1383437331072307204
1383437396293808142
1383437455957716994
1383437459137040393
1383437647071219733
1383437718978400261
1383437733742317572
1383437817003450378
1383438147866955786
1383438153181143050
1383438262723760130
1383438285461020676
1383438293371547652
1383438339068493837
1383438488431853570
1383438506526085125
1383438550188785671
1383438588054884361
1383438632321650690
1383439056487342081
1383439214495232003
1383439270543724559
1383439344376049671
1383439448633856008
1383439558923087882
1383439577835216907
1383439735729758225
1383439748153233419
1383439775596613634
1383439850464899077
1383440040064274432
1383440237326602250
1383440314996715523
1383440447905796105
1383440655771267078
1383440703598989312
1383440839616000004
1383440939113275397
1383441011989356552
1383441381650173959
1383441408686628873
1383441451598553091
1383441562470739981
1383441575636738056
1383441577394147330
1383441579432505344
1383441755618504718
1383441792788353035
1383441855891660808
1383442178534301698
1383442345383718921
1383442598065442833
1383442609687851008
1383442624086876161
1383442671763529731
1383442801916989452
1383442966480445440
1383443081454784518
1383443380001148928
1383443634163355655
1383443650202411017
1383443728363257863
1383443838862184453
1383443902573670402
1383443983897006084
1383444119050067969
1383444138020925446
1383444392711659528
1383444503038545921
1383444647284936706
1383444874255421447
1383445094083092485
1383445287859937285
1383445294403051533
1383445581582897154
1383445773975576581
1383445981677514753
1383446126494248963
1383446298922131459
1383446314155864065
1383446401342853120
1383446522952519685
1383446540702810120
1383446957557833732
1383447201280532494
1383447210109530114
1383447368574459909
1383447462396891138
1383447479325102080
1383447526964039684
1383447824046587922
1383447890400407558
1383447964757086208
1383448052766154756
1383448140943032327
1383448240989691909
1383448347004981251
1383448415355301897
1383448488185266184
1383448705068507136
1383448748844490761
1383448773599195151
1383448898824331264
1383448922442457097
1383449024133402633
1383449148951711751
1383449259631026181
1383449402296070153
1383449511314411521
1383449718282326022
1383449858695065611
1383449920124841994
1383450039054340103
1383450181748760577
1383450237436456964
1383450249323155457
1383450488708861957
1383450550453239810
1383450579142283268
1383450623232790536
1383450722340007941
1383451125194452994
1383451264248279050
1383451275686150151
1383451398377930757
1383451498705670145
1383451591747915779
1383451699671539713
1383451735813853191
1383451834468106245
1383451942668541955
1383451970212560903
1383452060964724737
1383452072033415178
1383452180829511695
1383452546153336834
1383452635429163022
1383452899519336455
1383452906397966338
1383453000992104450
1383453207075069953
1383453223038586880
1383453244416880652
1383453312150769665
1383453443285688320
1383453899835645952
1383454440309493770
1383454491668750349
1383454553098448905
1383454553626931212
1383454571658240005
1383454617351061520
1383454637387173891
1383454793117536257
1383455010877362177
1383455071204044800
1383455210593394688
1383455273684140035
1383455283247140865
1383455304466124801
1383455398510751748
1383455438193139714
1383455517285097472
1383455672273018885
1383455706574049280
1383455730389241865
1383455796910903299
1383455930176589831
1383456076868186116
1383456152751464452
1383456294871310341
1383456368502317071
1383456501713412111
1383456559968129026
1383456710904270858
1383456749164761090
1383456894430236679
1383456898599456769
1383456962730283008
1383456990920249345
1383457043248340995
1383457721937109007
1383457814379565063
1383457828086575109
1383457953043259399
1383458067585503238
1383458202453377027
1383458246669733890
1383458335794425862
1383458396628656137
1383458475225714704
1383458538316439558
1383458728389668873
1383458895754973186
1383458984040927233
1383459453744271370
1383459467237281796
1383459520811204611
1383459596002463750
1383459659432874002
1383459904019591174
1383459938547113998
1383459980641128452
1383460054574112771
1383460082243969029
1383460126850387969
1383460195221655562
1383460306853109768
1383460677713502209
1383460698282291204
1383460773737893890
1383460789021921280
1383460867879018496
1383460989614448653
1383461045751091204
1383461195693269002
1383461212051034118
1383461246549196802
1383461295182139393
1383461312995336199
1383461321203535881
1383461462903906312
1383461464204144647
1383461660103348225
1383461774461075456
1383461791372505088
1383461845630029827
1383461912143294473
1383461933152538624
1383462027214028802
1383462074286702598
1383462152858587138
1383462259670720516
1383462268315201541
1383462485584273420
1383462599333867532
1383462796629708810
1383462893895577605
1383463030449598470
1383463063878213632
1383463245437014021
1383463249266446337
1383463277993230343
1383463319093223441
1383463698803486721
1383463734216069123
1383463867854901249
1383463972213465091
1383463974629384195
1383463986125889548
1383464251944177688
1383464376171040770
1383464478520451072
1383464570262417408
1383464585424883732
1383464618467622914
1383464668438564868
1383464821580996619
1383464888589111302
1383464911246749701
1383465040620097536
1383465069095264259
1383465248150069248
1383465278328115202
1383465352131088396
1383465386947973126
1383465675021160450
1383465704872038407
1383465929355366405
1383466215893471236
1383466273200214024
1383466339117924360
1383466515354120205
1383466599017943046
1383466701153390594
1383466804773724166
1383466849292021761
1383467118537023494
1383467155077820428
1383467199289991182
1383467288641163269
1383467381335363585
1383467402394931201
1383467433860636672
1383467469466062857
1383467508980543493
1383467889202585607
1383468084959203346
1383468242056802304
1383468332951609353
1383468372667498503
1383468408826601475
1383468433946202116
1383468484625977346
1383468501726162953
1383468623629471756
1383468785739309065
1383468883902795777
1383469011967430661
1383469039012384783
1383469063515492362
1383469078489174025
1383469302515265537
1383469377014534144
1383469432974962691
1383469458874789896
1383469629411000323
1383469632825171969
1383469695534211072
1383469726010011651
1383469917991686147
1383470043892117504
1383470105569337351
1383470225367060484
1383470270917189639
1383470415343874050
1383470510667821066
1383470608759988224
1383470611658203149
1383470630834630666
1383470731565010944
1383470796979392512
1383470936913969157
1383470945403170818
1383471100571439111
1383471177918676992
1383471352296861706
1383471421372784643
1383471443296473088
1383471539232804870
1383471584296402947
1383471624884678659
1383471703813021705
1383471912924311555
1383471980213465091
1383472007073845257
1383472217762066432
1383472458611642374
1383472478459088897
1383472499900313605
1383472507148128258
1383472625188433927
1383472679718506498
1383472847343943692
1383472863324241928
1383472954185379842
1383473063941926914
1383473113032060932
1383473218535641090
1383473226953629703
1383473411754577922
1383473451621486602
1383473481493323782
1383473579505819649
1383473657385689093
1383473759185559558
1383473913632411650
1383473974319878146
1383474005974208518
1383474016317415426
1383474073338933253
1383474120285822983
1383474181472350208
1383474212472451145
1383474408044449793
1383474420153344003
1383474485009940482
1383474614328717324
1383474634301927443
1383474734344466433
1383474778112024588
1383474800425717765
1383474913416155136
1383475003107069965
1383475162192900097
1383475192639328262
1383475269055352841
1383475294292480006
1383475322062917646
1383475357173501958
1383475642675568647
1383475708681281536
1383476050282172422
1383476140396847112
1383476274581041152
1383476277722554375
1383476411860545537
1383476541535883279
1383476761866870796
1383476823208587270
1383476831148404739
1383476861208915977
1383476894448848902
1383476981178662915
1383477035515793408
1383477082471075841
1383477161907032067
1383477246719971328
1383477331608576003
1383477635590750215
1383477662283272203
1383477739466813454
1383477844936826881
1383477851928756228
1383477973592907782
1383478025237372928
1383478033575677958
1383478095563218945
1383478122897502210
1383478445317922822
1383478533683499011
1383478569217662980
1383478611546497031
1383478718446804997
1383478762130460679
1383479085410619398
1383479264008282115
1383479495093456897
1383479621904060427
1383479966998745097
1383479969808982021
1383480116374761476
1383480364602073088
1383480364660785158
1383480502741397511
1383480506612809734
1383480645679140873
1383480656114552836
1383480771537620994
1383480788335829000
1383480875631874052
1383480882342756355
1383481012248711182
1383481168897601541
1383481222513401860
1383481616903794693
1383481702836674564
1383481827592085506
1383481885955788802
1383481906004512771
1383482062410174478
1383482379486908419
1383482595296440330
1383482732525723648
1383482788364492800
1383482908589977602
1383482937564229642
1383483048323289092
1383483385176231941
1383483408639135753
1383483572481249282
1383483579888332807
1383483650105241610
1383483655784304640
1383483699748954124
1383483814920392711
1383483866480922631
1383483889444745222
1383483940732735495
1383483964149534721
1383484005543124996
1383484239950217221
1383484248368115718
1383484267930394632
1383484341385269251
1383484523686420481
1383484540455325700
1383484648844451842
1383484678334672898
1383484695690633220
1383484856928067591
1383484960024055815
1383485021701382150
1383485147396263945
1383485486258298891
1383485539802771458
1383485580793712642
1383485622808059908
1383485847295598602
1383485981576163330
1383486003227238406
1383486011754250250
1383486103324282882
1383486199541551107
1383486367729020940
1383486431436308480
1383486520015814661
1383486577897218052
1383486657542844417
1383486676161335301
1383486769698533376
1383486841324662789
1383486842729746436
1383486870315626499
1383486964607840261
1383487016579465217
1383487132300300296
1383487189909073922
1383487191075082250
1383487269105926147
1383487274663383056
1383487419391954948
1383487549562253312
1383487588703506435
1383487711642746885
1383487809378340871
1383487960859832326
1383488041847717890
1383488126736207880
1383488146029957127
1383488169434255366
1383488393129074695
1383488588617175041
1383488674592038915
1383488814996361227
1383489019070222344
1383489057783619587
1383489161382957058
1383489222468796423
1383489234703585282
1383489532922785797
1383489534206255105
1383489691127742465
1383489746349924354
1383489902826823693
1383490176836538370
1383490267915841539
1383490319551918085
1383490438150062097
1383490464435752964
1383490528507957255
1383490833421197315
1383490844141916163
1383490892372217858
1383491052057751552
1383491109003825152
1383491214729613315
1383491373643407366
1383491640136933380
1383491641428758532
1383491853224345601
1383491882718621702
1383491916222799873
1383491949307387904
1383491981825908738
1383492147542822912
1383492222998384644
1383492228564217864
1383492277432053762
1383492327021301763
1383492329709838337
1383492357530652672
1383492404947275787
1383492466511257604
1383492481556238344
1383492486195159045
1383492562250473482
1383492849652568067
1383493042888347648
1383493076711211013
1383493214586302464
1383493271884767240
1383493362716594178
1383493462096449539
1383493599799640067
1383493617533128705
1383493692917370886
1383493857933873158
1383494118811181059
1383494403692523521
1383494893536874496
1383495061657112579
1383495096968966151
1383495148911296519
1383495256205713414
1383495337512357900
1383495411772518417
1383495525723369476
1383495760767979532
1383495864002310151
1383495911561580546
1383495934340788227
1383496042855813130
1383496059180044291
1383496072606076933
1383496236620079105
1383496343755231237
1383496362377977857
1383496422369071105
1383496425300889610
1383496447090315266
1383496636286996487
1383496751475167236
1383497150483505167
1383497241554407429
1383497269605924869
1383497317685231617
1383497345514360833
1383497578860273666
1383497641288294410
1383497700352552965
1383497771894800388
1383497860063268864
1383497941344681987
1383497985334468616
1383498119946465282
1383498353858650113
1383498674374791168
1383498675679240196
1383498726614863874
1383499022099304456
1383499194741133318
1383499260218417157
1383499561314910211
1383499787241070609
1383499796732813322
1383499825061109763
1383499861522223104
1383500054237892620
1383500084134875136
1383500155480010757
1383500427983872000
1383500471357243395
1383500868603944961
1383500890347229189
1383501148477263875
1383501202587996161
1383501325443297281
1383501332888182789
1383501421841059840
1383501604410646533
1383501625231167489
1383501643203837957
1383501670458413060
1383501895818309633
1383501957713727490
1383501976051142656
1383502016635277318
1383502084914388992
1383502264237625351
1383502387596304391
1383502418067955713
1383502509554094080
1383502584451764225
1383502696297033741
1383502814861611008
1383502926216269832
1383503026657185793
1383503114821537793
1383503115324825603
1383503120395689990
1383503170349928451
1383503331847331842
1383503577209970689
1383503662312411151
1383503818764144643
1383503839102308367
1383504032195506180
1383504157793939457
1383504292405862405
1383504396978253825
1383504400807727109
1383504809953677327
1383504892124299273
1383504923325730816
1383505125466009606
1383505648869015554
1383505830566273028
1383505876397412352
1383506189846155278
1383506211639726090
1383506258179727360
1383506259630903302
1383506392338735106
1383506500220452872
1383506506268565509
1383506791548424202
1383506875149287438
1383506923350216705
1383506995873947656
1383507006300975107
1383507388037140481
1383507418257055751
1383507659362488320
1383507852199825414
1383507863910289411
1383507871262920711
1383507880876285956
1383507896076435459
1383507910056058882
1383507912329338884
1383508027882409999
1383508058500788227
1383508067208220676
1383508152843313152
1383508235890561031
1383508285492400133
1383508333479350280
1383508825232187396
1383508873705754629
1383508949278728193
1383508964071985157
1383509263327272965
1383509465173925892
1383509584141197313
1383509793843810305
1383510206898835463
1383510226393964547
1383510304588374017
1383510422528040961
1383510580284198916
1383510632402542595
1383510689692545029
1383510701856096257
1383510706369163265
1383510749083967489
1383510831623671819
1383510889425375232
1383510898522816518
1383511015606784003
1383511061698027521
1383511207676563460
1383511217008824324
1383511231462481928
1383511600485654534
1383511724301504515
1383512127713865734
1383512190875959299
1383512326880448516
1383512393624346631
1383512464050987009
1383512758520401926
1383512826359083008
1383512898194919424
1383512911570632704
1383513111387283461
1383513131419275265
1383513143259799555
1383513165523152898
1383513209903087624
1383513213963149317
1383513330191454217
1383513413695901700
1383513479764606977
1383513513188937728
1383513520201818120
1383513583191924743
1383513624132558856
1383513660501348364
1383513757922467846
1383513907348664322
1383513911647895553
1383513922578239489
1383513999975673862
1383514188836859907
1383514353446522894
1383514507922735106
1383514518920171533
1383514711866548229
1383514719282024448
1383514777079599112
1383514781051621376
1383514800152453121
1383514880787902467
1383514914329751555
1383514998027083776
1383515292748324867
1383515646676271107
1383515709435572232
1383515748828471296
1383515876415008770
1383516151414595597
1383516222877159427
1383516275356307464
1383516339726290945
1383516563567898629
1383516830141095937
1383516871870205959
1383517043056472067
1383517109716615179
1383517112174481419
1383517148962639874
1383517153295360004
1383517219464781825
1383517256378773505
1383517344589254659
1383517622998691847
1383517736211337222
1383517763428179977
1383517850107744258
1383518125551878148
1383518242027687936
1383518250969944067
1383518271597551622
1383518678952472581
1383518785701744648
1383519060722208775
1383519170663309316
1383519209737523209
1383519266448629769
1383519268403253251
1383519271007899653
1383519390507814924
1383519394521702417
1383519407494684677
1383519446694723589
1383519555054538752
1383519662076354562
1383519785636429829
1383519838828515333
1383519932613218309
1383520051085516815
1383520189224943616
1383520211416981515
1383520292568375296
1383520397618860034
1383520406733156357
1383520465633779714
1383520565017792528
1383521052060381193
1383521084071321604
1383521198995238919
1383521209560625152
1383521479455776776
1383521480407797763
1383521489853448202
1383521513140150274
1383521623358066690
1383521685530243073
1383521997221552131
1383522026455932932
1383522052036956169
1383522331239215108
1383522520112922624
1383522528497258498
1383522548889964551
1383522614405074951
1383522672659734529
1383522682621227013
1383522702233796613
1383522771322359810
1383522855975936002
1383522862519132165
1383523029221724160
1383523065569570828
1383523105427976198
1383523214974865414
1383523397410324480
1383523474166091782
1383523583809359879
1383523673806573574
1383523678495727617
1383523737899655178
1383523745042632705
1383523783202402306
1383523870452289539
1383524028082647043
1383524179358539779
1383524204918702088
1383524209658253320
1383524323302940675
1383524368462934026
1383524398317981698
1383524745325412359
1383524762148741121
1383524828741701635
1383524879253663759
1383524947872468993
1383524960618967048
1383524962443546626
1383525094941626376
1383525257248526342
1383525335103262724
1383525373976084490
1383525415315140611
1383525416292392962
1383525648526843907
1383525678264455177
1383525802520711174
1383525880064929796
1383525913879474185
1383525977385435139
1383526176715538433
1383526434845511693
1383526665184153602
1383526778682044426
1383526799175421954
1383527021439975427
1383527068021903360
1383527099177193479
1383527277774852101
1383527769833832448
1383527799667924995
1383527831364272128
1383527852713209867
1383527893934895105
1383528164329091078
1383528626067365897
1383528631272579079
1383528731583541249
1383528740190179334
1383528844267720706
1383528905437417478
1383528998081220613
1383529056398757890
1383529261919739906
1383529312532398084
1383529383009210373
1383529413174652930
1383529414395191296
1383529420917411852
1383529652761743374
1383529750430248964
1383529775122173958
1383529993393737730
1383530078718500867
1383530126701334528
1383530299628216324
1383530803649417223
1383530810402217989
1383531063603957761
1383531153487851523
1383531155643797507
1383531177596710912
1383531220705812495
1383531372938022921
1383531595269771267
1383531763654299650
1383531908177416198
1383532456649760771
1383532636052672512
1383532874553454595
1383532882015055874
1383532890340790274
1383532981923446786
1383533037149835266
1383533067139108870
1383533170423865344
1383533495205568512
1383533696725045250
1383533729390370817
1383533738324230144
1383533816715771912
1383533873154297864
1383533972798394379
1383534032659501062
1383534042453188615
1383534315544272896
1383534499682656257
1383534512152268806
1383534708970065922
1383534750929801221
1383534787864920065
1383534803681628161
1383534895981502474
1383534910330179586
1383535082435055616
1383535290615156743
1383535315923570693
1383535334655291396
1383535342393856001
1383535390137602064
1383535468369780745
1383535469074411521
1383535500477165576
1383535506160439297
1383535653510553604
1383535722678820866
1383535867210264579
1383536016389074948
1383536092486377475
1383536439288238080
1383536617827176455
1383536657131921409
1383536788619161605
1383536919947010056
1383536937634439170
1383537146603053059
1383537159005622274
1383537224633880577
1383537268221116429
1383537358075678725
1383537493488771075
1383537570420690946
1383537588305227776
1383537652427759627
1383537681385234432
1383537706571943939
1383537721885356048
1383537825765752836
1383537975976288271
1383538255887360003
1383538269778890755
1383538271083397125
1383538303417208833
1383538589284278279
1383538748651044869
1383539024929849345
1383539087026450432
1383539088389668864
1383539118970265605
1383539119310008329
1383539129611264003
1383539140432568330
1383539245244030984
1383539487389585408
1383539495207723022
1383539799793889288
1383539898213277702
1383539943075553286
1383540133446619147
1383540144330788868
1383540168062234632
1383540218146344961
1383540273574158339
1383540274937294855
1383540524229955588
1383540574347620352
1383540717599870983
1383540721102168066
1383540911016083468
1383541004645462025
1383541025046630400
1383541178327470084
1383541255225806856
1383541344363188232
1383541356660809735
1383541481361735688
1383541513989197824
1383541539394052097
1383541766276542465
1383541788359593987
1383541912095760384
1383541952394665992
1383542235023568907
1383542261716189186
1383542415756193796
1383542526661971971
1383542544420663300
1383542668756602886
1383542747366264833
1383542851062046720
1383542898017198082
1383542963507142667
1383543070323396622
1383543168784732160
1383543226569695232
1383543496749969412
1383543809653415948
1383543863621550082
1383543930533253127
1383543972635693065
1383544060359544842
1383544167377227780
1383544331101896712
1383544395614474240
1383544462165479431
1383544491743735808
1383544569606803456
1383544636451348494
1383544640821895169
1383544681091407881
1383544868954263556
1383545017755574275
1383545070436044809
1383545117982662660
1383545243694374914
1383545289483571202
1383545321460961280
1383545501912485895
1383545510372335627
1383545565858865157
1383545667121938440
1383545722067292163
1383545753914675205
1383545807706550273
1383546027156770822
1383546378127695872
1383546464400334850
1383546528086650892
1383546573712289792
1383546754226741250
1383546809969115144
1383546831628496910
1383547033458409492
1383547061128204294
1383547076202483722
1383547109824028675
1383547233644146695
1383547306117455878
1383547410878664704
1383547421687353347
1383547515228758022
1383547535675953157
1383547839234543618
1383547896205746187
1383547971489259523
1383548022051672069
1383548118411603979
1383548259579297795
1383548286812921864
1383548324641316864
1383548337664626696
1383548340214788098
1383548345445085192
1383548419453509634
1383548421483634705
1383548684269285378
1383548765441728512
1383548898183061510
1383548904575148045
1383548921285201925
1383548930693091329
1383548999890653185
1383549002101137414
1383549058594131973
1383549069113446410
1383549085861384203
1383549101980098565
1383549109785616390
1383549134305513484
1383549161149145095
1383549356515553286
1383549382146990083
1383549480750915585
1383549526972125189
1383549530918903809
1383549620677054466
1383549732132298755
1383549953679630341
1383550047690706946
1383550238745513984
1383550327853510661
1383550392806506499
1383550402537213965
1383550535727390721
1383550570229760005
1383550611178758149
1383550655344693249
1383550817945341954
1383550843346063370
1383551007095881738
1383551063316320268
1383551080017981450
1383551139140890624
1383551167855095810
1383551203355762690
1383551266287022085
1383551347497132041
1383551373015277571
1383551418594783239
1383551418724884486
1383551478908952576
1383551528359710720
1383551537956286467
1383551655283548160
1383551817988984832
1383551906807574531
1383552122629758979
1383552176560087047
1383552233212551170
1383552324514156557
1383552358269947909
1383552419632615442
1383552453979766790
1383552522409762822
1383552613019385859
1383552632069844992
1383552784008564740
1383552833144770567
1383552912077443076
1383552928036704259
1383553157372907522
1383553191678070786
1383553242789937162
1383553290353352710
1383553360767242250
1383553389120737295
1383553499200327681
1383553515105124359
1383553525481820163
1383553560474918921
1383553706935734284
1383553791153168390
1383553844022452229
1383553870886936582
1383553988440715267
1383554033101598727
1383554068346327042
1383554796129423364
1383554883618410501
1383554928258338822
1383554931341160449
1383554964996333572
1383555043236880397
1383555093035769864
1383555112342200322
1383555146865537024
1383555160887025669
1383555182886211591
1383555183737593857
1383555256127086605
1383555297482928134
1383555314851598340
1383555338528460808
1383555357281165313
1383555370530926604
1383555414793408516
1383555415011590146
1383555484259471361
1383555508288688132
1383555527326662666
1383555562311352320
1383555584759242754
1383555597593813002
1383555601490321410
1383555665285713920
1383555728384790529
1383555738023333888
1383555748186132491
1383555858563432448
1383555870986891264
1383555878993809408
1383555900783284230
1383555924552388615
1383555929627447303
1383555959881015303
1383555983977246726
1383555987798298625
1383556005439541260
1383556037794430987
1383556040113807362
1383556137379786758
1383556159295033346
1383556159890591751
1383556220800299010
1383556247681527814
1383556309451120642
1383556416208662528
1383556499838967811
1383556560031420422
1383556604998475776
1383556619808559111
1383556621662449664
1383556643045068803
1383556674485587968
1383556699450077187
1383556725530189830
1383556733230977024
1383556735269408768
1383556769603940370
1383556774582652933
1383556807117787145
1383556838554161164
1383556990673166336
1383556998860480515
1383557002756956167
1383557180859715587
1383557289269817351
1383557296718979081
1383557311407345664
1383557405422673924
1383557423508574208
1383557428977881101
1383557442500366343
1383557488679686147
1383557569709428738
1383557604132098055
1383557667101179905
1383557705873301506
1383557713544638465
1383557715331411980
1383557728187031555
1383557746159546370
1383558001336848390
1383558160678481923
1383558303272235015
1383558392145354759
1383558392275341319
1383558400756260867
1383558434692362245
1383558467814785027
1383558531408826377
1383558706516746240
1383558718571257865
1383558765497053193
1383558921353187330
1383558936402436096
1383559120754597896
1383559165075853312
1383559190220660742
1383559310983065602
1383559335897288709
1383559523344945168
1383559557356548103
1383559598125195265
1383559649320849416
1383559923531874316
1383559930452451341
1383559950484471814
1383559999557832709
1383560057346924547
1383560084798656515
1383560262842679297
1383560280517472259
1383560286762766336
1383560302361399301
1383560361605963780
1383560515255902211
1383560529122185217
1383560559593807873
1383560597216788484
1383560745963511809
1383560801043173385
1383560806059560964
1383560877119475723
1383560886766346242
1383560896149016579
1383560964272910336
1383560979133304835
1383560997198200835
1383560998552961024
1383561010921971715
1383561079809208321
1383561138223206404
1383561177792270341
1383561202148679692
1383561241927454723
1383561280594710528
1383561284839378948
1383561332763496453
1383561437784592385
1383561454993870848
1383561583775813638
1383561616428388366
1383561773970640898
1383561783927967745
1383561811841089537
1383561820770684937
1383561948818669573
1383561982247272451
1383562026484596747
1383562119384244229
1383562131690295308
1383562144382283777
1383562156830982144
1383562234450702337
1383562244454191110
1383562311843999746
1383562371440922633
1383562445919199242
1383562500092747777
1383562510633111553
1383562558196486145
1383562571777593348
1383562630934142981
1383562727235350530
1383562803353587712
1383562920575995906
1383562949407612931
1383563086569775105
1383563098653564930
1383563103472820225
1383563124972740614
1383563133235589122
1383563199803379722
1383563217838825481
1383563246787973130
1383563293789327360
1383563308565884928
1383563387401949187
1383563387846619146
1383563448340996103
1383563562824597505
1383563575868858380
1383563652796620804
1383563729028087816
1383563756588830726
1383563781423259650
1383563796824793091
1383563922133852172
1383564104120508431
1383564123103850508
1383564210785849345
1383564215470813193
1383564252095533067
1383564296609665030
1383564325164511235
1383564353706684419
1383564411164512265
1383564462938984454
1383564486401875980
1383564490692644864
1383564547257114632
1383564561932898307
1383564595827150851
1383564614567219205
1383564735828742145
1383564739658194960
1383564847590240259
1383564914900361219
1383565113676816389
1383565127492927493
1383565199274176515
1383565543588777991
1383565590825082890
1383565603890335751
1383565665798213634
1383565689986838530
1383565751039057933
1383566058376765443
1383566267924193289
1383566294658682882
1383566555137548293
1383566624460926982
1383566663069487107
1383566747735781381
1383566786956697609
1383566799921311753
1383566857060323334
1383566880460341251
1383566897220775938
1383566898428743685
1383566930410303490
1383566931463077888
1383566944775770112
1383566978497925121
1383566991588356105
1383566997913436162
1383567124430409740
1383567200892579849
1383567210057146373
1383567265753309186
1383567285286178816
1383567292026392582
1383567303451680773
1383567368392101893
1383567457575608326
1383567498155499522
1383567504665047040
1383567527909871624
1383567703726723074
1383567853245198344
1383567877857415173
1383567937974407182
1383567942747529224
1383568135115083779
1383568141217767425
1383568173081907205
1383568224969629696
1383568227431710720
1383568258926669832
1383568305097560069
1383568316061556749
1383568378296635393
1383568596400369665
1383568709072023557
1383568719599652868
1383568755360296961
1383568763799314435
1383568793184526337
1383568798913945603
1383568923702923269
1383568963422941185
1383568987498323969
1383568999246491652
1383569004527198211
1383569014811631628
1383569099096088579
1383569243438915587
1383569249440997379
1383569272107008006
1383569295578255373
1383569394882650115
1383569472292724738
1383569489833259008
1383569590085578760
1383569631386882050
1383569658792472584
1383569685212323846
1383569727163752457
1383569741881610240
1383569763951992834
1383569799125508096
1383569819287449606
1383569885083570179
1383569941366939659
1383569946538496006
1383570034782457862
1383570116151889921
1383570152764035075
1383570191364227075
1383570254131961871
1383570462387556357
1383570576455847943
1383570584563449858
1383570598538792963
1383570634328797187
