1321240264065908736
1321240266360041472
1321240498296729601
1321247812873576450
1321251680957116417
1321252458337808384
1321254487474860032
1321260100254896129
1321260393168330752
1321264272618520577
1321264375483764737
1321268453584609283
1321269588026445829
1321269908378996739
1321275620710600704
1321280525726699522
1321287789384769536
1321289440862605316
1321290592115027968
1321290982390988802
1321297400565272582
1321298171490930689
1321298367780184067
1321298461594144769
1321299595088044033
1321301207181365253
1321301475138613253
1321305247210459140
1321311036612485121
1321384465017569280
1321393831842140160
1321396050653933568
1321397062622236675
1321404821476417536
1321413368524247041
1321413435813326848
1321414176091312130
1321415325909438464
1321415436702044162
1321416361210503173
1321417159180955649
1321418840425832448
1321419096148398089
1321421281074491394
1321422376110821376
1321425732887810049
1321427339448930306
1321427896376971271
1321428080334938114
1321429507891322881
1321431455201898500
1321432038264705029
1321433375111086081
1321436064171646976
1321436554284466176
1321436560500219906
1321436661696417793
1321436971433107462
1321437100894494722
1321437292670705665
1321438041693691904
1321439090718461952
1321440832319295489
1321445110786248704
1321445622210322433
1321446767624409088
1321448069804761088
1321449137250906115
1321449987436384263
1321450445341151234
1321451581779435522
1321451654701600768
1321454411806375939
1321454646108585984
1321455428446769152
1321457649788092418
1321458077934276610
1321460210070777856
1321460346473877505
1321460646467244032
1321462561380929536
1321463737660940289
1321464232647577601
1321464239786283015
1321464739784847360
1321464809334996993
1321466758797029376
1321467555559690240
1321468160248348672
1321469398209671168
1321470222419824640
1321470276270346240
1321470773362593794
1321474345328410624
1321474391100764161
1321475164928880650
1321475585147867136
1321476705945571333
1321477546400227328
1321478124870225920
1321480342612570114
1321481184669564931
1321482120162926592
1321483444078215169
1321485142469332995
1321485628119248898
1321486017266962432
1321492498200616960
1321492734662856705
1321494657482838018
1321495441943351297
1321496960801542144
1321497130201239552
1321498895730544640
1321500727160807424
1321500888666673152
1321501968658038784
1321502219498221568
1321503531996794886
1321504538998804481
1321504683584794626
1321505508449161217
1321505770769424388
1321506888358514688
1321507785222377473
1321509535077588993
1321512058781716480
1321512807163191297
1321514599494094848
1321514691009617921
1321514793526792192
1321515875334344709
1321519643345985539
1321520859752943620
1321520919026765829
1321522984553775109
1321527153012264964
1321527805956468744
1321528048206794753
1321531177518333952
1321533182764896261
1321534088159907842
1321535707492585474
1321537412816928770
1321537756703674375
1321539733810417667
1321539814848692224
1321541643535831040
1321542255858061312
1321544902027714561
1321546025765494785
1321547023926124546
1321549912870408203
1321550807016169472
1321555401050148864
1321555839988084737
1321556193278570501
1321556852388384770
1321557410084016128
1321557428580876294
1321557788695404550
1321559529251852289
1321560352761532416
1321561124777545728
1321563387747278848
1321564933960720389
1321566158156345350
1321567416300630016
1321571365321908227
1321571442924920832
1321573675452289029
1321576476039241728
1321580908697235457
1321581330963025922
1321581509103374338
1321582526025129991
1321582956721426432
1321585032415211521
1321587550239162368
1321587552327999488
1321590424205725696
1321591102307270661
1321591822460850176
1321591827020087299
1321601289277550592
1321602330110894080
