1333923840125231104
1333923940973096961
1333923949269409797
1333924209043574785
1333924322466033665
1333925202439397377
1333926365125611523
1333926445303869441
1333926615936622592
1333926742772342785
1333927374312837127
1333927598003527682
1333927672322404353
1333927938606116864
1333928262221918208
1333928311404326912
1333928869066387456
1333929869089103873
1333930719803043840
1333930821879730176
1333930967937986560
1333931845818396675
1333931938885890055
1333932008863657985
1333932093651431425
1333932121740677120
1333932764077416455
1333932922823438336
1333933104352915456
1333933584554528768
1333933621032464390
1333934017561964545
1333934119051534336
1333934229319774208
1333934314787139586
1333934411436478466
1333935010190123010
1333935436209811463
1333935533110792193
1333935713654550542
1333935973172973568
1333936689782403074
1333936891742314506
1333937056511365128
1333937072718098434
1333937699586265089
1333937860571959301
1333938069863608322
1333938416581488644
1333938698992439297
1333939211372818434
1333939237041926144
1333939321976578048
1333939698914521090
1333939755009118210
1333940157922365442
1333940665529593867
1333941400438759426
1333941853440372737
1333941916283641861
1333942301790515200
1333942968982573057
1333943083331936260
1333943705313681408
1333943859743744000
1333943942413512705
1333944324367724544
1333944441552461828
1333944947687428096
1333946172952748033
1333946264585703424
1333946446043885569
1333946485130539009
1333946485990322176
1333946602239746048
1333946672678920197
1333946929131163650
1333947631043809280
1333947827689562119
1333947910782914560
1333948049505312770
1333948631263686657
1333950543753056256
1333950703820267523
1333952704687853571
1333955250177323013
1333957161064538122
1333958251248017410
1333960174554542081
1333960210742992896
1333961597463777280
1333961851185606658
1333962544537612288
1333964113752551424
1333964380468293634
1333965409641504770
1333965565438939137
1333966223642652677
1333966839781748736
1333967193323745282
1333967463462154242
1333967499273048065
1333967784204787713
1333968051193212928
1333968979124232198
1333969136842465281
1333969150558031872
1333969151631749121
1333969657771020288
1333970910399901696
1333971319940059141
1333971663277469700
1333972803180253187
1333972919530053633
1333974936260644864
1333975438872350722
1333975692762079233
1333975707408625665
1333975781698105345
1333976020668588032
1333977589455720448
1333979292716429322
1333979334500081669
1333981740654866436
1333982037842288641
1333983630230777859
1333983723600175106
1333983728155156482
1333984280016515073
1333984392847519744
1333984469972361216
1333985007967358977
1333985466056585217
1333985879053004800
1333986965490978817
1333987196978728960
1333987650747981830
1333990424810229762
1333990441369350144
1333991569947578368
1333991772838645761
1333991797119397891
1333991946344423426
1333992147217891328
1333993141486182400
1333994895737040896
1333996033915957250
1333997053945450498
1333997444431011841
1333997555114536960
1333998508903444485
1333998801347108866
1333999476013486082
1333999540324720643
1334000115221196801
1334001104447737861
1334002873995300864
1334007529618239488
1334007870485127168
1334008708507037696
1334009510051147776
1334011926150586368
1334013908705751040
1334015944801259520
1334018516169666561
1334019602158813185
1334019786477596674
1334022823136944129
1334023332698664967
1334023676769996801
1334025423701897217
1334027812706115585
1334029761232908290
1334030644834349056
1334036350320971776
1334041028005748736
1334043804790349825
1334046190539837440
1334052207407341573
1334055588058296320
1334057830240952320
1334068239228305410
1334076455815352322
1334076707716952066
1334078670563106824
1334079417182720001
1334082461945503744
1334084819756716033
1334086435645886466
1334089832222617603
1334089935842926592
1334090873211138050
1334091682317561864
1334092073025277958
1334092639210254337
1334093829708759041
1334096730607005699
1334097415507415040
1334098961972473856
1334100740697190401
1334101523358490624
1334101974665539584
1334102196418453504
1334102814906343424
1334103132721344513
1334103202552274945
1334103597609611266
1334103655365058564
1334105112814505984
1334106519131090949
1334106690988412928
1334106793333694464
1334106953228951554
1334108833820643328
1334109057263788033
1334109469370933252
1334110054769897473
1334111907041644544
1334112189045682176
1334112290820550658
1334112358881517570
1334112721697169410
1334112846385393664
1334112879994351618
1334112922147164160
1334113362331000834
1334113879547400192
1334114860603465732
1334115251034484736
1334115611971084289
1334115937335844865
1334116045976707073
1334116383534305281
1334116496516198400
1334116954085482498
1334117634548391939
1334118802154516488
1334118826787680256
1334119547121627142
1334119876621971457
1334119974630268928
1334120097045213185
1334121256061456387
1334121543950082048
1334121966048047105
1334121978849075206
1334122262195105793
1334122312443031553
1334122756707930118
1334123130579783680
1334123685909852160
1334124207534452740
1334124313373503489
1334124491539148800
1334124515220221952
1334124525395570689
1334124807089221632
1334125442459168771
1334125466043756544
1334125553662783488
1334125719455195136
1334125852989288448
1334126313729380357
1334126529274667008
1334126684698681350
1334127231090745346
1334127292004638721
1334127644095492096
1334127922974744581
1334127981715988481
1334129133538959361
1334129163599556611
1334129199875985409
1334129230888767489
1334129702747955200
1334129801809063936
1334132260921090052
1334132542665084930
1334132730137882633
1334132734244040704
1334133115246301185
1334133356083224577
1334133790046826498
1334133970515144704
1334134207375962112
1334135234963648512
1334135525947617281
1334135677865365507
1334135855468965889
1334136558300106754
1334137087700897794
1334137147218157568
1334137173247979526
1334137741395767298
1334137772374970368
1334137950368649225
1334137955288555520
1334138011093786625
1334138474916687875
1334140490590134274
1334140980954533888
1334141207992291332
1334141420085633026
1334141473504235524
1334141714135715840
1334142054998437889
1334142200893018117
1334142829157871617
1334143376996839425
1334143398454972418
1334144037251584001
1334144398985195520
1334145128009781248
1334145180732174339
1334145193289912326
1334145257286430722
1334145484139732997
1334145633054285826
1334145919130984448
1334145935585243136
1334145948512100353
1334146003189059584
1334146024554770438
1334146108373733379
1334146129718611969
1334146192117207040
1334146331095470081
1334146408333664256
1334146859837886464
1334147072052883458
1334147850201145345
1334148074042691590
1334148076441767941
1334148123065786370
1334148424321691650
1334149165761388544
1334149566829129732
1334149785541021696
1334149969259999238
1334150193047023616
1334150726231191553
1334151228985643014
1334151561405198336
1334151638446174212
1334151659023446021
1334152765879308288
1334153391010877440
1334153448196083719
1334153485298913281
1334154313967558657
1334154448126533639
1334154544889126915
1334155288635711488
1334155307510091777
1334155343723696130
1334155403769368577
1334156407453597696
1334157436144463873
1334157609524473858
1334157894665838595
1334157958993879043
1334158331611496449
1334158733270781953
1334158823586729985
1334159961304276994
1334160350996992005
1334161091757268993
1334161260984885253
1334161322251055109
1334161521191112708
1334161913312403458
1334162386945794048
1334162391542730752
1334163545085317121
1334163707983695872
1334163834353954817
1334164004093235203
1334164085513007104
1334164100977483778
1334164103686983680
1334164884658003968
1334165044049944578
1334165613036580864
1334165888078131205
1334166123777052673
1334166167502643201
1334166242400284674
1334166300428537858
1334166639777099786
1334166692398850048
1334166789769601028
1334166948217806848
1334167015360245762
1334167709886590977
1334167754216247296
1334167770028716033
1334167892833820673
1334167990229753863
1334168249399988225
1334168316953432068
1334168354299514880
1334168935986581505
1334169301130022912
1334169395912957954
1334169635395149825
1334169759261179904
1334170006280695811
1334170416512962563
1334170417955803142
1334170827407970304
1334170834554990594
1334171024624128000
1334171067728924684
1334171445660938240
1334172331468533760
1334172416566845442
1334173141560659978
1334173246749630470
1334174330603925505
1334174675451179008
1334175055031496712
1334175160413335553
1334175728074682369
1334176236961210369
1334177029147783168
1334178659083710468
1334178668193705985
1334180533530714118
1334181282826186753
1334182196073160704
1334182264834547712
1334182333419753477
1334182577754820611
1334183105670897664
1334183521645195264
1334184279375548416
1334184324632096775
1334184391728369664
1334184483831099393
1334184553783590912
1334184800228356099
1334185400148107265
1334186819882246145
1334187008575631360
1334187494728986628
1334187894987165697
1334188078760488960
1334189652333432833
1334190038771437571
1334190097751748610
1334190187614662657
1334190341793124352
1334190349573640198
1334190609985396741
1334190626334765056
1334190841053720576
1334192223240511492
1334192536794042368
1334193385939345410
1334193466415452167
1334193908142780423
1334194287773446147
1334195111052402689
1334195333988020228
1334195460957933572
1334195512367407108
1334195627429773313
1334196150295990273
1334196248220405764
1334196476214296576
1334197348784873473
1334197458176499715
1334197506520002560
1334198132230426625
1334198583290171392
1334198938015047680
1334199550844743685
1334199905120825346
1334200281937178625
1334200322244440067
1334200370080395268
1334200538502729728
1334200577040011271
1334200827049771008
1334201467150938116
1334201610126422016
1334202497200697344
1334202810057932800
1334203309402578948
1334203586474094594
1334204003987623940
1334204258573541376
1334204798883811329
1334205335859499013
1334205679469473797
1334207585252233216
1334207616109711366
1334208661560954880
1334210733656080384
1334210827994476550
1334211349161910276
1334211773830995971
1334212194691649548
1334212452989472773
1334212624616222721
1334213450134941700
1334213905963511808
1334214672946515971
1334214693385347079
1334215019408613387
1334215391455940609
1334215798655770639
1334216241771319296
1334216385120120834
1334217152388329472
1334217847904595970
1334219791561859077
1334219977986084876
1334220330181816320
1334220539691474944
1334220882424848389
1334221454418857988
1334221643309330441
1334221663223885826
1334221870552522756
1334221911937720328
1334223782756704257
1334223884544061443
1334225199957499905
1334225227564376070
1334225677810364417
1334225825596469248
1334225827647475715
1334226084603244545
1334226694765490180
1334227459223465990
1334228525142974468
1334228568231071748
1334229479015723011
1334230147533303811
1334230255616266241
1334230877090570243
1334232819300786178
1334233242409578496
1334233378019627008
1334233584396333057
1334233694131859470
1334233951892885507
1334235457882906629
1334235570613194752
1334237395575853062
1334237407940653059
1334238072612003846
1334238503060828166
1334238997732872194
1334240093054365703
1334240556210384896
1334240888734822402
1334240926592606210
1334240929360777216
1334241344508862465
1334242146858242053
1334242550111199232
1334243423885332481
1334243469229961218
1334244428601569282
1334244700052545536
1334244894387351552
1334245109404225543
1334245354234122240
1334245380146536449
1334246413073571850
1334247184284389376
1334247317050941442
1334247372885553154
1334247920258998275
1334248495205797892
1334248498045313025
1334248657978273794
1334248701037064195
1334248784025563145
1334248880628584449
1334249366127849475
1334249377972555777
1334249910015823874
1334250316070531081
1334251160933371904
1334251682209918985
1334252597419634688
1334253466718494721
1334253625380663296
1334254066315177986
1334254104944766977
1334254609733447681
1334254616964378624
1334254631006973956
1334255438104301571
1334255940032454657
1334256025982144516
1334256030239219712
1334256030906126336
1334256112829427716
1334256520742260737
1334256633174700033
1334258186405240835
1334258779941187584
1334259229776097292
1334260221993246727
1334260762148270081
1334261577625714689
1334261942505050114
1334262107139956744
1334262834075557888
1334263511262879748
1334263575226019840
1334263699528409090
1334263987601543171
1334264416309829632
1334264657809436682
1334265077134979072
1334265437140475904
1334265612261060612
1334266500870524928
1334266795214200832
1334267530798657536
1334267903777103872
1334268776175570946
1334268824338784259
1334268927942209539
1334269030832730112
1334269104895762438
1334269645822504961
1334270346430730244
1334270766603526147
1334271127070314505
1334271845428850689
1334272320144371713
1334272350133641219
1334272697547825158
1334272788882919429
1334274502688190465
1334274924987506688
1334275004851228676
1334276299184091142
1334276836281511938
1334277404701962249
1334278673827061760
1334278674204397569
1334278683733979137
1334278684749029376
1334278757817999362
1334279932311003141
1334280273224224768
1334281574473469957
1334282065441923073
1334282129602203650
1334282348423245824
1334283092710674436
1334284387664400385
1334284393280659461
1334285109235683336
1334285886188630017
1334286129533693952
