1309281462752083968
1309281596219043847
1309281614950731777
1309281630876577792
1309281643421675522
1309281677294866432
1309281714758471681
1309281724673687556
1309281829384486913
1309281951967318018
1309281988243849216
1309281991364423681
1309282025493458945
1309282108444205056
1309282110906273792
1309282139704365058
1309282212441980935
1309282273280360448
1309282314694918144
1309282354846822400
1309282366326820865
1309282390137765888
1309282635827556357
1309282732174966784
1309282813636739073
1309282814743977984
1309282855147769856
1309282858322874370
1309282947812528129
1309282983057256451
1309283030029213696
1309283040573689856
1309283071674507264
1309283183272357888
1309283234887368704
1309283255984762881
1309283343037497346
1309283447991603208
1309283515045949442
1309283622080446464
1309283692599218176
1309283704506920960
1309283919095881728
1309284053229678592
1309284179402784768
1309284214664200194
1309284223170285569
1309284286814715904
1309284325326807040
1309284359304818689
1309284530851917824
1309284737291292675
1309284776990441472
1309284902974754816
1309285056788168704
1309285066628100098
1309285123247013890
1309285413543202816
1309285520405561346
1309285673799688195
1309285849129988096
1309285882697048066
1309285969993052162
1309286008517726210
1309286063882502147
1309286348491304961
1309286474068758534
1309286491034660864
1309286735675895814
1309286768131407873
1309286863509880832
1309287177407344643
1309287178602721280
1309287249142398977
1309287259217289216
1309287266527916037
1309287291697926144
1309287314691153922
1309287383997845504
1309287575803359232
1309287634594869248
1309287652953387009
1309287818649309184
1309287924995948546
1309288074850062343
1309288344816320517
1309288457035014144
1309288473506066433
1309288699205742596
1309288720307232770
1309288758693560323
1309288761512075265
1309288877404950530
1309288901035597826
1309288946325745667
1309288978751918080
1309289075065655296
1309289126919917568
1309289261183774720
1309289262270025729
1309289372768927744
1309289521654235141
1309289526322397184
1309289733705564161
1309289809387507712
1309289871882813442
1309290020088541185
1309290061213716485
1309290066456522752
1309290092138295297
1309290132894343168
1309290159586893825
1309290191711088644
1309290226238525441
1309290263660158982
1309290317120704516
1309290329422561280
1309290596977250305
1309290677713465345
1309290808743473152
1309290855040274439
1309290994324692992
1309291011030605830
1309291132485066753
1309291145713811456
1309291148654137344
1309291337901125633
1309291449670926337
1309291634291605504
1309291701287215105
1309291721017131008
1309291753237893121
1309291803867262981
1309292062571982850
1309292098659774464
1309292434183028739
1309292453107769345
1309292545046962177
1309292554609983488
1309292653654224896
1309292697363111947
1309292709786669060
1309292823821324288
1309292884059918337
1309292967472095234
1309293004931334149
1309293068991057924
1309293168945397760
1309293364899180544
1309293419345440770
1309293423644405760
1309293523347419136
1309293523682852865
1309293569354670086
1309293648215973888
1309293733863714817
1309293738284453888
1309293847718096896
1309293921525288966
1309293943151099904
1309293980341989379
1309294075594539009
1309294098671702018
1309294254099959810
1309294370789699585
1309294390213578753
1309294391874457601
1309294418365644800
1309294455770546177
1309294793554526209
1309295053811130368
1309295062027833344
1309295192059580422
1309295265132797952
1309295354194558982
1309295476131483653
1309295592678584320
1309295636613824512
1309295931116974080
1309295949580242950
1309296061148733441
1309296109572030465
1309296263020589056
1309296371527307264
1309296380280795136
1309296593573642240
1309296707876814848
1309296717716697095
1309296800537423873
1309296802999476229
1309296928262365184
1309296949263204353
1309297002379870208
1309297047980453894
1309297067408449536
1309297193753378816
1309297249323814914
1309297273784983552
1309297287965835267
1309297381725405188
1309297408422088704
1309297500067639297
1309297518107389952
1309297621283074049
1309297710684667909
1309297762056450054
1309297765650923521
1309297856885424128
1309297974040834048
1309297976964272131
1309298111236452352
1309298195407818754
1309298456394162177
1309298559808929792
1309298768181944323
1309298822045151235
1309298836502962189
1309299002911928321
1309299080779255810
1309299127495393282
1309299482912325633
1309299547601088513
1309299597307777025
1309299632812560390
1309299685123858438
1309299845568630784
1309300486055645184
1309300515986173953
1309300610060218368
1309300748501553152
1309300751123054592
1309300751341101056
1309300798434750464
1309301013090914307
1309301017440329729
1309301178472300544
1309301307564490758
1309301383137550336
1309301390162956290
1309301490289463297
1309301631654264833
1309301644258148352
1309301674301886464
1309301824881602560
1309301864572350466
1309301938589229056
1309302127211225088
1309302156378255361
1309302207221764097
1309302238842585090
1309302267791765506
1309302340655210497
1309302438009147392
1309302488949035013
1309302491989848064
1309302509366915081
1309302531206586369
1309302541247811585
1309302644909969412
1309302670935678976
1309302707627401216
1309302831556562947
1309302926251356160
1309303121521373184
1309303307450671104
1309303336844193794
1309303479668822016
1309303798196768768
1309303800444997635
1309303848834605059
1309304198446690304
1309304265215795200
1309304276448149504
1309304389761466369
1309304391468552192
1309304454433382401
1309304492979040259
1309304548515774464
1309304751914389508
1309304876246224898
1309304974417985537
1309305161689559041
1309305360231075841
1309305384491003907
1309305394196553728
1309305579215687681
1309305938227220480
1309305967214039040
1309306027490381827
1309306042816364544
1309306238065352704
1309306441891745792
1309306469293199361
1309306759388049408
1309306811674251264
1309306819655938053
1309307348784214016
1309307569349984257
1309307606029275136
1309307615449681922
1309307653194166272
1309307743837315075
1309307899815100417
1309307918802726913
1309308059848790017
1309308099279413248
1309308370776739840
1309308601480216577
1309308653791576070
1309308687497007105
1309308842908491780
1309308963922481152
1309308986601156610
1309309215329202177
1309309292617625600
1309309313098407936
1309309345209946112
1309309360338882561
1309309537053224960
1309309574005088257
1309309636718321669
1309309707266469888
1309309757702930432
1309309971230842880
1309309992231731201
1309310024230014976
1309310050327035904
1309310064067588096
1309310584370987010
1309310892136427520
1309311080162906117
1309311180796760065
1309311182742982658
1309311186106748928
1309311243564576768
1309311356320047104
1309311398950907906
1309311450930991104
1309311611417616385
1309311663162748928
1309311664790089732
1309311759866621953
1309311766044856320
1309311991580893189
1309312017426272257
1309312314118635521
1309312327972421632
1309312483660902401
1309312483753160706
1309312486257164288
1309312883193454592
1309313050990833664
1309313116904124418
1309313124806397953
1309313195891281920
1309313246927753216
1309313361197268996
1309313450435383297
1309313809207750661
1309313861892403200
1309313876308234240
1309314068470214657
1309314081111904256
1309314148451352578
1309314420221399040
1309314583878922240
1309314850674405382
1309315009579802628
1309315245333254144
1309315507519205378
1309315563173404674
1309315614134149122
1309315670170103811
1309315818602233856
1309315958461403137
1309316089730551808
1309316089969602561
1309316152645038080
1309316214347436032
1309316215035265024
1309316410552844289
1309316449928962048
1309316640333537282
1309316718397882372
1309316877567614977
1309316986145513473
1309317029757956099
1309317159273803778
1309317209018294272
1309317405483708416
1309317433312907264
1309317530868158464
1309317599948308485
1309317659805331458
1309317662187679747
1309317821999058944
1309317873458913280
1309318064803123202
1309318092707770368
1309318510762483712
1309318534586130432
1309318621588598785
1309318686793256961
1309318724957220865
1309318765293768705
1309318807815704577
1309318816455897089
1309319140252037120
1309319225966768129
1309319307722207232
1309319386017288193
1309319678301528064
1309319717006516225
1309319794773176322
1309319807259508738
1309319826121334785
1309319951103254528
1309319990340923392
1309320150726868992
1309320421444124674
1309320871639740418
1309320909212262401
1309320934457782275
1309320938002034689
1309321308300345345
1309321381683834887
1309321450264973312
1309321491650170880
1309321606674739201
1309321747666268162
1309322097618022404
1309322317818998788
1309322385653465088
1309322419937705986
1309322438770077696
1309322526699466756
1309322545804517376
1309322809793970178
1309322938584305664
1309323225730617344
1309323357389807621
1309323499748683776
1309323620703969281
1309323928112898048
1309324300206460928
1309324519035883523
1309324689614004229
1309325074261069824
1309325095995936769
1309325403589410823
1309325536297181191
1309326073201647616
1309326081913237505
1309326126578380805
1309326180865249280
1309326384217686018
1309326414349512706
1309326548521156608
1309326580490162177
1309326661276573696
1309326721666224128
1309327009089302528
1309327121354051585
1309327246369456128
1309327361930940417
1309327413004959744
1309327489978830850
1309327896079667200
1309328586420170752
1309328731014680576
1309329021877051393
1309329045507706880
1309329202169212928
1309329270595096578
1309329276144148481
1309329307769110530
1309329375058440193
1309329381400162304
1309329413448884225
1309329515806588928
1309329847756484609
1309330096562544644
1309330135632490496
1309330248144760835
1309330562960814080
1309330778673864704
1309330822776999936
1309330823632560130
1309331103312904192
1309331171906641922
1309331192030924800
1309331284343357441
1309331384448749573
1309331689685090304
1309331923379064834
1309332016039628800
1309332467812368385
1309332485386502144
1309332592253116416
1309332740752506882
1309332908063232003
1309333004892987396
1309333956169469955
1309334015552483328
1309334826084859904
1309334974798139392
1309335204977311744
1309335314335510528
1309335973390684161
1309336137970970624
1309336808866668545
1309336885182050305
1309337369145942018
1309337517909520384
1309337585358196736
1309337730539757568
1309338231448756225
1309338334884438016
1309338414555201536
1309338556679192577
1309338686249631745
1309338748384088065
1309338752830111745
1309338816302514177
1309339089850818560
1309339118376235014
1309339233392496648
1309339452125384704
1309339687522164738
1309339771584552960
1309340308405133314
1309340477976727554
1309340671174639616
1309341235694440449
1309341446894489605
1309341774255738881
1309342185146454016
1309342438050455556
1309342438520246272
1309342732935139328
1309342830817574912
1309342875298287616
1309343053656788992
1309343261346144258
1309343585855254533
1309343670353776641
1309343912994144262
1309344045039321088
1309344109426024448
1309344208763977729
1309344641683259402
1309344650835234817
1309344685710888961
1309344712126607362
1309344829780963328
1309344896512331777
1309345507249213440
1309345573594697730
1309345946174660610
1309346171828277252
1309346182154645504
1309346569775394816
1309347067253452801
1309347551892692992
1309347571589054467
1309347682926948353
1309347829350109187
1309347888930136064
1309348136540876808
1309348405601337344
1309348617711489025
1309348698820878337
1309348720555814915
1309348781188698112
1309348806396436481
1309349138786668544
1309349672876679168
1309349721132105728
1309349903731175424
1309350143179796482
1309351055789109248
1309351207597748229
1309351259355447296
1309351291399933952
1309351351911165953
1309351495494758401
1309351827838820354
1309352077081141248
1309353067377078272
1309353325540904960
1309353480105189381
1309354160169668609
1309354438683918336
1309354697443155968
1309354827835727872
1309354941203521537
1309355253972819968
1309355318749671425
1309355688746012673
1309356022704869377
1309357220086394880
1309357378018705409
1309357433702227968
1309357713525268482
1309357743128621058
1309357749680078849
1309358400212480001
1309358775304888321
1309359248107868160
1309359292282220544
1309359840733655040
1309359975643443200
1309360223367426048
1309360543770316801
1309360964505153536
1309362475721252865
1309362539189460992
1309362651177328640
1309362949740548096
1309363086659407872
1309363666710650880
1309364394850222080
1309365601157210112
1309365728911470592
1309366270979174400
1309366540203065344
1309366626274496513
1309366736014237697
1309367073567657984
1309367505081839618
1309367725056290816
1309367737257525249
1309368105311916033
1309368466814758914
1309368977605492738
1309369087802441733
1309369402945605632
1309370529229484032
1309372063338164224
1309372179931451393
1309372443618766851
1309372610812219393
1309373021724045312
1309374260453011456
1309375652961935360
1309376828650463232
1309376875723206658
1309379654340485120
1309379996700405760
1309381438962360320
1309381706760310784
1309382765545230337
1309384928417718272
1309385457642471424
1309385661343031299
1309387850996211713
1309388317507694592
1309389369757831170
1309389491753410561
1309389508312469504
1309389527073652736
1309389557771759616
1309390161361489920
1309390746412294144
1309390749474193414
1309390759020429313
1309390762833043458
1309391459364352000
1309391555581677568
1309391559499096064
1309391571796852736
1309391583033413632
1309391586678255622
1309391725773848576
1309392274262904832
1309392776682000384
1309394735879073792
1309396041368776705
1309397113445507072
1309400235551195137
1309401736151535616
1309402391423397889
1309403699500978176
1309404961420308486
1309405636350939138
1309405683583004672
1309406283594739712
1309407957071867904
1309408857450577920
1309409890704687105
1309410109634772992
1309411426344349696
1309412323115888641
1309413673287462912
1309413829059792902
1309416081975578625
1309416109150363648
1309416678485360640
1309416913949294592
1309417870938472449
1309419003559911425
1309419069129535489
1309419188247724032
1309420571042643968
1309420581994074112
1309422167210287104
1309422586212823040
1309422647676153856
1309423376759427079
1309424958125338625
1309425626403745792
1309426702213435393
1309427579691184128
1309427935825350656
1309428681014534147
1309429350052306944
1309429595268145152
1309430958731468800
1309431215238258689
1309431605459644421
1309432456932548609
1309432460749365248
1309432806024589312
1309433094227853312
1309433222519021569
1309433378933010432
1309433481030590464
1309433784127889410
1309434473558220806
1309434980133670912
1309434982931161090
1309435611036565504
1309436153406402561
1309436321929351169
1309437124517793792
1309438355743145984
1309438633800273920
1309438695276253184
1309439034515697664
1309439137615876096
1309439471000092672
1309440285219450886
1309440763428773888
1309441382352924678
1309442018842677251
1309442270207324160
1309442376201576448
1309442537673945088
1309442664815788033
1309443121223172098
1309443125010747395
1309443786704130049
1309444136706113537
1309444269271375873
1309444271141945345
1309444489078075392
1309444788664643585
1309444927596703744
1309445290085298177
1309445427088027649
1309445850301632512
1309445934175191042
1309446015959928833
1309446341802766339
1309446438166753281
1309446796045885441
1309447471190474755
1309447627814187009
1309447663608365056
1309447912431157252
1309448511897903104
1309449325605515266
1309449417985011712
1309449527804518400
1309449666099060738
1309449798169264130
1309449966830706688
1309450229712859136
1309450905511776256
1309450974679961601
1309450983651586050
1309451074739339268
1309451130221494273
1309451330260480000
1309451452784545792
1309451484807991298
1309451730627842048
1309451788022689792
1309451805080907776
1309451937981628416
1309452027236429826
1309452117896318976
1309452223366049797
1309452270862467073
1309452334758592523
1309452415821897728
1309452561171263488
1309452935970074624
1309452951518359553
1309453254657540097
1309453894091706369
1309454114019975168
1309454646851891205
1309454692959891456
1309454729337069568
1309454765554905088
1309455120208408579
1309455139955257344
1309455481606410240
1309455736842391553
1309455943852326912
1309456230407077889
1309456471336390663
1309456665612296192
1309456691545755649
1309456860320354304
1309456978796843008
1309457142886404100
1309457356875616257
1309457486181789697
1309457555689820160
1309457621787779073
1309457931100983303
1309458031239987203
1309458395188035585
1309458423768064005
1309458432618123265
1309458469603414017
1309458656359002118
1309458765792468993
1309458811414024192
1309458941097783296
1309459278311428097
1309459543353692160
1309459595581173761
1309459614166122496
1309459888121221121
1309459978001027073
1309460015976271872
1309460081721970689
1309460235766181888
1309460324685410306
1309460354662105088
1309460460165574658
1309460635038687232
1309460706698428416
1309460764240027649
1309460991122591745
1309461047787630595
1309461097125216256
1309461170533826562
1309461180654718976
1309461278998622209
1309461334669615105
1309461546016403458
1309461564257374208
1309461654023929856
1309461800690372608
1309461828024623105
1309462014645895169
1309462030181687296
1309462310893875200
1309462330548408322
1309462487532802055
1309462655191613442
1309462661445357568
1309462684879007745
1309462852730847233
1309462888948654080
1309462889691049984
1309463093051875328
1309463423978278913
1309463457478193152
1309463610385731584
1309463843995873280
1309463895866847232
1309463950715760640
1309464128445128707
1309464131628666882
1309464171801710592
1309464174313893889
1309464174989197313
1309464400760385536
1309464425200414720
1309464492275834880
1309464583602663424
1309464868463009793
1309464972636942337
1309465171681841153
1309465229215006721
1309465708502360065
1309465808980996097
1309465810667106304
1309465868443803650
1309466082428833793
1309466087331946503
1309466132634578946
1309466229695025152
1309466307558092800
1309466430488932352
1309466456095182849
1309466873373904896
1309466926704402434
1309466994362769408
1309467486216163330
1309467572434337794
1309467685768564736
1309467687265992705
1309467809177632770
1309467824260354048
1309468079861137410
1309468348795752448
1309468462738214913
1309468830297550850
1309468849276846081
1309468934932922369
1309469063630991362
1309469074141990912
1309469110192013312
1309469199199342592
1309469320003620865
1309469465436979201
1309469473217425409
1309469550845595648
1309469551646502916
1309469657334771713
1309469672597848064
1309469716071804928
1309469796761841664
1309469884695425026
1309469897953509376
1309470062034800640
1309470072570863618
1309470194247532545
1309470266053943296
1309470294734786560
1309470308408201222
1309470433041879040
1309470449403744256
1309470454617378816
1309470613401108480
1309470907040235521
1309470987721863168
1309471047805173767
1309471164788596739
1309471327921876993
1309471389011914752
1309471474688892930
1309471678024556545
1309471817908793345
1309471942261567490
1309472078890819584
1309472084213534720
1309472326212292609
1309472504730267648
1309472600662441986
1309472628382593024
1309472733345067011
1309472829654609921
1309473191149162497
1309473602127921152
1309473635648839681
1309473852460802049
1309473948686602243
1309473999538270208
1309474078101827584
1309474080526139393
1309474204828471296
1309474375830138886
1309474637261279232
1309474827393290242
1309474838566916096
1309474954702970882
1309475060701331458
1309475223243235329
1309475299382513669
1309475549870534656
1309475557449621505
1309475635388125184
1309475637275561985
1309475662751768577
1309475793941262336
1309475874694144000
1309475959427551233
1309476179309625344
1309476181914398720
1309476254597423105
1309476406334812164
1309476514459721728
1309476515449581568
1309476575805673473
1309476646697791488
1309476650262855681
1309476832337694735
1309476919906308096
1309476985379397643
1309476998901903360
1309477081064050690
1309477127335665664
1309477253961711621
1309477345099685888
1309477737288081409
1309477764223778820
1309477830691115009
1309477966401994752
1309478078750560258
1309478239673503752
1309478263354544129
1309478326197776385
1309478715135533056
1309478771628670979
1309478860828876800
1309479054387617792
1309479077640896512
1309479112084533252
1309479295040053251
1309479371300896772
1309479432608940032
1309479622988517376
1309479643418963968
1309479784292986881
1309480027965198338
1309480044528635914
1309480270983299073
1309480271150899205
1309480350842847232
1309480588726988802
1309480645710798850
1309480981729079299
1309481024368279558
1309481107310739457
1309481135219638273
1309481166110699520
1309481169965248512
1309481408117825536
1309481461226057729
1309481472609452033
1309481515030638592
1309481593040515072
1309481621544931329
1309481693947068416
1309481838377828352
1309481938261102593
1309482032737783814
1309482336799645696
1309482392441294848
1309482437701971968
1309482483055030273
1309482593214230533
1309482603980914688
1309482906977554434
1309483108933292032
1309483289825210368
1309483290974457857
1309483311698452486
1309483571950882817
1309483588900061184
1309483829808300032
1309483844542791680
1309483969168240641
1309484028806955013
1309484063317688320
1309484096872120320
1309484401609318402
1309484446727286785
1309484590814449665
1309484630400290816
1309484677699432448
1309484682812305408
1309484715490115585
1309484831361904640
1309484886697410561
1309484904032370688
1309485030142599168
1309485052665819141
1309485102452412416
1309485180550250500
1309485262196572160
1309485307507679234
1309485330794516482
1309485342727319557
1309485365300994048
1309485417868165120
1309485718956314625
1309485729832144896
1309485799172382721
1309485876649525248
1309486083701460992
1309486468759511043
1309486521674850305
1309486529681723392
1309486660170772481
1309486930174844930
1309486967541977089
1309487204381720579
1309487221884452865
1309487476449382403
1309487507277574144
1309487707270385665
1309487769362853889
1309487820785025024
1309488024649162752
1309488104470982656
1309488199597805569
1309488334515789824
1309488450018607123
1309488641568378886
1309488651785699329
1309488740998537216
1309488963690860548
1309489079021694976
1309489303991595008
1309489521889861633
1309489558304763910
1309489926078173185
1309489948400267264
1309489972978896903
1309490190399012864
1309490293897662464
1309490324495044608
1309490420334948352
1309490443655278594
1309490553248198657
1309490579013853188
1309490728851189761
1309490730428137472
1309490815820083200
1309490886385041412
1309490900175781888
1309491176375025665
1309491225368633345
1309491593188171776
1309491769785176066
1309491916845854720
1309492204981944320
1309492433789616128
1309492514399936514
1309492524990509056
1309492543026069505
1309492561887801344
1309492743920648198
1309492750941913089
1309492774924943360
1309492853219958794
1309492856273252353
1309492857548550146
1309492926339338241
1309492975093899264
1309492988335226881
1309492998493872128
1309493048146120706
1309493442947493889
1309493449700372480
1309493676285059073
1309493728919400451
1309494056578318337
1309494073682784258
1309494112878497793
1309494223679430656
1309494240892923906
1309494294961688578
1309494327954018305
1309494328985874438
1309494572817489920
1309494627163156484
1309494679881371650
1309494753873010693
1309494956525051906
1309495030349017088
1309495145994358784
1309495175983620096
1309495246837948417
1309495260540788742
1309495263329955847
1309495448063938560
1309495556604010496
1309495570155831297
1309495647444316160
1309495848984813569
1309495885588504576
1309495911840714752
1309496187255484418
1309496268885053440
1309496269275041795
1309496475815206919
1309496573848682499
1309496689485582338
1309496759144648704
1309496823518765058
1309496832385519617
1309496925465575424
1309496960148275200
1309497317947592710
1309497381193478144
1309497411417640961
1309497469940760579
1309497586001342464
1309497649192632321
1309497651524665344
1309497679219699719
1309497745300959232
1309497807305351171
1309497852209573888
1309498136402984960
1309498217478918144
1309498354309758980
1309498470730956801
1309498570060562433
1309499009665576961
1309499016716091392
1309499025574502401
1309499049536638976
1309499121309540357
1309499275450212352
1309499397034725376
1309499519009202180
1309499799104880642
1309499801793429505
1309499817312227329
1309499837239431168
1309499934857715713
1309499950733103104
1309499957007745026
1309499967996923905
1309500026859782148
1309500037941125126
1309500094715170818
1309500417689018368
1309500527064088577
1309500610367152129
1309500649911062529
1309500762263871488
1309500953243025408
1309501058318819330
1309501091810283520
1309501360077930496
1309501369204772865
1309501519704752130
1309501657424826370
1309501708968628226
1309501852522872832
1309501879471177738
1309501892943282178
1309501906243510272
1309501955790843905
1309502102859849728
1309502173399711748
1309502179628253185
1309502187458957314
1309502258913181696
1309502259491942401
1309502266232246274
1309502408997904384
1309502452836823044
1309502463188312064
1309502817367920640
1309502906148827137
1309502906387832832
1309502920300343297
1309502933730500608
1309503157022662656
1309503441748652033
1309503482030968834
1309503532362543106
1309503787149733890
1309503921954709505
1309503954162798595
1309503998773334018
1309504058747691010
1309504263316480000
1309504300587114496
1309504394690519040
1309504600706371587
1309504629403770880
1309504763441147905
1309504952809730048
1309505000729702400
1309505155017191430
1309505612531863554
1309505837988274179
1309505847702286338
1309505869563002889
1309505880707170304
1309506115676377088
1309506327207534594
1309506393934827522
1309506475967107072
1309506633102503938
1309506653985951744
1309506738853425153
1309506797083021313
1309506977236688898
1309507028189171714
1309507032530194433
1309507272138203137
1309507393567502337
1309507651911516166
1309507660623085568
1309507710757593094
1309507763245023238
1309507930434174976
1309507994359664643
1309508170876882947
1309508217437917184
1309508231748882432
1309508262103052288
1309508607571038209
1309508722931228678
1309508849544695810
1309508956721737728
1309509089043636225
1309509121062899713
1309509200960159744
1309509224897052673
1309509373341954053
1309509471136296961
1309509488374812673
1309509538589159430
1309509599805018115
1309509634970058752
1309510026348965890
1309510089544433666
1309510261259337728
1309510331241299969
1309510452892884992
1309510612330975236
1309510832250814470
1309510989977616384
1309511033623543808
1309511240465690625
1309511299404042242
1309511308786753540
1309511361517555713
1309511495743664128
1309511676044206080
1309511686844538881
1309511729102036992
1309511745787105280
1309511928230948865
1309512090047188994
1309512273908633602
1309512444096774146
1309512513655115777
1309512793998143492
1309512846959669251
1309512909601603584
1309513077390487552
1309513082767581186
1309513373743185924
1309513702383783936
1309513789751132161
1309513885536354311
1309513957456179200
1309514049114308608
1309514076935069696
1309514125572280320
1309514405172981761
1309514460978188288
1309514487872081920
1309514523502669828
1309514631178747905
1309514703547387906
1309514754025811972
1309514771532836864
1309514850352148480
1309514933902749696
1309515108444499971
1309515124655501318
1309515203198017541
1309515377513312257
1309515395410337793
1309515552663236610
1309515722624823302
1309515772801282050
1309515791218479104
1309515855110299648
1309515868578209793
1309515870142713856
1309515873447809026
1309515890958970880
1309515961184198656
1309516034739666945
1309516067493076992
1309516116297945089
1309516129925300225
1309516133716893697
1309516304081203201
1309516385912082435
1309516510029852674
1309516531592765440
1309516536336584708
1309516567789686785
1309516877559926784
1309517020656934914
1309517022418665473
1309517073597566976
1309517085744209920
1309517336307789825
1309517368738172928
1309517377659338756
1309517436115390465
1309517577371222016
1309517947250053120
1309518104964354048
1309518138862698497
1309518190167425025
1309518431390240769
1309518577129664515
1309518660625559552
1309518662169100290
1309518692947046400
1309518748743872512
1309518862875062274
1309518868931543040
1309518977954181121
1309519040579162114
1309519165686861824
1309519170975997953
1309519255986147333
1309519315176230913
1309519383702765569
1309519539261059076
1309519562770124800
1309519652683476992
1309519700599230467
1309519748741427201
1309519826809950208
1309519925271240705
1309520065449144321
1309520067374338048
1309520070335500289
1309520171137142784
1309520367497744393
1309520437672583170
1309520466021888000
1309520469578612737
1309520545936019456
1309520725208899584
1309520730715979778
1309520756800450565
1309520961235021825
1309521070626668545
1309521223127269376
1309521274700533760
1309521450466975748
1309521453625245697
1309521459174412288
1309521569404923904
1309521660291227648
1309521781343092738
1309521876557979650
1309522024860192769
1309522344784924674
1309522352288473094
1309522431854469120
1309522496136384518
1309522545062883329
1309522597944713216
1309522798470205447
1309522817453568008
1309522875733487616
1309522901087989761
1309523055606198273
1309523059775135749
1309523074493165571
1309523132743659520
1309523172228726785
1309523226914062337
1309523259138945026
1309523285181333505
1309523325740253190
1309523349761142785
1309523393071452160
1309523393482547202
1309523397584584706
1309523470217367552
1309523644868177920
1309523781644423171
1309524335032512513
1309524439948820485
1309524519627960321
1309524520131276800
1309524561742958593
1309524677379883009
1309524955172872193
1309524972533166082
1309525222131892224
1309525244533669889
1309525430240792576
1309525505276866560
1309525604937748481
1309525678468083713
1309525863394938880
1309526231440855041
1309526327146536967
1309526364211609611
1309526421082124289
1309526494998335490
1309526502963281920
1309526650275745793
1309527058935152641
1309527249327214594
1309527521633988608
1309527738429190144
1309527822373969922
1309527920172503040
1309528219129913347
1309528336314630144
1309528366320693249
1309528482125434880
1309528661440241664
1309529076621889537
1309529102437638144
1309529313553850368
1309529377009532928
1309529639711313925
1309529651426086915
1309529716089651203
1309529947531288577
1309530060106403842
1309530325417160705
1309530601561751552
1309530635120398337
1309531159873884163
1309531219936382976
1309531315809779716
1309531330837909506
1309531417311932418
1309531689006379011
1309531740701175809
1309532231413780480
1309532238518923264
1309532403816427521
1309532446669537282
1309532484112125957
1309532507008913408
1309532626450034694
1309532752413425665
1309532758558072834
1309532831174008833
1309533037085036555
1309533361887739905
1309533434696601601
1309533505072791557
1309533568452964355
1309533617052356610
1309533729401065473
1309533736711712768
1309533860565323778
1309533992060882944
1309533996678864898
1309534108230582274
1309534260731109376
1309534565799690240
1309534650826620928
1309534768917344264
1309534797832892426
1309534848407801856
1309534852610437122
1309534862198607873
1309534994084384770
1309535059666513922
1309535072169668608
1309535105162063872
1309535249081274368
1309535373391994880
1309535479835103232
1309535650706845700
1309535662073315329
1309535756956897281
1309535780445061121
1309536054123417601
1309536390150004736
1309536435607928832
1309536911745265666
1309536957043806209
1309536973439275008
1309537037377253377
1309537209314422789
1309537237881819139
1309537239999938560
1309537344165482497
1309537429934743554
1309537753990860800
1309537964586926086
1309538149710921728
1309538153355649024
1309538266979459085
1309538267071688704
1309538301087494145
1309538335841497091
1309538384046587906
1309538524056743936
1309538532889948161
1309538561671213059
1309538613110206466
1309538791892422656
1309538887317020672
1309538960943845377
1309539059132502017
1309539150023057411
1309539155785981952
1309539185607553025
1309539304054624258
1309539333846818816
1309539363752153090
1309539432316284929
1309539703583105024
1309539729843662849
1309539761837805570
1309539845681881090
1309539855542767635
1309539890963443714
1309540172552458242
1309540404681998338
1309540416350572549
1309540441050710017
1309540588413427712
1309540635909730306
1309540691102629889
1309540765627015170
1309540860862881800
1309540933126385664
1309540944727998473
1309541024138657795
1309541215801610242
1309541541086728192
1309541547092967425
1309541550322573315
1309541814089768961
1309541944666849281
1309541959414026241
1309542011800891392
1309542058915442689
1309542147411058694
1309542158882549760
1309542328143687682
1309542337668882432
1309542504950308864
1309542603516448775
1309542903971287040
1309542918638768135
1309543147245113344
1309543233194786819
1309543370214256640
1309543419115700224
1309543590645895168
1309543615144878084
1309543648346988544
1309543772389244929
1309543795827126276
1309543812210085888
1309543904639938561
1309544010579611649
1309544025666576386
1309544102300708866
1309544127835656193
1309544304537370624
1309544304910766080
1309544382299811843
1309544560821964801
1309544574176690176
1309544639985262593
1309544736735272961
1309544907544166400
1309545217205428231
1309545231315017728
1309545442997350400
1309545463876481025
1309545621905432576
1309545657380806656
1309545677937094657
1309545714737975299
1309545738859405312
1309545748707631104
1309545776482340864
1309545813492850688
1309545899757109251
1309546049137246209
1309546110629720066
1309546177420034050
1309546696217681920
1309546905358262274
1309547099130863626
1309547430904553474
1309547435820187648
1309547487317950464
1309547672743936001
1309547770387324931
1309548257572511745
1309548373708550144
1309548436635738114
1309548479258132481
1309548497868382209
1309548640436916225
1309548723706499072
1309548743545565184
1309548760431816707
1309548808607600643
1309548926941442048
1309548955211124736
1309549015869071360
1309549428345368577
1309549782319484931
1309549846471344130
1309549915014672384
1309550341340499968
1309550396092944386
1309550421925679106
1309550808506208260
1309550827791691776
1309550903482032131
1309550977410891783
1309551203488092165
1309551415380111360
1309551508619313152
1309551663137591297
1309551677171740674
1309551682725072896
1309551716241731584
1309551834382598151
1309551847015882758
1309551847913525252
1309551864044826630
1309551948505518080
1309551963441426433
1309552128004952064
1309552366757310464
1309552372822216713
1309552469257736193
1309552558776688640
1309552569967153152
1309552713861140481
1309552871613042688
1309552960062533632
1309553073875017728
1309553145626984449
1309553253667999748
1309553310513475590
1309553375302823936
1309553390926680066
1309553518269923334
1309553659538219008
1309553763666010113
1309554036207759360
1309554090637225985
1309554498139041795
1309554593181896704
1309554761931292673
1309554899370364929
1309554954810650624
1309555037551591425
1309555217063698433
1309555244771291141
1309555295518158848
1309555478133968896
1309555511235411970
1309555712331255808
1309555737446805505
1309555904124039168
1309556066364121088
1309556117543022595
1309556363538956294
1309556594997370880
1309556642116182017
1309556907179487232
1309556967283798019
1309557044081561601
1309557140537987073
1309557269617614856
1309557297073590274
1309557549604233217
1309557695163305984
1309557703354789890
1309557738897395713
1309557860767084545
1309557885609836549
1309557925615149056
1309558370584723456
1309558415388270592
1309558502197800961
1309558551682179078
1309558671685431297
1309559015723216896
1309559042801532929
1309559061793452034
1309559073503875072
1309559265288491009
1309559292870172674
1309559965095469063
1309560489433759744
1309560814370779136
1309560864245198851
1309561132433235969
1309561260292407297
1309561347642978307
1309561488810676224
1309561597778628609
1309561895096119296
1309561957264117762
1309562069755277312
1309562197153021954
1309562670547378176
1309562680823500800
1309562863154065408
1309562949443506176
1309563044725391360
1309563210912149506
1309563294513061890
1309563366021697536
1309563437316558851
1309563556283789315
1309563692279881730
1309563865122963456
1309564127682220035
1309564468549095425
1309564576531386368
1309564657946984451
1309564721125826563
1309564964110315522
1309565001200553985
1309565050340945920
1309565145136406531
1309565154112278529
1309565188547530754
1309565345347366913
1309565373319086083
1309565801700229123
1309566086497497088
1309566148149739521
1309566290474999808
1309566490786623488
1309566544712695810
1309566579810668546
1309566661402537990
1309566698975039488
1309566720881971200
1309566891921416192
1309566953770622977
1309566996510633985
1309567110834774017
1309567274139951105
1309567315630075908
1309567368365047810
1309567496178012161
1309567631163371521
1309567962395873280
1309568007342039040
1309568355972583424
1309568356295553024
1309568542656860160
1309568594108469248
1309568854276870151
1309568867866345472
1309569007339569160
1309569044425695233
1309569078475063298
1309569118559846400
1309569322269003777
1309569515269820416
1309569576435412992
1309569657452535814
1309569671784521728
1309570335465930752
1309570541007839232
1309570556753215491
1309570604325113857
1309570711057567750
1309571024543977478
1309571048950595584
1309571403314868224
1309571551411548166
1309571812867661827
1309571927107948544
1309571974746853376
1309572202170388481
1309572221669724165
1309572288971497472
1309572397935333376
1309572617314226178
1309572638054981632
1309573084408668160
1309573490043953153
1309573503776165891
1309573764867338241
1309573874762371072
1309573895805112321
1309573957033627650
1309573957989920769
1309574022112391168
1309574077196230656
1309574227830464512
1309574400648376320
1309574437352636417
1309574651182448640
1309574684627873792
1309574722846363648
1309574754345549829
1309575007262183425
1309575108982452225
1309575321725947906
1309575406497017858
1309575635942211588
1309575722743271426
1309575851110002688
1309575875407556609
1309575902829871104
1309575911759425537
1309576225132867584
1309576264794214401
1309576299229450240
1309576356829814784
1309576556600324098
1309576603199066112
1309576747915137032
1309577070901690369
1309577149398089731
1309577250707210242
1309577307070308353
1309577521772589056
1309577689372798978
1309577786621931521
1309577864837238784
1309578066533003264
1309578313204150273
1309578431340916737
1309578445714845697
1309578686736273419
1309578799802200066
1309578867900846081
1309579076819128325
1309579433645428736
1309579473994625027
1309579480428679171
1309579905961730048
1309579927914786822
1309580053748084738
1309580218450022412
1309580241665392643
1309580245285175299
1309580477515390976
1309580723779784708
1309580767538876417
1309581119126409216
1309581567384342529
1309581620316442626
1309581633268449281
1309581910084063236
1309581919906983936
1309581980808499201
1309582060210786305
1309582109644935168
1309582174283354118
1309582324435218433
1309582431054426112
1309582444862078978
1309582508573495297
1309582572771565569
1309582586772099073
1309582683438276608
1309582876317548546
1309582996614283265
1309583342048772096
1309583379009097728
1309584061850148868
1309584265399726082
1309584320189825031
1309584363848380416
1309584384870232065
1309584414897209344
1309584446769762308
1309584623073210369
1309584658347290627
1309584729642078216
1309585116272959490
1309585298255380481
1309585317851168768
1309585335194718208
1309585443390992385
1309585493315780610
1309585747972886531
1309585814368800769
1309585836594335744
1309585847277228032
1309585849739284480
1309585935697354753
1309586005071212560
1309586038155866114
1309586144544411651
1309586158427557891
1309586359846424577
1309586365789753347
1309586479849639939
1309586885203951617
1309587223306801152
1309587252310413312
1309587447764996097
1309587582301491200
1309587645270560768
1309587800203894784
1309587866327175169
1309587959641853952
1309588174193164292
1309588268170858496
1309588549390524418
1309588567434375170
1309588576921935872
1309588584752705536
1309588630407700481
1309588645742080001
1309588700179902465
1309589128795877376
1309589328969060353
1309589552479301638
1309589620296949760
1309589762643316736
1309589826992209921
1309589890523377665
1309589998321229825
1309590100230144004
1309590420037435392
1309590795800936448
1309590974474133505
1309591023786635266
1309591161141592064
1309591189591674886
1309591371280506880
1309591465845194752
1309591554345099265
1309591590781038593
1309591623081357319
1309591640047321089
1309591649123737602
1309591875733651458
1309591934546186241
1309591993409040386
1309592033766641676
1309592109901656069
1309592449564774400
1309592517982199816
1309592520884617218
1309592540878983171
1309592770508722177
1309592879527059458
1309592911542181890
1309592944404557825
1309593016018051077
1309593129159471109
1309593374849150977
1309593429228351501
1309593760444145676
1309593849531072513
1309593878761295874
1309594086266089472
1309594141693808640
1309594374184013825
1309594459961798656
1309594784848326656
1309594789738942465
1309594873834737665
1309594978864300032
1309595139476721666
1309595359442882560
1309595393848758274
1309595502816755721
1309595541844697089
1309595589101924352
1309595620563447812
1309595634048135170
1309595883202322432
1309595941540966403
1309595980975792128
1309596044053934082
1309596161431527424
1309596170533113858
1309596854162788356
1309596967308349440
1309597101890904065
1309597178747215872
1309597182954266624
1309597266735398913
1309597402643431424
1309597577625640967
1309597718185156619
1309597901539233793
1309597926906306562
1309598007852179457
1309598030556024836
1309598052257275906
1309598063976218624
1309598196386205702
1309598633780744192
1309598665133174785
1309598686905683968
1309598757906984963
1309598778438094854
1309598789431427074
1309598880812670978
1309599013306617856
1309599121167323136
1309599480040304641
1309599576727453697
1309599605986930690
1309599659434954756
1309599673615822850
1309599850405801986
1309600082971459584
1309600332591308803
1309600374442143745
1309600418486456321
1309600472643375115
1309600490896994304
1309600593305100290
1309600629837508609
1309600738222444544
1309600945668534277
1309601099989516288
1309601185737867264
1309601399609716737
1309601402730287104
1309601431666778114
1309601731165278208
1309601942642057217
1309602322939547648
1309602325296640000
1309602347203559426
1309602374189830144
1309602452996608000
1309602496084619264
1309602505958060032
1309602521003028480
1309602749869367296
1309602865179176960
1309603047459426305
1309603124454326273
1309603167437496320
1309603381942644738
1309603474997420032
1309603495272742912
1309603624838987779
1309603679205494791
1309603741096706049
1309603799246528515
1309604210128883714
1309604346842284032
1309604580884467722
1309604632105226241
1309604649817776130
1309604767270932480
1309604797549613056
1309604830139355136
1309604910518984710
1309604973752311814
1309605159882960897
1309605241386602496
1309605258780385290
1309605264413331458
1309605270117638144
1309605323355885570
1309605366636908546
1309605381702856706
1309605516432355328
1309605541937905669
1309605626939609089
1309605672728887297
1309605759806664704
1309605768371548163
1309605936332447744
1309606114556891136
1309606137747181574
1309606142549647365
1309606349505024003
1309606358484951040
1309606602635390977
1309606728644820992
1309606776162181120
1309606783317684226
1309606943313604610
1309607120963330048
1309607192526544897
1309607275380826112
1309607291168198658
1309607297086349314
1309607371602366464
1309607461477900288
1309607495493734401
1309607598258298882
1309607614620278785
1309607748426924032
1309607772028366848
1309607828647280647
1309607842433896451
1309607864751861762
1309607922083586049
1309607947690037249
1309608430353690626
1309608688882249728
1309608750672752640
1309608809401389061
1309608926967746563
1309609129032298497
1309609197831688192
1309609492628283392
1309609717619216398
1309609740754976768
1309610188597534721
1309610323205337088
1309610509533147137
1309610885548322819
1309610946860589059
1309611031401058310
1309611091367006210
1309611129321201665
1309611147365150720
1309611409857220611
1309611414479409154
1309611419659272192
1309611511690792967
1309611517189521412
1309611532477771776
1309611554795646976
1309611617102057479
1309611844672327680
1309612019910406144
1309612031461347329
1309612389562810369
1309612537579794432
1309612574573563906
1309612583251595265
1309613035544350722
1309613073288835072
1309613143094702083
1309613152485736454
1309613152854663168
1309613286569193473
1309613512835162112
1309613637754130433
1309613661716180993
1309613692997296128
1309613734671908864
1309613774891032577
1309613865764872193
1309613892952379397
1309613915110768640
1309614014146777095
1309614136989569025
1309614142563680257
1309614247715000320
1309614372793319424
1309614379009220611
1309614390644178951
1309614396910563329
1309614458168397825
1309614458944315392
1309614516137799681
1309614805095858176
1309614878966132736
1309614988462403584
1309614997195063297
1309615021387907075
1309615184130998272
1309615221322010625
1309615287579312130
1309615390620889088
1309615411323904000
1309615456001630211
1309615530844790785
1309615672910057472
1309615777738362883
1309615804619644930
1309615822768398342
1309615851591602176
1309615963894095881
1309616048308617217
1309616066411352066
1309616103157649411
1309616197231673353
1309616267737927680
1309616301472710656
1309616309852930052
1309616442518777856
1309616458423566338
1309616507966586888
1309616538283110400
1309616561263697920
1309616575968808960
1309616627554623489
1309616769208905728
1309616794974466048
1309616836774899714
1309616941611376641
1309617228099223552
1309617249972621313
1309617290976153602
1309617291953307648
1309617323389718531
1309617689435033601
1309617714063986690
1309617722012184581
1309617757504393216
1309617868728922113
1309617897690537985
1309617949276172288
1309618112178909184
1309618112711528448
1309618134320648192
1309618156214906880
1309618216558264320
1309618240075829250
1309618374809354241
1309618527616278529
1309618545907699713
1309618560784830465
1309618768675565568
1309618794348843008
1309618813743362050
1309618831728533504
1309619019721433094
1309619113573130240
1309619222960648194
1309619230736875520
1309619488946614272
1309619626662334465
1309619657888985088
1309619684770304001
1309619700008058880
1309619926202753024
1309620159636738049
1309620261751345153
1309620268327985152
1309620338138001409
1309620452180983809
1309620542782296064
1309620596083433474
1309620620108460035
1309620627205226496
1309620710399258624
1309620831631233024
1309620916461109248
1309620947121516545
1309620958915973121
1309620964607524864
1309621158174752770
1309621323077910529
1309621333635076096
1309621412081135616
1309621427872698369
1309621444964429825
1309621492272058368
1309621608143876096
1309621609821421568
1309621647763288066
1309621700267569155
1309621961841147904
1309621970489749511
1309622324489064448
1309622338145656837
1309622349180932096
1309622554542436352
1309622646900957185
1309622653922299909
1309622713800065026
1309622868205023239
1309622898072707072
1309622899863584771
1309622916024328192
1309622919182639107
1309623007254642688
1309623072396382209
1309623073973448705
1309623101689397248
1309623123638132736
1309623157481975809
1309623213257895941
1309623243930820609
1309623283839623170
1309623335635083264
1309623340915658761
1309623440052310016
1309623450194120704
1309623511196078082
1309623568674717702
1309623650660823040
1309623660525871104
1309623668142682112
1309623679609909249
1309623708894494720
1309623716175781888
1309623725277483009
1309623730834935809
1309623754109210636
1309623766197121025
1309623828302172166
1309623914688131072
1309623924662185988
1309623965485330435
1309623983487107072
1309624136310820865
1309624226618527745
1309624233455218688
1309624245387960321
1309624281274421250
1309624325159428101
1309624454021033984
1309624485742555136
1309624513928327169
1309624578554114051
1309624676067540997
1309624706019069953
1309624750562574340
1309624978879508489
1309625033204129792
1309625144290222081
1309625193434939392
1309625216914673668
1309625233863835649
1309625274909298689
1309625329175101447
1309625365686620160
1309625454018605062
1309625511124119552
1309625609664905216
1309625646159720448
1309625917887610886
1309625973579673600
1309626038541049856
1309626074775597057
1309626160603693056
1309626173383729152
1309626195814895618
1309626210855587841
1309626238798123012
1309626359300358144
1309626369525952512
1309626430020608000
1309626654327738378
1309626745520234496
1309626765866938368
1309626780370776071
1309626913581944833
1309627182877216769
1309627223696117760
1309627239391141889
1309627336871079936
1309627411449942024
1309627448875773952
1309627473940934661
1309627519444881413
1309627520770289665
1309627529624420358
1309627538046623745
1309627575363424257
1309627584251154433
1309627743819182082
1309627785355431937
1309627788656336898
1309627887323099138
1309627905404698626
1309627911243280386
1309627965588803585
1309628017321422854
1309628038309711872
1309628068466696193
1309628127887462401
1309628140029911040
1309628218144632839
1309628218429911041
1309628274893623297
1309628444716593152
1309628567865700352
1309628631992487937
1309628660354363392
1309628752310210565
1309628772698779648
1309628804386742273
1309628806626512896
1309628876780433408
1309628905800847360
1309628907126218753
1309628933613195267
1309629015670566915
1309629227197771778
1309629227793354752
1309629263344291840
1309629306042277895
1309629331547844608
1309629490109329408
1309629523235926016
1309629690156658689
1309629714307325952
1309629745269805061
1309629768195878912
1309629781688885249
1309629795697864706
1309629803679674368
1309629943228362753
1309629975763529730
1309630072811380744
1309630096651759617
1309630121125576704
1309630164272328704
1309630164918296576
1309630285340962817
1309630320845762560
1309630373119262720
1309630414005374976
1309630438835720192
1309630513649512448
1309630606951829505
1309630631618453504
1309630723595403264
1309630745850281986
1309630858265989122
1309630927799234560
1309631080270626817
1309631124478611456
1309631136910446592
1309631140228198400
1309631203708997633
1309631306813386753
1309631322583949313
1309631351612674054
1309631373523783680
1309631451042918401
1309631483716472834
1309631487378104321
1309631786209759238
1309631791876235264
1309631796980654081
1309631810859663365
1309631856791425025
1309631891407073281
1309631937393373190
1309631952190873601
1309631990468161537
1309631996960944128
1309632152594796544
1309632178591014913
1309632265329217539
1309632349114707969
1309632381096259586
1309632408451510275
1309632439074127872
1309632478064316423
1309632502311653377
1309632569915445249
1309632608200949761
1309632678132674561
1309632787499151360
1309632883116650497
1309632956558913540
1309632964914012162
1309633041824915456
1309633087677108226
1309633202932383745
1309633351108747267
1309633355890253824
1309633475511816193
1309633554687688707
1309633615324745729
1309633637797765121
1309633659473997824
1309633786502623232
1309633882480926721
1309633889166675972
1309633890601054209
1309633905629241346
1309634042669740033
1309634135980351489
1309634157589528577
1309634182264557569
1309634355858468864
1309634391593947139
1309634420509417473
1309634469108776961
1309634536481976322
1309634553598935040
1309634572909457408
1309634586574553090
1309634675154079745
1309634778421919745
1309634793072664578
1309634882914656256
1309634919912615936
1309635094236332032
1309635280153063426
1309635323048144896
1309635333659783169
1309635342471921664
1309635345395445761
1309635571451596800
1309635767816384514
1309635830496006144
1309635842143596545
1309635846765711365
1309635878881562625
1309635888281014273
1309635943268220929
1309635978429112320
1309635980052307969
1309636050311098369
1309636084570218498
1309636103742291970
1309636108955901954
1309636147975524354
1309636185589985282
1309636233140862979
1309636278632280064
1309636331937685506
1309636361419468804
1309636364951056384
1309636417925021698
1309636434865815552
1309636515920781312
1309636518328315905
1309636547180998656
1309636632581148672
1309636651371712518
1309636655855403008
1309636689745321985
1309636756350869504
1309636781797715968
1309636806103707649
1309636875540484096
1309636887968198657
1309636906658004993
1309636975922741250
1309637001260478466
1309637057380339713
1309637085960318978
1309637231355858945
1309637277442813953
1309637301832691712
1309637336498671616
1309637342341234689
1309637356203507715
1309637460146753536
1309637580389048321
1309637638903783425
1309637782248316928
1309637816788361216
1309637890851377152
1309637905812512768
1309637956798480385
1309637971256258561
1309638060808822789
1309638084171100160
1309638382558076929
1309638397045211137
1309638399175917574
1309638426526912515
1309638433212641282
1309638606252920833
1309638607557332993
1309638759198142464
1309638819814273025
1309638831054958593
1309638951607697410
1309639004393005056
1309639020234846210
1309639121812455425
1309639134978486275
1309639193866403840
1309639197670731778
1309639591280947201
1309639663422967819
1309639878225858560
1309639909234352130
1309640107851423744
1309640110330216448
1309640206077898752
1309640279822082049
1309640506507505665
1309640548446158848
1309640618533158913
1309640641593454592
1309640669707804674
1309640743275855872
1309640948419383298
1309641104136994817
1309641155370516481
1309641294801784832
1309641339324305409
1309641400577916934
1309641558732484610
1309641571705524226
1309641581528592384
1309641621395378178
1309641722339774466
1309641751297175553
1309641757110472704
1309641886253101057
1309642041652109312
1309642154860519426
1309642234640453632
1309642241774964741
1309642261039386624
1309642400860712960
1309642453478264832
1309642501310083072
1309642513712644097
1309642563004104704
1309642591353348097
1309642598974332929
1309642639348826112
1309642643731894273
1309642660978851840
1309642698035474432
1309642718101020672
1309642728989495296
1309642859742744577
1309642924305637377
1309642958744977408
1309642961450401792
1309643069332041728
1309643115003863040
1309643132334755841
1309643147618779136
1309643207370825730
1309643220343812096
1309643260730671106
1309643308214431745
1309643342440005632
1309643420353400837
1309643453337399296
1309643598246432768
1309643684544155650
1309643685647319040
