1309281461518901253
1309281463809069056
1309281509833146370
1309281576849727488
1309281629483958277
1309281644583542785
1309282119303168001
1309282381904388107
1309282827809288194
1309283140947542016
1309283364009127937
1309283887105933313
1309283970161483777
1309283989572726784
1309284605527195651
1309285032528359424
1309285485039292416
1309285490449932288
1309287307149742081
1309287440994177025
1309287880217579520
1309287978754334721
1309288260544290818
1309289011836526592
1309289184063033344
1309290014677893120
1309290198476500994
1309290297260740609
1309290312519606278
1309290992449847298
1309291041644851200
1309291097470971909
1309291283480031232
1309291533993213954
1309291614414790657
1309292021862064133
1309292290012319746
1309292456328990720
1309292480395845632
1309292799813201920
1309293016801214464
1309293184107847682
1309293231893610498
1309293257457889286
1309293702758707207
1309294118363951104
1309294146658672640
1309294547118116864
1309294646447812610
1309294698578825219
1309294758083338241
1309295713780727808
1309295753492402176
1309295888641261570
1309295949223727106
1309296251167338496
1309296408172867589
1309296554046619649
1309296560627494919
1309296606022455302
1309296750524608512
1309297084869341185
1309297191379447809
1309297263475392512
1309297734437031937
1309297765122551809
1309297801436827648
1309297907418492930
1309297979921235971
1309298002562027520
1309299129991008258
1309299183770308608
1309299557604487174
1309300842990907393
1309301055432404993
1309301948563312644
1309302066079244288
1309302145028706310
1309302512260972545
1309303737912102912
1309303966350692352
1309303972096815104
1309304208731123712
1309304484661792768
1309304802447364098
1309305008295473152
1309305841179394048
1309306314405879815
1309306646095712258
1309306806443802625
1309306848634449921
1309307282023501826
1309307885025767424
1309308108926222336
1309308676092702720
1309309545647411200
1309309669530382336
1309310213296717825
1309310923086077952
1309311096587771905
1309311485894627330
1309311690392121351
1309311698151575552
1309311958856929280
1309313981010579458
1309314364781068289
1309314371827499018
1309314426105806850
1309314539503128576
1309315151947091969
1309315399062818818
1309316421403529217
1309316693131497473
1309317031607570434
1309317474488287233
1309317599487025152
1309318306562805766
1309318387991011329
1309318439748669442
1309318839000354819
1309319279603593216
1309319383496495104
1309319507085864960
1309320154610905089
1309320356184948738
1309320359783563265
1309320694195515392
1309321022378782720
1309321025004466181
1309321175965798400
1309321593441714183
1309322875992772609
1309322984604209152
1309323770537091074
1309323797481377794
1309323934320472064
1309324752394293249
1309324826679611392
1309324835051503616
1309325558787051521
1309325572049379330
1309325655377694722
1309325711384236035
1309325743290298368
1309326217867399169
1309326297542393857
1309326761105162243
1309326764653461504
1309326951677677575
1309327166967099394
1309327193420566531
1309327246985895936
1309327827662241792
1309328019081891841
1309328058764201984
1309328347609038848
1309328943619678209
1309329279138832385
1309329376568201217
1309329398835929088
1309329470923382784
1309329489269317632
1309329517572489216
1309330096285773824
1309330262925377536
1309330697308512257
1309330989798297600
1309331184187584512
1309332540696793088
1309333235562938369
1309334295677460480
1309334318137835520
1309334592407601152
1309334724461162496
1309335158949056512
1309335455700340736
1309335639880540160
1309335751541301250
1309336523414921217
1309337052501209089
1309337194763636736
1309337692166066176
1309338020420767744
1309338568737927168
1309339560913047552
1309339617187868674
1309339635605221377
1309340168239841281
1309340384041013248
1309340424721625088
1309341270133878784
1309342030942949377
1309342174484496385
1309342382819868672
1309342432367128576
1309343010275106817
1309343661520543746
1309345723117379584
1309346732023656451
1309347328776720384
1309348615287078912
1309348949569003520
1309350571820937216
1309350589281832960
1309352102695702528
1309352134190735360
1309353226513375233
1309354449907974144
1309363673127936000
1309368082675240961
1309369166412029959
1309370178682060805
1309370392264552448
1309374815447461890
1309374816995225600
1309377617901096960
1309378348720762882
1309378421684928512
1309379925770678274
1309381205108961280
1309382124185714689
1309387481297620992
1309388541248626688
1309388570117931009
1309389511852515335
1309392446376337408
1309393516938891264
1309396068753432576
1309396290703372288
1309396507884482560
1309397473526456320
1309397836476411904
1309400370796548096
1309402256912142336
1309402258023432192
1309406315211558912
1309407714267795456
1309409541679972352
1309412971307728896
1309415879860531200
1309416239874408449
1309422389839777794
1309423736253186048
1309424904203272192
1309425053910663168
1309427953537888258
1309429429588893697
1309432462162812929
1309432958265286656
1309434734330753026
1309439285196656640
1309444710612848640
1309447312901513218
1309447559409098752
1309450286579281928
1309451822726361088
1309452712015212545
1309454583152939008
1309454886803734528
1309455113363177479
1309456019697868801
1309456619764428801
1309462744635265026
1309463913663279106
1309464564501745664
1309464696756613121
1309467198151364609
1309467713144786956
1309467717871829000
1309468122341093377
1309468714975277058
1309470989693128704
1309471173659357184
1309471542154272770
1309471700317335553
1309472846486409216
1309472988081782786
1309473875810545666
1309474990518153216
1309475235708776452
1309476091342589954
1309476989271781377
1309477253689094145
1309477755466264577
1309477780829147137
1309478380312702978
1309478432263331841
1309478455575293952
1309479420432912387
1309479744099028992
1309480576454459404
1309481362945191937
1309481459871346688
1309481945081032705
1309482227307286528
1309482442844143616
1309482999545724928
1309484160860467200
1309484695806185472
1309485052728946695
1309485573166465024
1309485607777964033
1309486336445947906
1309486699018219520
1309486969135734785
1309488280950407168
1309488330816524288
1309489079600295936
1309489081517252609
1309490014242451457
1309491245803339776
1309491590159888384
1309492143526940673
1309492496536416256
1309492863646932998
1309493389596020747
1309493663060373505
1309493887313104903
1309494207162318848
1309495061403623425
1309495138318790656
1309495506658230273
1309495685360779266
1309495848804511745
1309496000961294341
1309496629506895872
1309497384372711426
1309497511640551425
1309497640816652289
1309497682700967941
1309497712551907329
1309497773604167681
1309497861101498372
1309497871327207427
1309498224227618816
1309498642173059072
1309498917160210434
1309499096311443456
1309499901785632771
1309500264198610949
1309500553207132162
1309500972784328710
1309501055160512513
1309501373902454785
1309501392684539907
1309501441313300481
1309502238637920256
1309502497971634177
1309503058443988993
1309503268628856832
1309503284227473409
1309503865264500736
1309503915902337027
1309505117436157954
1309505564414824455
1309505706920419328
1309506192276942849
1309506330613477378
1309507207285927937
1309507958250725384
1309507959701925888
1309508037347020803
1309508230012338176
1309508328939282432
1309508513690013696
1309509212213575680
1309509216349179904
1309509218282729472
1309509388303052801
1309509845477982208
1309510076470788096
1309510198847995905
1309510703284453379
1309510772670726144
1309510917147811845
1309511064892190720
1309511335584108544
1309511728649052160
1309512530130337797
1309512965083848712
1309513552009539584
1309513765986217986
1309513825218162689
1309514042663415808
1309514376949510144
1309515365693755392
1309515503375966211
1309515681025732609
1309515808469549057
1309516381369573376
1309517094296457217
1309517130497503232
1309517175875670018
1309517983723720704
1309518195162837000
1309518196316286977
1309519052142977025
1309519278203236353
1309519402786791430
1309519548316614656
1309520175742488576
1309520183460065281
1309520443838263297
1309520756632629249
1309520994269302784
1309522275755069444
1309522384483950592
1309522797883019264
1309523053924278273
1309523054108655622
1309523056549920768
1309523309676113921
1309523376394952706
1309523556695408643
1309523768881152003
1309523915568545792
1309523997642690560
1309524022095491073
1309524508068450304
1309524558958014464
1309524885014818817
1309525183301144578
1309525183464697857
1309527051620290560
1309527515506126848
1309528552606519297
1309528712250044417
1309529535747158019
1309529613677326336
1309529681541165056
1309530602618736649
1309530605772824581
1309530614492733441
1309530726656880640
1309531180996460546
1309531597973204993
1309531631565365248
1309532327924686850
1309532428709638144
1309533223312134149
1309533262537199619
1309533445316661248
1309533805221490693
1309534097182781447
1309534125951537156
1309534137582194692
1309534158419570688
1309534272206909444
1309534716341739522
1309535973739360256
1309536080937484288
1309536092765458432
1309536223963295745
1309536668567900183
1309536902161281026
1309536952815845379
1309537077068005376
1309537093937500162
1309537396921438208
1309537575103856645
1309537646948093955
1309537752397029377
1309537900803973123
1309537908752343040
1309538152328167427
1309538157025660928
1309538397053243393
1309538404154126342
1309538404712017920
1309538635625254912
1309538715665084418
1309538948574785536
1309539208877559811
1309539252028440576
1309539401765138435
1309539411126706181
1309539655428321283
1309539768838107139
1309539812471271424
1309540282216730625
1309540361044398083
1309540710669058052
1309540798585856000
1309540800938770438
1309541351588073472
1309542402223468545
1309542503549464578
1309542550894718977
1309542551238606848
1309542567902576642
1309542922547802112
1309542954810454017
1309542984959098880
1309543009739046912
1309543039405371392
1309543073718951938
1309543100398874627
1309543125250199555
1309543152852840448
1309543212151975937
1309543239691776000
1309543246314569728
1309543266598215687
1309543294347759616
1309543305693323264
1309543320016871426
1309543346495533056
1309543378988736513
1309543410961993729
1309543439382515714
1309543470269435904
1309543502334885895
1309543544441446401
1309543580994863106
1309543615681753088
1309543649194184706
1309543676754919425
1309543705079054339
1309543737345953799
1309543762499178496
1309543787191033857
1309543814797950976
1309543819596136448
1309543940534669312
1309544027788804096
1309544565058220034
1309545022979743746
1309545208019902466
1309545702381572097
1309545703727861768
1309545788964564999
1309545813127901188
1309545840931987458
1309545865477074944
1309545865690972165
1309545875119767552
1309545882149367815
1309545890273783810
1309545914529460224
1309545925434642432
1309545939015733252
1309545940332802048
1309545963573444609
1309545988764426247
1309546012114026496
1309546037015728130
1309546061841788930
1309546089142456325
1309546113234604039
1309546137968357377
1309546163532713985
1309546187410767875
1309546213914611715
1309546239143358471
1309546268511924224
1309546291685400579
1309546317916647427
1309546341551439872
1309546365790420993
1309546390163513346
1309546415182544896
1309546440092463106
1309546469230292992
1309546493083295744
1309546517791940609
1309546542781657091
1309546568266194945
1309546592987500544
1309546619742883840
1309546647312105473
1309546671731290114
1309546847925661702
1309547036241518596
1309547058068623367
1309547223185870849
1309547287983644673
1309547652518903810
1309547868659875842
1309548564767481863
1309548590617055234
1309549339275132931
1309549722831589376
1309549948132683778
1309550189905051649
1309550623508115458
1309550998357266434
1309551051801010176
1309551317803823107
1309551429498044417
1309551445243580421
1309551464835100674
1309551579159199745
1309551804401750018
1309552012036636673
1309552155691552770
1309552428749123585
1309552454967726085
1309552615747915776
1309552761634160644
1309553682019692548
1309553690731216896
1309553783970684928
1309553797119827974
1309553928183394304
1309553977781035008
1309554376097366017
1309554553482874882
1309554646999064582
1309555230980407298
1309555547478339584
1309555636812894208
1309555920968577025
1309556506053029888
1309556698047283200
1309557185911848960
1309557221752147968
1309557286684196876
1309557386563248129
1309557509137498114
1309557550459703299
1309557579476021250
1309557812863930368
1309557887212158977
1309558286191071238
1309558339966324736
1309559040104513536
1309559251438895105
1309559420473540610
1309559427666784256
1309559832811315200
1309559914889609216
1309560103511654401
1309560569649823744
1309560803436179456
1309560804757385218
1309560829562548224
1309561013172416512
1309561058164699136
1309561527809314817
1309561561225326593
1309561655232262145
1309561919888658434
1309561949122772993
1309562200080683008
1309562202962178048
1309562458433040385
1309562488011321347
1309562957429379074
1309562957517541377
1309563365937893376
1309563578718941184
1309563829584527363
1309563911407046664
1309564515068129280
1309564576728526849
1309564576846024704
1309564803799805954
1309564819738157062
1309564829544443904
1309564832736333826
1309564953691652100
1309565342700707843
1309565534367879170
1309565597139730433
1309565607369736197
1309565972521525248
1309566305180282881
1309566398822330368
1309566553512456193
1309567157945200640
1309567164937113600
1309567229063823361
1309567965931745280
1309567991961575426
1309568561975906306
1309568657190801410
1309568815907438596
1309568829664702464
1309569086775586818
1309569088092614656
1309569861387874304
1309570648843448320
1309570768699883520
1309570847586344966
1309571725127036928
1309572162504863744
1309572478029762560
1309572977864962050
1309572995929829377
1309573217489768448
1309573230819241984
1309573371718520838
1309573387321323521
1309573521119404032
1309573932132040704
1309574260697042946
1309574798381637632
1309575564265750529
1309575620481949696
1309575711632613376
1309575795581607937
1309575901718421504
1309576299950813184
1309576551973949440
1309577002500923392
1309577354612703232
1309577399009501190
1309577673774161923
1309578357982584835
1309578510969843713
1309579209476632577
1309579475596857346
1309579802656083972
1309580216134774790
1309580675243216896
1309580762145083392
1309581250026500096
1309582300116647943
1309582522863452160
1309582850119872512
1309583086569521156
1309583280812052488
1309583456637202432
1309583612459835392
1309584622695612417
1309584827054780416
1309585128725852160
1309585371852869637
1309585476488224770
1309585668562194433
1309586682946170885
1309587086627033088
1309587555680215042
1309587712211652610
1309587737893314563
1309588079603265537
1309588144271036416
1309588208888545282
1309588450966896642
1309589242197291008
1309591458714968066
1309593651497103360
1309594048634724356
1309594522238812167
1309594686374514689
1309594791802527744
1309595348692856839
1309595665714958336
1309596966909874176
1309598298731409410
1309598340129189895
1309598704815484928
1309598803041964033
1309598900005859332
1309599026635923456
1309599160069488646
1309599534041964545
1309599861390614530
1309600005389537281
1309600078886244353
1309600594156548096
1309601089403133952
1309601345133969408
1309601452978049024
1309602420616552450
1309602552405778432
1309603430604910599
1309603896973766659
1309603970135076865
1309604013961347083
1309604098845691905
1309604636945534976
1309605245614542849
1309605356448804864
1309605920083763200
1309606100459683841
1309606100941991936
1309606128909783040
1309606267829317633
1309606851923845120
1309607033457577986
1309607242694635520
1309607326316482561
1309607529538822145
1309607813723959296
1309609769934696455
1309609806299308034
1309610305660563456
1309610766262296587
1309611133326614529
1309611149378248704
1309611404123467776
1309611412881371139
1309611681367162882
1309612209434243079
1309612632312287232
1309612834473508865
1309613286405668864
1309613457176698881
1309613674873618432
1309613962498117632
1309614160666394625
1309614428946657281
1309614591803101184
1309614908397490180
1309615274379878400
1309615789562040320
1309616002347532289
1309616338780983297
1309616442472529921
1309617399126163456
1309617414523453443
1309621117326438405
1309621200839081984
1309621243755323394
1309621274541518848
1309621621657829376
1309621744672616449
1309621779481141249
1309621792227631105
1309621969235648513
1309622070733615105
1309622242423320582
1309622310551384066
1309622669202071552
1309622870704783363
1309622932956643329
1309622956281167873
1309623240579526656
1309623677244379139
1309623748610478088
1309623847130476544
1309624406155710464
1309624471037370368
1309624974395621376
1309625315799560199
1309626232699486208
1309626417274130432
1309627164862697478
1309627416265068549
1309627556535074818
1309627943665139713
1309628178806247424
1309628560819335169
1309628753291677698
1309629210336604162
1309630018369323009
1309630274934837248
1309630481890193408
1309630819670142976
1309630854201856000
1309631661601161216
1309631933341749251
1309632810584604672
1309633318753796097
1309633396847661057
1309633538086625285
1309633629480538117
1309633662493880322
1309634316264185857
1309634562352451585
1309634757177868288
1309634859267248128
1309635409534685185
1309635690121121792
1309635695800131584
1309635940722372608
1309636483557584898
1309636747953922048
1309638815573704704
1309638815645134849
1309640250961072128
1309640528791830533
1309640776964595712
1309641271049363456
1309641301357453318
1309641919316873216
1309642221612863491
1309643618379014146
