1300584156401823745
1300584183656583183
1300585198887854080
1300585800535617537
1300586021575368708
1300586139468861440
1300586263460929537
1300586311368220673
1300586559025156098
1300586797995569153
1300586843453509633
1300587455477878786
1300587766057709568
1300588093171470336
1300588135861170176
1300588426614497281
1300588548039618561
1300589030686547968
1300589449064189961
1300589769894883329
1300589778010857472
1300590350160060417
1300590435707113472
1300590578636263425
1300591087036370944
1300591113322061826
1300591146926833665
1300591407481094144
1300592325530451969
1300592412247588864
1300592466580647936
1300592746890174464
1300593316548038656
1300593895953367042
1300594164892041216
1300594436456484864
1300594528311816193
1300594656410038273
1300596283095289857
1300596709702107141
1300596735123828737
1300597437619412994
1300597503239299078
1300597744390877184
1300598044581343236
1300598522501378048
1300598912106012672
1300599162300444672
1300599252985368581
1300599282748338176
1300599297902247937
1300599304374149120
1300599771946573825
1300600076386086915
1300600437159211010
1300600607900938240
1300600797424746497
1300600809265205249
1300601661950435329
1300601822793609217
1300602200549449728
1300602560278147075
1300602632407482370
1300602773633929217
1300603451311824896
1300603632522612736
1300603704144470017
1300604058655485955
1300604089286438912
1300604136086478848
1300604352931995649
1300604530380468232
1300605177959985152
1300605225875767296
1300605352162004994
1300605420516638721
1300605560023404547
1300605695973298179
1300605809588609025
1300606144692531205
1300606248031858688
1300606821187620864
1300607033016807431
1300607053111664645
1300607156094464000
1300607194296135680
1300607474190430216
1300607691337932803
1300607893604106240
1300607896305229828
1300607936675405830
1300608312623407108
1300608574175850497
1300609141824720896
1300609318178357248
1300609716670922752
1300610148122218498
1300610576209473537
1300610905848381441
1300610979340972034
1300611247830978560
1300611530631843842
1300611558058450944
1300611740661678081
1300612108556668928
1300612212894072832
1300612226697629696
1300612451344494593
1300612521275973632
1300612598040330240
1300612929746862083
1300613319364145153
1300613629721677825
1300613763830288384
1300613903064367111
1300614351360065538
1300614385610772480
1300615062613299202
1300615197170765831
1300615209132929032
1300615446882811904
1300615829764157444
1300616117669560322
1300616325853839360
1300616696558956544
1300616893196365824
1300616978827223041
1300617099690340352
1300617140261789696
1300617589618544641
1300617961754054656
1300618126023774210
1300618415187668992
1300618780557676545
1300618888250642432
1300620803239706624
1300621143704039430
1300621441755480064
1300621967926718466
1300622170465472519
1300622220239265794
1300622243735633920
1300622346768789505
1300622550410637313
1300622573970116608
1300622683047186432
1300623150460399617
1300624514460590080
1300624707658698753
1300624865930760194
1300625170483347458
1300625217782513665
1300625271431798784
1300625783610843137
1300625928075309062
1300625945330581506
1300626012514979840
1300626140810424321
1300626861861429248
1300626982221352961
1300627215743320066
1300627345167056897
1300627579746095105
1300627669076381696
1300627714802622465
1300627888706850816
1300629377051492355
1300629533314383872
1300629763262951424
1300630229220757504
1300630477728964608
1300630727323725829
1300630792230653952
1300631659914629123
1300632066799927296
1300632348971675651
1300632893551763457
1300633066776526848
1300633190063837184
1300634029692248069
1300634090010554368
1300634167428943874
1300634371360256002
1300634719684419584
1300635435799109632
1300635525808881664
1300636073928863746
1300637001226563586
1300637407285477378
1300638273874911232
1300638449536585731
1300638504121241602
1300638978018816005
1300639175134326784
1300639405548490752
1300640090629308418
1300640112221487105
1300640443915526147
1300640783041785856
1300641485638062081
1300641722536538112
1300641896986013697
1300641992007979008
1300642473451151361
1300642651067351040
1300643867851714560
1300644012261601289
1300644312645079042
1300644552651534337
1300644657051897856
1300644663825780736
1300645136305664006
1300645409145192448
1300646776517648384
1300646897762422784
1300647515428188161
1300647718646407168
1300647948058066944
1300648172067446784
1300650193692565504
1300650214890582017
1300651217580851201
1300652456691544065
1300652457295515648
1300652501591613441
1300652873664036864
1300652900893388800
1300653549962092548
1300653769181540353
1300654329821573121
1300655208561815552
1300655428020379650
1300656073767084032
1300656399551258631
1300657315377537024
1300659027567767552
1300659286683639809
1300659649599791105
1300659697960267776
1300660887485808641
1300660974429573120
1300661321692860416
1300661665160138752
1300661775772323842
1300661843627839488
1300661959579361281
1300662302362841089
1300662326891343874
1300662371946557443
1300662569519263745
1300662931265400835
1300663641805594624
1300664063794520064
1300664956606648325
1300665497118269440
1300665940623921152
1300665940942761984
1300669293173059584
1300671280925024257
1300671337145475072
1300671971341078531
1300672387176968192
1300672409868152832
1300673338440900608
1300674812273135616
1300676018840039425
1300677641016619009
1300678475217620992
1300679782259064833
1300680159356497921
1300680427125059584
1300680914289209345
1300681071919599616
1300682299726585856
1300682817492250624
1300683672203522054
1300684202887831554
1300685337027424256
1300687332064935936
1300687803475537920
1300690293671497729
1300690631854092288
1300694745203830791
1300699202171830273
1300700776139042817
1300700976614121474
1300701832457728001
1300703036407455745
1300704952743063552
1300705760968691713
1300705964484509697
1300706122987442176
1300710685899448320
1300710974601801730
1300712173254172674
1300712221052407812
1300714147101978624
1300718281045798914
1300722564327596032
1300724029683269632
1300732630548254722
1300732630586056704
1300733352102768640
1300736557356212224
1300737634394869760
1300738922255769600
1300740139543650309
1300740435208536064
1300740442728742913
1300743737157484544
1300744904470081536
1300746471709569031
1300747730009108480
1300748389940957184
1300749369193496582
1300750467786563584
1300751281191960577
1300751900388798464
1300752185375027200
1300753948492607491
1300754021515436039
1300754135944495112
1300754673675141122
1300755279865315328
1300756425132498947
1300756460830437377
1300756464236191745
1300756538047500289
1300758214703820802
1300759833818390528
1300760054661033984
1300760313084522496
1300760375340785665
1300761297483694080
1300761477960396800
1300762247149555713
1300762250479841287
1300763847796707328
1300764502212915200
1300764746120146948
1300765017386766337
1300765107853471744
1300765122005139456
1300765286019276803
1300766239925690375
1300766500391915520
1300766503680258048
1300767194763141120
1300767838764969984
1300768240264675329
1300768710882361345
1300768741366603780
1300769205688700928
1300769735156563970
1300770392437485568
1300770779102154753
1300772028258033665
1300772677641220099
1300772897447960576
1300773027337175041
1300773773105340417
1300774470479679489
1300774997473062914
1300775471194558469
1300777460104130561
1300777929337700357
1300778061982568453
1300778096858206208
1300778186784071681
1300778505278566400
1300778985912176642
1300779506593140738
1300779581276905472
1300779652944977920
1300779710411091969
1300779876971155456
1300779890048983041
1300779995955068934
1300780025046880257
1300780374109417472
1300780594352263168
1300781238689714181
1300781704320290818
1300781811497340935
1300782564211331073
1300783080366632960
1300783135051972613
1300783752965238791
1300784035862589440
1300784486213447681
1300784558263205893
1300784611866431488
1300785361258532865
1300785473145708544
1300785618977542151
1300785697788440577
1300786045726924801
1300786447700631552
1300786942607585282
1300786942632697856
1300787075151794184
1300787242248613897
1300787417092325378
1300787784639303682
1300788234604154888
1300788375855730691
1300788630789730308
1300789306710253571
1300789401820303360
1300789411727249409
1300789494438940678
1300789518849781760
1300789557944877058
1300789622134448130
1300790110494117888
1300790400832151554
1300790564074467330
1300790823425134593
1300791851377713153
1300791876493160450
1300791924098465798
1300792056399495169
1300792083419205632
1300792352366358534
1300792439964344322
1300792580481986564
1300792603764576258
1300792742281441281
1300793085341978627
1300793599685206024
1300793632828592134
1300793790228303874
1300794444460044288
1300795093817982979
1300795128639086592
1300795209123495938
1300795269429297152
1300795381413031936
1300795474258124800
1300795478045491200
1300795546307878915
1300795546613866497
1300795554813927425
1300795625802530816
1300795827733049344
1300795875434942465
1300796806280994821
1300797479127052290
1300797706001055744
1300797751832252417
1300798049095225344
1300798085380083712
1300798208931696643
1300798325319438345
1300798340293111808
1300798792468439040
1300799067853934593
1300799319990087685
1300799733196369922
1300799965459968001
1300800031541407745
1300800578323394560
1300800596958642176
1300801416966156289
1300801487908597761
1300802282636836865
1300802354409885698
1300802562313072641
1300802562443161601
1300802797697470465
1300803028413538309
1300803230318784512
1300803271079137280
1300803546280009734
1300803701528047616
1300804450760773636
1300804878537838592
1300804879229825024
1300805260060090368
1300805316221825024
1300805429635747840
1300805614671626240
1300805618329100290
1300806026636206082
1300806372355985409
1300806435195027461
1300806640485257218
1300806869892526080
1300807175149944833
1300807210960912384
1300807304980430854
1300807868657135617
1300808004628107266
1300808052459868163
1300808444287561729
1300809386315730945
1300809529739759619
1300809983265734657
1300810117764591618
1300810622087634945
1300810750127149056
1300810810927853570
1300810915122679809
1300811358645235718
1300811522399240193
1300811545564282882
1300811902562508800
1300811947974299650
1300812145433739266
1300813067144622082
1300813145464885250
1300813544124973061
1300814275762704385
1300814425079783425
1300814425163792387
1300814649127055363
1300815124169621504
1300815363983257601
1300815386183700487
1300815680401477637
1300815813583151105
1300815814593921026
1300816103963230208
1300816501528768514
1300816631501910020
1300816909366157312
1300816983152381952
1300817015540789250
1300817187817558020
1300817265869422592
1300817739712471040
1300817788257406978
1300818243343581185
1300818400722247680
1300818458272305153
1300818532469366785
1300818846077550592
1300819093902114817
1300819310290624512
1300819500238069762
1300819715972046848
1300820083841871873
1300820248468348932
1300820385169104898
1300820423383408642
1300820527083335682
1300821067175522304
1300821590096125953
1300821823609864194
1300822041600417792
1300822582279770114
1300822712370311168
1300822828527296512
1300823194522267651
1300823293382062081
1300823712288174083
1300824387571142664
1300824412527230977
1300824675006795776
1300824984923910148
1300825077429174272
1300825225601392640
1300825322674323460
1300825362637770753
1300825390831738881
1300825564048171008
1300825744029945856
1300825745082601472
1300825745825042432
1300825748283031552
1300825749482385408
1300825839223832576
1300825841857953798
1300826076231487489
1300826533087543296
1300827083384459264
1300827345448767489
1300827494845734916
1300827586356969474
1300827644896915461
1300828264190140416
1300828776515997696
1300829361382318080
1300829502323318785
1300829835695206409
1300830163253579778
1300830343277293570
1300830662971338754
1300830666360320006
1300830680084107266
1300830973710553089
1300831085530673153
1300831280129597442
1300831737669451776
1300832035896926209
1300832100296294401
1300832571148902401
1300833175262945285
1300833326627008513
1300833694001709056
1300833811945713664
1300833818069348360
1300834266234920962
1300834389648171009
1300834790845935619
1300835123131277312
1300835264986832896
1300835588258627596
1300835697306165248
1300835998927138816
1300836393116106752
1300836525085724674
1300836711426121729
1300837020034633734
1300837061486874625
1300837088456306694
1300837656314740736
1300837709972484097
1300838306524147712
1300838328825270272
1300838570501038080
1300838652235440130
1300839346094968833
1300839606259253248
1300839641151660034
1300839739243851779
1300839950448025600
1300840197341548544
1300840349804437504
1300840380351614977
1300840404380770304
1300840770254131205
1300840772145737730
1300840837597798400
1300841155698061313
1300842476748574723
1300842570403246080
1300842703945707520
1300843091860033536
1300843161607077890
1300843194003918853
1300843335628849152
1300843362531127297
1300843634175213570
1300843762235707392
1300843888274542593
1300844115287048193
1300844121528193025
1300844350629384199
1300845012926656512
1300845144489500676
1300845452829564928
1300845534605963270
1300845903239053315
1300846128225804292
1300846962896515074
1300847145415774210
1300847928949510145
1300848184437215232
1300848231501434880
1300848784986066944
1300849104948547584
1300849472482742277
1300849589038309379
1300850185048858624
1300850212504821762
1300850268523900928
1300850595008516096
1300851002837475328
1300851043983478784
1300851047418781700
1300851054817554432
1300851060454690816
1300851103077203968
1300851130881146883
1300851242491674625
1300851298837897218
1300851333176725510
1300851656444325889
1300851703038828559
1300851814796062720
1300852492952113152
1300852623051042816
1300853179001733122
1300853909796384768
1300854050288738304
1300854574580858880
1300854811156414469
1300855034230562816
1300855044699557890
1300855112257208322
1300855171090731012
1300855171690496000
1300855380923293697
1300855487592910848
1300855508333666312
1300855861577945088
1300855900987682819
1300855978481639424
1300856178063421443
1300856195117273088
1300856357298606080
1300856475556950017
1300856529470607363
1300856544146333697
1300856775479001091
1300856789466898432
1300857030908030978
1300857201855062016
1300857313838891008
1300857346235813893
1300857352921456655
1300857412132405255
1300857599768899585
1300857633776308229
1300857644371136513
1300857665502019587
1300857848096849921
1300857849053171713
1300857917458067461
1300857982595379200
1300858050895638534
1300858107598458880
1300858223738548225
1300858460628832259
1300858595802836992
1300858923868717056
1300858987710119936
1300859018165055492
1300859401323065344
1300859597591392256
1300859663152541696
1300859679799681027
1300859744001961986
1300859796724346881
1300859860788092931
1300860069572210689
1300860769840566274
1300860943354793986
1300860969011249152
1300860978788171776
1300861417952890881
1300861827920916481
1300861834233360386
1300862370818949121
1300862573332566016
1300862607272947718
1300862790417231876
1300863228780654595
1300863263190777858
1300863646126534659
1300864253289803777
1300864492591603713
1300864764776771586
1300864772221566976
1300865006142132224
1300865179790520321
1300865819614883840
1300865866796601349
1300865892419477504
1300865895804276736
1300865931162398722
1300866010879324161
1300866011143516161
1300866050603573257
1300866084594212864
1300866085152067584
1300866202533855232
1300866536631144448
1300866881650405376
1300866985845235713
1300867730309091335
1300867813335355394
1300868155804393474
1300868201031532546
1300868222632239104
1300868303741689857
1300868496981725184
1300868528212451329
1300868833369116672
1300869054475845632
1300869057646714880
1300869082045087744
1300869247317479425
1300869458999861249
1300869602025582592
1300869774507945986
1300869784758870018
1300870676920713216
1300870792465600516
1300871016609206277
1300871042517233664
1300871118853672960
1300871182749589506
1300871742722838529
1300872192670957570
1300872852812566532
1300872909859295241
1300872940129484805
1300873034107179009
1300873088968646657
1300873251103608834
1300873453520728064
1300873561649942530
1300873657464565761
1300873697532817414
1300873814683856899
1300874031420375046
1300874182134247424
1300874294126313472
1300874578923843587
1300874581775978501
1300874727184044032
1300874820171767815
1300874903672041477
1300874942125400065
1300875124195889153
1300875698425548801
1300875779736301573
1300876748523999232
1300876882662088710
1300876892950667265
1300877086027132928
1300877180398907392
1300877575913459712
1300877597216305152
1300877691923636227
1300878029825204231
1300878328359014400
1300878464816422919
1300879172483657728
1300879694796140546
1300879950128582656
1300879998270803968
1300880197361840129
1300880240454107137
1300880398822641666
1300880645892308992
1300881115394256898
1300881129327788038
1300881350887641096
1300881418499874816
1300881956826161154
1300883586413924353
1300884049679056897
1300884396816375808
1300884571148386305
1300884820021710851
1300885336843849733
1300885392326103041
1300886144352018432
1300886357699629057
1300886488222257153
1300887039462772742
1300887258002870273
1300887427062599680
1300887783733710850
1300888013719953408
1300888121924620289
1300888146679336960
1300888652067803136
1300888659168813059
1300888910680272897
1300888936072568832
1300888970574868481
1300889764757995525
1300889917413883904
1300890188118458374
1300890331353878528
1300890350609989632
1300890478045532160
1300890485473652741
1300890691556585472
1300891338314076162
1300891815625793537
1300892199522103296
1300892245294493696
1300892498533982211
1300892518779846667
1300892529689341953
1300892877556457472
1300892896963579909
1300892966807052288
1300893375739179008
1300893407573938178
1300893488448507906
1300893518265831432
1300893693692518403
1300893702571921408
1300894118483238919
1300894266953289728
1300894289166315522
1300894491625295887
1300894545807396866
1300894609950814208
1300894636244963333
1300894698530312196
1300894736115527680
1300894942856962050
1300894958937944069
1300895194087403522
1300895416125468672
1300896601070874624
1300896880818298882
1300897880463552512
1300899159642341376
1300899420377149446
1300899871730274304
1300899969390567425
1300899992190750721
1300900343220498433
1300901242374299648
1300901357050908673
1300901663742586880
1300901781418004480
1300901908840960000
1300901960149807107
1300902190467305472
1300902378036768771
1300902932494331905
1300903054603104258
1300903173184462850
1300904111668432898
1300904328983728130
1300904454020100096
1300904568075751424
1300904777031671808
1300904853019951105
1300904869818232832
1300904950986399746
1300905416696696833
1300905811032580096
1300905840677990404
1300905899171733505
1300905929991487488
1300906192907177986
1300906500215525379
1300906506578259968
1300906559820701696
1300906651009118208
1300907374987878405
1300907494454300672
1300907533251547136
1300907551090003969
1300907657822380033
1300908482703642624
1300908711582597122
1300908756692332544
1300908862954930176
1300909094644060160
1300909149526675458
1300909964286976000
1300910234693763072
1300910366336126979
1300910438683680769
1300910539435106304
1300910542517927936
1300910697942056960
1300910944198053889
1300911025580126208
1300911170283544581
1300911362726649857
1300911648627191808
1300911815866675200
1300911816558641152
1300911952730955776
1300912364666191873
1300912384408772614
1300912389987217415
1300912644715614213
1300912932117770248
1300913192227438593
1300913465784184832
1300913586852827141
1300913589843361794
1300913864071172100
1300914165641605121
1300914207878152193
1300914360454451201
1300914463361568768
1300914637945352194
1300915379867389954
1300915722713931776
1300915934941663244
1300916341948518402
1300916343961780224
1300917198207299584
1300917471902392321
1300917479913525248
1300917624893845505
1300917798529572865
1300917925461852161
1300917948077535234
1300918453017153537
1300918497485225986
1300918581652267009
1300918584793849857
1300918857587027969
1300918951346679809
1300919314141282305
1300919941449879553
1300920004679020545
1300920058802208773
1300921200353464322
1300921261032443905
1300921479182381058
1300921512598278151
1300921872561983488
1300922148500852737
1300922677159485444
1300922878842601474
1300923262260649984
1300924377249193984
1300924491489579008
1300925271625916419
1300925452094185473
1300925565688479744
1300925894417166341
1300925895780306954
1300925976801677316
1300926261645185025
1300926410056437763
1300926476619923456
1300926480365617152
1300926536460251136
1300926658988380167
1300927078892797954
1300927406560206848
1300927430962688001
1300927966306852865
1300928390774640640
1300928683306356744
1300928782220562432
1300928950529646592
1300929896936603648
1300930182316916737
1300930691190980608
1300931442311127040
1300931442432589824
1300931445284896768
1300931608409706497
1300931799175106560
1300932196027564032
1300932472671277058
1300932650128027651
1300932878805667841
1300933271698771968
1300933356276854784
1300933761887088644
1300933830820405248
1300933895907614720
1300934243762216962
1300934497186312192
1300935576099721219
1300936441376190465
1300937097449295873
1300937136112365569
1300937266701926408
1300937454153879552
1300937744416272385
1300937759012671488
1300937923194425346
1300938161405788165
1300938364485603329
1300938405782716417
1300938429824405504
1300938500385239047
1300938665569538049
1300938770347368448
1300938990695006208
1300938999671001088
1300939220043825152
1300939311123181573
1300939403695620097
1300939551804977152
1300939732436873216
1300940373934694401
1300940489122885632
1300940669062582272
1300941196928450560
1300941408598138882
1300941579415322624
1300942539613073413
1300942631976001537
1300942891460816902
1300942917763248129
1300943090115661824
1300943115839299585
1300943211670708226
1300943238119989248
1300943287994335232
1300944157234601984
1300944192802258950
1300944341591117825
1300944424172687366
1300944664858632192
1300944744638558208
1300944826377142273
1300945106321764354
1300945281719193600
