1277753719841488897
1277753751886082049
1277753866524798978
1277754330737717255
1277754458894667776
1277755183657889792
1277755404525731840
1277755418828300290
1277755840951398402
1277757059203657728
1277758406053552131
1277758728532570114
1277759044988657664
1277760084517535744
1277760306857545729
1277760324444344321
1277760897323319302
1277761772120834054
1277762444920713216
1277762464541704197
1277762904826273793
1277763306493747201
1277763746107215873
1277763846443347969
1277763910335070210
1277764557424013312
1277764890212675584
1277764960349806593
1277765384645545985
1277765721175580673
1277766395044999170
1277766708355358722
1277766817826713600
1277767266701053953
1277767398154739712
1277767874111770624
1277768437142630402
1277768472462753792
1277768541731786754
1277769987273322496
1277770358939168773
1277770640980873221
1277770754650767361
1277770831280603136
1277771015079288832
1277771257652678656
1277771835883556864
1277772672668180484
1277772697628336128
1277773083802247168
1277773136050749440
1277773271002492930
1277773548849958912
1277773852181962752
1277774302994141191
1277774789130756096
1277775407874539523
1277775805477683200
1277775813061095424
1277776086546501632
1277776101637591040
1277776224333561858
1277776330629808128
1277776462217650179
1277776870704992256
1277777041899823104
1277777507203178497
1277777857629097986
1277778035597590528
1277778505732890630
1277778636607799302
1277778752567738374
1277779255334711297
1277780106140884993
1277780141150740482
1277780320348180481
1277780434554966022
1277780657821962242
1277780864194293761
1277781392328470528
1277781858856697856
1277782176868831234
1277782277800570881
1277782513709187072
1277782723906744321
1277783762215079938
1277783772059107336
1277785213557489664
1277785563332874241
1277786640367464448
1277787524887392257
1277788254952095744
1277788317829017602
1277789259899043840
1277789414098419713
1277789847923625985
1277789966962176001
1277791216852185089
1277791364554600448
1277791772043816960
1277791791765491712
1277791845741989888
1277792286521217024
1277792655674691584
1277793535065034753
1277793662911614982
1277794287158247424
1277794293982380035
1277795342659006464
1277795561836609537
1277795753327550464
1277795869799198725
1277796189140848640
1277796221747412993
1277798619396128771
1277798640124334080
1277798696730669056
1277798734508720129
1277798852318371840
1277799018891001857
1277799207106158592
1277801231583510528
1277802302880002052
1277802924383535104
1277803223362015232
1277803340173389824
1277803557010305024
1277804226123640833
1277806389264556039
1277806660464136193
1277806761618092032
1277806829905608706
1277806837581176832
1277807752270807041
1277808537805225992
1277808834426351617
1277808911639212032
1277808967884984320
1277809566181441543
1277810495693688832
1277810656046198792
1277811383057420289
1277811775023525888
1277812983511613440
1277814122214719488
1277814126614663168
1277814369632518144
1277814615171387392
1277814871732686848
1277815102021001216
1277815444544589824
1277815564354949122
1277815747067158528
1277816375487213569
1277816496706785281
1277817090934792192
1277817126431215617
1277817273378418688
1277817888699793408
1277818083382628353
1277818139846291456
1277818232771149827
1277819629558169600
1277820494113312769
1277821852363010049
1277822919637336064
1277823007768162305
1277824999819300864
1277825720530669569
1277827900771835906
1277827944052928517
1277828356948611072
1277831839122628609
1277832092978679809
1277832772724408320
1277833307192000512
1277836977304371200
1277837493237415937
1277837778726916096
1277839763366649857
1277839962457677824
1277844158896537601
1277844281076613120
1277848475388932097
1277849968636821505
1277850033115795458
1277855154834771969
1277855271239380994
1277857377195134976
1277860053823950848
1277860532729589760
1277863075841036289
1277863240593268736
1277866250539073536
1277867039449899008
1277867542829133824
1277868300383531010
1277869615524253696
1277870478963740672
1277872796421500933
1277880185421885442
1277880824663347202
1277882108963364866
1277885967756480515
1277887371984306177
1277887787497373701
1277888726358806528
1277888745426112514
1277890811393454080
1277892248303292416
1277893397446090752
1277894521863487489
1277896726603497477
1277897295485337601
1277898407990919169
1277899162462441473
1277899792576851970
1277900447899156480
1277900478425284609
1277902228121161728
1277902340159410177
1277903056592613386
1277903390786359296
1277904747975057414
1277904785111465984
1277905440853110786
1277906160457142273
1277908796518563843
1277909460455833602
1277909640697851905
1277911600494772225
1277913153771384832
1277915175027441665
1277915717053173760
1277916559844016128
1277919307750445056
1277920381811036164
1277920755360116736
1277920783722065920
1277921246684930048
1277922210498392064
1277922718713810959
1277923013523095552
1277923297779482624
1277924690376511494
1277925106161864705
1277925307635437568
1277925624263385088
1277926956818993153
1277928565468811264
1277928646200696834
1277929448386560000
1277930746427183104
1277930921086185473
1277931765580120064
1277933120491327490
1277933250137264135
1277933590769283073
1277933896232054785
1277934510714298369
1277934557631614986
1277936765215612931
1277936780478746625
1277937129952247808
1277937574984781831
1277938686772965383
1277939120791322625
1277939642650832896
1277939739895750656
1277939922775744519
1277939958951677952
1277941277196255233
1277942715339214848
1277942772050378752
1277942784817840128
1277942847262654466
1277942951776305158
1277943371273842691
1277943655936991245
1277945040657096710
1277945046420148224
1277945204440543232
1277945349462798337
1277945578593320960
1277945615175974912
1277946744542826498
1277946919508213761
1277946966404718592
1277947367019380736
1277947392537645056
1277947662365491203
1277948284515037184
1277949488825540613
1277949568211173376
1277950383781031936
1277950589121462274
1277950817291599876
1277950893116309505
1277951550518943745
1277951562627809280
1277951563219247105
1277952590576222208
1277952735263023104
1277952751683731457
1277953098821054470
1277953177149718531
1277953206308519937
1277953221240205317
1277953816114204672
1277953848599027713
1277954291312005121
1277955065349697537
1277956012771852288
1277956100130832385
1277956184981377026
1277956187577675777
1277956220670955520
1277956545796542465
1277957669672726534
1277958091368251392
1277958734640103427
1277958814508019712
1277958867381616640
1277959049410015239
1277959210790195200
1277959295540199424
1277959761284206592
1277960692427964416
1277960903594348546
1277961091750883328
1277961107143946245
1277961436895961088
1277961448275107843
1277961588943622147
1277961775665647622
1277961928833241095
1277962067199180802
1277962145452318724
1277962418585395200
1277962656326934536
1277962771993292800
1277963453903196160
1277963625282465793
1277964203882496003
1277964360590045185
1277964853794111489
1277964999189688325
1277965119046037509
1277965334708842498
1277965335937728523
1277965342350819331
1277965457979404299
1277965615425187843
1277965624811991043
1277966261603856385
1277966280083963909
1277966461072404480
1277966987432308737
1277967003299414021
1277967308502097924
1277967329469403140
1277967362088529925
1277967508180361218
1277967509342191616
1277967548386967554
1277967558168043522
1277967630532403202
1277967789085491207
1277967824854507522
1277968466780188674
1277968614218321922
1277969287467028487
1277969322464305153
1277969430949969922
1277970251355795456
1277970494176673794
1277970611038380034
1277971011783147524
1277971231396868096
1277971443939074049
1277971477292183564
1277971682175512577
1277972166563082244
1277972724036431872
1277973000856322050
1277973531297366016
1277973858239131649
1277974065043501058
1277974128104882177
1277974164880543749
1277974555881959436
1277974864100331521
1277975154631438338
1277975164370599941
1277975235451514882
1277975359028252672
1277976044117438465
1277976211642216448
1277976315212083200
1277976540894990340
1277976578807328768
1277976603272704004
1277977047164305409
1277978019940888585
1277978541796147208
1277978594300444675
1277978829038870537
1277979128369606656
1277979273156943874
1277979283982438400
1277979290273853444
1277979299773968384
1277979426496540672
1277979768969809920
1277979961584803845
1277980099682304007
1277980187854901251
1277980251012730881
1277980383229784064
1277980412451536901
1277980414758367237
1277980424086548483
1277980557800947714
1277980585844019200
1277980596912836608
1277980638818136064
1277980823208128519
1277981229560655872
1277981782550261760
1277982382453256195
1277982803142066176
1277983132155666432
1277983249185243136
1277983275630370816
1277983605415800834
1277983745975476225
1277983783422132224
1277983964825862144
1277983984077561856
1277984167079231489
1277984253687427073
1277984270288670720
1277984403214475266
1277984768236367872
1277984987292327943
1277985130431180806
1277985290435657729
1277985703398342656
1277986318912557063
1277986381323816962
1277986420217516032
1277986597158498305
1277986666095968256
1277986998809231360
1277987228149600256
1277987403593125889
1277987888936808449
1277987893643001856
1277988285802045441
1277988397391413253
1277989002868674563
1277989166295527425
1277989255487332352
1277989528993779713
1277989596144390144
1277989833764302848
1277989878186348544
1277990111796477952
1277990912510046208
1277991117401853954
1277991296951619587
1277991357341216768
1277991677869858816
1277992082263740416
1277992150186196992
1277992539295973381
1277993095678832643
1277993107712327681
1277993293750644736
1277993557064892418
1277993840020992004
1277994071873781762
1277994150013669376
1277994196121595905
1277994207333007361
1277994371233783810
1277994476049440773
1277995202452557824
1277995234186723332
1277995285252378624
1277995608431869954
1277996405383028738
1277996421526978560
1277996457971331074
1277996736263467008
1277997207313166342
1277997318470463490
1277997849603715074
1277997953429495815
1277998025273683968
1277998102545399808
1277998371584774148
1277998509099270145
1277998520067395584
1277998546990632960
1277998951673794561
1277999179521032193
1277999662625144834
1277999740249145351
1277999745613602816
1278000075730386944
1278000766750543875
1278001001874763776
1278001064629895168
1278001408034271232
1278002513145462792
1278002524117704706
1278002747917447169
1278002754087194625
1278003941762990080
1278004407561588737
1278004619998662657
1278004662470422534
1278004711535362051
1278004759161704450
1278004775683063808
1278004869551415297
1278005238897741824
1278005240109780993
1278005564631629826
1278005801043492864
1278005888465244160
1278006407841759234
1278006674708729861
1278006887963918337
1278006913079353344
1278006955689365505
1278007018448736256
1278007753987035136
1278007898321420288
1278007980261343233
1278008087358644224
1278008104240713735
1278008199963164672
1278008442200952834
1278008685630029824
1278008791825625093
1278008967143346176
1278008999066120192
1278009407637344256
1278009790137065473
1278010125559660545
1278010346985291776
1278010741522681856
1278010772988350464
1278010821252198402
1278011109920976897
1278011119177732096
1278011216368107522
1278011262543290369
1278011901184749568
1278011998949838849
1278012084828155906
1278012124443430913
1278012272611295237
1278012309059915779
1278012555831771136
1278012740091559936
1278013262014136323
1278013448211832834
1278013677820665861
1278013705301737478
1278013790479626240
1278014533303402497
1278014573879029760
1278014670419513345
1278015081951956997
1278015641971240967
1278015846133235712
1278016298971213824
1278016514675916800
1278016613690814464
1278016768519405569
1278016785787359233
1278016829013835776
1278016839768031234
1278016848995454976
1278017230270316547
1278017267591249920
1278017356380299265
1278017519580844032
1278017956220473344
1278018106963738624
1278018380612714501
1278019217900441600
1278019504212230144
1278019849969717248
1278019945557786624
1278020075291885569
1278020306054103041
1278020458919743491
1278020503085645826
1278020835123630081
1278021624147652608
1278022224520400896
1278022400601321473
1278022403399069699
1278022531304341509
1278022875602202624
1278022939724693505
1278023246827356160
1278023352553279492
1278023642388054021
1278023958449750017
1278024091144945670
1278024470452723712
1278024689030443009
1278024878885650432
1278024974641573889
1278025006119821312
1278025413764231168
1278025425051058176
1278025489727107074
1278025490863919105
1278025578248130561
1278025796163121152
1278025822172045316
1278026319071232000
1278026760735674368
1278026936216944641
1278027545733222401
1278028011862966273
1278028206864556032
1278028398825111552
1278028669999448069
1278028821044830208
1278028910932815872
1278029344900820996
1278029571879829506
1278029921282031618
1278030037543862272
1278030059346038790
1278030071127834625
1278030168490225676
1278030355891707913
1278030398203793409
1278030579951271937
1278031044168552448
1278031254101909508
1278031341704093697
1278031852457074690
1278032623273750529
1278032943257055233
1278033076334014465
1278034410504359938
1278034535318540295
1278034619527553025
1278034633863692288
1278034643401551873
1278035349470666756
1278035685522489346
1278035829429088258
1278036278622277639
1278036509321551872
1278036585456365568
1278036818928316416
1278037301743009794
1278037322890649600
1278037555053764610
1278037660091678728
1278038103505207296
1278039285367783424
1278039354225471489
1278039700427726849
1278040351366766592
1278040355557052417
1278040511954194432
1278040532367798273
1278041318917386242
1278041540120715269
1278041647264210945
1278042001385107456
1278042032947200004
1278042136156483584
1278042145790799872
1278042240812810240
1278042328905777152
1278042619940081666
1278042810088816642
1278043201111195649
1278043317289332736
1278043611934973952
1278043675247820800
1278043692285263878
1278043797931413504
1278044464817340425
1278044549399687170
1278045060769120256
1278045183985233920
1278045433558949888
1278045451325968385
1278045611720421376
1278046251381071872
1278046274886008832
1278046566696312833
1278047058226745344
1278047405171146755
1278047409751257089
1278047432929161216
1278048021800906752
1278048282674151425
1278048934536130562
1278049075393372163
1278049273578508294
1278049471688069126
1278049955631022085
1278050237119172608
1278050721863282689
1278050728641204226
1278051145836003340
1278051214278746113
1278051527475843082
1278051619490455562
1278052388872622084
1278052606993186821
1278053209840455682
1278053392351363086
1278053696652410881
1278054203294957570
1278054523462774784
1278054821510209536
1278055098116079619
1278055413196480514
1278055689936670726
1278055714385203201
1278055729455390720
1278055741174222849
1278055868861427718
1278056148462120960
1278056268930977795
1278056308353228807
1278056870574350337
1278057058533642240
1278057139869822977
1278057266357428225
1278057349396250625
1278057352340611072
1278057892105650176
1278058507183456257
1278058634543579138
1278058657176051712
1278058914408550400
1278059069388066818
1278059682033172480
1278059822336880640
1278060190856871936
1278060266979233798
1278060347199455232
1278060846711803905
1278060963711811584
1278061213394456576
1278061285456990209
1278061695139827719
1278061784658821123
1278061927323906048
1278062118542204933
1278062134526705672
1278062999308296197
1278063087275388928
1278063191671668744
1278063427295068160
1278064454303985664
1278064528274583554
1278065853280501760
1278066426901921795
1278067191137677312
1278067572802555906
1278068044640727043
1278068203617484800
1278068360660561920
1278069016318312456
1278069133314310147
1278069516652752896
1278070912089284608
1278071250166976514
1278071309646172160
1278071501774823430
1278071639276748803
1278072332414746625
1278072338521653251
1278073549048164353
1278073578945118220
1278073904314056707
1278073908005154817
1278074448906719232
1278074989011402752
1278075726214782976
1278075797971128322
1278075976686190593
1278076168814465024
1278076710123159554
1278077106107437057
1278077470172946432
1278078436653903872
1278078582842183681
1278078901957341186
1278079082970955778
1278079298767859713
1278079400223879171
1278079412135702537
1278079517333037058
1278080200803323906
1278080223951687688
1278080894331478016
1278081853199704069
1278082230632529921
1278082356335775744
1278082723593310208
1278082990049017856
1278083287945293825
1278083338251763718
1278083496481886213
1278083544192094210
1278083741970292738
1278083845062098945
1278084193860440069
1278084614888792064
1278084703980007424
1278084771072090113
1278085055647232000
1278085923696259075
1278086255285202949
1278086275468161024
1278086630688149505
1278087172378316800
1278087543557365760
1278087727028645888
1278087875293253638
1278089154560249856
1278089437558312969
1278089455019139072
1278089468717776903
1278089809249161222
1278089845928329216
1278090036848791552
1278090077764190208
1278090661967912975
1278090727843672067
1278090794109468673
1278091077052854274
1278091300999442432
1278091385363726338
1278091794790694912
1278092459185180672
1278093463511134208
1278093572252844035
1278093641949511681
1278094059886829568
1278094565308801024
1278095375195308032
1278095845297094656
1278095960963526658
1278096147916247042
1278096558374993922
1278096692420784131
1278097634759229442
1278098396532932608
1278099674889584640
1278100104864583681
1278100836015538177
1278101081764093957
1278101136130654208
1278101400979939328
1278101742408720386
1278101765242662918
1278102653336260608
1278102773943369729
1278102912225415169
1278103160767340545
1278103241818091523
1278103281479217152
1278103835928678400
1278104770633482241
1278104935461277697
1278105543475789824
1278105898028761093
1278106175368765441
1278106180238311424
1278106486653292546
1278107197197611009
1278107408330641408
1278107414785429504
1278108566843342848
1278108590998532099
1278108628852125701
1278108703208726528
1278108730505285632
1278108819512385536
1278109212044861440
1278110102634070016
1278110200436793351
1278110539445649408
1278111005244043264
1278111315584843776
1278111573492588546
1278112253393371137
1278113951184818181
1278114155720048641
1278114274439725056
1278114295465811968
1278114625888948232
1278114918559088641
1278115458240188418
1278116046231257090
1278116093966589952
