1413287870593388545
1413290397628092416
1413291435798016000
1413292468360126467
1413294345105510402
1413296743333117954
1413296997742825473
1413297403126599684
1413301764716179456
1413302212697206785
1413302496668360704
1413303974028005379
1413304620240224260
1413305534523101184
1413305941467049985
1413308452819066883
1413309212847792129
1413309509443850243
1413309531627655170
1413309536178429952
1413309678977634309
1413310616429862915
1413314352380141570
1413314841964597248
1413315165366505474
1413316141888376832
1413316316765855752
1413318713781194753
1413318880630480904
1413319287389949957
1413322867610210309
1413323966077362182
1413324813851049985
1413326985980432386
1413327416672636930
1413328009323552774
1413328747349135361
1413332438101725185
1413334383260471300
1413334956886069250
1413338917244391427
1413340513441361921
1413343439475728386
1413344110015045639
1413344729190715394
1413344914616852481
1413345883622494214
1413346321361084416
1413346596071292929
1413346940037726211
1413347191532539907
1413347286818729996
1413349403121815553
1413351610667909122
1413353057602215937
1413354192006225920
1413355446937739266
1413357850798084097
1413361608806572033
1413371797995626498
1413372154784137224
1413376643595448320
1413389207893168128
1413394654704422914
1413394670252613637
1413394681866641409
1413394683502415872
1413395366544818178
1413395379656302594
1413395415404265473
1413400939579547648
1413401076078841867
1413403552085598210
1413406862280638465
1413406870698708994
1413406879359934466
1413406887719194624
1413409728110211074
1413417256688705537
1413418989078814724
1413420615411945473
1413420636433649671
1413421610283913217
1413422503318392837
1413423143901818883
1413423183701725186
1413425549687595008
1413426335213555712
1413429040023801858
1413432646777008128
1413433597436960776
1413436046600142848
1413436071354929152
1413437841447682050
1413437845944033281
1413441773217533953
1413443510234009601
1413444179561041922
1413444242081386496
1413444792789344263
1413447095860662277
1413450531926802438
1413450660616409092
1413450948035284997
1413452675195318272
1413452883157082117
1413453165853233162
1413456875161456642
1413458706092625920
1413459943810764801
1413460126602776584
1413461130379292672
1413461725760823300
1413461821940408324
1413462554609737734
1413463350969782272
1413464725099327488
1413468381294985225
1413468519493259265
1413469455200436228
1413469834357055497
1413470471819911175
1413473431241334796
1413473564158795778
1413475018424655872
1413475174654021635
1413475285027201025
1413476248261521411
1413476334290956292
1413477345797705731
1413477709116805124
1413478909547401221
1413478947468324866
1413480325867401223
1413480444348170241
1413482132102475777
1413482236351959052
1413482835806093324
1413483192326164480
1413483426582306817
1413484448356646916
1413489373312544779
1413489492091080707
1413489615026081802
1413490715284316161
1413492010435051526
1413493387001405459
1413493891244953601
1413494608647102464
1413495706527047682
1413496966810521600
1413496993767436290
1413498174812139520
1413498183989215234
1413498288662323204
1413499713580539905
1413500327014268942
1413500952993165315
1413501108874473472
1413502772071239681
1413503876540551168
1413505386464829444
1413505768863657990
1413508645967450120
1413509612385472512
1413510959688151050
1413511264127512580
1413512422283874316
1413512594388787200
1413513952743460869
1413514166288093187
1413514274849259522
1413514553388793858
1413515222615138308
1413515454929260552
1413516640797462531
1413517693861441540
1413517896454742018
1413518805842673669
1413523376442945540
1413526526117699592
1413526658561236994
1413527556691742720
1413528575207256072
1413529279699226627
1413529930789445634
1413530466599251972
1413530509163089924
1413530584169779201
1413530784451940361
1413530998835453953
1413531495784931338
1413531770750914568
1413532351590711305
1413532823395479556
1413533330239283205
1413533660926648323
1413534105988435969
1413536461916450816
1413538480794312707
1413539943893409797
1413540146591453186
1413541605613703168
1413542167151267852
1413542986340831234
1413543959738081290
1413544050255409153
1413544051320758277
1413545389370773510
1413545632921444364
1413545777411067907
1413545942263926790
1413547130971738116
1413552118989008898
1413552372543107073
1413552377664319490
1413554115460861956
1413558622638862340
1413560552652165121
1413560726220808195
1413563335086313473
1413565461732728833
1413566196977442819
1413566782699417602
1413567057384386563
1413568576649318407
1413569909813137411
1413571157878476802
1413571275763720196
1413572197688426497
1413572231217696779
1413572611280277506
1413572709158735879
1413573013707100161
1413573052143656965
1413573230976249861
1413573310697283585
1413573673815056385
1413575025001738246
1413575172557361152
1413575782769778688
1413576791453732866
1413577184216760320
1413577358083252225
1413578336484343808
1413578544165359622
1413579895226126341
1413585274211295234
1413585285284311045
1413586251857412102
1413586436603981824
1413587497645379585
1413587572194955264
1413588606053240846
1413589747734302728
1413590264195780609
1413590297917931521
1413592070141353985
1413595582598455296
1413602997083557890
1413604365483614208
1413604820251037704
1413604862684655616
1413606513042763781
1413607389052522501
1413607670356094978
1413608827300294657
1413609137984917514
1413609663917080584
1413610273466880003
1413610749491138561
1413611542025805824
1413612184790310917
1413612497144266758
1413613198222270476
1413613683951996936
1413613812427771908
1413614311533170691
1413614355833364486
1413614846294302725
1413615308045225986
1413615619585548291
1413615877602357248
1413615955553497104
1413616733345177608
1413621471105126403
1413623383955329024
1413624130092535809
1413624252134158337
1413624810782011406
1413626842322374656
1413627297865814020
1413628610808799232
1413628714055872515
1413630286466887687
1413631903551434761
1413634538274709509
1413637599760158722
1413639129930375168
1413641001764282373
1413641042834845696
1413642165096431617
1413642226660483075
1413643689457561604
1413647738806456328
