1447351237842702338
1447351239348457473
1447351239658799106
1447351239943999489
1447351241349074946
1447351241995026432
1447351242078842886
1447351242120892419
1447351242834038790
1447351243182014465
1447351385327120385
1447351420341137411
1447351649769562121
1447351815146639361
1447351944239099910
1447352219033026561
1447352309097197570
1447352342848868356
1447352468178935808
1447352722835922944
1447353051501715458
1447353385796227080
1447353385821290496
1447353452053647361
1447353667959627778
1447353675437932546
1447353754324373505
1447353803586551813
1447354070897987585
1447354080150577160
1447354110815129600
1447354262497939459
1447354583152402440
1447354601326452737
1447354729575718915
1447355005909012482
1447355012666036231
1447355226458054658
1447355418678906883
1447355776717164549
1447356175901773826
1447356266326671365
1447356270823055370
1447356270852313093
1447356271003328512
1447356508816224256
1447356551430385667
1447356661321064455
1447356682863104000
1447356715670908929
1447356766774169600
1447356990863417348
1447357077861638144
1447357179711864836
1447357486919467012
1447357531483873283
1447357583451361287
1447357812019978241
1447357911068553216
1447357978282131456
1447358263629127685
1447358311880437760
1447358439978635264
1447358535713628163
1447358787434827787
1447358787443204102
1447358787636039683
1447358788080529409
1447358788093169668
1447358788168654850
1447358788504276997
1447358798776176640
1447358824088842245
1447358850609426432
1447358983308812290
1447358986026725380
1447359090108272642
1447359243984703490
1447359496494387201
1447359673959649285
1447359749121617921
1447359780696305668
1447359814619779082
1447359826816864261
1447359869053554692
1447360176298893315
1447360546009927680
1447360549117784064
1447360562606837764
1447360636242038786
1447360765091057667
1447360936789094401
1447361172135612421
1447361250824966145
1447361272048140293
1447361303924805640
1447361304247746565
1447361353199489027
1447361598784512004
1447361805756604423
1447361902183657475
1447361939160588289
1447362263074103297
1447362337900478465
1447362436168765442
1447362438698082306
1447362582336126978
1447362784065462276
1447362813215719425
1447362850322849793
1447362892844634113
1447363046637195264
1447363746641465346
1447364227111522309
1447364517315284992
1447364575695835137
1447364851588861955
1447364947843944455
1447365078852857857
1447365266749341696
1447365849749327874
1447365854321074176
1447365858586673155
1447365923199983620
1447366132860600323
1447366197176152066
1447366337714524162
1447366339434147847
1447366340571017222
1447366340788948992
1447366343037173761
1447366343955714050
1447366344547180547
1447366347705434112
1447366369230696452
1447366443344015364
1447366452600840192
1447366530291884038
1447366622293938179
1447366632750206979
1447366672613089282
1447366700161290241
1447366865106440193
1447367081163476993
1447367088411119620
1447367092550967296
1447367133558558723
1447367185429680128
1447367236440711170
1447367287867064321
1447367442490032131
1447367915234267140
1447368427371442180
1447368492685172739
1447368497961472001
1447368510137585664
1447368619315372035
1447368626781270020
1447368646427295748
1447368718846148608
1447368802518319108
1447369070542606337
1447369310507253761
1447369362432827400
1447369365876199428
1447369568108826626
1447369683540250628
1447369724430622731
1447369925329358851
1447370077037281285
1447370083756560384
1447370112164585472
1447370365961912327
1447370609344892929
1447370814341320705
1447371004804743172
1447371013268836354
1447371052196278272
1447371261211037698
1447371379440066560
1447371478543052801
1447371623649005572
1447371632184631299
1447371690661527557
1447371705245130753
1447371896509669378
1447372031067049989
1447372061689753600
1447372298642722819
1447372700704444423
1447373131937722375
1447373191408758788
1447373429095686150
1447373708994043908
1447373797632331784
1447373848391921668
1447373887012884481
1447373887663079427
1447373888040673282
1447373888074231808
1447373888149590018
1447373888413917187
1447373888602746885
1447373921989316617
1447373923658698755
1447373929371295747
1447374049433227266
1447374091665788942
1447374138788614147
1447374209689145348
1447374299791233027
1447374303104847877
1447374320305594369
1447374399582216195
1447374407303778307
1447374676649517071
1447374968816291840
1447375029700792333
1447375033299611652
1447375130842304520
1447375140694765568
1447375210659733506
1447375303429566468
1447375335180443654
1447375510481166336
1447375537392033796
1447375607826993161
1447375773258633217
1447375773598470146
1447375953831862283
1447375959632531462
1447376051080925184
1447376070362255367
1447376086677999623
1447376115002183687
1447376198317793281
1447376403486420992
1447376426982952962
1447376450265534465
1447376517722525698
1447376671644991489
1447376878151557124
1447376987069173763
1447377158473539586
1447377661685293064
1447377661794217986
1447377924630450178
1447378421663862786
1447378586458107908
1447378834853138434
1447378874850070529
1447378902058471432
1447378926574182400
1447379110163005441
1447379162042441729
1447379208460775431
1447379243046932482
1447379360634257408
1447379488493359109
1447379625815023619
1447379911367446533
1447379933202898944
1447379943885844483
1447380387538341895
1447380400318320641
1447381206878752774
1447381410193547266
1447381436647026691
1447381437716385799
1447381438941126658
1447381439461347330
1447381459640193027
1447381468100059138
1447381469689753603
1447381471308787716
1447381495522471937
1447381651495981056
1447381869864042498
1447381974897758212
1447382060407087112
1447382147485077507
1447382206415056898
1447382280369053700
1447382578705715208
1447382592525844484
1447382716345819138
1447382956092366848
1447383322817187843
1447383422222151686
1447383461526917128
1447383922610933761
1447383952080220161
1447384052391157761
1447384150726647809
1447384157739421697
1447384170427293701
1447384383980199941
1447384617246330880
1447385186166050818
1447385267950731268
1447385375308070914
1447385579163770883
1447385745560383490
1447386104995491840
1447386138671472641
1447386206833201153
1447386311426519045
1447386347883347968
1447386470004707332
1447386484269531140
1447386628801155075
1447386697218543618
1447387288657350661
1447387295376683011
1447387319590440960
1447387451593478146
1447387547060084740
1447387584796282890
1447387821375959041
1447388021159038977
1447388483014823936
1447388596240097282
1447388783461036034
1447388987329441797
1447388987577020419
1447388988331986952
1447389127058415620
1447390153098469377
1447390296954871810
1447390491054641159
1447390496515579904
1447390728888455170
1447390747242684419
1447390767224397824
1447391007499333637
1447391575458332677
1447391652109299716
1447391754722873345
1447391879562240004
1447392115454095373
1447392227873984517
1447392422049112068
1447392761267765251
1447392781442367488
1447392811318489092
1447392840544309251
1447392846290554885
1447392847527829505
1447393185811083269
1447393516368314369
1447393558105927682
1447393767934337024
1447393951841984522
1447394138404630529
1447394148659597313
1447394620548210689
1447394656451448832
1447395072866148353
1447395413976301569
1447395437892325377
1447395438726946818
1447395529583964168
1447395684571914244
1447395926230790145
1447395982438768641
1447396081986416641
1447396122188713990
1447396376241967107
1447396383472947204
1447396542566985728
1447396543640662021
1447396544227983360
1447396545804992515
1447396645071560706
1447396757521014785
1447396809425444865
1447396811069661184
1447397046311440386
1447397233746268167
1447397239173881862
1447397434196377601
1447397502748037127
1447397543315443715
1447397881325961219
1447397957008035843
1447398174889500674
1447398354468720640
1447399428986396673
1447399858558615552
1447399882067615745
1447400048485036032
1447400059465834500
1447400311128150019
1447400509183250432
1447400615244705796
1447400806001647616
1447400904597164034
1447401083022815238
1447401088529936384
1447401139130015747
1447401199909707776
1447401264069988355
1447401569062985728
1447401569251696640
1447401649203466240
1447401822243655682
1447401913092218881
1447402274888822785
1447402464479698948
1447402583203717121
1447402613281013760
1447402688908517378
1447402889387905027
1447402891975725058
1447402972737060867
1447403039174791170
1447403061945634820
1447403223363502081
1447403248122568708
1447403947426304002
1447404073851002889
1447404085875908617
1447404086001737731
1447404087348187138
1447404113176764419
1447404260610691079
1447404589427281922
1447404608490401801
1447404941342085126
1447405027602141185
1447405080718811140
1447405111668580355
1447405111840493571
1447405244623822849
1447405399271821313
1447405586400878596
1447405845445169152
1447406135162679296
1447406602458316802
1447406602542202885
1447407466002661376
1447407846644228096
1447408114295361537
1447408125577859080
1447408152039747585
1447408271346765826
1447408277281665025
1447408696506601475
1447408858813583361
1447408917848412160
1447409127517523968
1447409262968324097
1447409300712960001
1447409435010158597
1447409574638612483
1447409684349001730
1447410123618635776
1447410394688106496
1447410524170424321
1447411328197476353
1447411639582556164
1447411639947513858
1447411749339099141
1447411768448503809
1447411842280792070
1447411887654662150
1447412189703385089
1447412299883495427
1447412738930589698
1447412839027814402
1447412850453098497
1447413082590953474
1447413153634029571
1447413965093433347
1447414022521905162
1447414384100270082
1447414555920015360
1447414723109023747
1447415310378807296
1447415749417570304
1447415760377327616
1447416377007132672
1447417000506974209
1447417039941947393
1447417103661871108
1447417290983710720
1447417391688781827
1447417524086259712
1447417558810992642
1447417664943575041
1447417680479367168
1447418042150002691
1447418047262871553
1447418186706599943
1447418331720466432
1447418476604362753
1447418544744960000
1447418590282584064
1447418858697117699
1447419045679091717
1447419185408139265
1447419186079096834
1447419186343522304
1447419233948815361
1447419372419657728
1447419437309587468
1447419476119588866
1447419500433969152
1447419570327855107
1447419590116532231
1447419762443751426
1447419818483798021
1447420947196100610
1447420960114573315
1447421004570140681
1447421542707703810
1447421547589873667
1447421701944446978
1447421702053371906
1447422497738174464
1447423011431276545
1447423012932919299
1447423047200174086
1447423181657096198
1447423195376754692
1447423387748519943
1447423523241271296
1447423581642711041
1447423711955533824
1447423847855271937
1447424345069035525
1447424534123106304
1447425178078617603
1447425483289808900
1447425494052491268
1447425550952407043
1447426244182564866
1447426736384139267
1447426753207676928
1447426802914365440
1447426986977136640
1447427009483886596
1447427051997343744
1447427522195443718
1447427927742820354
1447428138875621376
1447428853878640641
1447428914209513477
1447429239276453892
1447430059560771589
1447430106205638657
1447430761770995722
1447430918562402305
1447430946676936704
1447432338795896839
1447432879403945988
1447433053178056706
1447434203897937921
1447434541925343236
1447434651572658183
1447435035825610752
1447435612697632769
1447436548073480193
1447436811207389187
1447438059843190791
1447438693686448133
1447438783985692674
1447439077125640201
1447439199376855041
1447439391857774593
1447440827991613443
1447441840534339585
1447442353308983298
1447442455859707905
1447445195159744512
1447449384329809924
1447449384422035458
1447449385198051331
1447452035293630465
1447452404388007936
1447456318898544641
1447456938074251269
1447457565198233600
1447458312115703808
1447458904129089539
1447460557393629186
1447463419444178946
1447463532484780033
1447464268740313089
1447464360243343364
1447464856140095489
1447464941842313216
1447465354142355457
1447465358131142656
1447465375348711424
1447465826261643267
1447468772181299208
1447469348826886145
1447469954186588165
1447469962617053186
1447470244692254723
1447470542274146307
1447472040571719680
1447472640927621122
1447474121810628611
1447474480566177799
1447474531765993476
1447474660279570434
1447475305463959556
1447476506960216069
1447478809813471235
1447480298401304576
1447480939777511424
1447481350701920257
1447484446752579585
1447487187964989440
1447492505281433604
1447494685317115908
1447495032177577988
1447501356793831425
1447502233722101764
1447502796400508930
1447503338396860417
1447504449648353281
1447506006477578242
1447506911142858758
1447507005556641800
1447507190495989763
1447507363934650369
1447507370179956737
1447507608580075523
1447509713898385408
1447509721091645443
1447509862171258889
1447509918387515394
1447510295325327360
1447510339944337412
1447510962953728002
1447512299120611332
1447512360672010241
1447512420008800258
1447513297427832835
1447516808337137668
1447517080576737283
1447517333736632323
1447517337616191488
1447517342276022274
1447517343156891653
1447517343538716674
1447517371325943813
1447517426736844800
1447517518780841986
1447517744174338050
1447517835874508802
1447518640300044291
1447518847817371648
1447518872832299013
1447519609960087564
1447519907424309256
1447520356223225860
1447520603695685634
1447520951088947200
1447521056940601346
1447521333152305155
1447522378163097601
1447523128125558793
1447523410456817667
1447523756684025860
1447524564653780996
1447524636535754753
1447524793889271808
1447524884368793601
1447525133766168578
1447525158801993730
1447525295905406984
1447525601288626184
1447525610105020422
1447525888879251459
1447526336239636487
1447526675298897920
1447526908418301956
1447527398824546314
1447528405243678725
1447528473376006147
1447528658092978183
1447528722416943104
1447528931775680517
1447529217160318976
1447530175676043264
1447530458460291072
1447531039946153989
1447531366040498182
1447531417307545600
1447531782711267331
1447532432295534596
1447532440541700101
1447532444048109569
1447532449832050690
1447532683878338560
1447532901747380224
1447532996630876164
1447533107066851330
1447533361484943366
1447533689840279555
1447533859604738055
1447534014533931015
1447534274652086273
1447534506009825282
1447534702617939976
1447534826563665921
1447535275081674754
1447535380836802560
1447535636177694721
1447536008199905280
1447536057080172553
1447536059185713156
1447536085060530180
1447536148729917447
1447536206842109955
1447536206917603330
1447536265839226883
1447536453056094214
1447536669549334531
1447536906623913988
1447537235914596357
1447537247146975234
1447537465238110208
1447537605667590144
1447538136586858502
1447538465755865093
1447538566989484039
1447538709461536776
1447538917721452553
1447538925204037633
1447538956933926917
1447539209724514304
1447539226464161794
1447539268260356096
1447539649002475523
1447539694732910599
1447539909661708290
1447539982529437697
1447539982806228995
1447539987382214657
1447540115149139968
1447540333580103685
1447540608999034882
1447540859789090818
1447541010255396866
1447541017360670721
1447541226845216774
1447541491467948036
1447541551157100551
1447542045812432897
1447542328030285837
1447542498172178442
1447542735699800069
1447542737973227528
1447542856625893379
1447543101267095553
1447543229449183235
1447543515790159881
1447543763497218048
1447543856770306048
1447543890660188162
1447543899308896259
1447544239072727040
1447544471541874689
1447544512138600449
1447544606879592451
1447544686575509511
1447544807484637185
1447545021113139200
1447545025831870466
1447545171349053453
1447545517999726598
1447545562715262978
1447545575516352518
1447545697713131524
1447545812301623301
1447545943574863875
1447545957726494720
1447545960523984902
1447546039745933316
1447546211184095239
1447546225033678850
1447546284433420290
1447546292754960394
1447546431959539717
1447546458899722243
1447546806066372608
1447547006990303234
1447547052871852034
1447547175374819337
1447547468162416642
1447547501452488706
1447547519798431744
1447547520884879366
1447547533383798788
1447547534520438792
1447547536248430596
1447547536718237702
1447547540187013120
1447547603458068485
1447547671565283328
1447547675650449413
1447547740557357060
1447547745640779776
1447547757246484480
1447547772308099074
1447547783242608640
1447547793925677065
1447547865321152517
1447547920736296965
1447548017578549253
1447548165809397764
1447548489496502279
1447548690177069057
1447548764621844486
1447548789942743041
1447548790332866562
1447548834628898816
1447548989746913280
1447549190733709314
1447549201928314888
1447549579147292676
1447549640589598727
1447549649074728960
1447549852410425351
1447550047919378434
1447550048087298048
1447550063593537538
1447550481572716551
1447550597931143169
1447551133522726921
1447551268470284292
1447551306034565127
1447551306130804736
1447551342197854213
1447551389878689805
1447551715088257027
1447551791474823172
1447551878561247239
1447552074674315266
1447552231180365825
1447552418632245256
1447552564418039815
1447552575847415823
1447552585083367432
1447552768118562822
1447552781896884225
1447552933168496646
1447552949476069376
1447553387021488132
1447553404612534276
1447553610448048129
1447553616190001177
1447553834134409223
1447553876278845442
1447553878963204102
1447553926329511939
1447554275324928003
1447554380715147270
1447554394346688516
1447554490803032064
1447554580406013964
1447554658722107392
1447554771016114180
1447554847302164480
1447555007038083075
1447555083370041347
1447555083441360897
1447555104022859779
1447555116052140044
1447555220809072644
1447555242808291332
1447555332658450438
1447555380377264229
1447555393434050562
1447555490918010890
1447555573684183056
1447555622875041801
1447555734615511042
1447555768761257986
1447555836184776723
1447555836255956995
1447556131392425986
1447556141353877504
1447556151038545927
1447556160563781639
1447556233137999877
1447556246555566083
1447556279824752641
1447556292197879808
1447556346187034631
1447556627033436161
1447556683144777733
1447556705605197832
1447556891580768261
1447556922585067526
1447557177955299336
1447557193096699908
1447557264857079810
1447557316111446018
1447557407576498192
1447557528267730948
1447557597494710283
1447557653262131203
1447557844690214915
1447557908368142342
1447557953524011013
1447558103260610569
1447558117122740228
1447558131895128072
1447558141021982721
1447558151503417350
1447558855811125259
1447558856826052611
1447558883870904321
1447558959125118985
1447558984479625228
1447559092814426115
1447559380245876736
1447559465499201541
1447559532650061829
1447559535393132547
1447559656314785797
1447559734907768833
1447559756244213763
1447559862439841797
1447559877417709574
1447559888029327360
1447559993788534786
1447560012839092229
1447560025770188810
1447560114022592512
1447560145211363330
1447560252870860803
1447560286710349824
1447560369250185219
1447560663564525572
1447560763799920646
1447560794909052930
1447560955982979075
1447560967131262976
1447560972655382530
1447561184312532992
1447561450357207045
1447562453345345537
1447562555162087426
1447562578830450688
1447562587512578050
1447562629975793669
1447562631028609027
1447562633540878339
1447562635407355905
1447562637584134148
1447562638309961746
1447562640172015619
1447562640901873667
1447562641480851457
1447562650796363776
1447562707037732865
1447562808145633281
1447562818614607874
1447562820791324679
1447562893986250753
1447562900038684682
1447562987171196933
1447563134374453248
1447563321498951683
1447563352595648513
1447563368529907721
1447563408178618370
1447563503578058753
1447563530442510339
1447563550579470340
1447563561950191622
1447563738744242179
1447563820801708032
1447563889537794050
1447563898920607746
1447563916117090311
1447564056429219848
1447564190110060547
1447564237526601735
1447564296272191491
1447564488572604417
1447564535519318025
1447564566318178305
1447565010931048451
1447565057303404544
1447565157811458048
1447565234332475393
1447565340020445190
1447565362623483907
1447565427190677509
1447565519490465796
1447565555125264392
1447565755411832835
1447565788236419083
1447566021062283267
1447566150108393474
1447566154441150466
1447566225106685954
1447566235772887043
1447566367851352064
1447566405541322766
1447566436818358280
1447566486680358914
1447566495131881477
1447566532205285376
1447566594926841868
1447566657250119680
1447566773130170374
1447566793321631747
1447567025916760070
1447567027732979718
1447567042190708741
1447567159681589251
1447567232314314766
1447567359187709962
1447567385687310342
1447567397699743749
1447567475621646343
1447567523759673355
1447567639753203712
1447567664021327880
1447567664222703623
1447567680207298567
1447567944989351938
1447568167220482055
1447568226703921163
1447568267325943813
1447568269523570689
1447568293246771204
1447568367322386434
1447568371239768064
1447568420875251716
1447568676748775434
1447568699913736198
1447568922304188420
1447568977681686534
1447569094463705102
1447569114546024464
1447569138000572416
1447569438878883843
1447569574782775298
1447569581950836744
1447569679703330828
1447569746354839555
1447569870183452674
1447569871374467073
1447569900864745483
1447569943206236166
1447569956581875712
1447570086257115140
1447570181870346241
1447570182541611011
1447570184412270592
1447570287407648775
1447570334979268609
1447570432429727745
1447570453724336132
1447570754715983875
1447570998514102274
1447571227736948749
1447571368564957194
1447571648115314691
1447571674031874050
1447571690498658310
1447571783817711618
1447571872997154819
1447571933772517380
1447571976348917763
1447571997660258308
1447572234898448385
1447572242502672384
1447572299981410307
1447572312044212227
1447572359238537218
1447572366066913283
1447572379098566660
1447572461785133056
1447572605226135552
1447572639845920770
1447572697261694977
1447572735387860996
1447572767805779974
1447573127454724101
1447573297152024585
1447573452181819393
1447573756529061888
1447573779710939142
1447573955347456005
1447574019365015559
1447574096288509952
1447574147979227144
1447574157173080071
1447574207093739526
1447574272348667906
1447574365093126146
1447574710393311239
1447574789170900992
1447574900009492487
1447575074429603840
1447575110198640642
1447575393087668239
1447575692548481028
1447575767664103432
1447575891375271938
1447575901043150849
1447576238499917834
1447576359887413250
1447576451050614793
1447576534970163204
1447576588015525889
1447576595317858311
1447576694840250368
1447576705737150468
1447576768563527685
1447576861987557381
1447577183510319110
1447577633491927045
1447577687162228741
1447577716698624014
1447577731135201310
1447577734205427719
1447577734490705921
1447577739402231813
1447577740098551808
1447577741075914755
1447577743349198853
1447577744397721603
1447577751368581129
1447577775578259470
1447577823582068739
1447577939109888005
1447577970776834049
1447577979224092680
1447578056252706820
1447578210212978701
1447578217586565122
1447578241070505989
1447578265242177544
1447578283890065408
1447578412210696195
1447578442501967885
1447578539226767362
1447578543244947463
1447578605253447685
1447578718159900672
1447578758521753601
1447578830139494406
1447578837668216833
1447579001577480201
1447579050260656130
1447579091784241154
1447579164291260420
1447579250517741578
1447579391714791427
1447579591405711369
1447579619297832961
1447579688403144706
1447579743633739783
1447579774726115328
1447580121930555397
1447580158244933635
1447580200263421954
1447580246912290818
1447580499141009410
1447580559576690692
1447580590815924230
1447580636865351681
1447580736534556679
1447580749897551872
1447580806084452355
1447580943414333446
1447581070531125248
1447581097525657602
1447581119646420997
1447581285535338501
1447581307819659265
1447581476460113923
1447581551278047232
1447581563932364805
1447581594840178695
1447581622115749894
1447581651291283463
1447581730081107972
1447581773240602632
1447581886746873872
1447581989335351306
1447581990518206475
1447582015373643776
1447582031299371009
1447582045404897287
1447582128229822467
1447582190997475337
1447582218025517063
1447582230088409090
1447582378457718784
1447582763419271168
1447582763457163275
1447582763683655685
1447582763796762625
1447582763947741187
1447582782054703107
1447582782549602309
1447582868549476354
1447582897750228994
1447582914305212426
1447583059855958021
1447583178357571588
1447583212557983745
1447583272230440960
1447583372176412679
1447583775827783683
1447583928349429762
1447583930127880195
1447584007496118273
1447584119714689038
1447584214019416072
1447584330126008325
1447584352687243269
1447584360044113924
1447584621584175109
1447584657235656714
1447584718585729030
1447584792334282763
1447584799913295877
1447584973091921922
1447585018063302657
1447585116536987650
1447585151274393607
1447585271315419136
1447585281968787470
1447585282010742789
1447585283189272582
1447585305566093316
1447585307881353227
1447585318962663432
1447585327523274755
1447585360586940422
1447585401011519490
1447585429092540418
1447585485359046658
1447585532020772864
1447585537175470086
1447585538148552710
1447585657967112193
1447585754884952069
1447585889379622919
1447585907918397440
1447586149996929025
1447586206896766977
1447586232624685062
1447586521234685953
1447586634090881024
1447586693398208512
1447586720015343617
1447586828626841604
1447586899955232779
1447587029399781377
1447587053865209866
1447587079119118339
1447587185293553671
1447587201664028675
1447587244823433217
1447587280747700231
1447587290390409221
1447587293347266566
1447587354286436354
1447587425824296967
1447587456556089345
1447587536172429320
1447587577855422468
1447587602434084864
1447587707241238528
1447587789831352320
1447587796487528453
1447587796865060867
1447587869686734852
1447587904662884355
1447588007213613059
1447588016357249024
1447588101732253706
1447588144061243395
1447588177544458243
1447588211212132353
1447588272402751488
1447588457707098120
1447588709713518599
1447588731871969284
1447588737437687808
1447588738658361350
1447588845642526722
1447588882011156487
1447588918174621699
1447589054925742092
1447589055345086478
1447589118150594566
1447589169912483850
1447589178393382918
1447589181027459074
1447589185955811329
1447589339286880264
1447589409767952392
1447589428063473665
1447589461731250178
1447589491082940416
1447589538285690889
1447589570846076943
1447589572662251521
1447589603943268360
1447589648335884290
1447589672088186881
1447589794545115142
1447589920785289220
1447590025319886849
1447590134355013637
1447590188146839556
1447590322096295941
1447590327620096000
1447590456376840196
1447590516950851588
1447590529475170311
1447590558403371011
1447590643916853249
1447590892425129988
1447591121991917574
1447591175477764100
1447591206708563977
1447591357619523587
1447591414783676427
1447591578604867585
1447591688793374724
1447591693381824514
1447591695768453124
1447592113798098947
1447592153429860359
1447592201622544384
1447592245238984710
1447592303627948039
1447592306241163264
1447592415959863298
1447592568812806150
1447592612920274948
1447592734282424321
1447592831007215624
1447592832139612163
1447592833737691136
1447592833972531200
1447592837030322192
1447592838196248579
1447592838254977024
1447592839974633481
1447592840347983880
1447592841144901636
1447592842579349506
1447592868923719680
1447592937974550528
1447592964285403139
1447593011106430984
1447593071726800903
1447593108388999168
1447593212764463109
1447593293559238659
1447593333644169218
1447593338450980869
1447593483955494920
1447593484421062675
1447593640142917636
1447593703812616200
1447593893835444225
1447593931705831434
1447594088455450626
1447594088556113934
1447594105933123584
1447594164993003527
1447594371092729877
1447594638416748545
1447594638525747201
1447594739537100802
1447594843283365889
1447594896110473217
1447594924396982278
1447595080089493513
1447595137803169798
1447595159877787649
1447595172284362753
1447595195642621953
1447595376446476288
1447595600149630985
1447595714826145793
1447595823211057159
1447595969734979596
1447596110743228416
1447596327295148039
1447596390604058629
1447596434476474370
1447596436762288128
1447596447277453317
1447596483289702413
1447596495167836161
1447596581163724803
1447596604534542341
1447596604941160451
1447596605151059969
1447596605755039752
1447596628152627204
1447596632602816518
1447596679000113157
1447596688550600704
1447596696138039299
1447596726118846465
1447596860827373575
1447596865055305733
1447596933837692936
1447596973897523203
1447596980478304263
1447597095330930692
1447597236511256582
1447597282849742851
1447597373933465600
1447597437082763267
1447597457383337992
1447597494695825411
1447597507320680457
1447597632566738950
1447597674715394056
1447597747532619782
1447597773759582212
1447597808190562304
1447597872648802305
1447597876813697028
1447597897910992896
1447598057034555393
1447598060285173762
1447598101049405453
1447598235456000004
1447598252078112770
1447598344839344131
1447598486380294147
1447598494278197257
1447598517506170885
1447598537353703430
1447598629380837384
1447598650813788167
1447598729587003401
1447598806703345666
1447598819957432323
1447598905449873409
1447599000098680833
1447599103857336322
1447599144827342849
1447599195351826435
1447599324184121350
1447599428693544972
1447599779429724176
1447599957259735048
1447599988457058309
1447600108158152708
1447600229428105223
1447600299045179408
1447600301792432133
1447600379349192709
1447600379756044293
1447600379856830471
1447600380146192385
1447600380888584195
1447600380989292549
1447600382390067205
1447600382478225411
1447600383023538179
1447600485410689027
1447600571872018435
1447600578549461000
1447600702608404481
1447600705741656071
1447600740524953601
1447600859018407941
1447600946238787585
1447600947048419332
1447601091298922499
1447601151650717704
1447601211193036813
1447601262258757639
1447601509039058957
1447601594422468608
1447601637879521284
1447602015119581191
1447602071096680455
1447602377322795012
1447602379638153219
1447602432108814338
1447602436689043457
1447602763106553867
1447602836812992514
1447602911563993095
1447603138580582406
1447603365287010305
1447603387474841602
1447603416293908483
1447603473164406786
1447603689284411398
1447603695663960073
1447603722322735107
1447603806590717953
1447603824756084741
1447603842686730240
1447603890531221511
1447603968507584518
1447604154298290184
1447604169079132162
1447604198925815811
1447604207788429312
1447604241200148482
1447604282572804103
1447604286087651330
1447604408791994375
1447604475355533315
1447604510151618566
1447604621845860364
1447604709917958144
1447605016836165638
1447605194079055875
1447605240187006977
1447605265541521413
1447605318238748680
1447605324987441157
1447605362522312715
1447605412828573697
1447605552117342209
1447605755536887815
1447605777217228801
1447605778660007939
1447605860847476742
1447605948751753220
1447605955676549124
1447606016573640707
1447606136610476037
1447606154209734660
1447606437534912518
1447606444904361988
1447606466630885378
1447606504845053953
1447606559115255808
1447606679575699465
1447606733912879108
1447606755760951300
1447606807602532353
1447606817102704648
1447606869447483393
1447606873021206533
1447606922694234113
1447607099291316232
1447607186608242690
1447607191133822980
1447607222511587334
1447607328338026496
1447607490083016705
1447607548941455361
1447607672937893889
1447607674959507471
1447607858854498306
1447607934029025281
1447607938021945345
1447607940647632903
1447607941331292164
1447607995395870725
1447607999707631618
1447608015243329536
1447608026236551170
1447608030217003011
1447608087242756101
1447608119652229132
1447608181132128259
1447608181144776706
1447608181195223046
1447608183913173000
1447608198710632457
1447608203722756101
1447608332890554371
1447608368940687365
1447608385340416002
1447608601590353926
1447608678270390282
1447608751633027073
1447608848722894853
1447608929953984529
1447608933611413514
1447608936316620804
1447609046773678080
1447609048749076481
1447609199601586176
1447609328605831174
1447609340714758149
1447609359073165314
1447609391948058625
1447609431571771402
1447609465461686278
1447609504280064003
1447609557677744139
1447609594235265024
1447609608265031681
1447609690754535434
1447609690939080707
1447609912851304456
1447609917800599552
1447609953670291456
1447609973006024705
1447609974172135430
1447610350828982277
1447610451718778889
1447610457003642884
1447610469619994637
1447610653435473928
1447610828027416578
1447610859015098368
1447610866216669193
1447610874659803141
1447611017794629634
1447611147788636162
1447611170941177865
1447611188334972930
1447611289128243202
1447611362931351553
1447611608788836355
1447611648613695490
1447611704397860869
1447611712375562242
1447611846056366082
1447611861999001602
1447611865773772800
1447611993821638656
1447612056849600514
1447612188768681988
1447612207382990853
1447612355668553729
1447612465097871367
1447612583956074503
1447612628449304580
1447612684074201091
1447612734846144519
1447612786863968259
1447612848709017610
1447612891272814594
1447612949258964998
1447612962319966208
1447612962433236993
1447612982851219464
1447613027554140164
1447613154297585674
1447613214041284614
1447613214603288576
1447613242709323782
1447613398473134088
1447613446174904322
1447613503632707595
1447613600659644418
1447613703629639680
1447613846793990146
1447614001668579329
1447614028147302403
1447614108770185216
1447614176029921282
1447614220602945543
1447614331458306056
1447614657498386432
1447614713555259392
1447614774632665090
1447614975581712388
1447615075985117187
1447615110965600267
1447615163448938497
1447615267735957510
1447615418278060034
1447615478914899975
1447615478923345921
1447615485743439872
1447615519704690688
1447615571684691970
1447615575623147523
1447615644413972482
1447615719919734785
1447615812202758144
1447615878334398467
1447615911645564935
1447615970923720707
1447615977500381189
1447616095301558273
1447616192806461446
1447616288348594177
1447616320929996804
1447616546461962248
1447616554120646660
1447616646793809923
1447616699822493697
1447616737331978246
1447616744483344391
1447616750489645056
1447616752200859653
1447616815409115139
1447616849294897155
1447616976671625220
1447617200144146433
1447617397838471174
1447617483452600321
1447617487969861635
1447617677640486913
1447617678076751884
1447617835354804233
1447617974312050689
1447618017962168320
1447618052414230528
1447618324280582145
1447618536868777984
1447618546641498117
1447618549338578944
1447618556376485888
1447618566107250690
1447618600794165249
1447618646625472513
1447618672093118466
1447618723582562306
1447618949861060610
1447618952536805381
1447619042521538571
1447619144074108928
1447619157416189957
1447619236571013122
1447619254304468992
1447619373137600515
1447619419413307395
1447619451331956741
1447619487671410690
1447619502280163329
1447619611814400003
1447619641455566857
1447619752570933251
1447619781364838404
1447619863246159872
1447619883030695936
1447619889825517574
1447619985812111364
1447620007253401612
1447620032507305987
1447620104276094980
1447620126413524993
1447620169023385608
1447620260463472643
1447620346459430914
1447620383260037123
1447620409596080135
1447620423898697733
1447620459999158275
1447620460087320580
1447620511991676929
1447620511995817985
1447620512000057344
1447620512406859776
1447620519067521027
1447620523542908930
1447620523655974914
1447620680195915780
1447620763746328576
1447620780498595844
1447620870441156613
1447621008127676419
1447621096782581765
1447621110443487234
1447621125559799809
1447621172623904773
1447621188826533888
1447621256799526915
1447621258053566467
1447621346020638723
1447621356305195012
1447621389972819974
1447621683322531841
1447621757985296393
1447621923471568900
1447622013997223936
1447622151457148934
1447622576646225925
1447622624713052172
1447622715943313409
1447622914405281800
1447622944230936581
1447623028657954829
1447623028700073989
1447623029102727168
1447623032848015361
1447623033309446144
1447623033821306880
1447623034161012742
1447623035926638596
1447623036132368386
1447623036727873538
1447623043321303047
1447623112296648705
1447623123222761472
1447623137697406983
1447623162791858181
1447623173051228169
1447623183910285315
1447623271097282562
1447623350885310464
1447623397341544451
1447623465385795592
1447623471840718848
1447623511174963206
1447623519718809606
1447623529462108162
1447623784085733379
1447623822501302273
1447623877551706114
1447624034305429506
1447624069021638658
1447624072523878400
1447624098390020096
1447624208784187398
1447624356230795266
1447624389227204610
1447624609172426752
1447624853125677058
1447624990371680257
1447625042066644994
1447625052103524367
1447625221469577216
1447625462696620039
1447625517251792897
1447625579100917760
1447625614211563521
1447625642095177731
1447625838535524356
1447625876821118976
1447626055905431552
1447626148712620036
1447626300160503809
1447626300277985283
1447626492163284992
1447626551948812289
1447626552020140034
1447626601747918850
1447626624799625216
1447626815170830337
1447626816538152968
1447626857411715081
1447626870292459528
1447626876781010945
1447626989184167937
1447627014249357314
1447627029935919104
1447627040732090377
1447627060105596930
1447627324321456132
1447627514378133504
1447627613082689547
1447627766627774470
1447627858352955396
1447628012082634763
1447628062095339522
1447628137844535299
1447628148762288130
1447628154781126656
1447628468791951367
1447628477314830337
1447628626099322883
1447628679543234564
1447628786439266312
1447628885034733569
1447628903007334404
1447628931042000902
1447628944170176514
1447629068392976400
1447629154082557958
1447629179692924929
1447629219488485380
1447629239155630083
1447629298647638017
1447629311314472963
1447629335838531586
1447629470744055811
1447629540948336643
1447629571789103107
1447629614239518720
1447629823409541123
1447629877784547330
1447629902275039235
1447630008445505537
1447630152918134788
1447630341662035973
1447630352785321994
1447630392337522688
1447630452861415432
1447630480107520004
1447630524978278403
1447630579495735300
1447630580665905152
1447630583245557765
1447630602195329025
1447630625347878920
1447630633019269127
1447630647900655619
1447630656935272451
1447630792893546496
1447630806424428545
1447630816436174857
1447630820399894530
1447630821612036100
1447631021336375297
1447631033764098060
1447631062310531080
1447631080673120256
1447631253675692038
1447631293072695302
1447631412547424262
1447631576871981059
1447631585168150533
1447631628705091587
1447631643095834630
1447631654479073283
1447631672434958336
1447631696359305217
1447631715195756549
1447631732585418760
1447631756891459586
1447631804677173250
1447631870464696320
1447631902744137732
1447632262581735427
1447632422309347328
1447632548432056327
1447632602123341830
1447632608737865732
1447632615880728580
1447632624248262656
1447632699066302473
1447632772282073092
1447632791856943106
1447632843551789063
1447632894445244417
1447632936149397511
1447632975806582791
1447633046300209154
1447633095071608837
1447633095109210117
1447633095235018754
1447633095436353544
1447633224453160960
1447633230929309697
1447633233831546893
1447633362504593408
1447633405554970625
1447633579614298115
1447633650804264961
1447633661671755778
1447633703421816836
1447633803271446528
1447633818962255881
1447633824779808771
1447633840227373057
1447634003733856257
1447634017898139657
1447634119811342340
1447634214120267781
1447634215240089600
1447634249478197253
1447634268918800385
1447634292604084227
1447634353270439939
1447634353358528512
1447634353928953862
1447634364179828739
1447634389299519491
1447634415291715587
1447634554827718666
1447634589715947523
1447634622788128771
1447634648234926082
1447634813918212100
1447634890132897795
1447634963331964935
1447635089165221892
1447635198645096451
1447635266764566528
1447635303578185731
1447635307063652361
1447635360058593285
1447635436436959238
1447635456116641797
1447635570918838274
1447635611544788994
1447635611582558210
1447635652208693249
1447635662799314948
1447635858329260032
1447636024641851393
1447636033714147331
1447636086428258305
1447636136445153283
1447636154849931271
1447636308730564613
1447636351449456643
1447636359531823105
1447636413722267656
1447636565484785673
1447636565614899200
1447636651833020423
1447636694774292485
1447636733135400962
1447636740370542592
1447636750092939268
1447636758565249024
1447636896864251907
1447636898931953666
1447636981186322438
1447637025335697411
1447637050392551428
1447637190952079365
1447637536961085444
1447637543340711937
1447637628631781376
1447637733057368067
1447637850300854273
1447637876519292929
1447637934333698053
1447638129461055499
1447638129540837381
1447638129951838208
1447638130119544839
1447638130442506240
1447638131361005570
1447638131436494849
1447638131813982209
1447638132900253698
1447638132921454595
1447638133223288832
1447638133466550275
1447638135979008001
1447638186969157638
1447638190882426881
1447638198931312641
1447638212864737282
1447638285401141255
1447638300861386753
1447638352656748544
1447638507271434243
1447638543644471301
1447638601831882754
1447638673944612866
1447638836889202690
1447638856057057282
1447638881696952321
1447638888441389066
1447638973413724166
1447638973795520513
1447639120474345473
1447639135179710475
1447639165546475523
1447639441107943426
1447639459080675338
1447639505213792262
1447639547416911874
1447639638190039048
1447639651657785344
1447639671085862913
1447639734121951234
1447639799007961089
1447639804213137414
1447639924421931016
1447639989030830081
1447640037848489991
1447640049080840204
1447640102788870145
1447640141548298242
1447640237778341888
1447640306053156871
1447640412349423618
1447640516779196420
1447640631128510464
1447640644936105986
1447640768143896576
1447640788985339907
1447640924469747715
1447640990307733508
1447641075267604482
1447641077234679813
1447641079520628738
1447641119324393473
1447641312442916869
1447641712793464840
1447641719860830208
1447641841009004545
1447641903105728521
1447642069070123008
1447642298641231872
1447642427460923404
1447642660613746689
1447642789454385154
1447642867422334979
1447642909822623749
1447643161279356930
1447643163984814087
1447643164140089351
1447643377298771968
1447643459398115333
1447643470542344201
1447643471393828876
1447643625534459907
1447643664663068674
1447643730345877516
1447644007576780803
1447644040707690502
1447644053563133952
1447644058592047109
1447644134567776261
1447644143858057216
1447644419574796288
1447644419843231746
1447644532279963650
1447644671228801024
1447644676438339584
1447644786274471939
1447644939039358977
1447644995373068289
1447645016524996611
1447645045096517632
1447645243428458500
1447645260654342146
1447645320498892809
1447645389142822917
1447645677819863047
1447645677844979712
1447645678302158848
1447645678813925379
1447645679405477895
1447645679518617606
1447645679799648265
1447645679992680454
1447645693783404547
1447645703501762569
1447645833080410113
1447645856581226503
1447645859131310081
1447645864084840456
1447645905470042112
1447645991251976196
1447646169061003276
1447646289030750210
1447646394299322371
1447646564902711305
1447646693864837121
1447646718733037570
1447646811167002625
1447646936287219713
1447646936404660224
1447646963428741125
1447646975206305800
1447647215749640192
1447647411661426693
1447647703903571973
1447647756722520066
1447647794643279872
1447647907297972230
1447648194440040449
1447648194591080454
1447648206326804489
1447648467808051202
1447648529648963584
1447648556182130694
1447648665909137411
1447648777456787458
1447649259684237312
1447649429507350529
1447649452697677825
1447649452752351242
1447649453037559813
1447649468640268290
1447649705639362566
1447649731874889731
1447649833959841794
1447649901882523658
1447650083273588742
1447650084125093897
1447650119835426819
1447650273120460801
1447650313834479624
1447650422894833665
1447650475575218182
1447650498916519939
1447650502284546054
1447650527249158144
1447650854866096128
1447650921467482119
1447651184450281473
1447651306630520841
1447651507852226560
1447651541888946178
1447651660973682691
1447651689935347712
1447651713666609154
1447651861792804864
1447652167310061571
1447652250629951491
1447652268908498948
1447652389864026115
1447652463381680131
1447652559422955525
1447652567954202628
1447652666818039808
1447652676498505734
1447652826381832194
1447652904995733507
1447652926466449408
1447653041721675778
1447653104262864896
1447653195128397824
1447653227957129216
1447653228284313600
1447653229727158272
1447653229840506882
1447653230805078019
1447653231082057738
1447653231698472962
1447653234303135745
1447653255874494469
1447653265995440135
1447653289982668802
1447653302695514114
1447653332584177666
1447653359511642117
1447653613879373826
1447653680912781317
1447653737443565571
1447653768120635397
1447653817919721480
1447653875553550343
1447653957791272969
1447654083314208776
1447654176922689544
1447654264642277377
1447654386231037952
1447654476790345731
1447654486239891458
1447654806928101376
1447654864075440129
1447654994275192832
1447654997206831105
1447655041666478080
1447655342653984772
1447655394613112838
1447655440066641922
1447655492478636032
1447655523587956741
1447655526687547395
1447655533557735432
1447655649144410114
1447655744220774400
1447655744619220993
1447655746800336905
1447655864299520000
1447656022806515716
1447656074148995074
1447656247486914562
1447656426373988352
1447656444870922244
1447656503159177218
1447656679881986049
1447656685548490754
1447656713172267011
1447656818075963395
1447657002411257856
1447657002713321472
1447657012301533196
1447657027396718594
1447657036246917122
1447657141788098567
1447657216773873666
1447657254270881793
1447657281689202688
1447657311166734348
1447657781788545027
1447657836218142728
1447657875317403650
1447657878530236418
1447657968103837699
1447658026081660934
1447658066007269382
1447658071874961410
1447658132428185602
1447658147313750025
1447658260857700355
1447658261130334208
1447658270177390595
1447658273616932868
1447658538046611460
1447658573064966147
1447658608527822850
1447658976636817410
1447659338852618244
1447659531677454343
1447659632944635913
1447659788477689860
1447659821726056453
1447660274027094016
1447660551912427529
1447660683420655621
1447660693524819968
1447660777331175437
1447660777633030148
1447660777834487811
1447660778908094464
1447660779109502979
1447660779168157696
1447660779583442948
1447660780153868292
1447660786042785795
1447660792434860036
1447660875335229444
1447660934038687756
1447661112263168012
1447661164113141764
1447661203006935045
1447661349232861187
1447661473153564672
1447661537653633027
1447661577826603013
1447661729496768512
1447661863525916672
1447661901471797255
1447662172100648961
1447662200714366978
1447662243190038531
1447662435087777792
1447662580739231744
1447662634434760707
1447662818887491587
1447662856330223619
1447663022386782213
1447663064053125124
1447663270995898371
1447663294483886082
1447663306269990913
1447663354416295937
1447663367557156864
1447663576139792386
1447663585874694146
1447663692800315396
1447663709829148678
1447663915803029511
1447664082782457858
1447664098041270274
1447664290148667394
1447664520281870344
1447664527487733760
1447664552166846466
1447664552313688065
1447664552330645508
1447664552351576065
1447664552871546882
1447664572022808586
1447664586451161088
1447664611227049986
1447664683356413958
1447664693330554880
1447664823945162752
1447664909551083527
1447664937816535043
1447664938340601857
1447664950714028040
1447665002077323269
1447665043403939846
1447665063846875146
1447665253257465859
1447665446321274887
1447665557604483072
1447665618224832513
1447665707320156160
1447665810621681667
1447665824043577348
1447665831140229121
1447665934533943296
1447666082655973376
1447666251401150471
1447666432188243968
1447666465654509571
1447666478593953792
1447666540648796160
1447666544482336768
1447666704369205253
1447666826075201536
1447666845440528388
1447667076718600193
1447667215210369029
1447667222017724419
1447667355136495618
1447667419028283393
1447667578642440192
1447667601891528704
1447667764714475521
1447667946319384583
1447668043639820290
1447668158005972992
1447668173638148099
1447668328328306691
1447668328441450504
1447668328449839104
1447668330647769095
1447668331192934401
1447668331264217096
1447668331733864450
1447668333327749120
1447668333961228291
1447668352529453057
1447668372456488961
1447668378051694596
1447668412377976844
1447668428060438533
1447668430497140740
1447668535702999042
1447668544230014990
1447668553138769921
1447668578979774470
1447668625972805635
1447668693769588745
1447668738573090824
1447669003808387078
1447669117411016706
1447669287745986567
1447669311112466443
1447669501772849163
1447669541065089026
1447669623017463809
1447670170156212228
1447670183066226689
1447670193040281601
1447670269435424776
1447670337085362180
1447670625783406601
1447670964054073346
1447671070438346758
1447671257583996928
1447671505630945287
1447671674531237890
1447671774905253891
1447671809474768897
1447671882635825154
1447671956946440198
1447672102077624321
1447672102119747584
1447672102195187718
1447672102593564676
1447672117567397893
1447672119408615429
1447672184785227783
1447672210622136321
1447672408014417921
1447672458631426054
1447672543410806785
1447672801394110472
1447672862865862665
1447672928183726086
1447672933472735234
1447673018377977860
1447673090121547776
1447673215422275584
1447673254139809798
1447673360217870336
1447673360360480773
1447673360406691843
1447673360566132737
1447673497853960192
1447673612111015937
1447673665794056193
1447673785663033345
1447673996644954117
1447674050822606849
1447674186919460872
1447674210852167686
1447674391450439680
1447674415286824967
1447674486103232516
1447674570366881794
1447674618701967360
1447674627728232452
1447674762247999491
1447674770984615939
1447674953793355778
1447675096441794561
1447675185511948295
1447675337249366020
1447675374117265411
1447675446200524807
1447675694180409349
1447675763831025664
1447675856076353537
1447675876762525697
1447675876838199298
1447675876947251201
1447675877664432132
1447675878184423427
1447675878440374272
1447675887760068608
1447675887806296065
1447675891992170496
1447675921079676929
1447675921574531075
1447675938943250438
1447676039757447168
1447676084510773254
1447676113946300416
1447676244464701441
1447676383237443586
1447676392515145729
1447676475805736963
1447676764369702917
1447676851518836740
1447676860440137728
1447676882460229634
1447677135284588560
1447677135313772544
1447677286807973891
1447677364821889025
1447677389580943362
1447677458082263042
1447677999399198721
1447678014335160321
1447678052700413952
1447678163392372748
1447678175186669570
1447678393449795587
1447678736841641988
1447678986537029633
1447678988063805445
1447679148344766471
1447679336224546819
1447679651690647552
1447679651913011201
1447679662218436610
1447679662616887301
1447679674625269761
1447679797136695296
1447679857744285703
1447679903445307393
1447680156911300609
1447680454971191297
1447680696508510210
1447680777081163776
1447680783657930752
1447680796802928648
1447680910036377600
1447680910254657547
1447680952688201734
1447680967993352195
1447681072645410824
1447681361704153091
1447681797924392963
1447681838848348161
1447682025180344321
1447682400906092545
1447682427770519557
1447682438898065408
1447682672642433030
1447682799532593153
1447682817232605194
1447682821284323334
1447682877659906050
1447683047491506183
1447683140986806275
1447683207902556163
1447683233085333507
1447683426555809793
1447683426660798464
1447683427113652225
1447683427176628227
1447683427969421312
1447683429185720323
1447683430058135552
1447683431182127105
1447683432029605889
1447683434067861506
1447683448370601990
1447683479995654150
1447683503701831683
1447683605048832000
1447683611516456963
1447683678889385989
1447683744316411904
1447683873077354498
1447683879423381504
1447683930283458561
1447684029831024643
1447684070889037828
1447684108109455362
1447684362305249286
1447684379975815169
1447685010476130305
1447685124980678660
1447685637088243715
1447685943234863109
1447685943302008837
1447685949832548358
1447685959273705472
1447686027414581254
1447686047425511433
1447686598817103875
1447686851582697473
1447687082219016196
1447687192185278471
1447687201752449025
1447687453301563400
1447687453373091840
1447687457542230023
1447687465460961286
1447687519953432577
1447687523308822532
1447687537963814912
1447687647850385412
1447687708323745798
1447687774082158597
1447687832965877761
1447687909482577921
1447687956903366656
1447687963194929153
1447688031062970368
1447688140211298306
1447688468163960837
1447688495364026368
1447688576074977286
1447688648397361154
1447688698292805632
1447688842887192585
1447689061414617091
1447689339643863047
1447689368248979457
1447689473601515521
1447689602312065025
1447689696163901440
1447689696667127811
1447689748475166721
1447689945674567681
1447690063568064515
1447690229461123072
1447690313343152132
1447690617954394115
1447690976294625280
1447690976605048836
1447690977913622534
1447690978219937802
1447690978505146370
1447690978815627268
1447690987376201730
1447690990408634368
1447691000890134529
1447691010499305474
1447691011942125570
1447691143051948032
1447691212962639874
1447691331011284994
1447691563681865734
1447691582853971971
1447691787930374145
1447691847426625539
1447691850215792642
1447692105023991808
1447692155741511681
1447692181796425728
1447692248683057153
1447692257767870471
1447692295017467905
1447692375409631235
1447692697012166656
1447692841707266049
1447692941024169987
1447692955976863744
1447692960267751428
1447693501643296769
1447693828887040002
1447693883547144196
1447694022827548672
1447694057149448197
1447694117845229578
1447694122496798721
1447694480363200512
1447694652375592962
1447694751365353472
1447694751667564545
1447694751822716933
1447694864716550146
1447694934556004352
1447695002964877312
1447695208532090882
1447695394226327554
1447695649307234305
1447695676821803008
1447695713018814464
1447696001280655360
1447696009572855808
1447696116372451335
1447696168042082310
1447696388335276035
1447696495369760780
1447696775998017546
1447696928817377285
1447697047990284290
1447697110862807041
1447697117414297602
1447697545363345413
1447697603085340673
1447697608932200452
1447697615689244678
1447697654947975173
1447697950365397000
1447698053041885185
1447698088907493378
1447698229437534209
1447698237801078791
1447698347389689858
1447698347897368581
1447698364712243203
1447698504617390082
1447698526675296264
1447698526713024515
1447698526859825153
1447698527329587204
1447698527342239744
1447698527472152581
1447698527526670339
1447698529829330944
1447698529867079682
1447698530810744832
1447698534690549762
1447698535021887490
1447698535848333319
1447698535978192896
1447698541363830787
1447698544291426310
1447698546271064069
1447698548020023301
1447698626298400769
1447698654618398721
1447698655360782344
1447698674780446722
1447698701288419335
1447698738110214146
1447698778111324161
1447698784981594113
1447698843102031880
1447698851603918848
1447698978875772930
1447699038393053184
1447699042100723713
1447699156504649728
1447699190453137413
1447699231855321094
1447699267347439624
1447699290453807106
1447699343641911298
1447699357403385859
1447699377158594560
1447699382510436355
1447699384402075649
1447699392534876165
1447699399551946752
1447699465054339072
1447699494582161412
1447699497639886848
1447699514400419842
1447699559971528705
1447699579613302784
1447699660278312962
1447699701646639106
1447699796769259521
1447699835646267400
1447699893682941958
1447699894244974603
1447699943230169089
1447699943611944964
1447699957155352579
1447700015024119815
1447700070317510663
1447700111480524804
1447700137468366853
1447700138437320708
1447700177440104451
1447700190635364357
1447700232934936577
1447700242846175234
1447700249783328769
1447700297778810881
1447700298965794817
1447700313457106946
1447700342054006784
1447700342062387201
1447700342091681794
1447700427580055552
1447700437524697088
1447700461528649729
1447700533934919680
1447700556999532548
1447700568311488518
1447700571553677317
1447700601702322180
1447700605267427332
1447700688482537476
1447700852597211138
1447700979965640709
1447701042968227850
1447701199562723328
1447701253623009285
1447701277476102145
1447701294588776449
1447701314079629313
1447701319104573444
1447701359164338179
1447701413287501829
1447701424079519745
1447701426596192261
1447701474688094208
1447701508368310272
1447701538806194181
1447701589779750913
1447701697942499329
1447701702820384773
1447701725712830465
1447701735305273344
1447701737855328261
1447701827328282627
1447701888456069120
1447701923608633347
1447701934425608196
1447701954646319108
1447702016382234625
1447702274449440770
1447702292552040451
1447702301091635203
1447702301439758338
1447702361644965889
1447702369442086914
1447702506818215938
1447702514791424004
1447702579576778758
1447702628503207943
1447702638557122563
1447702649902485510
1447702695352143873
1447702925137129476
1447703186228322309
1447703202728644609
1447703203131297796
1447703217861652480
1447703253186134018
1447703300300705792
1447703311080206338
1447703329463627777
1447703420182298626
1447703565770936322
1447703599497170944
1447703646540603397
1447703670645272580
1447703698541477892
1447703818884423682
1447703819203358728
1447703837901529088
1447703843710586887
1447703865340542979
1447703882071695360
1447703917027016706
1447703962925379585
1447704009465286658
1447704061252456449
1447704247051735044
1447704290437447685
1447704316538720263
1447704344686592001
1447704364093747203
1447704432704032772
1447704472847884294
1447704493299277826
1447704530527744003
1447704608340512769
1447704691006083072
1447704762699321347
1447704849538338821
1447704882668994560
1447704899781898246
1447704994673737729
1447705078278860802
1447705137120612362
1447705172956823556
1447705185397231618
1447705210516824064
1447705235921670144
1447705298408546304
1447705312190873602
1447705312870469635
1447705343207825416
1447705376892280835
1447705379316514821
1447705423151312898
1447705483155021824
1447705494504759301
1447705499198164995
1447705525236404225
1447705530399543300
1447705551157202946
1447705628118425605
1447705696175149057
1447705704022691842
1447705798503804929
1447705806783361025
1447705819278036994
1447705845043810304
1447705883069206530
1447705893680857098
1447705907530452992
1447706075818463237
1447706076414107653
1447706076628062208
1447706076724412417
1447706077215150081
1447706077290766340
1447706077869461505
1447706077903003648
1447706078435844098
1447706108202786818
1447706118403284993
1447706124992516097
1447706131355275271
1447706220110905346
1447706270904066053
1447706281784008708
1447706290311028741
1447706332207927299
1447706540115329025
1447706564991795206
1447706567567097856
1447706756432474118
1447706757061611524
1447706788686663680
1447706840079478785
1447706904810057728
1447707123706642436
1447707132833456131
1447707190916231170
1447707247098880004
1447707380473466883
1447707386102251524
1447707388707016707
1447707390351192070
1447707396273491970
1447707428875800578
1447707585830957058
1447707590746689541
1447707652990062594
1447707696703184899
1447707718362484739
1447707787220426754
1447707837535293443
1447707970360561664
1447708132336099328
1447708181640142852
1447708183972106241
1447708227349667843
1447708406320488448
1447708409323786243
1447708435781410818
1447708460657881089
1447708492668809218
1447708537233178627
1447708544883646467
1447708592417636353
1447708592564588547
1447708596070981635
1447708600114233346
1447708607907344389
1447708757442580482
1447708806792683523
1447708844101079045
1447708864305143809
1447708897276579848
1447708905384169475
1447708986124353539
1447709050691592194
1447709073818988549
1447709105179746304
1447709125333430274
1447709145566625795
1447709492221673474
1447709494742487045
1447709525130326022
1447709765954584578
1447709850859880450
1447709852088811524
1447709855800823808
1447709861031018496
1447709898976997378
1447710089763196932
1447710144612249606
1447710263436775427
1447710338141597697
1447710407947427844
1447710455665934341
1447710651820888067
1447710679352360962
1447710771933179907
1447710958210752521
1447711047192911873
1447711049508081664
1447711108949692418
1447711109025304578
1447711172824809479
1447711230601400320
1447711295025782786
1447711356183060481
1447711582776143872
1447711663172374534
1447711665865195521
1447711709259390982
1447711710559621121
1447711723889307648
1447711839387852805
1447711842743242759
1447711972653469696
1447712080879046660
1447712186802057227
1447712210785083394
1447712245241171970
1447712382407557120
1447712417106968576
1447712652818518017
1447712925167144962
1447712958616846340
1447713004347396100
1447713048433659914
1447713093048430592
1447713126183538689
1447713132294680582
1447713227442380804
1447713334669742081
1447713389325717506
1447713599384965123
