1447353762960576514
1447355834053316609
1447356271179468800
1447356808306339840
1447358787673903109
1447359407856230404
1447360386043457540
1447361055454339076
1447363601430417412
1447366540341428226
1447369361350610947
1447370013732655104
1447371992483651587
1447374725286596617
1447381341998362632
1447382789742022656
1447384816903770112
1447389011488690180
1447391517769826305
1447396851792195590
1447402264667246596
1447412349837656065
1447418194176757763
1447423076598173698
1447446398060965888
1447448691422470146
1447461249722118145
1447466179942096896
1447497470548721669
1447508542303326217
1447511390495940610
1447512624418238464
1447513723955027971
1447517471859167234
1447518167002238980
1447522378121101317
1447523017681096716
1447524373464768516
1447527090874683392
1447530226662219782
1447530397026357251
1447531930371727370
1447532145564700678
1447532362535997441
1447532524587061253
1447532742577725443
1447535883457019907
1447538174297878534
1447538895583944711
1447538965758758920
1447539001578110979
1447539432878452738
1447541680132038664
1447541691632717830
1447542775872905219
1447543284260392960
1447545148863361025
1447545285467594755
1447546022897532933
1447546116380274689
1447546742757601280
1447549807782944769
1447550450228678661
1447551901336276996
1447552221458149385
1447552881675145222
1447553958906576904
1447556115474960385
1447556797376630787
1447558575480520713
1447558949650280450
1447559121323053064
1447559567219601419
1447559702129385478
1447559785965101059
1447559951522672644
1447560581133881348
1447560581976842245
1447560587551158290
1447560947007111168
1447561546557796352
1447561642703736834
1447563133707591680
1447563680133099526
1447566183729860608
1447566304609771520
1447566982296047618
1447567539538743296
1447567610166583299
1447568133510864902
1447568921905799172
1447568938368389123
1447570181761294342
1447570182210297856
1447572009337171968
1447572341601542149
1447572552755331074
1447572964770304000
1447573903191252996
1447574594014023691
1447574696774471685
1447575216037769222
1447576042433093637
1447577648318844929
1447577831047901187
1447577982181130240
1447578613747011584
1447578616259305475
1447579515971153926
1447579853897805836
1447579863859216392
1447580026438922249
1447581897559736324
1447582316474343424
1447582730166886409
1447582763624841223
1447584783173832705
1447585199575998467
1447587647808053249
1447588299913134086
1447588579287384067
1447588644089389060
1447589432807276545
1447589836030947334
1447589959175704578
1447591972122804228
1447592835029504002
1447592836808028169
1447593149820514311
1447593836801368068
1447595197492338693
1447595253775675403
1447596494505185282
1447596615053807624
1447597399480881157
1447598901138280449
1447598937238540289
1447599295708925958
1447600306792058884
1447600476619517959
1447600682333347843
1447602945479041031
1447602962931535882
1447602963866923013
1447603601564655619
1447604820563660800
1447605104106999811
1447606339350540291
1447607248826552321
1447607938579775499
1447607940387524617
1447608459051126789
1447609690817368065
1447610095307825158
1447610653573779466
1447611770080727041
1447612708447207437
1447612914916069377
1447612986592530434
1447613029995196417
1447614231596216322
1447615126018969601
1447615206918696967
1447616353595183110
1447616595925340170
1447620797430915080
1447621267058675718
1447621473959649287
1447622672557424649
1447623259638444049
1447625042188189708
1447625146655813632
1447625919284322307
1447627634763079686
1447628134766022661
1447629263990046723
1447629513014366215
1447629835983933442
1447630579332096007
1447630601402687492
1447630761134333952
1447633132619026432
1447633657037041670
1447636366599274497
1447637393977315328
1447641972634787842
1447642564941778949
1447644168344457221
1447645316157743104
1447645881562435587
1447647883684106246
1447648876370878465
1447650062977351684
1447655241021902852
1447655698008002568
1447655818053181449
1447657341416087558
1447658146810535941
1447660830259040260
1447660961763151872
1447662319216087050
1447664457161838600
1447665620821192706
1447666817204465670
1447668342949662730
1447668344228876288
1447668486243856387
1447669510148804610
1447670038497054721
1447670203702300679
1447672974983696389
1447674757751709698
1447675399236952072
1447675677147287560
1447677233565511680
1447679276510236680
1447681330196750336
1447681475642593285
1447681882825674753
1447681916669399043
1447682155761618950
1447682254151589892
1447682473245253632
1447683084866961408
1447684301408059392
1447684969262944260
1447685343394910208
1447685439972859908
1447685595485155330
1447686053477949442
1447686097891377155
1447686277990596609
1447687853790617600
1447689701872259072
1447690155909865473
1447690423166701569
1447691937042112513
1447698541984370692
1447698564214403076
1447698686042066947
1447698778023202816
1447700624829784067
1447701481461850125
1447702191494483969
1447703854129221636
1447704891535859718
1447710477056937993
1447710828921303047
1447712115725266944
1447713454626836486
