1417998349592977408
1417998368651968512
1417998386922352640
1417998668070854658
1417998803739742209
1417998944970461186
1418001076331163648
1418001118119055363
1418001231449149444
1418001249807470594
1418001304194994180
1418001575335890946
1418001875669065730
1418002337373859843
1418002753658388482
1418003048278990848
1418005124849483776
1418005316827062274
1418005473312313344
1418005684705058819
1418006713832284160
1418007212727865350
1418007290343530496
1418009767344279555
1418009859472117760
1418011374786162694
1418012123733573635
1418012514764349440
1418012565385457665
1418013727790706688
1418013829770928128
1418014608460328960
1418014725481406465
1418015124804276230
1418015520935264259
1418016106648899591
1418016146473820162
1418017311827636228
1418018269215199239
1418019671031390218
1418020471455506446
1418020490157961217
1418021386006765568
1418021438544564231
1418024055542779916
1418025695318626315
1418025870950912002
1418026521856446470
1418026924148994049
1418029006247636992
1418029633807736832
1418030741364133891
1418030820321808386
1418032584349585415
1418033024206315520
1418036845158363136
1418043123653959684
1418044015132303361
1418044054470897666
1418046200490647552
1418046550413021190
1418046664036687873
1418046906379407360
1418047595235131397
1418047760025235459
1418047946361278466
1418048614719533058
1418049549847957505
1418049773173714947
1418050328608616448
1418050528597135362
1418050795728166912
1418050840661827585
1418051148888657921
1418053389926162433
1418054728018120705
1418056046132797446
1418056697885732869
1418056789438967818
1418057238200131585
1418057508111863811
1418057912782663683
1418058392791289856
1418058526405009411
1418060104717512705
1418060222300626946
1418062937672007684
1418064534527430657
1418065243016675341
1418065336767762433
1418065535481176066
1418066239642025986
1418066366440091650
1418066430566846464
1418067356132257793
1418069614152536064
1418071263503912963
1418071974207791116
1418072409521983488
1418073334651269122
1418073461876998145
1418073535151493120
1418073782380634114
1418074816167530497
1418074864880013313
1418075392620048390
1418075613919944707
1418075841980948481
1418076019056066560
1418076659807367180
1418076856830644225
1418077005648703489
1418077344628105219
1418078346743795712
1418078712440963073
1418079277648601089
1418079355822084098
1418079609556451329
1418079631983398912
1418079647569432580
1418079795242471426
1418080039644565506
1418080059529834498
1418080506890145794
1418080560912769031
1418080869147975683
1418080899468566529
1418080963314298882
1418081869313290240
1418082011844161544
1418082347992375297
1418082858237837319
1418082882673840128
1418082982573785088
1418083303714918402
1418083367946444802
1418083790262620165
1418083903043104768
1418083946466787330
1418084074200121347
1418084327087296518
1418084642670792704
1418084649084104704
1418085014508654597
1418085035756847106
1418085487496019977
1418085531527913474
1418085901025038338
1418085964099080194
1418085995908681728
1418086199688896515
1418086263752732673
1418086382896128002
1418086909532950530
1418086976557928456
1418087397099810816
1418087410987008004
1418087509251264512
1418087694773653510
1418087827443699712
1418088107669397507
1418088422997209092
1418088557571448832
1418088568891785222
1418088575615258624
1418088853533954050
1418088921259335682
1418088944546295812
1418089292765728769
1418089318040604672
1418089670882234373
1418089676284518403
1418089685210046464
1418089971827630081
1418090070419116032
1418090470861803522
1418090568404533252
1418090905576300551
1418090921653112832
1418090932012978182
1418090934122729473
1418090934177353734
1418090938296045575
1418091055807926274
1418091117954977798
1418091194794479624
1418091395894714369
1418091464379219969
1418091469362106368
1418091495576547330
1418091780340428801
1418091850116763650
1418091961572069381
1418092004945367042
1418092052869386241
1418092196968992771
1418092391576358912
1418092397838360581
1418092467212193794
1418092509847228416
1418092708279721989
1418092772238794763
1418092857026613250
1418093153303908352
1418093316374155272
1418093321998716932
1418093332467789824
1418093332916588544
1418093403808665602
1418093450738769922
1418093450788933636
1418093450818461696
1418093450826747905
1418093459014045700
1418093531873304584
1418093572516192256
1418093884731703296
1418093932643328002
1418094027950411781
1418094069864181763
1418094091720658948
1418094158577811457
1418094277104738305
1418094406024970240
1418094471854624773
1418094709197574146
1418094712054067201
1418094778407915522
1418094961061400578
1418095071963099139
1418095130205212672
1418095150040076288
1418095420023218176
1418095425723195394
1418095468228272128
1418095591314403328
1418095626441707521
1418095737867423753
1418095797464338432
1418095833707331585
1418095949302403072
1418095967224619010
1418095967354515456
1418095969967747076
1418096082278658048
1418096188079935488
1418096215439314946
1418096239577554946
1418096245965524992
1418096272381202433
1418096318153740288
1418096357320151042
1418096373426233344
1418096498689122306
1418096661147049985
1418096722400583685
1418096745146462222
1418096757624512514
1418097104396955649
1418097234428710920
1418097460589862920
1418097517619818498
1418097653108383745
1418097681927376904
1418097685211619328
1418097919593525248
1418097966104125443
1418097983741104128
1418098198233628677
1418098210904715266
1418098347374784514
1418098493881733124
1418098514282881024
1418098825437360128
1418098870849056780
1418098965019598850
1418099184281006082
1418099272977891334
1418099548849909760
1418099612536213511
1418099770737008640
1418099806174695426
1418099839913676802
1418099855071891458
1418100035095511042
1418100135519784961
1418100201840074752
1418100600282230790
1418100611170635776
1418100622574956547
1418100638177714178
1418100653185019905
1418100764787019777
1418100922421493760
1418101000540393472
1418101125375475713
1418101183168884736
1418101228026871810
1418101594646794240
1418101638557061120
1418102090396745731
1418102162094231552
1418102228179685380
1418102242201251840
1418102258684805120
1418102332097798149
1418102572360081408
1418102594354962436
1418102638994993155
1418102736038604800
1418102763368615936
1418102788714807300
1418102808969101314
1418102937751072769
1418103300742918146
1418103328152641540
1418103352609714180
1418103473174949890
1418103518284578819
1418103519349862404
1418103519672819712
1418103521791025152
1418103590128861190
1418103590321860608
1418103706944516100
1418103708991332355
1418103723855958016
1418103729316929536
1418103769150091266
1418103797570707457
1418103797834862593
1418103805401440257
1418103831297241088
1418103884279599105
1418103884602560512
1418103942836334598
1418103950021169152
1418103958476926976
1418104020577685507
1418104035760955393
1418104071412666380
1418104076672409603
1418104130359513089
1418104158423486464
1418104197661306880
1418104233291706371
1418104337222471680
1418104398853595138
1418104423637819393
1418104453425766404
1418104460245708801
1418104462338580480
1418104466327363586
1418104479937875970
1418104512276017152
1418104815373062148
1418104843730817024
1418104849334476801
1418104917483458563
1418104995266842634
1418105057816502275
1418105060584828931
1418105168424407040
1418105178281046016
1418105240713314307
1418105509895450628
1418105526177705985
1418105529935794179
1418105736266231808
1418105836472258563
1418105857934508035
1418105878218252288
1418106000104591370
1418106033650552833
1418106042454585344
1418106045084454912
1418106119940149249
1418106536958775298
1418106646019018752
1418106674481672193
1418106892426022914
1418107038522032128
1418107078334418947
1418107160521756675
1418107288930426880
1418107292063436803
1418107294416572419
1418107320073084928
1418107581764153344
1418107691940163584
1418107725083516931
1418107803516944384
1418107956693028864
1418108047113793536
1418108180903645185
1418108384885329925
1418108421379928065
1418108437884542977
1418108550346313728
1418108552766447616
1418108559628414979
1418108559796195330
1418108559863201794
1418108709415407616
1418109015016546308
1418109117189734406
1418109123804155908
1418109228494036992
1418109235574026242
1418109355975757824
1418109463081455617
1418109464499081217
1418109535160573952
1418109733987303426
1418109808545255431
1418109864866418690
1418110080038445059
1418110145574412288
1418110240982249472
1418110702594760704
1418110808215760897
1418111042907947010
1418111068614762496
1418111098646147073
1418111123363180553
1418111124323586049
1418111143281897472
1418111209526681601
1418111253612990466
1418111368541188096
1418111425088733187
1418111475168710658
1418111493510504452
1418111650071289861
1418111925213442049
1418112097238585345
1418112313668907011
1418112355876188160
1418112460129722375
1418112460989636611
1418112469797679104
1418112478655827971
1418112495714279429
1418112621409144834
1418112748987244545
1418112749490552835
1418112825659207681
1418112826091134977
1418112857846263817
1418112894798123012
1418112917518573572
1418113001706622984
1418113112423772161
1418113147836190720
1418113293990993924
1418113381450592257
1418113385548427264
1418113410928087040
1418113772804317187
1418113862616899587
1418113879809343493
1418113968862810113
1418114015478300674
1418114452793270274
1418114484476973056
1418114489631772672
1418114800882798593
1418114892368949250
1418114955300245504
1418114995804590080
1418115013777186817
1418115023113793540
1418115242505211906
1418115464564285440
1418115651097481216
1418115668717842436
1418115674656886785
1418115765522341889
1418115904135643137
1418115985442320386
1418116099607076870
1418116111317544962
1418116112894644225
1418116121648148485
1418116144402206724
1418116197795733505
1418116293266399234
1418116350606823424
1418116436963254274
1418116452381597700
1418116500431507457
1418116584455999493
1418116730585485312
1418116754316963840
1418116772587311104
1418116791717580802
1418116806854782976
1418116864111259649
1418116948395794435
1418117006369378306
1418117073289502721
1418117115345833987
1418117146052337664
1418117212771164164
1418117242269614082
1418117302692851712
1418117318064943106
1418117346439438336
1418117358506237953
1418117376281874436
1418117432384888833
1418117438755987459
1418117485614833664
1418117499141427205
1418117522990174212
1418117525343244292
1418117764334637056
1418118051871051778
1418118262345322497
1418118384026329089
1418118395225051139
1418118437046521857
1418118502527823874
1418118547163713536
1418118548434587649
1418118604860624896
1418118623369961475
1418118652575064064
1418118657159438336
1418118733428666368
1418118880145330176
1418118926861492227
1418118993794187264
1418119019941531648
1418119045707182081
1418119171955642368
1418119258882650123
1418119334501699586
1418119365032136712
1418119408111783936
1418119566333468677
1418119584729686020
1418119595832094720
1418119607924273154
1418119812543303680
1418119885801103362
1418119886329585668
1418120003044450306
1418120015358873601
1418120218476417027
1418120239653572608
1418120379546181641
1418120468310155272
1418120520613117952
1418120573201309696
1418120679908691969
1418120681405943808
1418120759294169090
1418121025552748547
1418121026349715457
1418121146059403266
1418121303408713728
1418121366302298113
1418121446791000064
1418121456811225092
1418121496334114817
1418121593784524802
1418121629448744967
1418121729138991104
1418121950388441090
1418122110904512513
1418122233332092930
1418122271294640138
1418122346515378177
1418122386482868230
1418122391515848705
1418122391989874688
1418122410755301379
1418122630079651840
1418122750409981955
1418122818559094784
1418122981910347776
1418123121207435267
1418123176198950913
1418123198558769155
1418123262832349188
1418123410807402496
1418123516034027522
1418123535470534658
1418123577753317376
1418123609302835203
1418123649798729732
1418123667330961409
1418123728865611788
1418123809111121920
1418123817822695425
1418123858498965507
1418123918645219337
1418123943584669696
1418124284933939200
1418124379528081410
1418124493499912197
1418124551817465863
1418124666221236225
1418124714078257155
1418124762451165184
1418124857095639042
1418124919762731010
1418125003116228609
1418125076982030336
1418125199975845888
1418125205260619778
1418125368226091008
1418125446030450688
1418125731767455748
1418125803871784972
1418125914609754114
1418125974554697729
1418126003503865856
1418126009782652928
1418126135729299457
1418126167819788296
1418126168344043523
1418126174140649473
1418126175252140034
1418126183624024064
1418126222752632832
1418126318525419520
1418126396409397250
1418126418110648320
1418126430987341831
1418126454223736832
1418126496577826822
1418126559936921601
1418126640685649922
1418126641130348545
1418126863013224455
1418126874203537410
1418126921490079745
1418126921544650756
1418126954407022594
1418126981581795331
1418127065354747905
1418127098988859394
1418127173127446529
1418127294435049473
1418127337955151873
1418127363947339780
1418127468490276864
1418127763718955008
1418127803569119233
1418127853930127361
1418127858413752320
1418127953301442561
1418127974327586817
1418128144087855104
1418128302976421890
1418128320139571200
1418128326649077761
1418128432161083395
1418128517976440838
1418128882415423491
1418128890577444871
1418128899842662401
1418129018344329227
1418129105082621958
1418129232153174019
1418129421060513794
1418129544968605699
1418129547099361287
1418129575301632001
1418129689504206851
1418129733594800128
1418129745082998785
1418129761868685314
1418129932274778117
1418129968157151236
1418130003187970048
1418130097194799105
1418130196058759169
1418130352204357635
1418130368104906752
1418130637442228228
1418130696128778240
1418130819672158211
1418130830040383489
1418131024152875009
1418131051499696128
1418131059905073160
1418131209738145794
1418131238771101696
1418131273709654018
1418131313131933697
1418131314927149059
1418131461912338432
1418131637745901569
1418131748869836805
1418131749503123459
1418131857053556738
1418131872488562689
1418132009935908864
1418132033474281473
1418132077568987137
1418132137207808000
1418132202823499777
1418132314505236482
1418132340568727557
1418132479257546754
1418132566335442945
1418132580029841408
1418132593762086913
1418132648866684932
1418132668043104259
1418133039830511629
1418133180062781440
1418133300812685313
1418133340591382529
1418133426843095042
1418133439258169349
1418133474569986048
1418133475970863106
1418133476662943746
1418133498821480449
1418133547618086918
1418133653385797636
1418133715675455489
1418133717835415553
1418133718007492610
1418133719026655233
1418133722910572544
1418133773896634373
1418133862484430853
1418133955254050818
1418134022450933762
1418134051328692225
1418134232896053248
1418134242983305216
1418134303213555715
1418134325120360454
1418134360969056256
1418134409635581952
1418134452493070337
1418134530934837248
1418134531119489027
1418134738611499011
1418134745368698880
1418134798116196356
1418134839123980288
1418134875811500032
1418134880010088448
1418135098357133318
1418135147161993218
1418135179185491968
1418135310781796354
1418135330444791810
1418135416679641098
1418135426154614784
1418135507809312768
1418135537987227648
1418135562805039104
1418135612465549313
1418135729473982464
1418136233071419395
1418136402580103168
1418136484553449473
1418136666540290050
1418136795515129858
1418136843607056387
1418136960019861505
1418137060477739008
1418137165352079360
1418137312979046401
1418137410509197313
1418137423616352258
1418137491366846464
1418137491417165828
1418137497394089985
1418137498962825216
1418137511369580544
1418137511801597959
1418137518277636099
1418137542814224385
1418137554445025280
1418137571792674818
1418137614729850883
1418137686003552260
1418137840928665600
1418137841348091907
1418138060781404163
1418138126581739520
1418138186769895424
1418138243833417730
1418138343519309824
1418138364562259968
1418138405632942083
1418138505692254209
1418138610214244352
1418138624550477824
1418138641847697409
1418138964519706625
1418139000863395840
1418139048267423748
1418139065967329281
1418139103510601728
1418139107428028418
1418139133915041799
1418139180534796290
1418139320905576448
1418139348772528130
1418139560496742402
1418139583376728064
1418139730357727234
1418139829817253893
1418139838386249728
1418139866831990791
1418140012965732352
1418140032473370624
1418140049137442823
1418140104523141122
1418140266289057792
1418140303215763456
1418140378713280512
1418140435898408967
1418140568912384000
1418140612067577856
1418140644003000324
1418140893056573444
1418140957799759878
1418141014125076481
1418141119976771587
1418141266433306626
1418141268002082818
1418141270208352256
1418141283399393282
1418141320149938177
1418141333462597633
1418141391566290944
1418141418258841601
1418141517680685057
1418141697842765828
1418141759570386944
1418141777991720962
1418141820366856193
1418141863639490561
1418141934393118720
1418141982573072384
1418142168284385282
1418142367287218178
1418142406164324353
1418142409771343873
1418142615632064514
1418142875607572481
1418142921711366145
1418143004976689154
1418143015416311810
1418143120336867330
1418143325966721026
1418143510335721474
1418143514026823686
1418143526530002944
1418143790662144002
1418143995172163584
1418144014998679552
1418144085945241601
1418144087467778051
1418144088214343680
1418144284008665090
1418144306490183680
1418144450484875264
1418144461687767042
1418144481010933760
1418144503567892480
1418144537420042240
1418144806279208961
1418144851351293956
1418144881852272645
1418144966258446336
1418144967252447243
1418145053269233667
1418145064937721856
1418145071204126731
1418145109913309185
1418145242369380352
1418145378793316353
1418145575837503489
1418145593583620097
1418145650412249090
1418145673913028611
1418145691193446406
1418145703063392262
1418145759476736006
1418145777591930880
1418145824199094273
1418146116877623302
1418146165158289410
1418146211685601281
1418146221147889668
1418146224947990529
1418146267859914752
1418146270414311425
1418146392413966339
1418146571732979712
1418146609314082818
1418146704478638082
1418146712137486337
1418146716960927746
1418146784728293383
1418146805049667586
1418146834606870533
1418146927577899014
1418146996163072000
1418147064857378816
1418147159980007425
1418147164958732290
1418147165168357377
1418147324002545665
1418147408639373312
1418147499798376448
1418147515921207299
1418147524561547266
1418147563438583809
1418147585676746754
1418147626139242496
1418147730757668869
1418147742447251457
1418147819899211777
1418147944335908864
1418147945325662208
1418148317578600449
1418148350952677376
1418148414710296579
1418148420917899266
1418148439003734022
1418148481470980098
1418148514119487488
1418148541441220608
1418148605697961991
1418148816759439362
1418148818240016386
1418148824531537924
1418148824934199297
1418148850980855809
1418148851559669764
1418148873818845185
1418148989082480641
1418148995591987201
1418149028232052736
1418149028701904902
1418149046968111108
1418149067654418436
1418149067700510720
1418149070233903105
1418149092849561601
1418149206385119233
1418149208717135873
1418149223091036163
1418149246390390789
1418149310559096834
1418149313214128131
1418149319467671557
1418149408772927490
1418149456613105666
1418149802886455296
1418149920025022464
1418149992007495681
1418150061893169152
1418150111427940358
1418150115819225091
1418150121984909315
1418150127345160195
1418150132852350979
1418150159884722176
1418150333835104257
1418150346749263875
1418150352101289984
1418150502148288515
1418150600693272576
1418150651977142272
1418150658960732160
1418150764766244864
1418150793744629760
1418150793849487362
1418150796240330753
1418150797205024770
1418150799105040384
1418150916675473409
1418150947537162240
1418151033885310976
1418151118312517633
1418151126541688832
1418151146376552450
1418151158510755843
1418151196112601088
1418151332427534343
1418151379940560899
1418151405781651456
1418151432847568896
1418151484060049409
1418151508848283652
1418151560153075714
1418151643053441025
1418151689169821698
1418151940945494016
1418152086399750144
1418152099058229249
1418152236992143364
1418152324565016577
1418152403824697344
1418152424259399682
1418152590538203143
1418152590601248770
1418152596188061698
1418152596221665281
1418152596292898816
1418152597840662528
1418152603997855746
1418152614638784512
1418152628047990788
1418152675993063426
1418152732859551745
1418152742678372352
1418152757500993541
1418152820172333056
1418152840741195776
1418152906973499393
1418152966301917187
1418153039530237953
1418153135655329794
1418153152965140485
1418153163220213761
1418153257109803008
1418153422617038855
1418153467437363200
1418153533174689792
1418153557640028168
1418153627756253188
1418153680835072005
1418153862280712193
1418153914596212736
1418154046997794824
1418154101590872066
1418154342272614401
1418154360673128450
1418154435608555520
1418154630840733696
1418154811871137792
1418154891256737799
1418154954594918401
1418155047075078145
1418155100850249731
1418155147218329603
1418155175999594498
1418155180042985472
1418155248120594435
1418155300016754690
1418155336461135872
1418155358703468545
1418155482401976322
1418155541642334213
1418155561867153409
1418155626522451974
1418155704783941633
1418155717278814214
1418155821616271360
1418155909440749568
1418156018412949504
1418156108376649732
1418156131088846848
1418156135979393025
1418156160989999104
1418156238605635584
1418156272390705155
1418156365974020098
1418156372676562952
1418156402841894913
1418156413705080834
1418156424111271938
1418156444722122752
1418156457346863109
1418156502905495554
1418156510618738690
1418156617086865410
1418156617175117829
1418156617221255172
1418156663140495365
1418156675907919873
1418156718803017732
1418156749828276229
1418156773773619202
1418156853524041731
1418156922415591425
1418156952719437826
1418157042611757059
1418157058856194049
1418157073767059456
1418157123909914628
1418157183045410817
1418157333444759556
1418157335483232257
1418157358174375938
1418157370925015040
1418157396782899202
1418157461484212229
1418157516207398913
1418157575883825167
1418157580619235330
1418157612714151942
1418157623820513284
1418157696524722177
1418157784156229636
1418157840309669891
1418157914481516544
1418157946178048000
1418157954893811714
1418157989794562048
1418158007792381957
1418158085869277188
1418158142777593863
1418158158544048129
1418158342367846401
1418158381672669185
1418158487381622785
1418158571485794304
1418158576867192835
1418158585134080002
1418158611952451585
1418158628113207297
1418158656915341319
1418158739966791680
1418158764818149376
1418158809596448771
1418158888151568385
1418158892681474048
1418158915972485120
1418158966949941249
1418159111544389633
1418159193488596994
1418159218197241856
1418159238841569282
1418159265483743240
1418159385222647808
1418159393766526976
1418159421792849924
1418159469180170240
1418159557059260420
1418159617926893572
1418159683303522304
1418159732364357634
1418159787238469633
1418159826614509573
1418159847548276739
1418159878867148800
1418159942008197121
1418159997607976963
1418160061776633865
1418160146082148352
1418160148162437127
1418160222460424195
1418160262092308483
1418160292048035842
1418160475234316291
1418160536324296708
1418160544083816454
1418160545908334594
1418160552585617410
1418160634470993920
1418160650338148354
1418160761038323716
1418160792210481154
1418160793804283906
1418161002189934595
1418161023807332356
1418161100999249921
1418161210592305158
1418161284508536835
1418161383712174089
1418161404016726018
1418161407741374468
1418161471629008905
1418161481812779012
1418161509532852224
1418161510715740160
1418161606538715137
1418161647638679555
1418161729331138561
1418161733181575169
1418161759542816769
1418161783731326981
1418161862433284097
1418161873372028932
1418161942083117061
1418162012669030402
1418162038728232962
1418162145833934852
1418162153467518980
1418162214436052993
1418162287563640832
1418162291141382153
1418162336079220737
1418162413921259527
1418162446527832070
1418162470296883205
1418162475464282116
1418162483467112456
1418162492434489348
1418162518959087617
1418162593357864962
1418162637666406404
1418162718020804619
1418162736664621058
1418163208314101761
1418163475566694407
1418163485427523588
1418163507779051521
1418163537751445506
1418163557137518594
1418163655946932228
1418163693234364417
1418163709147586560
1418163749047918600
1418163782694711299
1418163827900928005
1418163871542661122
1418163923052810243
1418163923111464963
1418163925024219137
1418163952886890496
1418163973229268996
1418164039620911108
1418164063062921219
1418164113826533382
1418164154813325316
1418164167081562112
1418164269393317888
1418164464126414852
1418164471718162432
1418164475589443584
1418164504345686016
1418164556984094725
1418164570238197761
1418164716854198276
1418164751947948033
1418164831690108936
1418164843669032960
1418164856000221184
1418164891316363266
1418165205717200897
1418165403428208641
1418165412785709059
1418165448667930636
1418165481966428163
1418165521183350784
1418165599298101250
1418165653568098305
1418165687235842048
1418165708823871488
1418165732035158016
1418165791724294145
1418165808266686465
1418165846552322049
1418166015222067201
1418166046435971072
1418166061715836934
1418166200194899977
1418166287306477570
1418166382500450307
1418166407125250052
1418166420836343809
1418166450725036032
1418166657562955778
1418166818246701058
1418166833346224129
1418166858453245953
1418166925071368193
1418167071674933254
1418167208010780679
1418167230257369089
1418167288650473472
1418167342878580742
1418167368853991425
1418167380522541060
1418167405419929609
1418167485409411075
1418167588220293120
1418167676770439168
1418167690003353604
1418167694000545798
1418167700015157256
1418167731807981579
1418167745389158404
1418168057210589186
1418168240275181570
1418168246059028486
1418168269110923268
1418168411994066949
1418168553061113861
1418168555560972290
1418168691699724298
1418168712956420097
1418168844624044040
1418168854526799875
1418168903419797505
1418168906930348032
1418169183876141060
1418169199978061828
1418169200003231744
1418169200112136194
1418169217992568832
1418169230080544771
1418169304919552002
1418169395357028356
1418169400058855428
1418169622193446914
1418169679789666306
1418169685481345029
1418169747007541250
1418169751939993603
1418169767219933186
1418169899390746630
1418169952482336771
1418170085345275909
1418170098574036995
1418170149123862531
1418170169810112513
1418170199077965828
1418170226278010880
1418170408491233283
1418170471405834241
1418170581049032705
1418170650477350918
1418170834393477120
1418170987254894594
1418171133317242883
1418171215290773507
1418171246915821570
1418171274124316673
1418171311810088972
1418171318428700673
1418171321024983042
1418171323503845377
1418171369725075458
1418171379950755840
1418171465799585794
1418171468022616071
1418171481926811648
1418171545860689920
1418171557877358595
1418171612701077513
1418171727473954825
1418171747874926601
1418171774743756801
1418171785154113544
1418171824257572864
1418171856427765769
1418172039186239488
1418172059759353864
1418172198997487624
1418172217096028161
1418172218606080000
1418172292199292931
1418172367688323084
1418172399690952706
1418172412038946821
1418172423640436739
1418172432599425026
1418172444565778436
1418172503214669826
1418172583975997445
1418172592750579712
1418172610697994247
1418172695490011139
1418172723461722115
1418172738406166529
1418172761332142080
1418172769259376640
1418172813161152520
1418172816596377605
1418172859239763969
1418173048314761217
1418173090786332675
1418173117340528646
1418173252380278784
1418173348605988864
1418173468819050499
1418173470811250693
1418173528755613700
1418173562247159809
1418173677494018051
1418173762126680067
1418173795878248451
1418173851993886725
1418173950266417156
1418173975600017408
1418173993035632643
1418174018742587392
1418174032990588928
1418174047683334146
1418174082479280134
1418174096098177024
1418174098400743427
1418174117480747012
1418174118046797827
1418174138875879424
1418174189710741508
1418174220815716353
1418174381981937667
1418174442400854019
1418174464957812745
1418174592028381187
1418174706189012999
1418174734584487938
1418174783137648644
1418174910942359560
1418174945532710921
1418174997890224130
1418175021860728836
1418175026923249667
1418175056694423556
1418175208431685635
1418175239721263106
1418175244829970439
1418175254837477383
1418175256074805251
1418175278870933504
1418175295593586693
1418175504461533192
1418175521356193797
1418175607620444161
1418175621142925312
1418175729716576256
1418175835270533121
1418175849627623426
1418175859131826178
1418175925586382850
1418176147301486593
1418176268026195974
1418176277178109952
1418176278948163585
1418176281997455361
1418176335806189568
1418176358333796355
1418176371474399238
1418176406182375428
1418176620150628357
1418176652891275266
1418176677646110720
1418176733036089348
1418176739868614656
1418176840305360896
1418176959419404289
1418176982785875968
1418177027090362369
1418177114675859456
1418177148339343360
1418177278803070979
1418177420331528205
1418177437771440132
1418177442456473603
1418177446365519872
1418177467970473985
1418177513805733888
1418177582764281857
1418177714209570818
1418177756307853313
1418177877539950593
1418177939234033664
1418177997929123844
1418178018837778435
1418178044464873477
1418178049074470916
1418178072835198977
1418178154586427399
1418178197250785282
1418178294453768194
1418178303513534467
1418178468953612288
1418178479871430657
1418178496157949960
1418178496866791425
1418178526356942850
1418178539250200576
1418178553955471360
1418178554701942786
1418178581574963207
1418178648574550027
1418178700525383685
1418178723250118657
1418178861381132288
1418178868284993539
1418178925604319237
1418178973842935813
1418178989437374466
1418179021683232768
1418179055506034694
1418179070517555200
1418179119938998282
1418179175874244610
1418179258472714244
1418179266634829826
1418179269084291076
1418179271781232643
1418179278743564290
1418179279112720384
1418179279649591301
1418179283839823878
1418179312155570176
1418179334167277575
1418179396935028738
1418179410927173633
1418179430606950403
1418179457983127552
1418179458608078848
1418179466476589062
1418179516355293187
1418179651701256199
1418179687403204614
1418179784639717376
1418179789706432513
1418179873378537477
1418179887056228353
1418179941653430272
1418180088944898049
1418180097601908739
1418180108075028483
1418180110197444608
1418180173061570560
1418180273544437761
1418180286840549377
1418180402695524355
1418180641552801795
1418180658367766534
1418180679926484999
1418180756338262020
1418181024945741831
1418181042704470025
1418181182173425669
1418181355398221826
1418181536361422848
1418181620641697792
1418181716322230272
1418181782952988674
1418181861013139459
1418181870244798465
1418181908085751811
1418181919297216514
1418181946832789504
1418181953279385600
1418182011035004931
1418182110565838856
1418182119562616833
1418182274177277955
1418182295421345792
1418182481585528833
1418182521645412356
1418182539995455490
1418182577693904897
1418182687584526345
1418182789443121154
1418182794837209088
1418182800637837312
1418182898310594565
1418183041227247618
1418183068263849988
1418183072072224770
1418183113839087619
1418183183938506754
1418183194449416194
1418183228653981703
1418183237172666372
1418183447403769868
1418183447760224256
1418183622847311872
1418183633526009857
1418183665817989124
1418183856000282633
1418183899918766085
1418183938862985218
1418183955975712769
1418184055418507264
1418184128479088650
1418184201313079296
1418184299484958726
1418184391424192512
1418184428447313926
1418184454028333058
1418184548005912580
1418184558692995074
1418184627525726211
1418184785680289794
1418184884724588544
1418184939653193728
1418185002571927555
1418185344332320768
1418185346232340488
1418185529955438600
1418185610813132805
1418185619503788032
1418185645701337088
1418185816761851910
1418185885099700230
1418185965550641152
1418185972588630016
1418186016775720976
1418186081850302467
1418186173395177472
1418186186028462081
1418186341725130754
1418186407210856449
1418186441977384962
1418186569974943744
1418186609426681857
1418186668142694402
1418186692708732928
1418186754570559489
1418187057386643458
1418187176131563523
1418187244431675397
1418187273728937989
1418187310403887107
1418187348068769798
1418187463269433351
1418187581381038080
1418187715217170435
1418187823245668353
1418187856250613762
1418187878098743304
1418187941755580421
1418188138892038146
1418188266189246470
1418188292957294597
1418188355557380097
1418188379599122433
1418188391989104640
1418188583605780484
1418188614840750085
1418188742863597572
1418188846777393157
1418188905648726016
1418188913630498822
1418188920760717315
1418188975492108288
1418189067154513925
1418189080999784452
1418189081230548993
1418189180795080710
1418189199795265542
1418189206099316738
1418189219894382597
1418189277893169158
1418189316531097609
1418189332708413441
1418189682010214401
1418189903511408644
1418190016182988801
1418190050454540288
1418190068175486980
1418190091936321541
1418190178779283461
1418190222899257350
1418190251848306693
1418190296840556544
1418190433390374915
1418190484686651394
1418190589129109509
1418190626215051273
1418190657617805313
1418190674143363074
1418190741533339649
1418190851474395140
1418190946307563522
1418191009377308686
1418191012065906689
1418191058240946182
1418191249744465921
1418191255813644289
1418191325678211072
1418191420524007431
1418191598517690368
1418191686828761089
1418191843125342210
1418191849072758791
1418191866852528129
1418191868324614147
1418192070246903811
1418192188610072577
1418192208398856201
1418192267068727296
1418192417933701128
1418192420638973955
1418192452322738188
1418192489392050176
1418192513152823296
1418192550960140294
1418192612956282882
1418192748440608772
1418192861368102922
1418192868318011392
1418193097914191873
1418193104415375367
1418193229443371009
1418193242114428935
1418193278537699334
1418193297852542981
1418193299165356035
1418193358145609728
1418193359244447744
1418193504430350337
1418193530451804166
1418193591768387585
1418193646982152201
1418193647422615555
1418193668863823875
1418193675805409283
1418193694327513090
1418193697951338496
1418193745380511746
1418193769816547331
1418193798178410500
1418193986326605825
1418194114932264961
1418194116278583297
1418194190819807232
1418194233672994821
1418194298953211906
1418194369753067520
1418194370235338754
1418194424652304390
1418194460333256714
1418194464275902471
1418194505279361029
1418194615258304514
1418194651744505867
1418194661299085313
1418194669389897730
1418194677384237060
1418194749903806465
1418195025947676676
1418195051029610496
1418195092247093253
1418195184320397314
1418195277719252997
1418195528706412548
1418195555377946624
1418195624206405633
1418195640492953601
1418195775713071105
1418195945683136517
1418196215175553025
1418196379239784451
1418196446491389963
1418196534676557824
1418196589001203712
1418196646098243587
1418196769922502657
1418196773873594370
1418196779972108300
1418196892152995841
1418197120146984964
1418197193312321541
1418197237226692608
1418197257338433541
1418197376519577600
1418197393942749187
1418197423323758594
1418197466042847236
1418197603133632513
1418197677414789120
1418197791885586433
1418197975172530178
1418198508570660864
1418198542183657473
1418198652279877632
1418198830877716485
1418198864033615873
1418198930672717833
1418198948569751552
1418199018639958021
1418199093336236037
1418199143395336193
1418199247967571979
1418199254254895104
1418199840073396225
1418199887376785412
1418199912706043911
1418199954749722625
1418199962119192576
1418200362951921671
1418200506908901377
1418200567478996993
1418200661821468673
1418200705421152262
1418200732977831942
1418200753370394625
1418200844663758851
1418200958371237889
1418201047659593736
1418201059948961792
1418201071873400833
1418201130891366400
1418201160679182341
1418201292749557760
1418201393152897031
1418201435859308546
1418201569665994759
1418201580369711107
1418201663790370824
1418201671591550976
1418201720224731139
1418201756601765889
1418201929302175749
1418202276674506761
1418202374124957702
1418202496850399233
1418202790673883144
1418202797820964874
1418202810630299653
1418202939257237505
1418203129225560065
1418203133407342594
1418203425582505984
1418203675386945537
1418203688510836736
1418204115918757896
1418204120612151303
1418204155764633604
1418204169282981888
1418204180532006916
1418204226816118785
1418204265445683213
1418204318985953291
1418204322626686978
1418204323847278592
1418204351974109198
1418204429707202570
1418204618799017984
1418204653980995589
1418204803491004416
1418205002640805889
1418205088124866572
1418205147335909376
1418205366156881928
1418205492455755788
1418205524521218049
1418205826678853642
1418206057835339783
1418206087325659140
1418206117344157696
1418206222256275459
1418206268964048900
1418206380926726147
1418206426342825985
1418206524644552711
1418206714017505281
1418206750390501376
1418206770715971587
1418206929441103879
1418206948747485185
1418207039331790858
1418207142775955466
1418207204306391043
1418207368169496576
1418207439518724096
1418207537686474765
1418207586722074633
1418207594884198408
1418208039413243911
1418208085261180946
1418208165947002890
1418208280174764052
1418208310369521671
1418208705779159044
1418208714452987911
1418208731532120074
1418208767208955908
1418209076337541126
1418209222601236493
1418209222848917504
1418209334668894208
1418209457704562688
1418209746801233929
1418209924908126217
1418209935586775047
1418210040780005383
1418210136070320131
1418210185651179531
1418210225606205448
1418210535204540421
1418210769368281098
1418210795809247239
1418210894077595653
1418211065297440778
1418211073308516359
1418211347225989124
1418211385440301059
1418211503300177935
1418211533255974934
1418211567422738434
1418211577753309185
1418211873820798981
1418211990678380549
1418212147155243015
1418212161264832520
1418212196882862091
1418212234514206732
1418212825948844051
1418212841257984007
1418212979380658177
1418212989153513472
1418213060360110088
1418213217558433794
1418213404569833476
1418213535855702016
1418213543464226828
1418213602931011584
1418213929667358730
1418214104058064902
1418214121414135808
1418214137008562189
1418214193535221764
1418214333201350661
1418214334606442501
1418214482862493700
1418214498586877960
1418214498599505930
1418214498779861001
1418214558452228117
1418214729864994825
1418214949390667791
1418214952951705606
1418215027018854404
1418215403356975104
1418215416892051466
1418215505035513856
1418215625978093581
1418215636862332933
1418215651651428353
1418215977293017095
1418216002660175878
1418216151608291345
1418216161540407296
1418216167072694273
1418216176329523212
1418216328796655616
1418216502692515857
1418216518135934984
1418216763301392385
1418216765461614593
1418216797619195913
1418216816766197772
1418216863503314945
1418216887960227853
1418216923293122572
1418217033796251659
1418217216038752258
1418217533245558791
1418217561183776778
1418217564644147202
1418217604888481804
1418217673788325889
1418217740188360712
1418217829694726144
1418218224970190854
1418218331404849163
1418218354117017605
1418218442625146898
1418218719302410262
1418218969794703365
1418219085196894208
1418219165454794764
1418219418534912009
1418219444778635265
1418219520670326786
1418219531588325376
1418219531667841032
1418219531714142208
1418219681698107395
1418219796290707458
1418219800069738504
1418219834802802701
1418219860438355974
1418220047244271631
1418220071814565889
1418220116337061890
1418220218778669058
1418220477391142913
1418220483653234693
1418220546433556489
1418220939012050950
1418220957957705736
1418221019366522893
1418221048672047116
1418221113100824591
1418221148760805392
1418221168184545280
1418221207967526926
1418221616228536336
1418221640031211533
1418221865210769419
1418221873561706498
1418222063098101770
1418222066067664897
1418222180727279629
1418222280358785031
1418222396280958987
1418222438140157958
1418222438899347459
1418222584173236229
1418222605228675079
1418222710191050752
1418222787378909195
1418222803115991040
1418222895403212813
1418222934636711936
1418223130162581506
1418223407401820173
1418223539484729357
1418223605586956288
1418223621986611206
1418223637077757958
1418223800940863506
1418223870289477637
1418224001172660227
1418224071452422150
1418224136803950593
1418224317184102404
1418224321030332434
1418224321252663298
1418224325740556310
1418224332182986758
1418224337635606539
1418224355679551488
1418224370099519500
1418224404706721805
1418224471605846017
1418224525301276672
1418224553671553024
1418224570511740943
1418224690020196354
1418224910820773892
1418224937643372550
1418224951090319367
1418224963119550469
1418225098880815109
1418225283266666496
1418225329655599105
1418225330624495620
1418225344893517833
1418225475776778247
1418225618181791751
1418225651488894977
1418225844665847808
1418225914849021955
1418225960252444682
1418225987330793479
1418226039289831445
1418226151600758791
1418226161994256395
1418226226049687553
1418226319998033922
1418226359805964290
1418226453871665165
1418226462637711370
1418226771145723912
1418226856881389578
1418226873449029633
1418226891325018117
1418226911231283202
1418226964649836556
1418227006517379083
1418227081301929986
1418227081406603273
1418227131524468737
1418227144870727682
1418227157004734473
1418227195793661954
1418227259719225346
1418227301205020674
1418227328774131716
1418227333069115392
1418227367819030530
1418227386466791428
1418227391399346178
1418227490397380611
1418227625734991874
1418227725286903809
1418227786020446214
1418227787492511745
1418227805586874372
1418227835521572868
1418227874763509761
1418227900365606914
1418227963875708933
1418228090854014987
1418228093735653377
1418228195950612484
1418228226057400330
1418228231543549958
1418228256935866371
1418228270227607563
1418228305531187203
1418228374464512007
1418228413949779970
1418228420027289600
1418228548599488517
1418228618384314368
1418228927789666305
1418228952527671310
1418229169822052353
1418229337946533895
1418229358351765508
1418229450441961473
1418229484461887488
1418229524295299074
1418229529672359940
1418229681707433987
1418229716717277185
1418229790486761478
1418229862909812745
1418229970367827976
1418230064253218821
1418230140971200518
1418230250018856960
1418230489803075593
1418230508677390338
1418230691981037568
1418230695583965184
1418230783345577988
1418230852933365766
1418230888530423813
1418230936429268996
1418230947963678721
1418230951004581891
1418230993979314180
1418231004364513286
1418231007526981636
1418231085356421129
1418231338923184129
1418231369310818304
1418231465691828227
1418231593739689984
1418231597149605891
1418231628615196672
1418231712224530437
1418231778687467523
1418231835939770371
1418231841694355456
1418231843128811521
1418232068677459969
1418232072599187461
1418232110285037569
1418232186382192644
1418232201574076425
1418232352275410948
1418232374899453954
1418232471234174977
1418232626691952644
1418232679493951491
1418232721005064195
1418232871307853831
1418232949124837378
1418233077797691396
1418233145011363844
1418233149616762882
1418233150090661889
1418233167312470016
1418233240138174464
1418233262179246085
1418233280491663363
1418233331150462976
1418233486918496257
1418233493688029188
1418233564143968256
1418233624369926144
1418233660537458691
1418233676740145158
1418233755156746243
1418233821745618953
1418233920382963715
1418233966314860544
1418234019590905861
1418234039329230849
1418234074532130818
1418234107830710278
1418234127724081153
1418234137861836807
1418234154748190720
1418234178567610371
1418234211916464128
1418234270200565761
1418234280266899460
1418234379743158273
1418234389390143490
1418234513201762313
1418234631099322380
1418234631137239050
1418234631191597067
1418234631304859652
1418234697738510336
1418234838784651266
1418234903586562052
1418234973916733443
1418234998851837965
1418235134776512515
1418235142808686593
1418235198140002305
1418235214460071936
1418235238568931329
1418235350598791176
1418235417988579328
1418235486393483275
1418235644611072007
1418235659899133957
1418235732142039041
1418235763309821957
1418235768993107969
1418235782041673735
1418235889440804864
1418235958261161986
1418236067023659010
1418236089630928900
1418236133645901825
1418236169234563072
1418236215376203776
1418236249106796545
1418236250314641408
1418236268627038214
1418236385597796353
1418236489238994946
1418236510470643712
1418236565726314499
1418236571971694592
1418236644369502210
1418236754918838279
1418236778142650368
1418236802209484803
1418236837219426305
1418236911680954372
1418236926642032640
1418236947466702848
1418236977384722432
1418237098398789633
1418237154854121472
1418237163569876998
1418237289814282243
1418237424421933058
1418237502264066048
1418237559310852100
1418237655238709248
1418237679980924929
1418237692198928388
1418237927486738437
1418237997724708871
1418238103450492935
1418238173017219080
1418238205783121928
1418238207720833034
1418238444409696260
1418238456673808388
1418238653223030787
1418238663784374278
1418238691466784769
1418238764523167753
1418239131398836227
1418239201854857217
1418239206812422144
1418239271685828614
1418239365743091718
1418239416028434438
1418239417639178243
1418239425276960771
1418239438216380421
1418239443014651904
1418239639761178638
1418239666554347520
1418239724972609543
1418239752311123970
1418239824486621194
1418239958729601027
1418239989251551238
1418240016120221701
1418240037326569479
1418240061104082945
1418240163801714690
1418240234098151425
1418240243627659266
1418240244034555910
1418240278704623625
1418240335638061060
1418240342143426571
1418240367229603848
1418240380932399109
1418240429049487361
1418240436767010820
1418240637774843905
1418240686562885636
1418240714434035714
1418240761607434240
1418240783623262212
1418240844964970496
1418240947737989127
1418240965555351556
1418241085046931457
1418241153044996105
1418241165107900416
1418241177015496704
1418241200277135363
1418241238218772481
1418241270493888516
1418241280086323200
1418241297463316488
1418241352005996545
1418241517450371073
1418241670160822277
1418241704981839877
1418241742197960708
1418241799718674433
1418241815992442889
1418241828583886852
1418242108570456066
1418242316498870275
1418242379132329984
1418242460409548812
1418242717633630210
1418242743567015937
1418242833186762752
1418242912568102918
1418243111147515906
1418243146039939085
1418243188591112192
1418243203891871752
1418243205749948420
1418243208098762755
1418243237928701953
1418243300272787460
1418243330195005441
1418243350763868161
1418243402198552576
1418243408708177920
1418243543341088773
1418243673935028224
1418243745682792448
1418243804256157698
1418243867346935812
1418243950561959941
1418244001346564102
1418244002395086848
1418244058745614337
1418244064001073153
1418244250756595714
1418244384290713603
1418244384328400902
1418244562498240512
1418244589752881152
1418244884901896198
1418244901087625216
1418244954980237317
1418245279585902592
1418245303937900547
1418245418786476035
1418245512151670784
1418245536814088193
1418245654288244736
1418245655731089409
1418245775415517187
1418245808886108169
1418245937969905666
1418246049764974592
1418246106690068485
1418246138893946884
1418246196175462401
1418246347350708229
1418246418616229897
1418246456142663684
1418246744278814720
1418246798020423682
1418246923497127940
1418246926491963392
1418246962286039045
1418246974453788674
1418247071396777991
1418247121355087879
1418247149146492937
1418247263583973376
1418247318483226632
1418247321477861384
1418247390503522308
1418247474062319619
1418247493075230720
1418247700626149385
1418247734956630016
1418247813473968137
1418247834172862466
1418247902909116416
1418248012715937796
1418248075450195978
1418248081028620296
1418248106764771330
1418248126486482950
1418248218501124105
1418248267746455558
1418248359471632385
1418248465151414275
1418248480317923334
1418248505852940290
1418248531576492036
1418248531891085312
1418248578141671431
1418248731632209922
1418248783746539521
1418248857163599872
1418249020494028805
1418249022075244545
1418249051028525058
1418249059207426052
1418249297137651712
1418249308487438337
1418249328423063556
1418249359108493316
1418249378645561348
1418249496023257098
1418249512171233282
1418249568916021252
1418249835124232196
1418249844548935683
1418249848017629184
1418249955710574603
1418250009233874946
1418250016628432902
1418250039483326475
1418250087344578563
1418250091501084673
1418250201396092928
1418250475527409668
1418250528220499983
1418250607295713286
1418250742494810117
1418250746823430148
1418250760396156935
1418250814439710725
1418250919343439881
1418250972237807620
1418251039472594945
1418251040349118465
1418251089615458307
1418251127842291715
1418251202249302022
1418251223203995654
1418251492243374080
1418251528964562953
1418251538644967425
1418251644333068290
1418251750608457729
1418251793130213382
1418251898977611780
1418251965813960714
1418252018615980037
1418252160962285578
1418252316143198213
1418252423005626370
1418252467058380801
1418252492643737604
1418252569256894465
1418252672193413124
1418252750496747520
1418252795556290563
1418252810668421131
1418252885381484544
1418252908647301130
1418253098569568259
1418253099140005890
1418253310201577472
1418253319462703110
1418253326219632649
1418253382364585989
1418253413608005633
1418253424202768387
1418253469568352256
1418253622664736768
1418253665895321604
1418253959752466437
1418254059971268609
1418254107337543680
1418254216699731970
1418254331351076867
1418254343938232324
1418254512016400388
1418254517410443264
1418254519138455559
1418254521583742977
1418254566467018754
1418254618740600832
1418254665557417987
1418254859430682637
1418254968335777796
1418255050019938306
1418255083779891202
1418255248276209667
1418255518838177797
1418255527675580423
1418255536823455747
1418255544058580996
1418255728981204995
1418255914696593409
1418255921793445891
1418256052332765185
1418256062847889411
1418256066345934853
1418256177201299457
1418256204187508744
1418256220733980673
1418256228485042188
1418256228770361348
1418256278347001859
1418256398832578575
1418256497591599112
1418256520685531144
1418256551027019780
1418256600532389891
1418256601543331849
1418256637693997058
1418256725237452800
1418257213450293248
1418257236158255113
1418257283956592645
1418257340361551879
1418257418178420739
1418257477167108096
1418257581672443905
1418257606532112389
1418257637712482307
1418257669559885824
1418257670629429250
1418257676417605632
1418257736077303815
1418257798530576384
1418257833443971073
1418257880684318725
1418257889890799618
1418257999974518790
1418258004009488385
1418258362937094144
1418258571687600137
1418258574317400072
1418258650574041101
1418258815884087299
1418259014576640005
1418259038823796738
1418259171535986695
1418259216561852416
1418259306743484416
1418259356169220107
1418259424934825985
1418259428302860288
1418259458929659908
1418259530207617036
1418259550889709569
1418259551636295683
1418259589028528134
1418259668586176518
1418259677960417285
1418259736072499205
1418259753126531077
1418259753495638018
1418259796986241028
1418259828703592453
1418259830339477509
1418259835754356743
1418260263560691713
1418260313695309825
1418260322096398338
1418260360885309440
1418260551944351747
1418260835642888195
1418261102874484740
1418261152916770821
1418261292696186883
1418261537899286528
1418261583227203587
1418261604253241348
1418261662755401734
1418261875087773696
1418262068449398785
1418262203858313217
1418262274381385733
1418262276210102278
1418262401011658752
1418262469785571330
1418262554120491009
1418262709343227907
1418262785662889992
1418262816880951299
1418262865832673280
1418263114227884035
1418263181567434753
1418263461272948742
1418263617275846660
1418263705981231113
1418263709257015302
1418263916178706437
1418264040363761664
1418264096949116935
1418264293754249224
1418264406287437829
1418264435291037703
1418264640694493185
1418264686500347905
1418264688765382660
1418264709896278018
1418264749721202697
1418265084757938176
1418265090130944003
1418265129318326277
1418265141922127874
1418265209198755842
1418265284545335296
1418265488543690752
1418265512279265285
1418265588309372936
1418265836951949314
1418265842605776898
1418266054455873538
1418266127608713218
1418266309444481031
1418266364230438913
1418266469608140801
1418266538818342916
1418266599962853381
1418266644623810563
1418266686982131713
1418266782251487233
1418266855106506753
1418266856855535619
1418266911180271617
1418267016105009159
1418267290580160522
1418267631526809604
1418267650338312196
1418267695993262085
1418267834191421441
1418267838884847627
1418267845537017861
1418267903955197958
1418267938315030535
1418268114156982278
1418268375944503296
1418268433939116033
1418268575643602945
1418268676684492800
1418268682934013952
1418268834503483395
1418268945178562560
1418268991357849600
1418269171230576646
1418269171264237569
1418269202402746373
1418269221847552017
1418269262725144589
1418269310011772930
1418269374473900034
1418269384951304193
1418269557031161860
1418269618674745364
1418269647183486978
1418269671627837445
1418269672340918277
1418269698974748674
1418269737465810953
1418269829715439621
1418269923508461569
1418269981725405188
1418270033185226753
1418270098893193216
1418270111291613184
1418270301025185793
1418270442893283349
1418270472865820674
1418270552104579076
1418270570085507075
1418270584547561476
1418270921002045448
1418270926928588807
1418271213730869250
1418271320127721473
1418271345583001607
1418271441716498437
1418271520204414977
1418271908005564416
1418271944760303624
1418272140093165568
1418272197483929607
1418272275783196675
1418272291113349122
1418272375083315206
1418272509829517312
1418272710074015745
1418272926701326343
1418272962327859207
1418272979591565312
1418272999996903424
1418273096646135810
1418273132595589122
1418273386434732034
1418273387378405376
1418273388141940736
1418273393976266754
1418273396354437128
1418273538490966021
1418273638139244549
1418273665980973062
1418273757953765381
1418273775779450881
1418273889961062400
1418273918419443720
1418273928162725897
1418273996529971208
1418274106827579392
1418274261131833352
1418274381378301958
1418274383114743814
1418274492850319369
1418274531991375874
1418274615810576386
1418274641802633217
1418274648308043776
1418274669514342400
1418274686207766536
1418274875886776322
1418275046385201156
1418275296948666374
1418275400124358658
1418275547529031681
1418275548137197572
1418275697462759424
1418276180608929793
1418276241505927174
1418276255884001283
1418276271360987139
1418276437715472386
1418276463074230276
1418276767551393795
1418276841949958147
1418276848224587777
1418276981980938247
1418277141272317962
1418277161664921602
1418277163586002948
1418277166459068420
1418277224915079174
1418277257605419017
1418277298126659593
1418277311208636417
1418277414682173444
1418277519837515776
1418277539454328836
1418277591048392704
1418277657750425605
1418277778328281093
1418277875606773763
1418277879033565186
1418277927515475974
1418277940928806914
1418277956728786950
1418278042305171456
1418278281875447809
1418278307548774402
1418278644351385606
1418278759816388610
1418278813453197318
1418278823271993344
1418278856117702657
1418279007276179461
1418279046216028164
1418279191347335180
1418279230178275330
1418279251439194115
1418279332527628288
1418279478153949190
1418279872351322121
1418279912121774080
1418279951749484544
1418280025833582595
1418280040635281418
1418280046259748868
1418280159304634369
1418280181219823618
1418280447440785410
1418280512205082631
1418280548154359811
1418280739033034757
1418280815931297793
1418280894947803142
1418280911133724679
1418280928548372481
1418280934344888320
1418280936341442566
1418281157783863296
1418281371395629067
1418281449774530565
1418281509887295492
1418281564572725250
1418281571988148236
1418281632713302018
1418281640095363083
1418281908920848384
1418281915019403270
1418281948091490304
1418282112038227972
1418282194506768384
1418282239092199425
1418282493556535301
1418282507091517441
1418282560501817345
1418282641049235475
1418282769726193674
1418282834431811586
1418282887539986438
1418282949338861573
1418283143874990087
1418283215798870020
1418283390676217856
1418283512659070981
1418283582414589952
1418283711611691008
1418283835129798658
1418283862770307075
1418283866675195907
1418284088247701504
1418284151736840197
1418284222641434637
1418284325246754819
1418284437981237258
1418284466175414287
1418284550543876105
1418284674552672262
1418284714549383168
1418284715463745538
1418284718236262413
1418284803963641867
1418284850923163656
1418284963141758977
1418285106595307530
1418285113461325825
1418285171422502923
1418285301030608900
1418285432006119424
1418285480668405764
1418285611786641409
1418285620322045959
1418285624163983360
1418285755240222721
1418286125848879112
1418286204399800325
1418286305230917635
1418286368938156043
1418286480070488065
1418286616146292743
1418286706395074563
1418286773717843972
1418286774183419905
1418286780542029826
1418286811999264772
1418286840919044097
1418286931306237954
1418287059769479173
1418287097916579841
1418287100592541698
1418287166090842112
1418287181899177992
1418287190417809409
1418287200165404673
1418287352699670530
1418287361478250507
1418287497193431044
1418287523890147335
1418287533004316679
1418287711794892802
1418287786042400772
1418287793692975105
1418288040259330051
1418288155216785416
1418288284032249861
1418288414005383172
1418288492279382021
1418288492455632897
1418288639474286596
1418288671678210048
1418288895729491969
1418288899403702279
1418288965522759682
1418289105654456327
1418289136675475457
1418289153163374593
1418289191671189507
1418289231424851971
1418289265142747142
1418289351671402500
1418289389919145985
1418289410349703171
1418289439604871170
1418289611445620740
1418289760704114689
1418289948759887872
1418290033082130437
1418290038736101380
1418290191958257665
1418290241400672262
1418290258995785729
1418290269506650114
1418290551233908736
1418290574684303368
1418290590513565696
1418291082081746953
1418291120728158212
1418291572362330113
1418291719108546569
1418291724804403201
1418291736133128197
1418291934850949120
1418292031663845382
1418292100546899968
1418292143756619785
1418292229114929159
1418292284647526406
1418292411353255936
1418292449164804102
1418292449231921153
1418292894067200001
1418292895606611976
1418292982395162624
1418292993308692487
1418293197470584837
1418293291855097857
1418293313396953097
1418293313548005377
1418293345110085638
1418293472214364160
1418293494532218886
1418293591131271171
1418293594784415744
1418293789073059849
1418293920581181449
1418293970258513926
1418294210294333450
1418294214748741639
1418294401261056002
1418294420647055361
1418294433154469892
1418294548011302923
1418294569339441154
1418294794225340421
1418294936953397248
1418295029064290306
1418295076061655041
1418295090607497217
1418295146186256388
1418295158282588165
1418295198015270914
1418295315573223427
1418295317439647754
1418295420531482632
1418295500424454145
1418295616812331012
1418295707228901384
1418295709930070022
1418295820944875525
1418295825789329414
1418296038436257793
1418296043943383044
1418296208641114120
1418296303683981313
1418296404645195780
1418296423137914885
1418296436685410309
1418296852466835462
1418297060047138832
1418297071895994375
1418297119291723782
1418297196332691466
1418297219686539267
1418297286384308232
1418297347138854917
1418297511324835846
1418297545881751552
1418297680904835076
1418297839814389763
1418297924010774529
1418297940779618306
1418298179121000454
1418298279683624961
1418298324394852362
1418298527361421315
1418298566397812736
1418298618075885569
1418298953687261185
1418299247112429576
1418299364846538757
1418299556333301760
1418299557281153024
1418299564658991105
1418299808775917574
1418299824378630153
1418299939990515715
1418300015177576448
1418300062380150786
1418300194790289417
1418300345252470790
1418300347399933952
1418300457836060673
1418300540992303107
1418300666842320899
1418300720311328772
1418300833016516609
1418300844798353415
1418300879841726477
1418300985995374596
1418301141700513794
1418301266447503372
1418301271686123532
1418301318893015045
1418301425893978114
1418301579745284097
1418301746162675722
1418301823979507712
1418301825241976833
1418301838617501699
1418301972625637393
1418302038128136197
1418302199139119105
1418302334086656005
1418302687012077577
1418302787021070339
1418302957028888582
1418303006475436032
1418303437410906116
1418303503152422913
1418303763174105096
1418304012072402950
1418304120323248128
1418304123359961093
1418304256357109769
1418304595667963906
1418304596062220295
1418304642694455296
1418304726542790663
1418304745031225344
1418304803814391822
1418304843983196160
1418304961646141443
1418305095368855554
1418305095440248832
1418305233889943553
1418305285681160193
1418305604578336773
1418305644504002567
1418305842168934405
1418306155873460226
1418306310332993538
1418306316284608520
1418306700562546688
1418306745395412996
1418306755675652097
1418307019409350665
1418307107812782082
1418307127228174342
1418307268483948549
1418307360162914307
1418307498256252930
1418307507173404673
1418308243403780099
1418308383090872322
1418308467543183360
1418308473381658625
1418308522840842242
1418308841058578437
1418308926915944451
1418309076879085569
1418309639490445313
1418309641952497665
1418309651083452418
1418309708746739715
1418309762018529282
1418309934501048321
1418310102109638663
1418310137287045121
1418310244833402882
1418310333924626432
1418310365428031494
1418310486253244423
1418310805888684034
1418310858774568970
1418310941452685321
1418311019017998343
1418311414394101761
1418311443611590663
1418311616681160708
1418311895984099328
1418312081888137223
1418312371886608385
1418312472872767491
1418312867447779329
1418312897890029573
1418312995633995777
1418313018790776833
1418313162575818764
1418313168611209218
1418313440209289216
1418313575882444802
1418313639577235456
1418313651736436741
1418313669029605377
1418313749908316164
1418313874626039809
1418313928464084996
1418314008029978631
1418314012136296448
1418314073603821573
1418314234820186115
1418314401506070532
1418314405847109633
1418314433240109056
1418314705182019586
1418314897243451397
1418314910346395650
1418314915803275268
1418314917724184587
1418314938012012548
1418315001664839683
1418315218501869570
1418315246943547397
1418315438728130561
1418315753653166083
1418315779641159681
1418315905893871617
1418316094373236744
1418316174987780102
1418316239781433352
1418316244818833411
1418316324384739332
1418316399966052353
1418316577632628746
1418316686550347776
1418316689113034752
1418317181402636289
1418317328102592522
1418317548907638784
1418317707750133763
1418317929968545794
1418317991599644673
1418318097191260167
1418318439106613254
1418318473923547140
1418318483985625088
1418318693667311618
1418318835145449477
1418318837703868416
1418319119984873475
1418319208589393921
1418319232731914248
1418319245830762498
1418319355641835520
1418319364571414531
1418319405470130180
1418319943142035458
1418320029100216321
1418320144103772165
1418320265424031755
1418320325595512834
1418320429220081664
1418320522585251844
1418320541665091590
1418320664721829890
1418320694144913414
1418320742647746561
1418320962437718016
1418320996889731075
1418321212296634371
1418321304407744525
1418321410313883660
1418321556749668361
1418321777458089988
1418321810651815939
1418321899130601475
1418322029644816390
1418322100335566855
1418322115196080133
1418322118593421316
1418322141141950465
1418322283203018761
1418322352220299271
1418322356536238089
1418322435313700870
1418322461561663493
1418322499885019148
1418322746963111936
1418322829502816257
1418322843553738753
1418322981676273668
1418322984054439936
1418323022256168968
1418323134298591248
1418323222731366412
1418323245413982210
1418323298761457669
1418323325957386241
1418323484762071058
1418323488667021315
1418323503456178176
1418323610813542416
1418323631227215881
1418323641578790913
1418323898026844171
1418323972177993729
1418323975583711232
1418324100271988740
1418324150830174214
1418324467990908928
1418324524194430977
1418324722257960963
1418324808765427719
1418324856194621448
1418324988227059712
1418325027695517696
1418325399512272898
1418325409909854210
1418325570694356993
1418325767168143361
1418325832150495233
1418325996298768385
1418326045732835331
1418326241111904256
1418326298590683136
1418326402361958410
1418326636936761351
1418326743232958469
1418326763713802247
1418326892579631110
1418326915178541059
1418327189402103811
1418327436471767045
1418327722166718469
1418327822549098499
1418327949657399306
1418328210471854093
1418328642493505537
1418328685317443589
1418328757111336965
1418328961608785926
1418329198998003714
1418330011694559232
1418330089486528516
1418330092800036866
1418330097078181891
1418330134793408514
1418330295972110341
1418330346383360000
1418330390159310849
1418330903596654593
1418330940871483393
1418330949545340929
1418330990725013507
1418331424311193607
1418331488672702465
1418331531462983681
1418331543941042181
1418331628582100996
1418331673830121474
1418332041452589061
1418332077162909701
1418332209589723149
1418332409892806656
1418332459456811008
1418332472341942277
1418332487743262723
1418332546929020931
1418332814911606793
1418333076841660420
1418333272245895170
1418333523807805441
1418333623644692485
1418333807317450757
1418333817555804164
1418333875395256325
1418333959784603649
1418334130215981058
1418334467165409280
1418334537407336450
1418334552406122496
1418334679934017536
1418334869369888770
1418335084373966851
1418335204045844482
1418335239269621760
1418335295586504709
1418335312317755393
1418335626013802497
1418335670293123079
1418335809678286850
1418335818486272005
1418336126880948226
1418336393604988931
1418336694324006913
1418337147698827269
1418337392751104003
1418337514771812353
1418337602722144261
1418337761870979074
1418337773254217734
1418338023473762304
1418338718876794881
1418338798618890243
1418338956182056965
1418339022510821380
1418339153926782979
1418339206942834699
1418339639103008768
1418339647281942531
1418339950437666822
1418340086748389378
1418340588567420929
1418340711628304389
1418340844470521857
1418340912887865350
1418341153024483338
1418341183156375557
1418341208384966661
1418341218191233027
1418341326630780930
1418341448680759296
1418341492993691648
1418341549520433153
1418342129751887872
1418342256843509761
1418342445713031170
1418342588684267520
1418343175236751364
1418343444683141121
1418343452585218057
1418343563012751364
1418343647427407874
1418343908191395840
1418344028140097536
1418344226388123662
1418344596036325378
1418344685483986950
1418345313136480257
1418345629395341318
1418345765404123145
1418346732577071104
1418346826625953795
1418346888349331459
1418347130188668933
1418347326435991552
1418347457034047493
1418347573904039938
1418347621320740866
1418347885234688002
1418347997570740226
1418348265540567048
1418348663089340419
1418349035954614276
1418351274064494592
1418351562943090689
1418351660905156612
1418351865859911681
1418352003739226114
1418352126905004034
1418352153287081986
1418352304747683849
1418352405041790979
1418352647057334272
1418352742565810177
1418353036242608129
1418353061471342598
1418353062268260354
1418353218946576392
1418353650100064259
1418354015365107712
1418355010367283204
1418355066050842629
1418355410290057216
1418355437720641536
1418355590070407170
1418355688078774280
1418355777933348864
1418355906497089536
1418356222550495236
1418356580735766528
1418357717253697540
1418357876406562818
1418358030505238534
1418358477806882816
1418358893495963652
1418359803844366338
1418359879870332928
1418360038465343491
1418360156883140612
