1273405074962857986
1273405113177198593
1273405124975747077
1273405143409623047
1273405184962637826
1273405202779959297
1273405328957140992
1273405545374941185
1273405552375279617
1273405639725809664
1273405734051614720
1273405789101793286
1273405796429242369
1273405797960232963
1273405800338403329
1273405829044109312
1273405906525597696
1273405914587037696
1273406015975931906
1273406076940095489
1273406107646640129
1273406116551110656
1273406126860709889
1273406184914108418
1273406196997689345
1273406233022693376
1273406286693105665
1273406355928383490
1273406476288131076
1273406529862017026
1273406606940819456
1273406645905821696
1273406762725650433
1273406771332341766
1273406830836842497
1273406973380354049
1273406986248470528
1273407052103155712
1273407092787838976
1273407099247169543
1273407119459565571
1273407129437663232
1273407132168323072
1273407269573705730
1273407276179693575
1273407353476517890
1273407400725360641
1273407403283922946
1273407553918173184
1273407593541664769
1273407655520997377
1273407810085310465
1273407874551762944
1273407900711559174
1273407934916177921
1273407938594570240
1273407942235164675
1273407954423775232
1273407980503957504
1273408034757398529
1273408208925794307
1273408270624002049
1273408273077735424
1273408289972330499
1273408327129710595
1273408443165151236
1273408488790724619
1273408557526941698
1273408562463674369
1273408614800273409
1273408643296382983
1273408650850304000
1273408772040323072
1273408778835316736
1273408822342713345
1273408888898027522
1273408936704708610
1273409083949940737
1273409124055875585
1273409183837302785
1273409339294978049
1273409345854849024
1273409379128283136
1273409425701851138
1273409631059152896
1273409658510888961
1273409857782263810
1273410052142006272
1273410154420199432
1273410242420899842
1273410335442075649
1273410356170444800
1273410370594635777
1273410384817504259
1273410390899204098
1273410410293727233
1273410462433120256
1273410465297817600
1273410557874495490
1273410568804724738
1273410970199699458
1273411154497470467
1273411171958304769
1273411178912526342
1273411249607454720
1273411280565686272
1273411291974164480
1273411338237284353
1273411364535533568
1273411372538347521
1273411445984841729
1273411502108807169
1273411559923081221
1273411622149804032
1273411826496286720
1273411857827745802
1273411945153138689
1273412208358297605
1273412285621551105
1273412300595232768
1273412314994262017
1273412372678479872
1273412398544715782
1273412511384174593
1273412518728421376
1273412603134578689
1273413025303797760
1273413188575518723
1273413198193078272
1273413311187562499
1273413361825230848
1273413398986985473
1273413473532293120
1273413563093266439
1273413596719058945
1273413745797206017
1273413867163582465
1273413915893006336
1273413984776073216
1273414135972343817
1273414241140322309
1273414360006877184
1273414539380473857
1273414571525537793
1273414708683563011
1273414731760533504
1273414830104477696
1273414954545229824
1273414995175526401
1273415153250373633
1273415238612856832
1273415355017420802
1273415397065265152
1273415483308548102
1273415674648358912
1273415738452213761
1273415774179414017
1273415823974162432
1273416072511852544
1273416192737280006
1273416331489161218
1273416386983804928
1273416449701404673
1273416500850950150
1273416644166127616
1273416661266247681
1273416681218605057
1273416873200234497
1273417052506767361
1273417189878648833
1273417210606862336
1273417290051129344
1273417369289920516
1273417398562050048
1273417495345577984
1273417663172272129
1273417919351963650
1273417977380175874
1273418010682888193
1273418095143587842
1273418193516793856
1273418220960198665
1273418229533343744
1273418239465447424
1273418282138296320
1273418301478141952
1273418312375025664
1273418607662415872
1273418696783015937
1273418708397015040
1273418754983186440
1273418772821553154
1273418781516275712
1273418804002000896
1273418899921477632
1273418900554813440
1273418909954310154
1273418918967881729
1273418941818384384
1273418960369836039
1273419047678496769
1273419150761869312
1273419239144263680
1273419291044569088
1273419303686152193
1273419407314821121
1273419407725903874
1273419517281124353
1273419556967657472
1273419622834933761
1273419647950491648
1273419727646470147
1273419810349690888
1273420047797673984
1273420052705030145
1273420174209646593
1273420321593462785
1273420378866671618
1273420388689760260
1273420442246799362
1273420540460568577
1273420715220402178
1273420766911102986
1273420775031177219
1273420897836249094
1273420999694913541
1273421322803167232
1273421329555914753
1273421353299906562
1273421433276940288
1273421509286154240
1273421692594008064
1273421746402725889
1273421820692172801
1273421920357306369
1273421982248337408
1273421990091726852
1273422010450935809
1273422020718530560
1273422073696858114
1273422086724345856
1273422088670457857
1273422202176712718
1273422309064392706
1273422341389811715
1273422405797646337
1273422743300706304
1273422808417214464
1273422836854673408
1273422925618647040
1273423012461715457
1273423072398360576
1273423146385842176
1273423235279998976
1273423277164240897
1273423531980849153
1273423566332100615
1273423568802582528
1273423584183099396
1273423590214504450
1273423686234779649
1273423695319650304
1273423843676299265
1273423911431045120
1273423920826322944
1273423974320439297
1273424054607806466
1273424076695113730
1273424078464942080
1273424121435762688
1273424169758228486
1273424236724584456
1273424262641209351
1273424354903113729
1273424368136323073
1273424416819609600
1273424434343415809
1273424443285688320
1273424465079275520
1273424485773959179
1273424595421446146
1273424624475398145
1273424627755372544
1273424711213625344
1273424722018131968
1273424774736248832
1273424793665183745
1273424800829132801
1273424890893406210
1273425078198427648
1273425102290509824
1273425127452094472
1273425178819690498
1273425268170993669
1273425441630666752
1273425722787401728
1273425730328813569
1273425756144705540
1273426292931788800
1273426423622053888
1273426671618732033
1273426753088864257
1273426803865128963
1273426842414804992
1273426864594354176
1273426893405138944
1273426954130161664
1273427045016633350
1273427107218182145
1273427162851393542
1273427250701127680
1273427344984850432
1273427477885595654
1273427701169340416
1273427712548368384
1273427728981778432
1273427857533001729
1273428002915966976
1273428336191160322
1273428498892443654
1273428678282788873
1273428845585145861
1273428875339587586
1273428897598668800
1273428964795695105
1273429251543511042
1273429279708262400
1273429645476708352
1273429729933131776
1273429795888672769
1273429869251174400
1273430045646782465
1273430162437259264
1273430178237231104
1273430255001354245
1273430281026973698
1273430434593091586
1273430506009493506
1273430557276471296
1273430857223716867
1273430905781211136
1273430993408610305
1273431149990367235
1273431303136911360
1273431443419643906
1273431460540801025
1273431486536937473
1273431659069804544
1273431763625312256
1273431782516498440
1273431820202315776
1273431936854298624
1273431974913421312
1273432040197799937
1273432078160408576
1273432177636761606
1273432276819480578
1273432656588484614
1273432659667148801
1273432666772328449
1273432734061465601
1273432956342874114
1273433236232982528
1273433292407218176
1273433326058119168
1273433401933156352
1273433541196554240
1273433619076448257
1273433733387956229
1273433770562064385
1273433900916920321
1273433990201069571
1273434000137347073
1273434407349768195
1273434543542996993
1273434595166490625
1273434820568383488
1273434842714300417
1273435046125412353
1273435110470291456
1273435188605960196
1273435217085321216
1273435346190192644
1273435514478252033
1273435603015815168
1273435743382310912
1273435975050498048
1273435991215411200
1273436014841933825
1273436090154844161
1273436296275427328
1273436355603947525
1273436458456502274
1273436509409075200
1273436740540301312
1273436804990078976
1273436953774620672
1273437124331700226
1273437138688802818
1273437206737227784
1273437777816780800
1273437792283119622
1273437846939074562
1273437921656307714
1273437983065157635
1273438202704134145
1273438571790245888
1273438672864542720
1273438917065408513
1273438972224700416
1273439069935198210
1273439073898766339
1273439113077809152
1273439219709546498
1273439424156708870
1273439521493975042
1273439633108619267
1273439718726918144
1273440010637922306
1273440185557102594
1273440202367909889
1273440687065890817
1273440881916477441
1273441138645573634
1273441195486842881
1273441446985695238
1273441472453492736
1273441562534514690
1273441574114832384
1273441668394635265
1273441719045021696
1273441734870142983
1273441800087363584
1273441886703935493
1273442110805598210
1273442203944341506
1273442563903668226
1273442774549966849
1273442792249921536
1273443047255179270
1273443197830627329
1273443294115246080
1273443373106552834
1273443502031097856
1273443647976099841
1273444148209758209
1273444159559544832
1273444501051367426
1273444527492280320
1273444587856683008
1273445074270109696
1273445156608409601
1273445270328672258
1273445343099867136
1273445491364245506
1273445726375288834
1273445745207783427
1273445767366279169
1273445828313649154
1273446011860590593
1273446025731153923
1273446295248736256
1273446417638592512
1273446737227780096
1273446987472547840
1273447046582882304
1273447286824026113
1273447489773932545
1273447515178840065
1273447937146748933
1273448117745201154
1273448282833006592
1273448670495682561
1273448906777677827
1273448916986576896
1273448960523370498
1273449159991926784
1273449165645897728
1273449211468677125
1273449431761915909
1273449867537334272
1273450023401988096
1273450044008681482
1273450092465475586
1273450364319281152
1273450501565304832
1273450507454087173
1273451133705555968
1273451264345505795
1273451329273450503
1273451410080903168
1273451997031739392
1273452573912162305
1273452594338414593
1273452789562294273
1273452837733834752
1273452850904006656
1273452877235851264
1273453360583192576
1273453382683017223
1273453455156416517
1273453810862772224
1273454468760252417
1273455034584436738
1273455088476893184
1273455510315040770
1273455859155243008
1273455985382825989
1273456154212007936
1273456377323835396
1273456656681181186
1273456664663019520
1273456839305330689
1273457009862553602
1273457504681328640
1273457561774194689
1273457575879749632
1273457759351123972
1273457828863381504
1273457829572235267
1273457840171220993
1273457904390209537
1273457924988420097
1273457952129777671
1273458404649062400
1273458622723481602
1273458630763982848
1273458750125412352
1273458825987792898
1273458854299185153
1273459007525662720
1273459290167226368
1273459747077992450
1273459941563682818
1273459981162078208
1273460115493081089
1273460510978183170
1273460556373131270
1273460857666703360
1273460957243736067
1273461217747664901
1273461347641102336
1273461380373504001
1273461480046972928
1273461748415320064
1273461998462828547
1273462403565522944
1273462498964967424
1273462555411873792
1273462660760326144
1273462729538494466
1273462895343435776
1273463145969922049
1273463688134103041
1273464309855780865
1273464705613512706
1273464778065879040
1273464935813505024
1273465331860848640
1273465515458080768
1273465645548613632
1273465865648975872
1273466086265143296
1273466258474897409
1273466412082831360
1273467269927129090
1273467605978931202
1273467728431644672
1273468016500629504
1273468092786585607
1273468739195940864
1273468774121975809
1273468985145729024
1273469030024839170
1273469072416690178
1273469136828542977
1273469313131982848
1273469358988296193
1273469368014422016
1273469620389847040
1273469626165460992
1273469741643059200
1273469874677805056
1273470005905182721
1273470094597861377
1273470408235286528
1273470661005119488
1273470666000523266
1273470969672335360
1273471019475513344
1273471044121174019
1273471813851525120
1273471946613809152
1273472216634658816
1273472323539083265
1273472393147809795
1273473071341600768
1273473098319187969
1273473458433921025
1273474217036709888
1273475050583347200
1273475072804687874
1273475495707975681
1273475764739022848
1273476102825160704
1273476203282825223
1273476379800109057
1273476607420833792
1273476972711161857
1273477654147207168
1273477703434461184
1273477717611208706
1273478096990212096
1273478449764630528
1273478785086750721
1273479301602643968
1273479334020472833
1273479510734897152
1273481430354591744
1273481882487980034
1273482276928720896
1273482633125773312
1273483381741957122
1273484130064510977
1273484256661078017
1273484267822223361
1273485215080558597
1273485279899389952
1273485286442512384
1273485295292428291
1273486139303907330
1273486263937576960
1273486285542481920
1273487253449388034
1273487961498279936
1273488470749655041
1273488592350912513
1273488599078617088
1273488615599980546
1273488703361613824
1273488895108358146
1273489000624316422
1273489142517846016
1273489144254251009
1273489689224384513
1273490414843113473
1273492909862653952
1273493303703613441
1273494613496602624
1273494901682995202
1273494975758688256
1273495758600372224
1273496083918962688
1273496545464389632
1273498066826526721
1273500195272241152
1273502599522680832
1273503132610433026
1273504214044610560
1273504501882916865
1273506122616496128
1273506385611743232
1273508343924101126
1273508466125156352
1273508642545979392
1273509793454600192
1273510759071453185
1273512648106299395
1273512851785879554
1273514100325330945
1273514111540871169
1273515064834822144
1273515069226319872
1273515071596044288
1273515074318204931
1273515076411174912
1273515082346004480
1273515087438000129
1273515089853845504
1273515092555059200
1273515098980716544
1273515101912543232
1273515109483192321
1273515112767291392
1273515115942420480
1273515328962789376
1273515338957836289
1273515969969782784
1273516346303750144
1273516739914092545
1273517146627280902
1273520164567502848
1273520907064094725
1273521079584206848
1273521195237945349
1273521907892183041
1273522701278248961
1273524708785487874
1273525118199902208
1273525205806260224
1273525354968334336
1273526412478160903
1273528869216309249
1273529115585458176
1273529246821089282
1273530914304405505
1273531147398582272
1273531209826668544
1273531374943842304
1273531565717495808
1273531624878112768
1273532126181429252
1273533462792884224
1273534755628290049
1273539033604542464
1273539134431338496
1273540348892020736
1273541733528350720
1273542354968801280
1273542373893705730
1273542559202238465
1273546740159909889
1273546845533491200
1273547240783691776
1273547458379997185
1273549828027568129
1273550330354192385
1273550745770606592
1273551351381929988
1273551719197298688
1273551907986997248
1273552452952961024
1273552516366643200
1273552852171063296
1273552866377191425
1273553402258165760
1273554966226128896
1273555091845455873
1273556058661744642
1273556475177316353
1273557130889609218
1273557312624627713
1273557349601546243
1273557682092457985
1273557703332294658
1273557746059743232
1273558213439389697
1273558335887835137
1273558711857025026
1273559308022812673
1273559455297343494
1273559463686004736
1273560736233590787
1273560916764889088
1273560963028049920
1273561195413409798
1273561244964925440
1273561266951467009
1273562201379557376
1273562300931346434
1273562564320993287
1273562769237749765
1273563507041107971
1273563842342158337
1273563869814947840
1273564074526355456
1273564197394227200
1273564273990602754
1273565608290979840
1273566288842014721
1273566375278149638
1273566787515416576
1273567045741940739
1273567110908776453
1273567600371531776
1273568252464173056
1273568281820114944
1273569367406653440
1273569444875374593
1273569641248575494
1273569859943759874
1273570887887917056
1273571078443610114
1273571146663890944
1273571173796909057
1273571668510769153
1273571888657203201
1273571911906267136
1273571995918229510
1273572163661049856
1273572479714447363
1273572761038979072
1273572791955140608
1273573213553987584
1273573275931684865
1273573458635620352
1273573747451138055
1273573925797212160
1273574108735795202
1273574121482399751
1273574140931461122
1273574870476095488
1273574932358803458
1273575033164701696
1273575342096220160
1273575349151023105
1273575373046009856
1273575454184747012
1273575466125996034
1273575583809712128
1273575920964689920
1273576030800936961
1273576080536977409
1273576178520150017
1273576221373345792
1273576508968370177
1273576614417305601
1273576807799894016
1273576823650123776
1273576886627696641
1273577054710177794
1273577244976467968
1273577602616365057
1273577719649927168
1273578167605886977
1273578193472102400
1273578582716166144
1273578706670219266
1273578708939485184
1273578734969389057
1273578916842819584
1273579276961484801
1273579284934938627
1273579500509544455
1273579593585197057
1273579686120116224
1273579686275276801
1273579704054882305
1273579849349836800
1273579877858492416
1273579921093337088
1273579964936282112
1273580518160977920
1273580522296524800
1273580668333756416
1273580734779801601
1273580749527166977
1273580860114116611
1273580999583117319
1273581246136934400
1273581432837988353
1273581808597295109
1273581813122904064
1273581814695723010
1273582076114145280
1273582329391431682
1273582342058266625
1273582509465444354
1273582604772573184
1273583163130945536
1273583207619969025
1273583461719252993
1273583888263270400
1273584264102252545
1273584304631791616
1273584575067959297
1273584808095100928
1273584962940346369
1273585060000657414
1273585087209189376
1273585277768880128
1273585322056695808
1273585380915380225
1273585919220727809
1273585936035610624
1273585961067261954
1273586258229579778
1273586261551222786
1273586292232617984
1273586319717957639
1273586338365952002
1273586457387638788
1273586493110583297
1273586517705981952
1273586526123892737
1273586630281043972
1273586749202186240
1273586982669766657
1273587016731701248
1273587458773602307
1273587558224662528
1273587640219074562
1273587810495270915
1273588001101287425
1273588105887522817
1273588459266019333
1273588772794322948
1273589082090876933
1273589144166576130
1273589328090931202
1273589396382646275
1273589514330652674
1273589725782302720
1273589997917126656
1273590046810157056
1273590102560845825
1273590212619382785
1273590441942945793
1273590534628536321
1273590537304629251
1273590556367761411
1273590572264099842
1273590880591654912
1273591322524504064
1273591423607201794
1273591429881872387
1273591482671341569
1273591595057717248
1273592146566709248
1273592306755649537
1273592593893507073
1273592703482281985
1273592732594900994
1273592866619756544
1273593143141838852
1273593163282878465
1273593413758259200
1273593511720423424
1273593563532742658
1273593716628955136
1273593806147862529
1273593845398323206
1273593946044858373
1273594034494332928
1273594108708298753
1273594415190245376
1273594424698769416
1273594615262859265
1273594649886720001
1273594715825491970
1273594794401566721
1273594883782193153
1273595074966720513
1273595564672929792
1273595588169392130
1273595624013914112
1273595625423220736
1273595696835420160
1273595860715175937
1273595949718347779
1273595986758295552
1273595998284189696
1273596041900756994
1273596099144617985
1273596141641314304
1273596149069418499
1273596337586614273
1273596355383099393
1273596449201295364
1273596683331481601
1273596698053545986
1273596838789230597
1273597005143642114
1273597085900816384
1273597252708286469
1273597394530295808
1273597398489726977
1273597400259670039
1273597607621865476
1273597630057271296
1273597635383918593
1273597783971332096
1273597832423968769
1273597837612396544
1273597972043968512
1273598126092410884
1273598131846987777
1273598136351707136
1273598282611281920
1273598318753480707
1273598655254192131
1273598822334246913
1273598839224594432
1273598900356681730
1273598972603629570
1273599045626404868
1273599066312753153
1273599122084372481
1273599129244053505
1273599399634100224
1273599469846659073
1273599499659890692
1273599515736576001
1273599519058538504
1273599552625532928
1273599610271993867
1273599865961005057
1273600133469483014
1273600291921965058
1273600345634152448
1273600351040667650
1273600368967114758
1273600383827525632
1273600542573502465
1273600867837644800
1273600890314907648
1273601012050378758
1273601169873649664
1273601181705740290
1273601265457606659
1273601359443628034
1273601360634744834
1273601409057984513
1273601452305514499
1273601509872238592
1273601543942606850
1273601712364929024
1273602094793195522
1273602320790683652
1273602377396846592
1273602454119239687
1273602502026498048
1273602548843380739
1273602840418816002
1273602949978169344
1273602951551102984
1273603035403554816
1273603275640668161
1273603371052695554
1273603506960838656
1273603517903712257
1273603628310257664
1273603629518409731
1273603649252528130
1273603775715053569
1273603782602117123
1273603839304904705
1273603978358599682
1273603993906712582
1273603994112360449
1273604032855244801
1273604036202242048
1273604113935355905
1273604124035084291
1273604242520055809
1273604401354231809
1273604487945629698
1273604613141344258
1273604642547609602
1273604741956800513
1273604757677056002
1273604819148845056
1273605132891099136
1273605229272076288
1273605387174973440
1273605515348770821
1273605585175547904
1273605632059473921
1273605657921544193
1273605668604387330
1273605671750176768
1273605705698770945
1273605744127094785
1273605757112631297
1273605834308804608
1273605883747074050
1273606194796597253
1273606227109580801
1273606254171238401
1273606270570946560
1273606393786925056
1273606498015461377
1273606557465489413
1273606605364477952
1273606632606400513
1273607294232653825
1273607473400819713
1273607638354452481
1273608122976940032
1273608264148713472
1273608371954950144
1273608439063666689
1273608448354201600
1273608545834078209
1273608574850269184
1273608790886289408
1273608908460847107
1273609023724695552
1273609100027482114
1273609133095366658
1273609135230156800
1273609189345169409
1273609224841461760
1273609377707106304
1273609383512018946
1273609426734374915
1273609455985479682
1273609502391250945
1273609616946069506
1273609745589559298
1273609890779607048
1273609922022903809
1273609946563837953
1273610065812099073
1273610070488748032
1273610197798354944
1273610209248849921
1273610235584958465
1273610375028781059
1273610459040661504
1273610527898509320
1273610546009473025
1273610598656413697
1273610805209153536
1273610840764186624
1273610903599144961
1273611087691370503
1273611310417080322
1273611549396082690
1273612040213614592
1273612040762994693
1273612043854192646
1273612184447340544
1273612293801152513
1273612390853152768
1273612582205755393
1273612656981786624
1273612689634451456
1273612729929121793
1273612807318261760
1273613068577185794
1273613170645635072
1273613239641923585
1273613334286393344
1273613387499438087
1273613510136729603
1273613697873780745
1273613854854066180
1273613873183162376
1273614037977387008
1273614323177398275
1273614382505869314
1273614449337872386
1273614477192200192
1273614579390730246
1273614599552749568
1273614674278453250
1273614734869311492
1273614753580158977
1273614853865902080
1273614912485556225
1273614917447438342
1273615053397397506
1273615211732389888
1273615220745871360
1273615451986235393
1273615452279836673
1273615453894651906
1273615486358560768
1273615572077621248
1273615579962892289
1273615580315234304
1273615634992152576
1273615678831017986
1273615766470959104
1273615881050959872
1273615942795345921
1273616195883859968
1273616414159646721
1273616457994170368
1273616460263206913
1273616462565871616
1273616507482910720
1273616713884536834
1273616749339062274
1273616840766500867
1273616934467186688
1273616943438868480
1273617061038698498
1273617098082856961
1273617210196602881
1273617210481631232
1273617263443218432
1273617404581609474
1273617527420133378
1273617658529886209
1273617885240471553
1273617899643682817
1273618191349157891
1273618324778344448
1273618395347521539
1273618402054193152
1273618503296331781
1273618509969403904
1273618526453055488
1273618728798822402
1273618914757541891
1273618938144972803
1273618945032019970
1273618991844655104
1273619154784915457
1273619164977135616
1273619254303129600
1273619346074537985
1273619414810755072
1273619430413656064
1273619534285615115
1273619535040589825
1273619548856516609
1273619733187907584
1273619745850433537
1273619774430425088
1273619860241735681
1273619931192594433
1273619935181393923
1273619998947278848
1273620014508257281
1273620126571679746
1273620230380478464
1273620238869946375
1273620246641983489
1273620270457270275
1273620567493574659
1273620585206042625
1273620593372528641
1273620667397812225
1273620723895058432
1273620828601626630
1273620852794437761
1273620928556085248
1273621011179753479
1273621030024687616
1273621086148722689
1273621123129696256
1273621286388994054
1273621338725535751
1273621389384310784
1273621554065289223
1273621684235444225
1273621747963584512
1273621758793388034
1273621922639740930
1273621923382124546
1273622544290123776
1273622614351716359
1273622648975773697
1273622725215608832
1273623116506333185
1273623211398365185
1273623242050322432
1273623316071317505
1273623343502155776
1273623345364336641
1273623354315100160
1273623429057515526
1273623438897405952
1273623474427363329
1273623636264595462
1273623680304717825
1273623728816037888
1273623928414646272
1273624006466260992
1273624054197563393
1273624112590729219
1273624142999404544
1273624182987927553
1273624188809613313
1273624201291804674
1273624268719325184
1273624367382040578
1273624452685799424
1273624484260519936
1273624643295944705
1273624740159205377
1273624906538811392
1273625011698499590
1273625015540494340
1273625324551618561
1273625561240346630
1273625608057245702
1273625799506231296
1273625834268569601
1273625957547552775
1273625982268854272
1273626016070729729
1273626086413385728
1273626102829850624
1273626188892844032
1273626298498404352
1273626392505331712
1273626462583762944
1273626483446218758
1273626612748242945
1273626621426241536
1273626648861081600
1273626679169019904
1273626698370686976
1273626825399300097
1273626836279406592
1273626870878273543
1273626886212669442
1273626889060593671
1273627033357205510
1273627064348934145
1273627144388780034
1273627149057036289
1273627241113624583
1273627254002716674
1273627277977423872
1273627365596413955
1273627489621942273
1273627623495778304
1273627743532584961
1273627859949625345
1273627900718338049
1273628003067723778
1273628181686345729
1273628193677869056
1273628221674840072
1273628311961419776
1273628340751159297
1273628346639925248
1273628378013335553
1273628401073618946
1273628510289039360
1273628596746309633
1273628804766982152
1273628846022156294
1273628973944184832
1273629056295198721
1273629075945467905
1273629146783105024
1273629223949918209
1273629239045218310
1273629301510770688
1273629301708029953
1273629400240656385
1273629600233512961
1273629673713545222
1273629711948808192
1273629722166136835
1273629826876915719
1273629899769683968
1273629992262471680
1273630011795349505
1273630014278426624
1273630090283401216
1273630727024844802
1273630786516848641
1273630847523053568
1273630890434998281
1273631082957635585
1273631131670319106
1273631162804645890
1273631310616150016
1273631319290007552
1273631398318964736
1273631629744001025
1273631740112797697
1273632008535715842
1273632013250187264
1273632086432206854
1273632225137963010
1273632444722352129
1273632466025287683
1273632771186003968
1273632804857958401
1273632819839893504
1273632944016556032
1273633032231157760
1273633075956723713
1273633155820523527
1273633163026345985
1273633403129167877
1273633486822391810
1273633492711231488
1273633744050704384
1273633750438547463
1273633761939218433
1273634035986771968
1273634090529546240
1273634131038134272
1273634184544817160
1273634314308157441
1273634332855414787
1273634406532624387
1273634465823305730
1273634548979564544
1273634599864881154
1273634676004073472
1273634799643774976
1273635065046671361
1273635080947281920
1273635083245817856
1273635084265050114
1273635280596205568
1273635284656275459
1273635332492333056
1273635512549548032
1273635577829756928
1273635599304536068
1273635643646709766
1273635713901363208
1273635767684907010
1273635860588658690
1273635872320225280
1273636005296459776
1273636093657825285
1273636203833823232
1273636411749646337
1273636458088333314
1273636548915888128
1273636551692599302
1273636573590859776
1273636587985752064
1273636624912519171
1273636702276509697
1273636789333512195
1273636807809421323
1273636931893637120
1273637151482183681
1273637175314309121
1273637349965127680
1273637390603751424
1273637488234500097
1273637655427809281
1273637717646213120
1273637756422455296
1273638081174941699
1273638212188155904
1273638224691421185
1273638562890747904
1273638742323011586
1273638879678136322
1273638993163255811
1273639006304178176
1273639104434122753
1273639106338328581
1273639278539653120
1273639289901940736
1273639542201954304
1273639587219492865
1273639589874405377
1273639765724803073
1273639799635824640
1273639897769836545
1273639930573524995
1273640023984873473
1273640173486641154
1273640215568154624
1273640376637800452
1273640398221717504
1273640655739387917
1273640706582745088
1273641073353601029
1273641109357461504
1273641131830640645
1273641208833769472
1273641239917846528
1273641336915230720
1273641380007600128
1273641390484922369
1273641493434191876
1273641502103740422
1273641621406404609
1273641783524720640
1273642057555378176
1273642269447503872
1273642290607788033
1273642351714598912
1273642435676168192
1273642489086455809
1273642493746319363
1273642506517983232
1273642560838340608
1273642599149117441
1273642614844260352
1273642644472815618
1273642668892082176
1273642826744705026
1273642885850845190
1273642985931051010
1273643003530432512
1273643122292113408
1273643321156657152
1273643393143488514
1273643458226520064
1273643530473345024
1273643639776972810
1273643738888355841
1273643754252107776
1273643810191532037
1273643837953576962
1273643939741028355
1273644414729150465
1273645071729033216
1273645136283602945
1273645397433552906
1273645407055290370
1273645483802742789
1273645753236324354
1273645772073025541
1273645924745719808
1273645958799245312
1273646106627526661
1273646213590585345
1273646248545980418
1273646358789046273
1273646367307636737
1273646589568057345
1273646655670108160
1273646660812509185
1273646661240160256
1273646738910347264
1273646762499158018
1273646906430742528
1273647055127359488
1273647127500070913
1273647139114098688
1273647169338314764
1273647350779707392
1273647409214693376
1273647514969870337
1273647676131868672
1273647736575983621
1273647813155524612
1273647885238915072
1273647912979963906
1273648046535049219
1273648169847488512
1273648314198745089
1273648365868396550
1273648435326078978
1273648808547831808
1273649067197857793
1273649163297841155
1273649346307862529
1273649406227644416
1273649484002623491
1273649555297484800
1273649706908950531
1273649716161626124
1273649758880628743
1273649931836960768
1273650312226758660
1273650851194814466
1273651009076834306
1273651168351268864
1273651500099743745
1273651748247347200
1273651763460128772
1273651998177529856
1273652008319410176
1273652240188874761
1273652270400446467
1273652281402175489
1273652289904021504
1273652318106517504
1273652400956588035
1273652595639320577
1273652611296657408
1273652705140125699
1273653082010849281
1273653189968105474
1273653316904517633
1273653718672707587
1273653740848009217
1273653778563174401
1273653972671365123
1273654050886684672
1273654140091195392
1273654218566643712
1273654291367149568
1273654389996244998
1273654665809461248
1273654749666119680
1273654902758215681
1273654970399719425
1273655202290204672
1273655297723244544
1273655325556686856
1273655471421997056
1273655588543557632
1273655825370931200
1273655910511116289
1273655987283599361
1273655995957379074
1273656052949618689
1273656105470554117
1273656117655146500
1273656132612108288
1273656150509174785
1273656164996321280
1273656200748507136
1273656334785957888
1273656774965460992
1273656898756239360
1273656910651305984
1273656961943441408
1273656996387082241
1273657083150434305
1273657158844940289
1273657263543267329
1273657380279136257
1273657437208424449
1273657589377699842
1273657616116432897
1273657741555503104
1273657768046665729
1273657864427409409
1273657989757452290
1273658100403376128
1273658297120366592
1273658349494702082
1273658373217624064
1273658463814549504
1273658519296839682
1273658621524676608
1273658685877878785
1273658858989289473
1273658994125611010
1273659016669835264
1273659126502096896
1273659334262689793
1273659547954094081
1273659617919328257
1273659632167333889
1273659677096763392
1273659883112538117
1273660238168801281
1273660283693776896
1273660293500076032
1273660599612968960
1273660664511373313
1273660862717460487
1273660867507376128
1273661004925337605
1273661115982110720
1273661130444099586
1273661169144905730
1273661236341768194
1273661303995990017
1273661754514563074
1273661757383274496
1273661759539351553
1273661760369614848
1273661764345966593
1273661809908645889
1273661831639437312
1273661888711270400
1273661922827788288
1273662104248213511
1273662117774835713
1273662282862604288
1273662344816664583
1273662384348028931
1273662413750120449
1273662579597025281
1273662588887478275
1273662751446044676
1273662918236798976
1273663040379117573
1273663076240363526
1273663110004563970
1273663174210969602
1273663217198301184
1273663292024721408
1273663455791382529
1273663491233193987
1273663494588694531
1273663572942430212
1273663737594097664
1273663749824618497
1273663863632924674
1273663905106202624
1273664137713930241
1273664240155590659
1273664243787857926
1273664275001860105
1273664410918301701
1273664684999217153
1273664846748241921
1273665074532679691
1273665083437187072
1273665147530350593
1273665313528299521
1273665554264588288
1273665652792885248
1273665896582692869
1273666052392714240
1273666121225379841
1273666158290501634
1273666442840485889
1273666469205889026
1273666494233219087
1273666510586773506
1273666559567892480
1273666685111853061
1273666784646836224
1273666786978869250
1273666804964110336
1273667121772363777
1273667160859164674
1273667439801368576
1273667585771474951
1273667631988563969
1273667637902544896
1273667662502146054
1273667768152469508
1273667957277839361
1273667962508115970
1273667964097740804
1273668079545995264
1273668102358777856
1273668548435550208
1273668684607823875
1273668818846527488
1273668867445919744
1273669062351077376
1273669097469902848
1273669202499514369
1273669391280996354
1273669418871066630
1273669426781528070
1273669610873794563
1273669628192006147
1273669695896461314
1273669778058739714
1273669796283011075
1273669845926674432
1273669849596583936
1273669921331908610
1273670005893316611
1273670233899913217
1273670327705440262
1273670467447074821
1273670593351692295
1273670957027282949
1273670983971483648
1273671139055800321
1273671162871062528
1273671314977538050
1273671427556880385
1273671455549554691
1273671468493287424
1273671483378860038
1273671576047824898
1273671634210209793
1273671638400274432
1273671769119952903
1273671801672011776
1273671831669452800
1273671957452599296
1273672123815518209
1273672504595427331
1273672520244346881
1273672745180684288
1273672801694748677
1273673045199269890
1273673113411170304
1273673116359802882
1273673220814749697
1273673243925381121
1273673321826189312
1273673507977793536
1273673535374925824
1273673616538898432
1273673708570279936
1273673778371969025
1273673891060293636
1273674052411015168
1273674381928136705
1273674385245843456
1273674566418694146
1273674613768302592
1273674769213382656
1273674881968803840
1273675195627319297
1273675226774220801
1273675264720023552
1273675314821038081
1273675492357476352
1273675619419795459
1273675627485253633
1273675828002541569
1273675936672690180
1273675964317421569
1273676341917949952
1273676472864178176
1273676490518016003
1273676608315043844
1273676723096346634
1273676862456320003
1273677046376534020
1273677133928333315
1273677141989888001
1273677187078672385
1273677189280681990
1273677228610662400
1273677228820303872
1273677269706424321
1273677315726364675
1273677529728106503
1273677832938491904
1273677866538905600
1273677894917730304
1273677901754499073
1273677965642158080
1273678082256310273
1273678086140309505
1273678141572239361
1273678241870614528
1273678347378327552
1273678374389649408
1273678576739631104
1273678597472104448
1273678670826278914
1273678788799410177
1273678859146231816
1273678923583369219
1273678967128678402
1273679059093000193
1273679440430673924
1273679571091697665
1273679697977712641
1273679736628285448
1273679869663199232
1273679932909064192
1273679978811609092
1273680056909467650
1273680509193916416
1273680537434062848
1273680561253560320
1273680669365993477
1273680713443946498
1273680859904856065
1273680937407205376
1273681061244010496
1273681234166722560
1273681240139485186
1273681277821104129
1273681558873026560
1273681652812861441
1273681789018669058
1273681880462876672
1273681931599785987
1273682014156324867
1273682048323117056
1273682086877106181
1273682133324828672
1273682551534690304
1273682969908125696
1273683091937263617
1273683208333406208
1273683259977805824
1273683325044035584
1273683336326713344
1273683396452126721
1273683464966062087
1273683542560702465
1273683779677294592
1273683989627355136
1273684056090296320
1273684186327592964
1273684503207313410
1273684769918930952
1273684843285676037
1273685010663518211
1273685121665839105
1273685138199777289
1273685252708458496
1273685443847098382
1273685475446919169
1273685583517421569
1273685833468514304
1273685851554398208
1273686049433280514
1273686346121478146
1273686426769666048
1273686492779601920
1273686617899896835
1273686703023312897
1273686803237797890
1273686971752353792
1273687323344076805
1273687446195077120
1273687478633971712
1273687628467093504
1273687997637169153
1273688095137939457
1273688133486415874
1273688221524930560
1273688255951667202
1273688402840498177
1273688410469871618
1273688429490917377
1273688462034690048
1273688575264133120
1273688702284369921
1273688884115898370
1273689059492315144
1273689083613765638
1273689100378353665
1273689170628747270
1273689361255747584
1273689500519202817
1273689641259065346
1273689762034003968
1273689875309637633
1273689907651846145
1273690103110606853
1273690120315645953
1273690121032826888
1273690131233374209
1273690131736780801
1273690131816427521
1273690219447975936
1273690330592927750
1273690374419222530
1273690446556954626
1273690499984117765
1273690516232773632
1273690951068848139
1273690991426523136
1273691053124734979
1273691070065451009
1273691222322921474
1273691242774347776
1273691452971892738
1273691552469209089
1273691691476811776
1273691828387225600
1273691896787992576
1273691954493165572
1273691959933181954
1273692069207445506
1273692145178873858
1273692320366542852
1273692484745527303
1273692500625063939
1273692543419650048
1273692554920366086
1273692735673958400
1273692738870001664
1273692861083652097
1273693027954016257
1273693036980158464
1273693321215586305
1273693446549704706
1273693534479101957
1273693571443576833
1273693636337774593
1273693652825628672
1273694002831908864
1273694006912876544
1273694147929681920
1273694178837499905
1273694257501671425
1273694371024646150
1273694479111905285
1273694525844852737
1273694688302727173
1273694972651409415
1273694979307769858
1273695087491452928
1273695247063756800
1273695387212230656
1273695544570007553
1273695636291026944
1273695673825865728
1273695692209508354
1273695846295654400
1273696027091050500
1273696070393106433
1273696219815186433
1273696398190481410
1273696432596422662
1273696435234635777
1273696476850466818
1273697050392133634
1273697147494502402
1273697170571624450
1273697239886635008
1273697483093348353
1273698008094425089
1273698091984658433
1273698225946603520
1273698270959800321
1273698292979961856
1273698335954817026
1273698431429758976
1273698556000550912
1273698777606602753
1273698862323175430
1273698919713771523
1273699503787274241
1273699891693453315
1273699942331269123
1273699974132490247
1273700054650535940
1273700117791617026
1273700149538193409
1273700186037108737
1273700197244297217
1273700251933835264
1273700486651293697
1273700805313531905
1273700879217156097
1273700930035372032
1273701026193797121
1273701090102575105
1273701107160829953
1273701264354947073
1273701294113525767
1273701867168477184
1273701965193719812
1273702039789490176
1273702220631101440
1273702336737751040
1273702429427732482
1273702472025026563
1273702640107610116
1273702709212991493
1273702733141422081
1273703279382409216
1273703408428634115
1273703472161062919
1273703964467441666
1273704008025341952
1273704181828853763
1273704295100289025
1273704376041975812
1273704796650864649
1273704906227138563
1273704908374638593
1273704999437111297
1273705118219763713
1273705253205159937
1273705295903109128
1273705717644570624
1273705818131742720
1273705901485154311
1273705978563833866
1273706202623549441
1273706229156786178
1273706272181936128
1273706406798114816
1273706419485884416
1273706518710550534
1273706648444506112
1273706696687464449
1273706706397208577
1273706732284452865
1273706773002715137
1273706807807131648
1273706856448430082
1273706927101534210
1273706987847647234
1273707055749255171
1273707061105307650
1273707296380653574
1273707304114929664
1273707346355802115
1273707348620726278
1273707376135331840
1273707481835933696
1273707580435685376
1273707776213225472
1273707781619683329
1273707896690348033
1273708044908736516
1273708175280222210
1273708246134665222
1273708342431662086
1273708347603238912
1273708448253767681
1273708461629616129
1273708715959599105
1273708813799964672
1273709187277750273
1273709577863720960
1273709585887625217
1273709638438072334
1273709644310097921
1273709688258002944
1273710412186386433
1273710634539122688
1273710645897244672
1273710683528593408
1273710697201971200
1273710781398466560
1273710871219445771
1273710885287145472
1273710971857645577
1273711068813066242
1273711189042892800
1273711464319266819
1273711577263484929
1273711665377423371
1273711809971859465
1273711856918634497
1273712099261321218
1273712140550123528
1273712359434043393
1273712419085463562
1273712637491253249
1273712771016908802
1273712952412188691
1273713290624012290
1273713345766424577
1273713566768680960
1273713654417043465
1273713870985736192
1273713956385959938
1273714009506820116
1273714277732560905
1273714313040211976
1273714589155328000
1273714842222899202
1273714856433156100
1273714875462639616
1273714899424874502
1273714944815566851
1273715023555244032
1273715040122818560
1273715045457965056
1273715067012427777
1273715363662921731
1273715368377319425
1273715455472123909
1273715475067932673
1273715631922139136
1273715941000589326
1273715959266672646
1273716006284820484
1273716235243577344
1273716266520309760
1273716314801045505
1273716577477832714
1273716795728261125
1273716796370096129
1273716837436530688
1273717080236396544
1273717089442893836
1273717176344723456
1273717530406858752
1273717768320319488
1273717772435013633
1273718099108339725
1273718099368464384
1273718224337723392
1273718440348581889
1273718593860128771
1273718636553871360
1273718821300383754
1273718857996304390
1273719132664614912
1273719164990115840
1273719213870497798
1273719214050811908
1273719322553323521
1273720484094410754
1273720576620797953
1273720690005479425
1273720889993912320
1273721036245172226
1273721592783265797
1273721818474479626
1273721818982072320
1273721820504621057
1273721850233851906
1273722152731111424
1273722156573028354
1273722403919667203
1273722437868322823
1273722459519320069
1273722521527992324
1273722766223687680
1273723043160952837
1273723178481782790
1273723265933094912
1273723307334959104
1273723519310888960
1273723697011085315
1273723870382632963
1273724219520679936
1273724221336752128
1273724268115787776
1273724268547919873
1273724429122576384
1273724445929222145
1273724549561974784
1273724942039822336
1273724954836598784
1273725048860348417
1273725435197526016
1273725690924404736
1273725715670802432
1273725745102282752
1273725794347515904
1273725819337179137
1273725906163576833
1273725960324513792
1273726462101721093
1273726617207128064
1273726660144234497
1273726822321139713
1273727044912848899
1273727255391416325
1273727538301296642
1273727666265501696
1273727750612881409
1273728052506382336
1273728213957644288
1273728245821833218
1273728297671766029
1273728297881538563
1273728302679810049
1273728347500142594
1273728632335347712
1273728809129435141
1273729017666048001
1273729068693889024
1273729142996041738
1273729313968398337
1273729408176664578
1273729462513868800
1273729470558502912
1273729602700148737
1273729692248440833
1273729818488705024
1273729841297317888
1273730110101823489
1273730256470511620
1273730667986259970
1273730909427073024
1273730970202628099
1273731306099261446
1273731555026968578
1273732259074449409
1273732339332505600
1273732412296630273
1273732649107021825
1273732854447472641
1273732899150446595
1273732919371149312
1273733019824726016
1273733182689591298
1273733283088683008
1273733364953108480
1273733926960467973
1273734316498006016
1273734339021414402
1273734344885092353
1273734404301631488
1273734436035743747
1273734509289185282
1273734750780502016
1273734963591077889
1273734990120001537
1273735148559904770
1273735187994685440
1273735300217479171
1273735362272165888
1273735551997276161
1273735580493504520
1273735686231859202
1273735703780884480
1273736013404409857
1273736057583001600
1273736811773337600
1273737056276172800
1273737200606359552
1273737252582105088
1273737369678733316
1273737374502203392
1273737437064441857
1273737479401754625
1273737481729585153
1273737556425875457
1273737651485577219
1273737885234200577
1273738060577083393
1273738111080595457
1273738136149991424
1273738218484219907
1273738224897273856
1273738381202251776
1273738763592744961
1273738939434782720
1273738951212310528
1273739107496271874
1273739132716691457
1273739165423853572
1273739304238448641
1273739351877394432
1273739513903357952
1273739715657773056
1273739828862074886
1273740236741382144
1273740541847580674
1273740632079716354
1273740776330137601
1273740786551738369
1273741036716732417
1273741118983868416
1273741209660506112
1273741435548979202
1273741496152395779
1273741870074605568
1273741873740427265
1273742007521902596
1273742038949920769
1273742089302560771
1273742622268497922
1273742633152757763
1273742642740944896
1273742685275402242
1273742713926684674
1273742976397836300
1273743113043861504
1273743128864927754
1273743173739741184
1273743201556455424
1273743355080577031
1273743367340466176
1273743385728356355
1273743659280805888
1273743938491502592
1273743985757106187
1273744111355428865
1273744177294163969
1273744302070534147
1273744325856428033
1273744472682225671
1273744483453145095
1273744555746025473
1273744674365341697
1273744774034571264
1273744979500900356
1273745024220573698
1273745067031683072
1273745206240776193
1273745230374883328
1273745606075453441
1273745629232103431
1273745649901678592
1273745733624180736
1273745846383804419
1273745868827635712
1273745909822689281
1273745972234006529
1273745984934346752
1273746092505563140
1273746182108569600
1273746205181464584
1273746253851983873
1273746270897790977
1273746305869926401
1273746538154594304
1273746583864201217
1273746796511219712
1273746896234917890
1273746933048360968
1273746944670777345
1273747075038171136
1273747286921744386
1273747327409422346
1273747403800272898
1273747494808281088
1273747517444890624
1273747659111759874
1273747751818481665
1273747765747765248
1273747859033206785
1273747970572406784
1273747983193067520
1273748053523140609
1273748091146055680
1273748168669347846
1273748252928757762
1273748487482597377
1273748550829199360
1273748604340101126
1273748691480870915
1273748721063297025
1273748736271962113
1273748744505303042
1273748806019043331
1273748816949379072
1273748938915483649
1273749015423746055
1273749047829041153
1273749116561096705
1273749126564503552
1273749174320631808
1273749243497459715
1273749274916986886
1273749360401154049
1273749393523593218
1273749546439491593
1273749565716520962
1273749606648733697
1273749765080129539
1273749827424268289
1273749865336655879
1273749941194817537
1273749964796067840
1273750027467440133
1273750035315003392
1273750089828388865
1273750110934044675
1273750136670298116
1273750184674111489
1273750223354040320
1273750280497135617
1273750411585953794
1273750495623069697
1273750547313700864
1273750556952182785
1273750625235406856
1273750633913466880
1273750643203887115
1273750679522344964
1273750701894705155
1273750720467042305
1273751065733758985
1273751138244988934
1273751149091401728
1273751212274434048
1273751236236492802
1273751292381454339
1273751300035862528
1273751307384389634
1273751361411317762
1273751575312433153
1273751639971762176
1273751745890574339
1273751781219143680
1273751882457022468
1273751977617391617
1273752009745801216
1273752049411383296
1273752073222283264
1273752088816820225
1273752090888847367
1273752122866257921
1273752215363244035
1273752233109262338
1273752262133899264
1273752351715856387
1273752408796037127
1273752442623180801
1273752502236786691
1273752512319959040
1273752526677061634
1273752657937813506
1273752658415964162
1273752765748121600
1273752805334036481
1273752830248210432
1273752985097641984
1273753017293115395
1273753076013445121
1273753106027855874
1273753224143671298
1273753269748338691
1273753400589549574
1273753437411262465
1273753445665660928
1273753467748663296
1273753537990873089
1273753588179914753
1273753643725053952
1273753673932341249
1273753682371325952
1273753718597586951
1273753776395083782
1273753794443182080
1273753823899762688
1273753850684624897
1273754009065709578
1273754023498260480
1273754036274151426
1273754041684803584
1273754072995319808
1273754117207396360
1273754228591378432
1273754241644068867
1273754324607348736
1273754339941777411
1273754385101795328
1273754480459333633
1273754587980271621
1273754736756428801
1273754854469533698
1273754872144420869
1273754982555291648
1273755015266664448
1273755018588557312
1273755135118802945
1273755232598720515
1273755261895876609
1273755292824670209
1273755357941305346
1273755456608092163
1273755506079866881
1273755531744862209
1273755583217311744
1273755587080269825
1273755735181201411
1273755756307808268
1273755770610429955
1273755797290352642
1273755876332056576
1273755974923362307
1273756062269747210
1273756063922339846
1273756096935669766
1273756098827218944
1273756383192678402
1273756622196748291
1273756624541417477
1273756626122690561
1273756635937341441
1273756639972200448
1273756718149898241
1273756797032181760
1273757133738303491
1273757184619360257
1273757291406295043
1273757307042750467
1273757334431576064
1273757383869829120
1273757405764096000
1273757411657089024
1273757448806023169
1273757476039675904
1273757484524736513
1273757515919036417
1273757570440867846
1273757790520193030
1273757854462291969
1273757904563298311
1273757968564129793
1273757979528085506
1273758136629891073
1273758181668380672
1273758185170579456
1273758293073309698
1273758303995285504
1273758337297940491
1273758339575558144
1273758353227952128
1273758605112750083
1273758610607296514
1273758653770862595
1273758677183467521
1273758798415626242
1273758844947177472
1273758963667009536
1273758971556478977
1273759016066441217
1273759096811016193
1273759105509920771
1273759169124937730
1273759284380217344
1273759383743164418
1273759394656923649
1273759478488403968
1273759494028365826
1273759515704467456
1273759583119564810
1273759700614553602
1273759741664206851
1273759877136093184
1273759937777319936
1273759948695113729
1273759982048235524
1273760020094689283
1273760037580800000
1273760136264323072
1273760213737275393
1273760281156616193
1273760301276692482
1273760397607272454
1273760416552955914
1273760422353678337
1273760506503987200
1273760536551993344
1273760547700383745
1273760642378448896
1273760680982622210
1273760752621572098
1273760864710115328
1273760953696432139
1273761010676006912
1273761020075540484
1273761047804076033
1273761103290531842
1273761141991395332
1273761173985538048
1273761188023881729
1273761227429347328
1273761248849559555
1273761267732406273
1273761270311903233
1273761301131603968
1273761549665140737
1273761607823196160
1273761608519553024
1273761786362245120
1273761963768778752
1273761979870654467
1273762047906414593
1273762056701906945
1273762073667866630
1273762077463764993
1273762087089692672
1273762494306287617
1273762726150656000
1273762778864640005
1273762795159539712
1273762928458596352
1273762948343902208
1273762966391971846
1273762998524526593
1273763011673632769
1273763018980065280
1273763031776985089
1273763054702989314
1273763071744512001
1273763133383901189
1273763142447792133
1273763215613333504
1273763219409166343
1273763316956123136
1273763641746165762
1273763646993305600
1273763680996536320
1273763681348845568
1273763688323874816
1273763813599383552
1273763883090616322
1273763895325478912
1273763905458835456
1273763920600346625
1273763940187754496
1273763974169997312
1273764103971123200
1273764138666377216
1273764272942788609
1273764291364167682
1273764424478871552
1273764440404615168
1273764449636290560
1273764515792990209
1273764551666909191
1273764608097038339
1273764640598765570
1273764677848379395
1273764680708886528
1273764682004905984
1273764772077592576
1273764809813757953
1273764824363794434
1273764971927810055
1273764985861222401
1273765194209153025
1273765233564307457
1273765240203808769
1273765306192801792
1273765331652227079
1273765372144037890
1273765466218082305
1273765519062114306
1273765551333167113
1273765604999270402
1273765622774673408
1273765629158395904
1273765663249661952
1273765711303839745
1273765840916185093
1273765904149630976
1273765905793724416
1273765959103381504
1273765988765446150
1273766078775267328
1273766112082067456
1273766170693447680
1273766191866105856
1273766192948416512
1273766207292833792
1273766240151093249
1273766391657742338
1273766401942134788
1273766482040717317
1273766512390811648
1273766578883043329
1273766603092635648
1273766613662253056
1273766671048728578
1273766769606492169
1273766788833185797
1273766810492588032
1273766847125630976
1273766880902340608
1273766961575583744
1273766996568571911
1273767073034973185
1273767114650923008
1273767131507720194
1273767173140484098
1273767271425617922
1273767294183882755
1273767302371164162
1273767377310752773
