1335011031379218433
1335011210316623872
1335011426709155843
1335011438319038468
1335011451849814017
1335011640941666306
1335012155293388801
1335012261920817153
1335012280463994882
1335012445786607619
1335012629501386755
1335012838633590789
1335013239437062147
1335013892129492992
1335013978116919300
1335014329901527041
1335014362231287815
1335014548072505349
1335015734104256512
1335015769042800647
1335016053437472773
1335016212779180034
1335016751222960128
1335017803473043457
1335018080393703426
1335018184747986947
1335018273679749125
1335018345221984257
1335018477388705794
1335019017631911941
1335019135038840832
1335019189703077890
1335019256287793152
1335019643136864256
1335019750049583106
1335019880148574210
1335020752257642496
1335021912947388423
1335022353827442688
1335022966401273860
1335023187445374976
1335023196895064065
1335023840892686337
1335024226483331072
1335024360814505989
1335025330474655745
1335025780733186051
1335026036866682880
1335027368063328265
1335028321990676480
1335028872367190018
1335029900315680768
1335030157971603456
1335030402168270848
1335031777623040000
1335032452570615809
1335034307161808898
1335037212229033985
1335037322526593026
1335037447802138624
1335038314299068417
1335038705728413696
1335038940978429953
1335039808251564033
1335040000581316609
1335040117233360896
1335040984909029377
1335041200546590724
1335041253176733697
1335041294440263682
1335045605148815361
1335045766688067584
1335046054371323905
1335046224303558663
1335047278432759809
1335047725600141315
1335048760456515584
1335050409208131584
1335050548907655169
1335050650913300480
1335050679304466433
1335050810493984769
1335050950814339072
1335051495134400514
1335052489461276673
1335053668685529089
1335053834465529856
1335054174916997120
1335054325442375681
1335054470359756800
1335054669530488832
1335055869852196864
1335056226246397953
1335056298748956672
1335057441210286081
1335057708916019200
1335059077244669953
1335061948933746689
1335062337649250305
1335062669116715019
1335062847571816458
1335063981501915136
1335065752047644673
1335065940979924993
1335068288695590913
1335073669656166404
1335076893800984576
1335076966253408256
1335077688889933824
1335078034295181317
1335078339288195072
1335078432355610624
1335080273235632129
1335081105230360577
1335081347573035008
1335082352628748289
1335085006750945284
1335085482561171457
1335086475101286403
1335086621511790594
1335087805790384128
1335092671967182848
1335094221573853186
1335094306995138561
1335095003408982017
1335097943980994566
1335099809028599814
1335100236331675649
1335100275074478082
1335101735816327169
1335101785011318784
1335102273077325825
1335102958778937346
1335103608359170049
1335104508947525632
1335107125769486336
1335107277305602049
1335107431471394816
1335107983668375554
1335108278519386112
1335109137378791424
1335109146832723968
1335109195079749632
1335109195339886593
1335109200331087872
1335109657338273792
1335110404490477568
1335110419128717312
1335110755927134209
1335110990774624258
1335111662773276672
1335111669857529856
1335112068148699138
1335112421426552834
1335112478339067904
1335112967441018882
1335113179043606529
1335113456115208192
1335113563741024257
1335113769769426944
1335114140214571009
1335114399942668288
1335115794351534080
1335116064087216128
1335116406564802560
1335116696084860928
1335116697435422721
1335116704913960960
1335116774484963329
1335116869221687298
1335116954277990401
1335117831533375490
1335117953612861440
1335117955877793793
1335117964824207362
1335118000769347584
1335118146630545408
1335118205900238850
1335118384472748032
1335118445650776065
1335118765743288321
1335119106383749124
1335119123748151296
1335119212482764801
1335119557455990787
1335119876554371072
1335119953595338752
1335120111393509376
1335120270261186562
1335120379216539648
1335120883065769985
1335120916284575747
1335121370859114497
1335121488710565888
1335121620340531202
1335121745603399684
1335121901451141121
1335122076215160832
1335122298689425408
1335122321208729600
1335122449441173505
1335122983388672000
1335123102691418113
1335123114292817920
1335123648743673857
1335124246561845248
1335124283304062977
1335124369744556032
1335124592793358338
1335124607146340353
1335124923380068353
1335125082751045634
1335125115802165248
1335125509492121602
1335125528412557314
1335125548742406144
1335125939718680577
1335125958186164224
1335126179972587520
1335126522517131264
1335126706001154048
1335126988017831937
1335127005839429634
1335127187016577027
1335127338468696064
1335127424800002049
1335127627271647233
1335127681705398274
1335127989336612864
1335128032181411840
1335128660920119297
1335129090379149313
1335129312111054848
1335129478633287680
1335129578701025280
1335129646501924865
1335129954552590338
1335130199281774594
1335130201450295296
1335130221352259584
1335130273130934274
1335130544330436614
1335130577041813504
1335130715076386816
1335130805220364289
1335130883293114368
1335130961697263616
1335131010237947904
1335131124461395971
1335131162751209472
1335131364820135942
1335131432147103744
1335131470059479040
1335131795621212160
1335131831721660416
1335131847676878848
1335131854362587136
1335131940958199808
1335132007341432832
1335132298908291080
1335132364423434242
1335132560075190273
1335132808973611011
1335132859129008130
1335132902082932739
1335132909427048449
1335132917593493504
1335132968264806401
1335132989299232773
1335133054042583041
1335133099039010816
1335133140659154944
1335133149819412480
1335133250768023553
1335133892332953601
1335133920728322049
1335134180670386179
1335134312044388355
1335134513358397441
1335134518299201536
1335134559000801282
1335134673584971776
1335134679473729536
1335134777826045952
1335134883396653057
1335135078762987522
1335135253988577280
1335135259369861120
1335135446167326721
1335135502148702208
1335135580171210752
1335135581899284482
1335135588199124993
1335135606427545600
1335135671749644288
1335136110633226240
1335136349368807425
1335136476712071170
1335136494386900992
1335136610040623105
1335136822825988096
1335136853813497856
1335136972575285248
1335137073016299520
1335137478513135616
1335137512428285952
1335137512898113537
1335137515767001088
1335137689474117632
1335137789680246786
1335137891232657411
1335137933154725889
1335138011307192320
1335138088402739200
1335138091020001281
1335138180664877058
1335138800528453632
1335138971702226945
1335138974478839808
1335139057765146624
1335139093475373057
1335139125381500928
1335139345053970436
1335139346228404228
1335139377144598534
1335139384237187073
1335139480660045825
1335139557285752832
1335139562780241921
1335139614894518276
1335139666488659969
1335139837612072961
1335139871904706561
1335139937579044865
1335139952921890816
1335139960626753536
1335140100238282753
1335140118894612480
1335140214105378817
1335140602791530496
1335140612044181507
1335140713118519297
1335140731967692800
1335140821696385025
1335140855041191939
1335140874670518273
1335141032820928519
1335141077733535745
1335141246755540992
1335141304481746945
1335141499751772161
1335141516256358401
1335141756376141824
1335141766044004352
1335141861594423297
1335141926748753921
1335141964900163585
1335142059515277312
1335142339044585474
1335142461803552769
1335142482468872192
1335142506468667393
1335142566908530694
1335142625372934144
1335142724043988995
1335142975391870977
1335143096422633473
1335143120258834432
1335143258251411456
1335143286789578754
1335143293479477249
1335143371657027585
1335143622921039872
1335143875011375104
1335143919861035010
1335143977956352001
1335143987343187977
1335144062014382081
1335144095216513033
1335144138472366082
1335144257267625985
1335144274887897088
1335144415464202240
1335144578224107521
1335144597203214337
1335144600999239681
1335144759195799552
1335144771438993408
1335144919653081088
1335144973080080385
1335144977769304065
1335144984513753088
1335145020438011905
1335145048082673664
1335145117905276928
1335145224839057408
1335145351137931265
1335145364974952448
1335145731234074627
1335145791258767360
1335145812247146498
1335145852034293760
1335146003004055552
1335146006946648065
1335146263399043073
1335146282961297410
1335146334207225856
1335146352997752832
1335146397121777666
1335146418105954307
1335146428188987392
1335146528470687744
1335146643109236738
1335146725741367297
1335146743483273221
1335146897120477186
1335146898873872384
1335146900065054721
1335146900408868864
1335146902057312257
1335146934760333312
1335146992935297029
1335146993883246592
1335147049919057921
1335147052284715011
1335147086082433024
1335147128608468992
1335147153161920513
1335147395944951808
1335147485711527936
1335147530498224130
1335147541491421185
1335147542116401158
1335148008661544961
1335148014936219648
1335148130589937664
1335148163720687616
1335148321451761664
1335148423314612224
1335148577224585216
1335148764831633411
1335148865436127234
1335148883526242304
1335148910143279105
1335148910466232320
1335149042830110720
1335149388512026626
1335149411463286784
1335149411513483265
1335149411614208000
1335149411731587072
1335149542161981440
1335149666284015620
1335149827613745153
1335149923587657728
1335150010057560065
1335150162348560385
1335150367705853952
1335150522895126530
1335150539542290434
1335150552225902593
1335150587508371459
1335150613710184448
1335150683398410242
1335150684174479362
1335150684384083972
1335150763388116992
1335150771067817984
1335150890060275712
1335151039855603712
1335151054581805058
1335151065222754304
1335151167450607616
1335151247737892865
1335151270412365824
1335151430467014657
1335151434409586688
1335151928033087489
1335151928091811840
1335151936962781184
1335151937499566086
1335152025873608704
1335152030676029443
1335152116684480512
1335152437536182277
1335152491437166593
1335152507589447681
1335152702917996548
1335152823416262656
1335152845834870784
1335152921747525633
1335152964785364992
1335152999824576512
1335153058863517697
1335153124932276224
1335153179294461952
1335153186710097920
1335153288908562432
1335153325940084738
1335153584028192770
1335153655901786112
1335153664747589633
1335153676881682434
1335153829919268865
1335153926337949698
1335154015752032256
1335154081028038656
1335154192663527427
1335154220211777536
1335154349748719616
1335154412902379522
1335154444829257732
1335154449518628864
1335154492958978048
1335154516648472576
1335154589834899458
1335154685154643968
1335154820039184384
1335154826825568258
1335154854096998407
1335154876125483020
1335154899538108417
1335154926779990016
1335154985458409472
1335155194380898304
1335155200248647680
1335155290338168832
1335155465584582657
1335155707931463680
1335155713052643329
1335155820871503872
1335155925062180865
1335156259650228224
1335156268957396993
1335156296367091713
1335156450713341952
1335156539984916481
1335156709640192000
1335156723930247169
1335156751918919682
1335157163891843072
1335157395950014467
1335157405986983939
1335157603069005826
1335157782983675906
1335157803611205633
1335157805309956099
1335158100882575360
1335158124018159617
1335158128170688512
1335158214036512769
1335158219765846017
1335158226715873280
1335158236513759233
1335158238690611202
1335158241198739458
1335158262560419842
1335158293363380230
1335158423768461315
1335158479468818432
1335158511710457856
1335158611748810753
1335158673165971460
1335158728526532608
1335158755479216131
1335159004868337666
1335159011377819649
1335159099458203648
1335159453675610112
1335159488018591747
1335159492963602435
1335159522520928257
1335159851853508608
1335160006937862145
1335160019906654209
1335160026936332289
1335160070242447362
1335160116639895552
1335160250316550144
1335160283434774529
1335160437885837312
1335160466017054721
1335160484438282240
1335160557041803264
1335160684754186240
1335160834608291846
1335160837372305408
1335161003298971649
1335161239375282180
1335161332778348544
1335161336188313600
1335161362402717698
1335161457533734913
1335161666787536898
1335161695203889154
1335161935462092800
1335161994543067136
1335161997210619904
1335161999865602049
1335162000100319232
1335162001396551682
1335162002281525248
1335162022233841672
1335162049303900162
1335162055859576834
1335162065066090497
1335162071588155393
1335162075694460928
1335162101409705984
1335162101522903040
1335162128148389889
1335162135408758784
1335162148247441414
1335162241105145859
1335162241499471872
1335162349611872257
1335162875997007874
1335162877611831296
1335162901867491328
1335162908670648321
1335163090153910272
1335163115508523009
1335163274552340480
1335163312615665667
1335163488113713152
1335163572079513600
1335163915597180928
1335163946861465602
1335164010262630400
1335164053002604545
1335164058501308416
1335164096245862402
1335164111810859009
1335164125211746309
1335164139845586944
1335164259253280771
1335164259416739840
1335164303469637632
1335164345949544448
1335164389591314432
1335164510999629825
1335164512954179584
1335164554347737088
1335164586065080321
1335164613202153476
1335164661185044483
1335164685046472705
1335164702431866881
1335164709192994816
1335164730709782528
1335164752566374400
1335164762691411969
1335164763387678721
1335164772535443456
1335164794828099585
1335164847529611264
1335164861454688257
1335164870577303552
1335164894031831041
1335164914424537093
1335164934007689216
1335164947165286402
1335164949606305792
1335164966245175296
1335164981558599680
1335164999937961985
1335165040631091201
1335165249633329153
1335165284093751300
1335165463903526915
1335165488154992640
1335165558896078848
1335165646368362497
1335165756519178241
1335165784503459840
1335165800207032325
1335165850417065985
1335165912987676672
1335165994197770240
1335166029039763456
1335166142009253894
1335166344728342529
1335166524164857856
1335166540254040065
1335166652653121541
1335166716943478784
1335166786946424832
1335166966739382272
1335167106527203328
1335167151376904194
1335167193051504640
1335167400459833344
1335167430004527107
1335167440490278913
1335167509167738881
1335167755507609602
1335167769147367425
1335167844854722560
1335167887808589825
1335167898084577281
1335167987091910656
1335168082625646593
1335168110802980864
1335168384670048258
1335168758936170496
1335168814049341445
1335168886107484161
1335168932198703104
1335168987475415040
1335169128236261376
1335169157957087234
1335169312219426818
1335169394494857216
1335169399205089281
1335169587516755968
1335169632236351494
1335169632504852488
1335169635256324103
1335169647319134208
1335169761714593792
1335169795935907840
1335169807423922179
1335170057341550593
1335170062039314433
1335170248249634816
1335170492135862278
1335170501107445761
1335170616035602434
1335170741512400896
1335170758406901762
1335170868788531200
1335171301439381506
1335171493555277825
1335171542226006016
1335171562769698816
1335171582713614336
1335171680587616258
1335171733809225728
1335171779359334401
1335171973899542528
1335172048298053632
1335172070989291520
1335172074302746624
1335172084981518338
1335172502956486658
1335172563899723776
1335172728375087104
1335172738324062209
1335172754602078208
1335172754602156034
1335172979878137857
1335173052322213891
1335173067367190528
1335173067392208896
1335173278273560580
1335173333239914498
1335173461552066560
1335173501993570311
1335173588161359872
1335174113242050560
1335174270482321408
1335174310596653056
1335174310726676485
1335174313595564033
1335174372500365312
1335174577253724164
1335174577333350401
1335174661362102272
1335174733235691520
1335174832707805184
1335174976052342786
1335174991420252165
1335175172173783040
1335175181636136961
1335175220307632130
1335175282601365505
1335175471156375556
1335175526386982912
1335175744251686914
1335175844764016640
1335175851936280576
1335175913185574913
1335176067754192896
1335176212830965768
1335176282527686656
1335176288890474497
1335176296784142345
1335176310180749313
1335176338982936577
1335176495850008576
1335176776658669568
1335176780471283714
1335176946091749379
1335176962239770625
1335177059631587335
1335177098353201152
1335177099229810688
1335177123363840000
1335177150392111104
1335177166884102144
1335177169472000001
1335177189248086017
1335177217941204993
1335177274786721792
1335177283720650752
1335177284584697862
1335177312506146818
1335177313500209152
1335177314016092162
1335177343548215296
1335177350066135043
1335177386338430976
1335177492664086530
1335177763079254017
1335177913969340416
1335178032785608705
1335178110707388416
1335178113408507904
1335178132450652161
1335178235408052225
1335178359848964102
1335178360901787659
1335178455726645248
1335178521409433601
1335178560542306306
1335178562907893761
1335178592989409280
1335178887081422852
1335178930383413251
1335179024189026310
1335179030358843392
1335179034880319490
1335179197371863042
1335179391316316163
1335179643880693761
1335179943454642177
1335180113768538113
1335180203841253376
1335180229430702084
1335180249793871876
1335180336360251395
1335180374385766400
1335180464102006785
1335180470494097411
1335180475871195137
1335180622214606848
1335180645082025985
1335180725495197696
1335180733858635777
1335180758907039746
1335180793807855618
1335180889018535937
1335180906764656640
1335180930848337920
1335180932437958664
1335181120367898625
1335181126449721344
1335181180010946561
1335181187569115137
1335181267248295937
1335181377843712000
1335181429542694912
1335181457472491521
1335181463940190208
1335181718618247168
1335181883706134528
1335181957198733312
1335182014039928836
1335182260673400832
1335182289949630464
1335182467553259520
1335182549157634048
1335182637984604161
1335182662504493059
1335182681118748672
1335182767336853505
1335183084367605762
1335183138155356163
1335183191116800001
1335183279637598208
1335183398067970048
1335183399179390979
1335183618776371200
1335183657712148480
1335183790822535168
1335183984666488836
1335183987401166849
1335183999292076032
1335184140250079234
1335184428243488770
1335184573089648646
1335184643729969158
1335184644258533378
1335184644703137794
1335184649845436416
1335184652408123399
1335184694787403777
1335184789176004608
1335184819043622914
1335184922772975616
1335184929307627520
1335184933560623106
1335185018973532163
1335185056164409347
1335185122023313409
1335185129308901379
1335185156835926017
1335185259302936580
1335185295600463872
1335185425607110663
1335185455487328257
1335185520465424384
1335185580842430464
1335185813685080066
1335185825076826115
1335185863639183360
1335186056371646466
1335186086591598594
1335186132053741568
1335186144733110272
1335186154795229184
1335186168275750912
1335186183110930433
1335186301457461251
1335186401260867584
1335186587932643332
1335186615598190594
1335186647441346561
1335186651648323584
1335186725686177800
1335186787728289792
1335186788617424896
1335186825552531456
1335186909409239042
1335186922642300932
1335186984097165314
1335186992586518528
1335187007702708226
1335187160236916738
1335187174879350784
1335187247285592069
1335187314126057474
1335187395487145984
1335187397542375424
1335187420938182658
1335187426457899008
1335187445311221762
1335187456925241350
1335187623908937739
1335187801558564865
1335187991472566274
1335188311263076355
1335188418381238273
1335188426472230912
1335188479081320448
1335188510828093440
1335188565744037893
1335188611067744257
1335188648682266625
1335188727161905154
1335188778642780160
1335188850130432001
1335189124609925121
1335189214649077761
1335189338410323968
1335189588101443585
1335189600722169856
1335189695869968384
1335189762194477056
1335189905002074112
1335190064331182081
1335190338194038785
1335190378841067520
1335190617459187712
1335190848301043712
1335191064190324737
1335191221266944006
1335191235116625921
1335191252766240769
1335191464180133889
1335191641162993667
1335191868678807553
1335191987486593029
1335191996693143553
1335192198313357319
1335192199240171520
1335192199387107329
1335192200880115714
1335192231746134019
1335192235034415107
1335192239757254657
1335192286200737792
1335192488232054786
1335192583644061696
1335192592410157058
1335192666179563522
1335192704901373955
1335192726728564736
1335192745183506433
1335192956505116673
1335192957075542017
1335193023035138053
1335193111648202755
1335193121169289217
1335193176689270785
1335193200386924555
1335193424216068099
1335193501533941760
1335193640717705223
1335193657289437185
1335193716190015488
1335193725463617536
1335193784578166784
1335193872373313538
1335193889410605058
1335193908234625024
1335194108499996673
1335194210916573184
1335194283209580544
1335194342718369792
1335194648759988224
1335194771174912001
1335194804104343552
1335194814053310465
1335194844231176194
1335194887201955842
1335194912363589638
1335194961579532288
1335194963257270275
1335194997151453188
1335195213736931329
1335195221341167616
1335195420507697152
1335195448152363009
1335195535200964609
1335195552062042116
1335195567920730113
1335195621008035840
1335195780639039488
1335195968212529159
1335195968963182595
1335195971081416710
1335195976466915328
1335195980451471363
1335195983467204609
1335196060634013696
1335196085191585795
1335196190808412161
1335196238027911168
1335196299407273986
1335196493851086849
1335196538751115264
1335196539975847937
1335196601246248962
1335196634141978625
1335196643726069761
1335196712537894913
1335196745958117376
1335196762617819136
1335196998371315712
1335197132970713088
1335197382766702594
1335197461036589056
1335197616108290048
1335197701445709826
1335197830563172352
1335197837055897600
1335197850582528000
1335198005864042497
1335198066924728321
1335198067470032898
1335198216288149506
1335198224114724864
1335198274123395072
1335198349075619841
1335198365336940545
1335198436480720899
1335198496866127872
1335198520371015680
1335198538356187144
1335198551585026049
1335198607021060097
1335198681189019650
1335198752387158018
1335199000685928453
1335199051327926275
1335199195196776448
1335199438227329025
1335199578883289088
1335199645035794436
1335199712476008448
1335199744491196417
1335199751311138816
1335199751726358528
1335199756809887745
1335199763340419073
1335199766339350528
1335199929426440194
1335200003917295621
1335200059336617984
1335200154329210882
1335200161434271746
1335200281831886855
1335200393211547648
1335200412950032385
1335200526347218944
1335200587256901633
1335200774142504960
1335201001830297601
1335201013121261569
1335201045094522883
1335201143350321155
1335201196123037698
1335201249113878528
1335201327090184192
1335201364457254912
1335201519965093888
1335201961214414850
1335202241402327044
1335202266077425666
1335202272964435968
1335202320376864773
1335202330854248451
1335202344108249088
1335202421753196545
1335202490292330498
1335202520621170692
1335202521309085697
1335202545623584768
1335202612862283777
1335202682282369027
1335202763190329344
1335203000030294019
1335203001615720448
1335203005239603205
1335203010142744578
1335203133430050816
1335203234366033922
1335203399227363328
1335203403010609152
1335203457062596611
1335203492936507392
1335203550104854529
1335203629368741888
1335203772331667457
1335203813591027713
1335203861569671169
1335203895329644544
1335203906574376960
1335203932117807104
1335203933762019328
1335204108555448321
1335204194953859072
1335204221558382592
1335204238960504833
1335204493106049030
1335204604036997120
1335204621221040129
1335204649096392705
1335205088789471232
1335205140291342339
1335205162034622464
1335205164958015489
1335205263729680385
1335205297649053697
1335205390972280832
1335205425428525061
1335205504054947842
1335205829629386752
1335205838986862593
1335205879524814848
1335205892426506244
1335205941529227266
1335206021355220992
1335206140871905281
1335206252864024583
1335206312267960323
1335206316801978368
1335206323445780480
1335206387463442435
1335206859645521925
1335206943888187392
1335207081163493378
1335207295496536064
1335207295752540160
1335207296591269888
1335207297967140865
1335207315939713025
1335207493576912899
1335207597411069953
1335207608450486273
1335207623248011265
1335207684799254529
1335207701534683136
1335207986260828160
1335208062358069248
1335208202259091458
1335208282881806337
1335208285918666752
1335208308270108674
1335208433402916865
1335208508627816450
1335208509437333505
1335208566362415105
1335208613053427714
1335208629084033025
1335208694758387713
1335208767886069760
1335208770809565184
1335208805299331076
1335208829689212929
1335208940875870208
1335209063974637568
1335209131897184258
1335209318786875393
1335209328261951494
1335209328698150913
1335209468011962368
1335209698207862786
1335209775907397634
1335209850847043584
1335209932740833286
1335209947101990913
1335209950063169537
1335210062600658946
1335210108620517380
1335210138068725760
1335210184780689408
1335210192418566147
1335210196482859009
1335210298974859264
1335210504076333056
1335210588830654464
1335210807693635584
1335210955794419712
1335210996185620480
1335211076108103685
1335211222917148672
1335211400319414275
1335211561594531842
1335211582716956672
1335211610907021313
1335211681975312387
1335211771498475521
1335211771997675522
1335211825084895233
1335211959042650114
1335211963220189188
1335212173287710720
1335212310906941442
1335212433007398913
1335212723756441606
1335212726784843776
1335212829754920961
1335212840286887939
1335213039105273857
1335213091949146114
1335213095254249472
1335213134353747968
1335213144692682753
1335213300204834816
1335213312859131906
1335213358673498113
1335213360934219778
1335213390239817729
1335213598759657474
1335213746902405120
1335213834521485315
1335213858571608064
1335213947947978755
1335214238256820227
1335214274566828033
1335214295496466432
1335214311799721987
1335214380905091072
1335214392015777793
1335214419891138560
1335214467316125697
1335214844295966721
1335214844937728002
1335214845000486913
1335214848041492480
1335214873484128256
1335215151998529538
1335215351743778817
1335215724449640448
1335216082127347713
1335216117753683971
1335216214721912832
1335216253749911554
1335216313007038464
1335216338667761668
1335216409333395456
1335216423375921152
1335216465394458624
1335216621976215552
1335216717124014080
1335216758249168899
1335216768546201601
1335216822480728064
1335216835139170309
1335216870027354114
1335217099279626245
1335217153017081856
1335217359057928192
1335217378355974144
1335217505514754049
1335217652449632256
1335217759085596680
1335217821182275585
1335217865067274243
1335217946688430083
1335218050619084801
1335218166276960259
1335218259029848067
1335218505281507330
1335218508850888704
1335218891681894400
1335218949429071872
1335218985143562241
1335219284096774145
1335219483305259014
1335219543887798272
1335219686842261504
1335219719251644417
1335219791058116608
1335219794820395015
1335219989675126784
1335220091701616646
1335220110378807296
1335220372862603265
1335220385021878272
1335220395906134016
1335220616341958657
1335220630824886275
1335220706783748098
1335220773389217797
1335220996534640640
1335221007427260418
1335221147835781121
1335221157851783169
1335221193742430210
1335221252479397894
1335221273782317057
1335221637801799680
1335221646802776065
1335221828198027264
1335222133966983169
1335222155932553219
1335222187494666249
1335222225578897409
1335222392227057666
1335222398384304129
1335222399013367812
1335222411780886530
1335222461097500675
1335222466705305604
1335222542768988161
1335222663929868288
1335222783316545540
1335222811527434245
1335222976917229568
1335223063751905280
1335223320866926594
1335223503214305280
1335223511665807362
1335223511720353793
1335223529260933124
1335223573342990337
1335223675168174092
1335223690808729602
1335223753534566400
1335223926297948161
1335223983000735747
1335224042861834242
1335224263415107585
1335224381610614785
1335224407875330051
1335224464682999810
1335224539790381060
1335224670107406336
1335224868573425665
1335224888072802304
1335224911950917633
1335224924772962304
1335225053340897282
1335225282660282370
1335225287265689603
1335225316487426049
1335225559090159619
1335225679990771717
1335226108158107650
1335226143536869376
1335226179188645891
1335226419065085953
1335226583112683520
1335226613785649152
1335227231476609025
1335227244843773952
1335227377895559168
1335227628563808256
1335227712995266563
1335227822642782209
1335227863616851970
1335228314445811712
1335228367973572608
1335228402027130880
1335228404858310658
1335228474949332993
1335228765279051776
1335228971198377984
1335229000306872324
1335229076072783872
1335229463714541568
1335229525605683201
1335229638105321478
1335229652802150401
1335229686255923200
1335229851519873030
1335229894565957632
1335229943064784897
1335230011780050945
1335230020961378305
1335230038837518341
1335230296829157376
1335230312972955655
1335230404031344640
1335230488735330304
1335230622290366467
1335230747590979584
1335230805048758273
1335230965095014400
1335231385053835266
1335231392846897154
1335231429391884288
1335231613404327937
1335231646644236288
1335231712616452096
1335231743285223427
1335232458716041218
1335232458770370560
1335232530849599488
1335232889013866501
1335232997906395139
1335233067951284227
1335233484558897153
1335233589898846211
1335233668080668673
1335233717351165955
1335233726637350920
1335234113511575563
1335234388527820810
1335234395918229512
1335234538239356930
1335234578395631621
1335234642664943619
1335234713640972288
1335235223131402241
1335235309903155202
1335235688300765185
1335235804256481281
1335235993297809408
1335236008800116736
1335236010515582984
1335236117390618625
1335236526121377794
1335236757713989633
1335236786247913472
1335237078460862470
1335237090418814976
1335237103693783040
1335237320245714944
1335237369633660932
1335237496725254145
1335237498885304320
1335237501720678400
1335237501963759616
1335237544938770435
1335237554212319233
1335237565000146947
1335237706264301568
1335237743857651713
1335237787084345345
1335237792725602305
1335237852859408385
1335237960007114756
1335238008749035521
1335238014700761088
1335238025316605952
1335238229772169219
1335238238844428288
1335238276475740170
1335238307022770183
1335238330074734593
1335238857177042944
1335238992330186753
1335239139969490949
1335239152271581184
1335239211859980290
1335239299680317443
1335239308228308992
1335239736831696897
1335239756406525952
1335239786190282757
1335239795900080129
1335240149299445760
1335240238600491008
1335240467965992961
1335240534676418560
1335240560618115072
1335240578037149701
1335241136764571648
1335241266901233665
1335241284106260482
1335241365039566854
1335241375609212928
1335241626344570881
1335241720561364994
1335241774739165185
1335241945862565889
1335242109696290820
1335242144999755777
1335242441969037312
1335242445672632321
1335242462193971202
1335242525154668546
1335242611544760321
1335242626996596737
1335242769338609665
1335242791937576961
1335242926406987776
1335243091398287360
1335243307602079746
1335243378661994498
1335243501261426689
1335243534069338116
1335243684980400129
1335243784486084614
1335243815054172162
1335243841759272962
1335244012681392130
1335244021267111936
1335244132114198528
1335244257054109697
1335244286640545796
1335244574919434240
1335244844214661121
1335244939945512961
1335244993351528448
1335245041577709570
1335245042391379972
1335245048049496068
1335245125346275330
1335245352912482304
1335245363968692224
1335245471862968327
1335245477298769920
1335245594944806915
1335245741326012416
1335245828387184646
1335245944292597761
1335246037510918147
1335246288359714816
1335246316411244545
1335246385516597249
1335246827948552198
1335247083977273347
1335247218593370114
1335247274205716480
1335247374751510529
1335247429357146115
1335247442837565442
1335247558042501126
1335247582289866754
1335247660249395201
1335247913992261633
1335247953162866688
1335247963526979586
1335248035434164225
1335248067465981957
1335248578797834240
1335248816870666241
1335248823044755460
1335248826823806976
1335248829692571650
1335248873783250944
1335248921669537796
1335249082818961408
1335249597275533316
1335250226580496384
1335250228333719554
1335250253134647298
1335250375608324096
1335250555095183360
1335250789456076800
1335250819537629184
1335250860977303554
1335250938261626881
1335251095807987720
1335251195082940419
1335251223746912258
1335251323835588611
1335251575074336769
1335251668775165966
1335251711934541828
1335251988058169345
1335252333240922112
1335252592234926083
1335252616771723265
1335252634824019968
1335252651777331207
1335252678994116609
1335252684266295300
1335252731532021760
1335252778374008834
1335252815959130112
1335252824838578176
1335252870409687044
1335252908003241984
1335253018502160390
1335253083522265089
1335253345892708353
1335253363194130433
1335253401635053571
1335253445264150530
1335253606937755648
1335253634779664388
1335253707336847362
1335253972085510146
1335254578246406146
1335254620424208386
1335254633757937666
1335254882861936640
1335255001430634496
1335255017650008067
1335255029717098501
1335255089561407489
1335255110012776450
1335255110876884993
1335255135426138112
1335255167185326083
1335255210411913218
1335255235628048386
1335255257627185152
1335255586552885250
1335255722863554563
1335255786063327232
1335255858440179713
1335255866682060801
1335256042075279361
1335256056201687041
1335256086526513159
1335256328592371712
1335256366810882048
1335256373563699202
1335256383135080451
1335256486679875585
1335256651239190531
1335256734043172878
1335256764577689600
1335257071969824769
1335257387415056384
1335257428246614019
1335257431350382594
1335257533833998338
1335257713065029634
1335258111234498563
1335258183263252483
1335258259100413952
1335258288728969216
1335258330898575360
1335258346400702471
1335258611937914884
1335258803571404800
1335258927773126662
1335259107943731201
1335259126126030849
1335259134720151553
1335259285387927556
1335259346092109825
1335259522080903168
1335259678452879368
1335260108272635905
1335260141038563328
1335260141533290502
1335260166359494656
1335260186332827650
1335260468731138050
1335260489782353921
1335260765633318914
1335260775737417729
1335260808910135296
1335260862119096327
1335260898882170883
1335260954385408004
1335261122853793797
1335261198342828033
1335261214851674114
1335261243666522112
1335261353448116225
1335261384179904514
1335261422125723654
1335261429268508673
1335261537896857601
1335261699478315010
1335261717174030338
1335262123778256897
1335262158049988610
1335262300475895809
1335262384831787009
1335262446060187649
1335262569242750976
1335262810419376131
1335262828798877700
1335262843826999302
1335262917936242688
1335262998097702914
1335263090355662848
1335263112090554370
1335263466072977410
1335263648747499521
1335263670083923969
1335263924577431557
1335263927412928513
1335264167528259588
1335264252211433478
1335264493190975488
1335264595473215493
1335264899178655745
1335265038341431296
1335265174282891264
1335265178934538240
1335265464683999233
1335265491615674368
1335265589120610304
1335265667940028417
1335265689934979072
1335265713158762497
1335265739058647045
1335266016390238208
1335266301443518464
1335266398004801537
1335266429667598338
1335266432527921152
1335266504238043140
1335266588702945288
1335266691148902401
1335266830844383235
1335267050193883137
1335267145861705728
1335267156666281985
1335267167789604868
1335267321410154496
1335267454914801668
1335267544874311689
1335267557406859266
1335267600268484608
1335267696229937152
1335267698641494017
1335267752462995456
1335267902094782465
1335267927097040896
1335268006474158082
1335268068222787585
1335268112447508481
1335268306249543680
1335268329397903366
1335268796211277824
1335268842851983360
1335268957515902976
1335269025966923777
1335269097425211395
1335269275326681089
1335269326451073025
1335269408932061188
1335270092997844992
1335270155266514945
1335270188992913408
1335270475098886145
1335270522557505539
1335270571807006720
1335270592229076992
1335270874530934784
1335270907779145733
1335271343974191107
1335271417143848965
1335271421145194502
1335271422097313793
1335271438106976263
1335271465759821825
1335271655749406727
1335272220776513536
1335272233070174210
1335272275269087232
1335272287784873984
1335272549719175172
1335272552185344000
1335272787259305985
1335272899171790850
1335273098623512582
1335273220208025600
1335273225513820160
1335273471736242177
1335273783289143297
1335273844429484038
1335273931234811906
1335273953611423753
1335274090010128386
1335274135077986305
1335274173388746754
1335274178501615617
1335274196738469888
1335274215826743296
1335274294734155777
1335274338052927491
1335274402502545411
1335274450623848449
1335274517380345860
1335274590852042760
1335274694828822530
1335274806682525697
1335274818107830272
1335274871870394379
1335275227123691525
1335275242554593287
1335275246291738625
1335275301077716992
1335275309734748161
1335275355746299905
1335275424067301376
1335275494229553157
1335275505709363201
1335275661959852034
1335275688795009025
1335275712010473474
1335275957943480326
1335275980664025090
1335276016508526595
1335276103808790528
1335276125279367170
1335276447888498690
1335276745184980997
1335276849233014792
1335276856908668933
1335276897702449153
1335276953155366912
1335276957349515266
1335277215471251456
1335277304570912768
1335277429724749826
1335277604774010880
1335277608746016769
1335277757102780416
1335277795837177857
1335277992759734274
1335277995033042945
1335277997910335491
1335278048057372675
1335278081808994304
1335278153737117699
1335278201841610763
1335278257416114176
1335278567760916480
1335278933667942402
1335278985769574406
1335279021618307080
1335279022922665985
1335279087791779841
1335279092275568640
1335279267257536514
1335279592102367235
1335280010530263040
1335280195020988422
1335280297051627521
1335280467440963586
1335280552233078784
1335280656415412224
1335280991242432515
1335281159824142339
1335281277059084288
1335281314426138625
1335281368872476681
1335281372945145860
1335281411071229952
1335281447138193410
1335281580932296705
1335281600741957637
1335281691276038146
1335281804086026241
1335281861518626822
1335281908289331201
1335281943433326596
1335282071934296064
1335282171846725633
1335282253287612416
1335282367108435969
1335282741319970817
1335282763637854209
1335282791248957440
1335282795900526595
1335282797372694531
1335282797519507456
1335282880495431683
1335283008799207428
1335283077115826176
1335283160406503427
1335283231583842305
1335283296524234755
1335283337175445505
1335283537105260544
1335283603148771336
1335283626737537026
1335283840655515651
1335284022050746374
1335284063536603136
1335284089654571009
1335284091260952577
1335284319045234688
1335284490831278081
1335284637195767809
1335284669877772288
1335284689263865857
1335284781635031043
1335284784067735553
1335284865860825089
1335284892570103811
1335285073701195776
1335285118177583105
1335285278202880001
1335285293491113984
1335285464908111876
1335285497241985037
1335285595581652992
1335285801446486017
1335286014676492289
1335286148378341377
1335286283338457091
1335286331350654978
1335286332910923779
1335286355488870400
1335286551467667456
1335286565568802817
1335286660607713288
1335286678961917954
1335286687463854080
1335286867693072387
1335287177262018563
1335287179464093697
1335287271306747906
1335287320321224705
1335287341980807170
1335287747922153472
1335288003913199617
1335288281450360832
1335288398634954752
1335288428301312002
1335288676176244737
1335288837279522817
1335289069845221376
1335289245565669382
1335289666170392577
1335289845774684162
1335289891660439562
1335289961583681536
1335290029921464327
1335290103497887744
1335290333844942852
1335290340589383680
1335290359862202371
1335290453768466435
1335290480842723330
1335290516380979207
1335290572534329347
1335290716914933770
1335291095169847296
1335291471512145920
1335291537215942657
1335291727498915840
1335291837465174019
1335291959326420994
1335292134803562498
1335292209344761860
1335292380791058436
1335292732542230529
1335292856743948288
1335293363030003716
1335293465765310464
1335294014166347776
1335294142205874176
1335294305154510848
1335294474596069376
1335294963987460100
1335295000016543744
1335295036070785025
1335295056698281989
1335295210654470148
1335295465450070020
1335295469367472134
1335295472806866945
1335295476678135810
1335295495300898816
1335295527886483462
1335295574933909506
1335295581560971264
1335295633318694917
1335296082067267588
1335296195237961730
1335296302415028226
1335296617163866112
1335296625921708033
1335297123210977280
1335297277540233217
1335297422134824960
1335297823282237440
1335297892936871936
1335297917553438721
1335297944262750209
1335298024130703361
1335298026328317952
1335298268054638592
1335298410014883840
1335298528596226048
1335298660465324033
1335298705461751809
1335298708007694337
1335298845220212737
1335299138032906241
1335299157800579074
1335299177442586628
1335299384565706752
1335299531890708480
1335299540153491456
1335299702200340484
1335299711117516803
1335299889165701120
1335300234474360835
1335300442004336644
1335300633692413952
1335300949104095234
1335301019660587014
1335301094872915968
1335301116666507266
1335301433269350400
1335301484746055686
1335301664648130562
1335301681429483521
1335301854088015872
1335302638838091776
1335302700989362176
1335302725601464321
1335302754005356550
1335302779473162241
1335302919906881536
1335302932951130114
1335303243220529156
1335303434950553602
1335303495914754048
1335303665209536512
1335303696008294403
1335303746100862977
1335303763188477953
1335303856452997136
1335303908357496832
1335304064964431876
1335304316496723968
1335304394749988864
1335304453608644608
1335304513582981122
1335304924121485312
1335305085543395329
1335305114022719488
1335305186215137282
1335305298110795776
1335305439685320705
1335305445972520962
1335305455162195968
1335305488305676298
1335305613736292356
1335305691234504704
1335305705188974599
1335305733211123712
1335305841394806786
1335306030562111488
1335306377019994112
1335306518275780609
1335306768482770947
1335306813961609217
1335307009776898049
1335307434240438279
1335307694530506753
1335307708417892352
1335307841910005763
1335307847224193024
1335307985183182855
1335308107363344392
1335308142209626112
1335308265752834053
1335308432530952192
1335308459177283585
1335308557345042433
1335308640497135620
1335308657706283009
1335308696440762370
1335308816943099908
1335308890976755714
1335308904750866436
1335309214856617984
1335309236197330951
1335309367936229378
1335309397225058306
1335309779762343941
1335309819427901442
1335310014911811591
1335310079176953862
1335310695156617217
1335310797673730050
1335310829735047168
1335310835024015367
1335310928758370306
1335310954238767105
1335311007988715520
1335311053299863552
1335311236444073984
1335311292853334019
1335311432703995920
1335311540849930241
1335311751697604610
1335311907385905156
1335311934208532482
1335311944199368704
1335311957117849600
1335312100323975168
1335312305672826880
1335312381354897413
1335312402850729994
1335312630467211264
1335312989616893952
1335312992787787776
1335312994922860550
1335313030700261377
1335313034319978496
1335313057501880321
1335313059066200066
1335313079496830976
1335313087860264961
1335313293444059137
1335313354219466757
1335313382891810819
1335313439187750914
1335313698567680007
1335313703131090955
1335313824774283266
1335313945637384193
1335314247786536968
1335314300634869761
1335314355072724992
1335314550770589696
1335314860238905345
1335314916832645121
1335314962588327937
1335315164258766851
1335315246328795141
1335315324435128323
1335315583387230214
1335315760479133696
1335315767965802496
1335315803479142401
1335315871997292546
1335315918109483008
1335315921280397313
1335315987835592712
1335316005896265732
1335316279998156811
1335316325326090241
1335316349506236417
1335316512656281603
1335316515856519170
1335316770362707971
1335316794333073409
1335316798602928128
1335316838587260928
1335317025196044289
1335317131815235595
1335317282470424576
1335317375932112896
1335317428386009088
1335317448212574209
1335317653196509184
1335318005593632768
1335318032667848707
1335318334481555458
1335318737650675713
1335318770903027720
1335318948976455697
1335319248160296960
1335319441375162369
1335319538750124034
1335319668039495683
1335319771064266756
1335319915289600002
1335320011896987655
1335320127961788417
1335320233293254662
1335320539481731075
1335320540169506821
1335320540182097920
1335320554874826754
1335320556183441409
1335320592938127361
1335320613171376128
1335320682469658625
1335320822232309762
1335321328132493314
1335321462950010881
1335321664838639616
1335321697914916866
1335321745855811588
1335321838105354243
1335322025888538625
1335322048990748676
1335322051385716748
1335322428973735947
1335322464579166209
1335323069150334978
1335323158803574786
1335323288218824704
1335323374994808836
1335323462630600713
1335323634311815170
1335323657766318086
1335323730931834880
1335323742256427015
1335323841908928514
1335323849026625537
1335324303999578115
1335324313864433665
1335324313923174400
1335324325847691264
1335324326921449473
1335324428117417984
1335324677875625992
1335324921849843716
1335324943681196032
1335325025432383489
1335325049881063430
1335325167954833410
1335325275559694338
1335325316449972224
1335325386092273664
1335325574689067015
1335325651788763137
1335325664359165952
1335325922128490497
1335325980026675203
1335326147131871232
1335326318616064002
1335326487038324744
1335326608866021378
1335327097284341760
1335327265991905280
1335327400448696322
1335327413836845056
1335327546381111304
1335327585434263553
1335327672109568004
1335327832831037443
1335327887990403077
1335327992122404864
1335328090814251009
1335328091116363777
1335328092869382145
1335328340605956096
1335328476912439296
1335328492377006083
1335328738540544000
1335329110755856384
1335329282395082754
1335329366344167435
1335329447550054404
1335329551652622338
1335329683706159106
1335330096304021512
1335330339011653646
1335330594117574657
1335330668717465606
1335330818798055427
1335330841816395778
1335330942899073024
1335330963514155009
1335330981289594882
1335331028441894912
1335331244511551490
1335331349708861442
1335331522392580096
1335331746372591621
1335331792304435206
1335331863691288576
1335331868678516740
1335331884210020353
1335331914715176961
1335331963851448321
1335332054272184320
1335332481361473541
1335332668490326019
1335332774182580226
1335333011739430913
1335333125510074369
1335333154656280577
1335333180472250368
1335333383644311553
1335333480436207617
1335333972600107011
1335333977163501569
1335334314024767493
1335334421398949895
1335334479968264192
1335334626177511427
1335334787284955140
1335334906965143553
1335334916691795977
1335335198851026953
1335335216676827138
1335335488190902273
1335335644969791493
1335335685243461635
1335335949941821440
1335335984142102533
1335336042380013573
1335336074604908553
1335336141168537602
1335336169027096581
1335336173431103495
1335336209611071488
1335336340465053704
1335336401739583488
1335336584414113794
1335336606040002565
1335336947645091843
1335337267326541837
1335337340273831936
1335337375174717441
1335337423111335943
1335337608621285377
1335337676753539074
1335337677714042881
1335337720483287046
1335337760446615554
1335337776942895109
1335337993993904129
1335338033298726912
1335338062784688128
1335338196750708739
1335338308415655937
1335338400984035328
1335338593963872268
1335338822083735552
1335339413472206850
1335339445902594050
1335339479561883660
1335339491305926659
1335339727571079172
1335339765735038977
1335339838799831040
1335339916796985345
1335339959977381888
1335340181323468804
1335340269819097090
1335340375834308617
1335340642038321153
1335341025292939265
1335341062370549763
1335341189873217536
1335341258043232257
1335341545659174915
1335341690471784453
1335341915601051650
1335342012543938567
1335342290546659331
1335342443789737991
1335342478443089924
1335342616490205240
1335342621158477827
1335342779929653254
1335342803577151491
1335343192628072450
1335343205383098369
1335343356109615105
1335343488603467776
1335343670434942976
1335343768384450570
1335343874370383873
1335343918888738816
1335344017358413827
1335344509912313857
1335344564106883073
1335344645837119491
1335344666380800002
1335344878159613953
1335345011592978434
1335345056618835968
1335345310277791744
1335345349137985536
1335345405782089732
1335345415076646912
1335345458399555586
1335345536786984966
1335345704945012737
1335345709172797440
1335345896846929920
1335345968535965698
1335345994972745732
1335346569248436224
1335346600688955393
1335346950997233666
1335346963198468097
1335346971922591747
1335347135802462208
1335347344435531779
1335347444276727810
1335347558328262656
1335347878647246853
1335348004509929472
1335348052933160960
1335348093534015488
1335348110189416448
1335348127168155650
1335348299763691524
1335348347251675136
1335348350519029765
1335348459600273408
1335348522271580160
1335348633403879431
1335348746616336384
1335348802417528835
1335348861100044288
1335348885993254912
1335348973914173441
1335349051664031745
1335349507060588544
1335349556196880385
1335349637042106375
1335349831603249160
1335349853245878280
1335349976000581634
1335350139326750721
1335350422391975940
1335350488183795715
1335350567040921605
1335350737094791170
1335350744782950400
1335350752596770816
1335350805591977985
1335350872600158209
1335351020260614154
1335351154113437699
1335351349354094594
1335351582242836482
1335351752321798144
1335352036678832128
1335352203016605698
1335352487583289344
1335352860792532994
1335352864454160390
1335352868975632387
1335353105181978624
1335353254625087490
1335353425001902080
1335353468584931332
1335353488491081729
1335353513367531525
1335353588059607047
1335353793265995778
1335354022383906818
1335354048850124803
1335354163874697218
1335354311732293636
1335354368439316491
1335354499867824132
1335354519962660864
1335354544511971330
1335354556931256321
1335354592721326086
1335354689131601925
1335355160785260545
1335355348430057480
1335355755944402947
1335355761677971456
1335355790534864898
1335356393688326144
1335356610756177921
1335356902331609091
1335356903296299015
1335357029565693952
1335357039560765446
1335357139305566208
1335357286458535938
1335357401663336448
1335357627660988418
1335357712360763396
1335357749845250059
1335357799447093252
1335357922830913540
1335358131799515140
1335359111937089537
1335359502091161605
1335359517622759425
1335359567946014720
1335359925262934018
1335360016040267782
1335360201130708993
1335360264007524352
1335360904934862848
1335361289955237888
1335361479676194822
1335361521258536960
1335361764435881997
1335361950981689345
1335362075267194881
1335362113041281028
1335362164815781895
1335362251520430083
1335362317010300929
1335362647622029315
1335362768254492681
1335362897782968331
1335362902937710593
1335363232547151886
1335363462617309185
1335363706717433856
1335364000071229441
1335365088740581377
1335365298657120257
1335365390332006401
1335365590291259395
1335365795283668992
1335365838468128769
1335365936031936514
1335365995763036161
1335366063526207488
1335366089480437760
1335366169117782017
1335366532059328519
1335366834590277641
1335366951221272580
1335366979096547329
1335368026452004865
1335368576727986176
1335368719850217473
1335369219664392195
1335369274018369537
1335369520949702656
1335369744107638784
1335369959812308992
1335370035313995776
1335370481294315520
1335370732558139393
1335370749197094912
1335370750140821505
1335371076218531844
1335371189565460480
1335371353420075008
1335371441626357761
1335371503613997057
1335371572035657728
1335371702235242498
1335371785181802499
1335371852349370369
1335371925057646594
1335372024185761793
1335372063222210560
1335372157581479936
1335372479544643585
1335372499840880640
1335372890091511810
1335372949604491269
