1409300513082855424
1409300517386338304
1409300517461897216
1409300517667311622
1409300517688254465
1409300517805768706
1409300517986226178
1409300532070686722
1409300631597297665
1409300644809392128
1409300700551684096
1409300763784847362
1409300833196380166
1409300926624681985
1409301042932617220
1409301184796635136
1409301241537220611
1409301562346938368
1409301701698465799
1409301781587238914
1409302051427860482
1409302273478512641
1409302316323381254
1409302363161214981
1409302466022289408
1409302525140881408
1409302543130370048
1409302663620173826
1409302958269886474
1409303010925219843
1409303028600016896
1409303044664221709
1409303111727042563
1409303269298561024
1409303300520955909
1409303424777310211
1409303426937278464
1409303587537121280
1409303903665987586
1409303935790108673
1409303973463474178
1409304062932226050
1409304190669754374
1409304193374904323
1409304286765457411
1409304286811541504
1409304790023114753
1409304790140608516
1409304809627344903
1409304839272677378
1409304901923086342
1409304944121942017
1409304947372531720
1409304954356043777
1409304997129605121
1409305154579533824
1409305164792537093
1409305338222940167
1409305473845706753
1409305545022984197
1409305545035726853
1409305545077571587
1409305545094447111
1409305545153167360
1409305552992231432
1409305559166242821
1409305580095815682
1409305638082158600
1409305824778936322
1409305865715339264
1409305998674694148
1409306159903825927
1409306290548006916
1409306297967722496
1409306551706341376
1409306630336901122
1409306829826539520
1409307075637809153
1409307076829106176
1409307095158214659
1409307301132054529
1409307311089221633
1409307368232525833
1409307514315882496
1409307607911874563
1409307657576534017
1409308061538295808
1409308062100373508
1409308062284881926
1409308062851207171
1409308063325118465
1409308074633011204
1409308145688657922
1409308180266598402
1409308302337527808
1409308309589463043
1409308324177268736
1409308383308615683
1409308406649966592
1409308494738726916
1409308565123256326
1409308882724438016
1409308967583600640
1409308993420464128
1409309353220452352
1409309393930403849
1409309571538030593
1409309860391444480
1409309879475621891
1409309893799071744
1409309930738360327
1409309957938364416
1409310104038559746
1409310161257304066
1409310172237942786
1409310383509327875
1409310497627947008
1409310534466428930
1409310578212958210
1409310578284404743
1409310811722596359
1409311013602619394
1409311143039062018
1409311185955176453
1409311222357540866
1409311306226733058
1409311413957451776
1409311433570062339
1409311496639758336
1409311513391808512
1409311534162063361
1409311656749015041
1409311779709194241
1409311836474851332
1409311849837891587
1409311954334883844
1409312498659041280
1409313092119506945
1409313100327759885
1409313133894701057
1409313156782956546
1409313179713290242
1409313190651981825
1409313202685493255
1409313232939012096
1409313272592015361
1409313276199014402
1409313372508766211
1409313375738286080
1409313536619188224
1409313600359960584
1409313654483341322
1409313828425326592
1409314022650961923
1409314080981241858
1409314108978118656
1409314293913432066
1409314342030483456
1409314378890072064
1409314520363896833
1409314521081069574
1409314556355264514
1409314618279960580
1409314668829622279
1409314743374987269
1409314930462007297
1409315075048026113
1409315235593326595
1409315259593093124
1409315593464041476
1409315611822395395
1409315614133477377
1409315614259359745
1409315614385000451
1409315614548660226
1409315614561345536
1409315615119081480
1409315615999815680
1409315616305991680
1409315630977855488
1409315631137280002
1409315634958069761
1409315642927427585
1409315646735802373
1409315700435570694
1409315709134454795
1409315715199479809
1409315716386467840
1409315893834915845
1409315911220318210
1409315916928761859
1409316088513544200
1409316101729787908
1409316396526411787
1409316401597321223
1409316454156193802
1409316488096489476
1409316516659597313
1409316618342125572
1409316728857845765
1409316736474697733
1409316869920624645
1409316881790607361
1409317036811952129
1409317064955756549
1409317200775766019
1409317270657064960
1409317352718667778
1409317368837414915
1409317432674557955
1409317618343890949
1409317629794324485
1409317686044155908
1409317740758945802
1409317775143849991
1409317858803339267
1409317956404727813
1409318022435655684
1409318074252251138
1409318173120270341
1409318182729490434
1409318362862264320
1409318637530501121
1409318752051679233
1409318974005862405
1409319057971625988
1409319083946954755
1409319118923304962
1409319264910196744
1409319296640106497
1409319319150944258
1409319386071113729
1409319386364719107
1409319420627931145
1409319504488845316
1409319961676288001
1409320007457148930
1409320200420294661
1409320225124884483
1409320245295206401
1409320644488187904
1409320644597092353
1409320644630638596
1409320797093650439
1409320846640832521
1409320857630031873
1409320896171544579
1409320911937839104
1409320969517166595
1409320994930581509
1409321049150279685
1409321096625590272
1409321124966670336
1409321134730874880
1409321193296089092
1409321204708564992
1409321399433535490
1409321436385210379
1409321506593808393
1409321617201709056
1409321633958055936
1409321651100127236
1409321658700075011
1409321783573061633
1409321962938064899
1409322286239293442
1409322366908264450
1409322497959469057
1409322533929852930
1409322624329687042
1409322653769506825
1409322758522163201
1409322784854007811
1409322838901805056
1409323046385721346
1409323141709504519
1409323161359839234
1409323161997434883
1409323162592940033
1409323172709769219
1409323178774745089
1409323233799720968
1409323474133393409
1409323522250346499
1409323531171729413
1409323532501278724
1409323698717433857
1409323718866837507
1409323755055161347
1409323813821550593
1409323837670531074
1409323897934159873
1409323912954101767
1409323945380171786
1409323964002824194
1409324167804055554
1409324358716231682
1409324419424702467
1409324624614248453
1409324665189847049
1409324671112200199
1409324748413161472
1409324863450460163
1409325002869125120
1409325016865333252
1409325185866600451
1409325494982561799
1409325585084542977
1409325596094701571
1409325677703143426
1409325695906496515
1409325700323106826
1409325792895569925
1409326012333281281
1409326555210424320
1409326626714927111
1409326655458353154
1409326750853603331
1409326776598269954
1409326936053141506
1409326944248897538
1409326946111180805
1409326980495933445
1409327009134743558
1409327174306435074
1409327200269185031
1409327469484724227
1409327495141330944
1409327498157084678
1409327592553869313
1409327708811710476
1409327735608987650
1409327820682063879
1409327844560293893
1409327845277454345
1409327864843935746
1409327904866111492
1409328114522537984
1409328194172243978
1409328194264526860
1409328241584787462
1409328279958573058
1409328294445658112
1409328399248609281
1409328400829976580
1409328551405535232
1409328591565885444
1409328857249898500
1409328895208345604
1409328935398162434
1409328953819549699
1409329273165516801
1409329317981601792
1409329400013787136
1409329633888251910
1409329685859901442
1409329767178915843
1409329827006627841
1409329976827068416
1409330017532669953
1409330024394657795
1409330394688724995
1409330498602684422
1409330516214661126
1409330544215658502
1409330544765247488
1409330550188478467
1409330591649173509
1409330633864847360
1409330711107051523
1409330711446884356
1409330711996387328
1409330713481072643
1409330714307346432
1409330714399494146
1409330715171373056
1409330720862994432
1409330723568373761
1409330726600855552
1409330775636463629
1409330801519562753
1409330934109900802
1409330950236897280
1409330961859235842
1409330980981248004
1409331015911411719
1409331074841251842
1409331222870958082
1409331256932904961
1409331286834135040
1409331531794030595
1409331640774627330
1409331730138513410
1409331880613355526
1409331969482117128
1409331975035498504
1409331990713835525
1409332021672005632
1409332024939147267
1409332204837249033
1409332270255808512
1409332280426893312
1409332381270646785
1409332485159231489
1409332684611112965
1409332699760889861
1409332724104630274
1409332733361393664
1409332743457153027
1409332877867749376
1409333013234675714
1409333236254261248
1409333241484558340
1409333287043141632
1409333505612451840
1409333533861163010
1409333603083956225
1409333650940964872
1409334105443995653
1409334150205743104
1409334186717106176
1409334241410826240
1409334435116306432
1409334485745815556
1409334503160561664
1409334524442468357
1409334622249537536
1409334737307459595
1409334759139037192
1409334928848961542
1409335140006891522
1409335241739808769
1409335266528137222
1409335277076860930
1409335328389976064
1409335358135967748
1409335385067556872
1409335416822583297
1409335522959388675
1409335700445700096
1409335743974035464
1409335746205564928
1409335751041601538
1409335751834279944
1409335895669579778
1409335914053132288
1409335981451448321
1409336012648685570
1409336240923627524
1409336336205729796
1409336556301688834
1409336573846491146
1409336691421290502
1409336750711869442
1409336769242349569
1409336879338622980
1409337084620554242
1409337132657774595
1409337142657138694
1409337154715668484
1409337161359503363
1409337177897635840
1409337178518265859
1409337499848101890
1409337817814253575
1409338033653137409
1409338164867735553
1409338260468420612
1409338260816494597
1409338261776965633
1409338261890236416
1409338426302808066
1409338500554633219
1409338546138148866
1409338650618441728
1409338850330165249
1409338855111618561
1409338873956687874
1409338984900276224
1409339015690600450
1409339066311708673
1409339069822291972
1409339109672427522
1409339399431720961
1409339513533566978
1409339616944078850
1409339638045679616
1409339777745408012
1409339827821203459
1409340007274385409
1409340040405143552
1409340098634825730
1409340156482666497
1409340273772089345
1409340306353426433
1409340605038223362
1409340777122181128
1409340777130463232
1409340785523408896
1409341130525786113
1409341301775032325
1409341330162061322
1409341388651589632
1409341398373912579
1409341446155608068
1409341474379112451
1409341484168585216
1409341647402459137
1409341703258099715
1409341785479028737
1409341786137366532
1409341839904317441
1409341862914179073
1409341906774106112
1409341961685782535
1409341996141989888
1409342035467796480
1409342035731968002
1409342041956487171
1409342214937874433
1409342459310604288
1409342477073534977
1409342730208223235
1409342757307666440
1409343004419182597
1409343107934654466
1409343112305168387
1409343528140886016
1409343543148175360
1409343590942322699
1409343686169800707
1409344029590966273
1409344033344868355
1409344159673057281
1409344184876781568
1409344246394589185
1409344386140459008
1409344552071090178
1409344680215580681
1409344836474335235
1409345008990314503
1409345428445933568
1409345609157464069
1409345792188375040
1409345810358325254
1409345811868225537
1409345813445181443
1409345815743811587
1409345817123635206
1409345817429778437
1409345822286774276
1409345827215187968
1409345839408070656
1409345839709962248
1409345969272000518
1409346062461157377
1409346204467707904
1409346313867730951
1409346363272355843
1409346370029322242
1409346448466931715
1409346661160296450
1409346664306032642
1409346700297195521
1409346774523957254
1409346827799965697
1409346836951965699
1409346882543964168
1409347024399466498
1409347217861890056
1409347228842463239
1409347585022832644
1409347628425416706
1409347738978996230
1409347749326344196
1409347821036314633
1409348169943552007
1409348327083286528
1409348327095812099
1409348341914345478
1409348419248963585
1409348658294779912
1409348696005873668
1409348797797437443
1409348921747509250
1409348998050156544
1409349036558143490
1409349139071184896
1409349547013332992
1409349585189761026
1409349585277964289
1409349610875801604
1409349663723978757
1409349669151555584
1409349681809866755
1409349744758071296
1409349905760542721
1409350171541057537
1409350255926079491
1409350273177432067
1409350434498678784
1409350525120696323
1409350801659674631
1409350843518787586
1409350843665555459
1409351095223087107
1409351389655019522
1409351703065923590
1409351759621931008
1409351853729411080
1409351909392199682
1409352051361038344
1409352060236075008
1409352232097640452
1409352276762714119
1409352513568968706
1409352516194738181
1409352524092563457
1409352856801480706
1409352984895623170
1409353046165950469
1409353062901297157
1409353319307436032
1409353345232510980
1409353360164089868
1409353363448287238
1409353374760382469
1409353522827517952
1409353817657909248
1409353911668940806
1409354020376961026
1409354220126408704
1409354255194939392
1409354276942401536
1409354665381314561
1409354745869971458
1409354879148212225
1409355082286702593
1409355264202088448
1409355422247628800
1409355433257615362
1409355442539712514
1409355706571051013
1409355876851351554
1409355876922658821
1409355967532355584
1409355997303480320
1409356507481772033
1409356657532956672
1409356833656016897
1409356847983828995
1409356971895967749
1409357146039402500
1409357171284840451
1409357357453352960
1409357657056727043
1409357710471143426
1409358043968688138
1409358044325056513
1409358141955919872
1409358241516208130
1409358274261098499
1409358399171706880
1409358399976923138
1409358424878505987
1409358465630355464
1409358514699505667
1409358524430356481
1409358525722071042
1409358559201173505
1409358564053983239
1409358729326301185
1409358896578371589
1409358900466421760
1409358943206481924
1409358963913728001
1409358991843631105
1409358994083389445
1409359071526989825
1409359088149016576
1409359219392983041
1409359350091554817
1409359405146071041
1409359457298137095
1409359459638521857
1409359605948424193
1409359620200620034
1409359662244315142
1409359744930926599
1409360127719772164
1409360206891347973
1409360280589586432
1409360287283789829
1409360637172629505
1409360912163639298
1409360913082327046
1409360913774301185
1409360940622024706
1409360942895357953
1409360955025276936
1409361072331628545
1409361166019837952
1409361279576424456
1409361340527902721
1409361853562560518
1409362419760128000
1409362433861468162
1409362521543356417
1409362556507013121
1409362597070065667
1409362862074699778
1409363165440352256
1409363184092389376
1409363311867609094
1409363448446832650
1409363483364319241
1409363516478402563
1409363540637470722
1409363650071207936
1409363778505003012
1409364009946693633
1409364079190458369
1409364604162121735
1409364657538834434
1409364703478964225
1409365187996622851
1409365414455488515
1409365943122280453
1409366004002603010
1409366005168578560
1409366114258362370
1409366354247958533
1409366760399200262
1409366952712232964
1409367488735985664
1409367564464046080
1409368048272691201
1409368084519993344
1409368386845483010
1409368438552862720
1409368466256281601
1409368471398498306
1409369408443752453
1409369410515701763
1409370204879028229
1409370943429005319
1409371000072900609
1409371315186843653
1409371513162289158
1409372026029096962
1409372187476344836
1409372254698459136
1409372834426675201
1409373024843862017
1409373195853963270
1409373329765670913
1409373437034909696
1409373990603214852
1409374697603674113
1409375013329784835
1409375068208058369
1409375193643065346
1409375248403865605
1409375638788710406
1409376009246236674
1409376012320731143
1409376015491665921
1409376718176010243
1409376876737576962
1409377222205620226
1409377679703425025
1409377690830901248
1409378085200334849
1409378105706307584
1409378161167568898
1409378261797326852
1409378976028631047
1409379778029830150
1409380231555780612
1409380336862121987
1409380434690166784
1409380679817777152
1409380701649178627
1409380916368220160
1409381042436325376
1409381042440466439
1409381312142712832
1409381441889259526
1409381463057895425
1409381991695405056
1409381995482959873
1409382045797781504
1409382554378149894
1409382855596150791
1409382894431244288
1409383009271246853
1409383742989295616
1409385717344571394
1409385722683936773
1409386104340496387
1409386233470595072
1409386578997243910
1409386771524300803
1409386825328775169
1409387284323979264
1409387485436784647
1409387536686977033
1409387742841167872
1409388193573748739
1409388415662104580
1409388499124506626
1409389278262595587
1409389514372624384
1409389966136905730
1409390042007719936
1409391112620367873
1409391128202330114
1409391336147480579
1409392174844755971
1409393146996404224
1409393839991820289
1409394521268494336
1409396607171317762
1409396768178159617
1409397526529150977
1409398058861961217
1409398237706993670
1409398552795754498
1409398659637301248
1409398659687452673
1409398978530004993
1409399050500255751
1409401175141609473
1409401680827797507
1409403548232667141
1409403691807907848
1409403691875115009
1409404251198169089
1409404416675942401
1409404460397330438
1409405475007905796
1409405956648173569
1409406181299290116
1409406210227331072
1409406211481477122
1409406704039698432
1409406714819059716
1409406769860911104
1409407067333529601
1409407617726828544
1409407619450671104
1409407622650937344
1409407626237128706
1409407629496143874
1409407636206915584
1409407642917867523
1409407649943273473
1409407653609082887
1409408100382265349
1409408293517369346
1409410744144310274
1409412248112570369
1409412307499769858
1409412336461430784
1409412504548261888
1409412767099068421
1409412801450348545
1409412882190716929
1409413011605909504
1409413061702676483
1409414148878860288
1409414244399996929
1409414381813866496
1409414409617915905
1409414808550658049
1409414814267592707
1409414840343539712
1409414889735655427
1409414928474292227
1409415008962826243
1409415296994234370
1409415299280125953
1409415317554712583
1409415548828532739
1409416424205004800
1409416725825740802
1409417533107572738
1409419150619987971
1409420374941503491
1409420541782528001
1409421273822904324
1409421559739998213
1409425004111011844
1409425082645028870
1409425145576501249
1409425648213446657
1409425651686379523
1409425862504632322
1409426341066272768
1409426341074591747
1409428271649939456
1409428445113765892
1409429543824375812
1409431374088519681
1409432632585187331
1409434421573296137
1409434434546376704
1409435068519661568
1409435624243752970
1409436155678924804
1409436410311028738
1409436410751328256
1409436416749277186
1409436511678996481
1409436666809487363
1409438985815052290
1409439398144380930
1409440553809309700
1409440905900269570
1409440911029907456
1409441232808468480
1409443035109376001
1409443341440258049
1409445215488856069
1409446473759178754
1409446984587546625
1409449788010024961
1409449951227174915
1409450589143056386
1409451508899274758
1409451509788688386
1409451511848001540
1409451511868964864
1409451513781567489
1409451514817441794
1409452269972733953
1409452271943946242
1409452309428453377
1409452311466893320
1409452332513890307
1409452367087607808
1409452388142944258
1409452390043066373
1409452392840638468
1409452499409551360
1409452540123664389
1409452547128049666
1409452554266812417
1409452642959511556
1409453826680238080
1409454187688214531
1409454477875294208
1409454585480101888
1409456349902262276
1409456540419903492
1409456867563147265
1409457553851965447
1409458157085208581
1409458187120431107
1409459062375391239
1409459115252928515
1409459269401985024
1409459898082078720
1409459925420552194
1409459933058322432
1409460424320421889
1409460590477783044
1409460595183792129
1409461573165277194
1409461766803931136
1409462357588430849
1409462870727966721
1409464101340860423
1409464401485238278
1409465412052467714
1409465629548060676
1409466606908973062
1409466609513734148
1409466609966665729
1409466612369924096
1409466612931993606
1409466614316113920
1409466880528683010
1409467169910427657
1409467312621633539
1409467644466532352
1409467843750604800
1409468500708446215
1409468716899786756
1409469123105488904
1409469481336848385
1409469638824636422
1409470156573659139
1409470380654444546
1409471034449973254
1409471649158664195
1409471891417485317
1409472408793214982
1409472850952654850
1409473190649372675
1409474158023614464
1409474209701634049
1409474307105779713
1409474687550345220
1409474697184657412
1409474836695506948
1409474903993106433
1409475158004359168
1409475311809536004
1409475541753810946
1409475665930428418
1409475917710184451
1409475971527319555
1409476371588337665
1409476381084327940
1409476390550872067
1409476443508076551
1409476482053804032
1409476550416809985
1409476667416981515
1409476672894734339
1409476994505576452
1409477109018398720
1409477941159944196
1409478311433146370
1409478399605698569
1409479441080852480
1409479541014339590
1409479679644475394
1409479896758378504
1409480447562633216
1409480447587852295
1409481172632150024
1409481181431799809
1409481444179709954
1409481604897153027
1409481619400953859
1409481642016641024
1409481706373931017
1409481706613190656
1409481707875614724
1409481710480375808
1409481710643793927
1409481710971064323
1409481712992612354
1409481713667895308
1409481714297102341
1409481714313932802
1409481715496538116
1409481846975516678
1409482036767772678
1409482076991234050
1409482083957882883
1409482151406358529
1409482209719955464
1409482438389153792
1409482597449801731
1409483222514384899
1409483236347109377
1409483433189928960
1409483902738219009
1409484127154409479
1409484222398611462
1409484222486691847
1409484235036053504
1409484448656199680
1409484549185323008
1409484652730015744
1409484815838060544
1409484951469363201
1409485229140684810
1409485229199220737
1409485481037860866
1409485820873031682
1409486194614935554
1409486213015298052
1409486235941445637
1409486373799796739
1409486392422539265
1409486487532359689
1409486739224162306
1409486746484711424
1409486747420004352
1409486748862779393
1409487265785692161
1409487266595196932
1409487551908532236
1409487573031006208
1409487607009091593
1409487745773281280
1409487745823744001
1409487875922669572
1409487930633097226
1409487995984650246
1409487997578342410
1409488248842461184
1409488352169103362
1409488352294866957
1409488393633861640
1409488931394097156
1409489071206928385
1409489164760977408
1409489185246003200
1409489256490414085
1409489256616181760
1409489256712601605
1409489257689976832
1409489258889584643
1409489431548006409
1409489701275373577
1409490010617827330
1409490162136993792
1409490349265932296
1409490394694434820
1409490514299305987
1409490546498801680
1409490591407247367
1409490718058549248
1409490775520342020
1409490828221878279
1409491046610964481
1409491388752961540
1409491482394890246
1409491490317946886
1409491551869407235
1409491772082950150
1409491772246347783
1409491772456112130
1409491781696303104
1409491787123728385
1409491951775191041
1409492052673548291
1409492073540108292
1409492101818093568
1409492170445312006
1409492385759907843
1409492393770897410
1409492721174122506
1409492723934052354
1409493030516629506
1409493030667571200
1409493030755782658
1409493030881595393
1409493348243722250
1409493514866638851
1409493628230127620
1409494068309073924
1409494078505558020
1409494098172600327
1409494174337056770
1409494225318731776
1409494258801807367
1409494275478466564
1409494289021865984
1409494331359219713
1409494455237947397
1409494476385619975
1409494484501544964
1409494599438045184
1409494712822730757
1409495020277846017
1409495167330095113
1409495183562055681
1409495320975724546
1409495547212451847
1409495557501067268
1409495559430344704
1409495606620528644
1409495628514660353
1409496027455967238
1409496245056405505
1409496381186838534
1409496508660174851
1409496650385612804
1409496759303290881
1409496805608407040
1409496806069837825
1409496808900808706
1409496809223987200
1409496809911721986
1409496810478047232
1409496811044151300
1409496813413888004
1409496813669920772
1409496813707558913
1409496814257000448
1409496815431405568
1409496870305648648
1409496937494159360
1409496963293274119
1409496985418207237
1409497006955970565
1409497011234160642
1409497012635111427
1409497057270943748
1409497158521430018
1409497230180978692
1409497375954116615
1409497509257379842
1409497658226401284
1409498013064593412
1409498025949552646
1409498064792948740
1409498140802224134
1409498661864751108
1409498769532588039
1409498944372101120
1409498972893241345
1409499285624918019
1409499322010513413
1409499322299781121
1409499411068055564
1409499548318306309
1409499599916736518
1409499631940079618
1409499843974795270
1409499904964272142
1409499912153321476
1409500261383475201
1409500347538841602
1409500513058631682
1409500580729528325
1409500694235824134
1409500853933727746
1409500864944001031
1409501067088433153
1409501183601958927
1409501192825282563
1409501335339339779
1409501340749991939
1409501385276727299
1409501397964501004
1409501543653462021
1409501603531472896
1409501619104927745
1409501783899131907
1409501869148418056
1409501900123168768
1409501915197571080
1409501929575694337
1409502018587271173
1409502074606428162
1409502135805431808
1409502594951618562
1409502692695842817
1409502697577799685
1409502880114089990
1409502883968651265
1409502899072376834
1409502974427160576
1409502982438363142
1409503074880794628
1409503096942694407
1409503113480916995
1409503409040986114
1409503446324105218
1409503527962132481
1409503580541882372
1409503614050213891
1409503763577118722
1409503905982070790
1409504203156951049
1409504355502497793
1409504355762393097
1409504456425750530
1409504469071515648
1409504475849629701
1409504537518428170
1409504571207135248
1409504586021416962
1409504621069049863
1409504644745908225
1409504734189391873
1409504804305440768
1409504824522153985
1409504838812110854
1409504850291871745
1409504885310214148
1409505075362467846
1409505131515764738
1409505400416784387
1409505476581236739
1409505498370646018
1409505565756243969
1409505640922292230
1409505713437786112
1409505864977944577
1409505947177865220
1409505960876339206
1409506175008186375
1409506528277766147
1409506692551909376
1409506716585234438
1409506770796617729
1409506871652745219
1409506871816318979
1409506871917043717
1409506874760876035
1409506880687378438
1409506890070081542
1409506890988634114
1409507055577280520
1409507095448334341
1409507104277336066
1409507150678921220
1409507201752907783
1409507342056570887
1409507397689921544
1409507488723095554
1409507532847128578
1409507557002170376
1409507620516339717
1409507626665324545
1409507785503555591
1409507817304772611
1409507901421412355
1409507956484366344
1409508024067133450
1409508069541703692
1409508115637325824
1409508130090799114
1409508130220769289
1409508130615021574
1409508132867428354
1409508160218357764
1409508163142000640
1409508391190294528
1409508437134819328
1409508522367217669
1409508537152249859
1409508800789454848
1409508815112917004
1409508850709979138
1409508903839207428
1409508943697743884
1409508946432475138
1409508952824594440
1409509023649501187
1409509065550557184
1409509072097976327
1409509288515624961
1409509388239446024
1409509388260286469
1409509388415508482
1409509440320118790
1409509514437668869
1409509639398604803
1409509645144653825
1409509739675873287
1409509751982104579
1409509781803524103
1409509841245151239
1409510047760097293
1409510072494006274
1409510084573499398
1409510194246164480
1409510326463307777
1409510404804460546
1409510420004622340
1409510553593188355
1409510735374397447
1409511031693578248
1409511074353795072
1409511125994070017
1409511355816853504
1409511503200407552
1409511605528838150
1409511637875265541
1409511675343130628
1409511695597375490
1409511749628399619
1409511898928742407
1409511905631240195
1409511906218414085
1409511907321655297
1409511909582376961
1409511909892759563
1409511911180308490
1409511913646702592
1409511913885618177
1409511997553664000
1409512072266854401
1409512113635274752
1409512123441594375
1409512135424712709
1409512156673056770
1409512156870201347
1409512262012911618
1409512271613726728
1409512320028524551
1409512422780674051
1409512756412239876
1409512830135644162
1409512870103158784
1409512918589214728
1409512970670030849
1409513046335164425
1409513047165636617
1409513210911338506
1409513322391740417
1409513329832431620
1409513333280149505
1409513420349706241
1409513477182529539
1409513496165851136
1409513624293449728
1409513634611531783
1409513664080662533
1409513746532347907
1409513754157588484
1409513777402421248
1409513974174003201
1409514107758383107
1409514129950343173
1409514274893008899
1409514392409067520
1409514421416693775
1409514421463011332
1409514436117864452
1409514605777506316
1409514615306919938
1409514660869595150
1409514664346652678
1409514684756238338
1409514837315657728
1409514923361714182
1409514929447702531
1409514936716435460
1409515127146041345
1409515144061669376
1409515158821539849
1409515262848557059
1409515298227736576
1409515376183021574
1409515520714477573
1409515599672320000
1409515654441492483
1409515680194510859
1409515680248987648
1409515738524753923
1409515785463205893
1409515813384572931
1409515902236827665
1409515911338467335
1409515979852464136
1409516016099549187
1409516024584671233
1409516170017902596
1409516236363468802
1409516252096348170
1409516364054687744
1409516394488733697
1409516493449093120
1409516589561548800
1409516590350192640
1409516790837780486
1409516872203128838
1409516938124926983
1409516938498281476
1409516938955477000
1409517012435492866
1409517183902887936
1409517418100277249
1409517543774109696
1409517602624389125
1409517632701730816
1409517635377586178
1409517636006912000
1409517699177324554
1409517824721276936
1409517968619229184
1409517996784205825
1409518023606669312
1409518085153775617
1409518107056652288
1409518197980733444
1409518203286568960
1409518224195133446
1409518244596158471
1409518379824713728
1409518448162582529
1409518458279239680
1409518476675457028
1409518613019643905
1409518670917873668
1409518703809605634
1409518749024129026
1409518764987719684
1409518830024593408
1409518879789838338
1409518910999728133
1409518951378219015
1409519037684482053
1409519049063604227
1409519135810146305
1409519455529357313
1409519455856513032
1409519455886004225
1409519457148575744
1409519476895371265
1409519483924926474
1409519525326897159
1409519536374784003
1409519558826803202
1409519584852549632
1409519714267713539
1409519722295668742
1409519800259330048
1409519847478812674
1409520074269069312
1409520130443329543
1409520146927034371
1409520158658514944
1409520379022938123
1409520433498632202
1409520549190057987
1409520633130672129
1409520640202207233
1409520740215492611
1409520816304398336
1409520899271888900
1409520951629258759
1409521136380133392
1409521140385656840
1409521209839136774
1409521338713313280
1409521436759367688
1409521516723777546
1409521557731483650
1409521720365654020
1409521866960642049
1409521876007718914
1409522026721710080
1409522031180255234
1409522039313084416
1409522216920834056
1409522250043170824
1409522315717656586
1409522352270888960
1409522381677289480
1409522385976451076
1409522471447977986
1409522475768107019
1409522476564979713
1409522503244992513
1409522529501421570
1409522552553226242
1409522660762062854
1409522662800388097
1409522726054678528
1409522778861043714
1409522916757106688
1409523022877319172
1409523098726981632
1409523230268928000
1409523245938663427
1409523275542274050
1409523322526867458
1409523356748058633
1409523423429099527
1409523445122097156
1409523481167994882
1409523554626981897
1409523713188548616
1409523753269305346
1409523764274991106
1409523787503181826
1409523843580841986
1409523905644023817
1409523919770509317
1409523921372725250
1409523921821577223
1409523992285831174
1409524015472037891
1409524016856117251
1409524082178084864
1409524487763136512
1409524488157503489
1409524557707415559
1409524629983711238
1409524859168727041
1409524872213143553
1409524913120153600
1409524946460721154
1409524977720868865
1409525085644460038
1409525255425646594
1409525341081767941
1409525353966620673
1409525390478135297
1409525406408007683
1409525444378992640
1409525499701907456
1409525540143484931
1409525725556883464
1409525788387520514
1409525826064982020
1409525867198521354
1409525984550961154
1409525997762981889
1409526053425590278
1409526145440178176
1409526175169335296
1409526222070194177
1409526242769051648
1409526383257309184
1409526387656908802
1409526421437964291
1409526423379972102
1409526446616424456
1409526470209249283
1409526509644230663
1409526569375125508
1409526642154762242
1409526809830494212
1409526816197406720
1409526879799975936
1409527004790022152
1409527005897367557
1409527006035906566
1409527006879010824
1409527007168266241
1409527008497999876
1409527008896430087
1409527009030545409
1409527010863456260
1409527012629245958
1409527013078093825
1409527016676757508
1409527017578536962
1409527094669946884
1409527136143261705
1409527162860933129
1409527168561029123
1409527231550996488
1409527256699920387
1409527265755553794
1409527267642970119
1409527271774310404
1409527396244635651
1409527413130907655
1409527550498443268
1409527580059971590
1409527690328121349
1409527693180215303
1409527804933279751
1409527914819833865
1409528068297871363
1409528112686284803
1409528154889334787
1409528181883768838
1409528194550611971
1409528201639047169
1409528255506432006
1409528263588806668
1409528294047944710
1409528419080155147
1409528462336004099
1409528514332741643
1409528634159808514
1409528696906584067
1409528829585104896
1409528842876768262
1409528876955545603
1409528968819134477
1409529039640014855
1409529109126909956
1409529123576467457
1409529157726334977
1409529166727467010
1409529184762970114
1409529187409530880
1409529199593918465
1409529220322168839
1409529232884121605
1409529264253267972
1409529421711609857
1409529467995922434
1409529480343810051
1409529537508040706
1409529561017110529
1409529692076613635
1409529741409931266
1409529794308591619
1409529840873713671
1409529846196174852
1409529900663558146
1409529984016814080
1409530023422291980
1409530029223067649
1409530037670395909
1409530048864997383
1409530057383624705
1409530079663824897
1409530126857957376
1409530183661457415
1409530248673251338
1409530270403862529
1409530327215841282
1409530376645578752
1409530514554322946
1409530583852716042
1409530637275439105
1409530637967572997
1409530639431487492
1409530646574342150
1409530660528787467
1409530725699829764
1409530780372590602
1409530837054414852
1409530902305198094
1409530924383965193
1409531012577738756
1409531050934648832
1409531063391686659
1409531135642718210
1409531233374253061
1409531347777904642
1409531397648400387
1409531474546679808
1409531519941627904
1409531535825391618
1409531587201585153
1409531599192997891
1409531615513092099
1409531657691017230
1409531666318639106
1409531687277514755
1409531692998488065
1409531751047827456
1409531761286074370
1409531787009683468
1409531809080221697
1409531829628047369
1409531845335781378
1409531921982541826
1409531968778350594
1409532031307026442
1409532037556363265
1409532037866954754
1409532122960891904
1409532124458369025
1409532127524364296
1409532170683650053
1409532195996422148
1409532198944968705
1409532236081336326
1409532274631192589
1409532287373430784
1409532289076375552
1409532412065988608
1409532464750493697
1409532534048821253
1409532541015629824
1409532543997784074
1409532556597469186
1409532564365213697
1409532607201611782
1409532817222995972
1409532845270261761
1409532887163097092
1409533002783277064
1409533024216158214
1409533080956702727
1409533093447442433
1409533114679021576
1409533193842163712
1409533248456306692
1409533250461224964
1409533251601932292
1409533276927242241
1409533295822618626
1409533307990134788
1409533390177681415
1409533433781493762
1409533480841715717
1409533550437752843
1409533647149879297
1409533730499203073
1409533898917298177
1409533950691786760
1409534079058563074
1409534083093381127
1409534158171426823
1409534164320198661
1409534263184150532
1409534265390374912
1409534298714165259
1409534415160631304
1409534554021404679
1409534554029936641
1409534554336075782
1409534554705219593
1409534555430731787
1409534556240171008
1409534556324179973
1409534556395483137
1409534556433108994
1409534556580061184
1409534556970143749
1409534557011861510
1409534557083389955
1409534557208993795
1409534558060511236
1409534625676943371
1409534652138799112
1409534662649827337
1409534672187633668
1409534706878713856
1409534795080736772
1409534876743716865
1409534879713406980
1409534954120298499
1409534958390161423
1409534961749839876
1409535048894799879
1409535155820281859
1409535206885933057
1409535357117468680
1409535357276856322
1409535475602362370
1409535478936784901
1409535487224778754
1409535492778074114
1409535547538915328
1409535559693897735
1409535579885342722
1409535671417536512
1409535812576976901
1409535812602003467
1409535857271447552
1409535865018142720
1409535872349970432
1409535873172099074
1409535883246723084
1409535904478343178
1409535922304131076
1409536070006493190
1409536106278932484
1409536269001052168
1409536290870149121
1409536317210439680
1409536342925615105
1409536379600703493
1409536492016443396
1409536498530095106
1409536529375105028
1409536584869826563
1409536689031286790
1409536707775676424
1409536735365812232
1409536796149436421
1409536989339303937
1409537070612111362
1409537070704562181
1409537165860687883
1409537218557878273
1409537316192935942
1409537327593107456
1409537379585728512
1409537441849962499
1409537453384425482
1409537684100595717
1409537832163495940
1409537841948938241
1409537865244155910
1409538041870532609
1409538267784044550
1409538274348175366
1409538328945434631
1409538329134211074
1409538329268428812
1409538339850620930
1409538341192802306
1409538343474507784
1409538378480205832
1409538378719281153
1409538429269037066
1409538429629747214
1409538443328245766
1409538601830928384
1409538637008707590
1409538884074192905
1409538912586973185
1409538935588638723
1409539005121806339
1409539007034314753
1409539011421560835
1409539061031731206
1409539083882409985
1409539113372557323
1409539211993096192
1409539244922572804
1409539295841488899
1409539438225543168
1409539467094941696
1409539495691571203
1409539560225316866
1409539587383300097
1409539587932884996
1409539615317323779
1409539628676403214
1409539672716546048
1409539862202617863
1409540077361958913
1409540090574016512
1409540092457369603
1409540094478913540
1409540148308725765
1409540185482698753
1409540193707696131
1409540230559023108
1409540356157308931
1409540463154106373
1409540484641427456
1409540502438002688
1409540910115852290
1409540964151136257
1409540968416694278
1409540971633782790
1409541074587115520
1409541081759465484
1409541097076973570
1409541097286627332
1409541177683161089
1409541502695575552
1409541505015074820
1409541534329053191
1409541692508852224
1409541731813572611
1409541817574494213
1409541924369965056
1409541969110503429
1409542041432903682
1409542105006055431
1409542105723113473
1409542105811279882
1409542106746589188
1409542107216461829
1409542107354656773
1409542107614924807
1409542107715407874
1409542107950239744
1409542110672351236
1409542110760423425
1409542112790691849
1409542115198222339
1409542115789398018
1409542116879986693
1409542129022554125
1409542156616933381
1409542190863429637
1409542211050651648
1409542294085062658
1409542353648504834
1409542355808493568
1409542355858857985
1409542467456806913
1409542507214643202
1409542530572636167
1409542536901824512
1409542567193202692
1409542649351131138
1409542674097577984
1409542709568753670
1409542775859814407
1409542793115095043
1409542808361390082
1409542866179923970
1409542909431533575
1409542926993133570
1409542951005470721
1409542963110322176
1409543054965547009
1409543058186715138
1409543143142330375
1409543160422965253
1409543184129171463
1409543282246361090
1409543299468197889
1409543378182848516
1409543393630326789
1409543396033769475
1409543449343315971
1409543517345570821
1409543522349375495
1409543573675069440
1409543620932386827
1409543678427766791
1409543685797298176
1409543706038910983
1409543713903329284
1409543845331623936
1409543860485640194
1409543884510691335
1409543907298332675
1409544117101682691
1409544272181878786
1409544363873550337
1409544368852070406
1409544369837776898
1409544405573328907
1409544535684923392
1409544593100705806
1409544854930137089
1409544989386870793
1409545003920236547
1409545053907959815
1409545118844166151
1409545134597943301
1409545181666418692
1409545184052801537
1409545194307874816
1409545224007860227
1409545340353617924
1409545385392082948
1409545474802130947
1409545514975219716
1409545537385345030
1409545591428837376
1409545627319648256
1409545741345951750
1409545789123215362
1409545802612047872
1409545830168682504
1409545878956699648
1409545879074213893
1409545879644631048
1409545879737020423
1409545910548324353
1409545914323189763
1409545917401870342
1409545974255476738
1409545986322665473
1409546048595369985
1409546105927438343
1409546109987475459
1409546134557794304
1409546229617410054
1409546231899119624
1409546315449704451
1409546325197213700
1409546403374899204
1409546446257463301
1409546452179816453
1409546472681623554
1409546490507300873
1409546533117255680
1409546623143714817
1409546752718430210
1409546773664657412
1409546788789489667
1409546838277976080
1409546873153671168
1409546914908024840
1409546987465285641
1409546990799581184
1409547013004353544
1409547033493581827
1409547137118097413
1409547137151606788
1409547209381605379
1409547430828425221
1409547486444900356
1409547510193037318
1409547514257215495
1409547548356800521
1409547619559514121
1409547751537446918
1409548011592683525
1409548018987143171
1409548096355377155
1409548305135288320
1409548334516346885
1409548348756041730
1409548357459189760
1409548375205232664
1409548399087603725
1409548410131300355
1409548442255384581
1409548490284412933
1409548530050502656
1409548556839620615
1409548616163893266
1409548831721672709
1409548967059197958
1409549057295622145
1409549229794725888
1409549276208893952
1409549311134912513
1409549343800049664
1409549347092586506
1409549518408982529
1409549528743690245
1409549529330892811
1409549653436207105
1409549653574668298
1409549654614757383
1409549654870552579
1409549655348756480
1409549656258793475
1409549657584410630
1409549726190551044
1409549741512220675
1409549747279519744
1409549756842586118
1409549772814524416
1409549851583516673
1409549857195446273
1409550042193666066
1409550066734407683
1409550145276899328
1409550228294877192
1409550229083365376
1409550274226753536
1409550313577721857
1409550388039143429
1409550391205842946
1409550449011834887
1409550508415717376
1409550526082125833
1409550542255398918
1409550558684319744
1409550568666828808
1409550600530976772
1409550623868129281
1409550647016439815
1409550714645499914
1409550746253676550
1409550760233349125
1409550857608187905
1409550860863086605
1409550911903465472
1409550916940832770
1409551210349273092
1409551229139759108
1409551242230124546
1409551317505302529
1409551415144554497
1409551420362309638
1409551425487659016
1409551425785454599
1409551545834872833
1409551701502087169
1409551750793736199
1409551754891571207
1409551784289488898
1409551879328210952
1409551918746189825
1409552059339362313
1409552170156916744
1409552192600674310
1409552242622046215
1409552356270739456
1409552377368256512
1409552389531652100
1409552422259859456
1409552521178370057
1409552535061401614
1409552541470236684
1409552546268598273
1409552633665359875
1409552737306615820
1409552746160824323
1409552806776819713
1409552817602375684
1409552834144739328
1409552894219591680
1409552941967683593
1409553002713604098
1409553046774951939
1409553065808592901
1409553199749472266
1409553233618538498
1409553275213467656
1409553428531924993
1409553428649500683
1409553428817211397
1409553429102350340
1409553429136031749
1409553429194702854
1409553468113788928
1409553836428115970
1409553857915637760
1409553884675203081
1409553890131922951
1409553912324108291
1409553990736662539
1409553992292597766
1409554020625043456
1409554034722234373
1409554082205945867
1409554105769422848
1409554140708147202
1409554140930482180
1409554170747686912
1409554188841914372
1409554211608485888
1409554336921919491
1409554399307968518
1409554541239021569
1409554601838325774
1409554686701674496
1409554686768607234
1409554691185254402
1409554744968892417
1409555056073101316
1409555094857715715
1409555094962589699
1409555157818413067
1409555211799056387
1409555217109204995
1409555251196268551
1409555285862096896
1409555517643673607
1409555565337059344
1409555568843538436
1409555632865300481
1409555663538302984
1409555677186605065
1409555707834294272
1409555945626165255
1409556051935076359
1409556094733664265
1409556111687143425
1409556126337753095
1409556249004285954
1409556281703251972
1409556448292397058
1409556472699101191
1409556491955322892
1409556655117832193
1409556732926324740
1409556733048111106
1409556737837854721
1409556821417791497
1409556824026607617
1409556855261696000
1409556900950294528
1409556951529234434
1409557117577490435
1409557128109559811
1409557203636391942
1409557203669766145
1409557203959173120
1409557205934739461
1409557206719250433
1409557206907953152
1409557207033823232
1409557207335772163
1409557207687962634
1409557207784382468
1409557208581369856
1409557214948384769
1409557256216137731
1409557262109229065
1409557267792515077
1409557273576448000
1409557315251060738
1409557404509884418
1409557408188358665
1409557426043555848
1409557523393355787
1409557552438861824
1409557632931794956
1409557669942382605
1409557707082944514
1409557712434876419
1409557713399566344
1409557773680058371
1409557789362606083
1409557856727310346
1409557950323175424
1409558012512059393
1409558033169108994
1409558041486299137
1409558054643896323
1409558061648388102
1409558111501783044
1409558193009836037
1409558211787735043
1409558248273944579
1409558254582046727
1409558300656611329
1409558305945554948
1409558370776928256
1409558373117435906
1409558429249769473
1409558451383148545
1409558466826473473
1409558474959302656
1409558496023097350
1409558504940134404
1409558506848460814
1409558559029870594
1409558656673325057
1409558692488527881
1409558715670220802
1409558719830974465
1409558743201861633
1409558784939380748
1409558826840465409
1409558840950067203
1409558857102331909
1409558858402603016
1409558898109992970
1409558954250735621
1409559086463520770
1409559107833638912
1409559135356538881
1409559156516917250
1409559195163238407
1409559217522896896
1409559266772586509
1409559270631297033
1409559292437569541
1409559301480456201
1409559328521064455
1409559361559699459
1409559498147069952
1409559608193134593
1409559707258265604
1409559719929208833
1409559732835303427
1409559951207550978
1409560073341394944
1409560154685779972
1409560233903636490
1409560262638702600
1409560278426030080
1409560332222177281
1409560356805033992
1409560410827669504
1409560426602504193
1409560574904651780
1409560659273175042
1409560726570606595
1409560945441972228
1409560978178646017
1409560978233176066
1409560978669424654
1409561049750249473
1409561075872325638
1409561089982046210
1409561115613437956
1409561199663067144
1409561217539231751
1409561259553525772
1409561279115706373
1409561384963088399
1409561444241186825
1409561660185059333
1409561711770845198
1409561853185781763
1409561863617142785
1409561889361645569
1409561920458219524
1409562154030796801
1409562236478275586
1409562384012824590
1409562395270434824
1409562413620412419
1409562425611984899
1409562543530598402
1409562555283038210
1409562563281666053
1409562593388285954
1409562628012187689
1409562644760174593
1409562665849131010
1409562739224322050
1409562751018717193
1409562852604596228
1409563087594741767
1409563160038678530
1409563219148955648
1409563240338710532
1409563274430058497
1409563311881043969
1409563325088686081
1409563350351028232
1409563425324339200
1409563427111059462
1409563462389276675
1409563499563470857
1409563500733632514
1409563541724565505
1409563587111100421
1409563681424302085
1409563694384693248
1409563717981937664
1409563832989622277
1409563991924432905
1409564224435675145
1409564249735630851
1409564275782324227
1409564403238948864
1409564423199465475
1409564475146096652
1409564501368791046
1409564640107917314
1409564693455310852
1409564753773617159
1409564754104881154
1409564778692059139
1409564803090116608
1409564851962322952
1409564863668621313
1409564864809508868
1409564920295956481
1409564936955588610
1409564952906584067
1409564971437068292
1409565011085824001
1409565123040231430
1409565142757609474
1409565179843600385
1409565207622455298
1409565213234548742
1409565277629685762
1409565362564313093
1409565364627902465
1409565572661190662
1409565587739709444
1409565686851047432
1409565800311234560
1409565827343466496
1409565868581789705
1409565868955156481
1409565970742628353
1409565976677392392
1409566068817924098
1409566081073754114
1409566118784688136
1409566123650125835
1409566137478680579
1409566211415973890
1409566368823975938
1409566461299871744
1409566499325583361
1409566514605432834
1409566580875407368
1409566913324326913
1409566939358240783
1409567114139103233
1409567241495060481
1409567269965811714
1409567276236484610
1409567302077403142
1409567321123921924
1409567331752157185
1409567665077690380
1409567709348646918
1409567725702332433
1409567736770883588
1409567784913326081
1409567980661395457
1409567995869941764
1409568153886154754
1409568290557550593
1409568338062155777
1409568354877255680
1409568462892978176
1409568527976046598
1409568528001159168
1409568528194326531
1409568531633606656
1409568555134291976
1409568670733549571
1409568758381830159
1409568760244183046
1409568794993827848
1409568833514491909
1409568913915093000
1409569015660417024
1409569028863971330
1409569034664923137
1409569081020149761
1409569102436331521
1409569211714789380
1409569219277209600
1409569547808559106
1409569610655965186
1409569617647837192
1409569620655181824
1409569786183311362
1409569799932461063
1409569826763313160
1409569867515133956
1409569927904698372
1409570000151662599
1409570100668215296
1409570168154513411
1409570312174379008
1409570377592971267
1409570408123273222
1409570425395421184
1409570530836033548
1409570541317640197
1409570577396940804
1409570614805999619
1409570646577889283
1409570772264312832
1409570802119364617
1409570819404185603
1409570854799822858
1409570936404254728
1409570938161672196
1409570954037112838
1409570963470102535
1409571074690457606
1409571080495419395
1409571093103382529
1409571625222262788
1409571629257084938
1409571728796303360
1409571734546747400
1409571772899409932
1409571966462443525
1409571973416603655
1409572011559559174
1409572144720191503
1409572161208082432
1409572239687700484
1409572244372742148
1409572302669320194
1409572303520870404
1409572303717867527
1409572303734673411
1409572303772340224
1409572304191852545
1409572305471160322
1409572305492230151
1409572306171547650
1409572306779738112
1409572306804830209
1409572307442491393
1409572308138737668
1409572308163964929
1409572309002817551
1409572404746194946
1409572488925884428
1409572599420555274
1409572611760214017
1409572631678967809
1409572640508059649
1409572651174088706
1409572745336197120
1409573208299388934
1409573354571505665
1409573360024104970
1409573411307900933
1409573412972883970
1409573522243006471
1409573590660534275
1409573608364687363
1409573608607956997
1409573644293087234
1409573668447993859
1409573681165180939
1409573729873502213
1409574005196132352
1409574009839161345
1409574037748080640
1409574048988794883
1409574064478253061
1409574096623575046
1409574106077483009
1409574208775102471
1409574218564620289
1409574273824399370
1409574316199624714
1409574387129503754
1409574428426518531
1409574435116523520
1409574450538979329
1409574474551377925
1409574627236630535
1409574722166198275
1409574794773807106
1409574819440513031
1409574819671195650
1409574845147455490
1409574862524387339
1409575018787340289
1409575059174445064
1409575294973972493
1409575328687742982
1409575390729932807
1409575411160432647
1409575439664922632
1409575507973267463
1409575623530586115
1409575834411798530
1409575914179022848
1409576022882856972
1409576078440607747
1409576122787012608
1409576313778753536
1409576466032087040
1409576488337383424
1409576588912566276
1409576590321754113
1409576611763085314
1409576678016176128
1409576721335173123
1409576768139321354
1409576817527246857
1409576943838707713
1409576980782194700
1409577102114889749
1409577128912293889
1409577179525042176
1409577264224739333
1409577332210212873
1409577335943143441
1409577342767276035
1409577345925758982
1409577354691809284
1409577363818487820
1409577398547406857
1409577511051313153
1409577557536612372
1409577630366670850
1409577763133018112
1409577764361936910
1409577851318202370
1409577908813893636
1409577909958766593
1409577930796142593
1409577965927682050
1409578060416946177
1409578091039531010
1409578319931232256
1409578389384536071
1409578447140265984
1409578516421693450
1409578530141356037
1409578594209304583
1409578594234343449
1409578594284851201
1409578608574742528
1409578675876552710
1409578682721701889
1409578723721072641
1409578731883094016
1409578766100144148
1409578788778807306
1409578891514028228
1409578923235676164
1409579173249699840
1409579175665541155
1409579195370545156
1409579251561607170
1409579260549947399
1409579354984751108
1409579512073887749
1409579598065508361
1409579636481265664
1409579850361409541
1409579852575875103
1409579852999581705
1409579853070802986
1409579853074997256
1409579854022971393
1409579854144544776
1409579854412931074
1409579854421323777
1409579860633309196
1409579864290701317
1409579913326256137
1409579926823575554
1409579938173304835
1409579968150093838
1409580086613975051
1409580096218976261
1409580100169895941
1409580460754325509
1409580523568123905
1409580523958190088
1409580582657564674
1409580609077399555
1409580659358720001
1409580746659053572
1409580799033290759
1409580856948240388
1409580859326308352
1409580879266168833
1409580963324178440
1409581044462854165
1409581047319236609
1409581200629456898
1409581221617750047
1409581232707473421
1409581236163682312
1409581264022040577
1409581265754415107
1409581437960048643
1409581489738510338
1409581506427691011
1409581676523507713
1409581694542225432
1409581702540763140
1409581827069648935
1409581887866249216
1409581936977190912
1409581940663984142
1409581940794007568
1409581950227021826
1409581971945103369
1409581992673484803
1409582101653954604
1409582151113248774
1409582174534180876
1409582388116529199
1409582456747925515
1409582539879030802
1409582671747903488
1409582740706521091
1409582779109560321
1409582819454558236
1409582872663498763
1409582877893750784
1409582907706908705
1409583137240195106
1409583483312242689
1409583507525935120
1409583511057539088
1409583518896726016
1409583590740926477
1409583627336257537
1409583627587883008
1409583627776761859
1409583641647218690
1409583675834998790
1409583755811979267
1409583804910432258
1409583836892069892
1409583943540613144
1409583945138720770
1409584077271748610
1409584085064765440
1409584099954552835
1409584168409829377
1409584197337972737
1409584407539687431
1409584461742673923
1409584525596762147
1409584532433477657
1409584654680662017
1409584775652798466
1409584811904159744
1409584885682036741
1409584885816119298
1409584894599057414
1409584921149022213
1409585078276018176
1409585307855429640
1409585320488685570
1409585339669225476
1409585388952473601
1409585388994240525
1409585470313361410
1409585500369801216
1409585500692779008
1409585545949245446
1409585582225825796
1409585671082110978
1409585698886230021
1409585706528251906
1409585713637588994
1409585717529874433
1409585744490864643
1409585757916831771
1409585793232871445
1409585808382697479
1409585959205675021
1409585970589016071
1409586044916228097
1409586095537360899
1409586144036233218
1409586186398552064
1409586294301216768
1409586295475609630
1409586330686803969
1409586373166731264
1409586395623170054
1409586428149833753
1409586472131338241
1409586492716969986
1409586515118727169
1409586651555241988
1409586694878232576
1409586863438897166
1409586867738058788
1409586958288842752
1409587147229700114
1409587188958785539
1409587204830072834
1409587250153725977
1409587402151235586
1409587402247655427
1409587403459862528
1409587403635953669
1409587403958800384
1409587404336418819
1409587404508340224
1409587404717969411
1409587406014062610
1409587406060273665
1409587406064566275
1409587406433493005
1409587406697807874
1409587408233025540
1409587409369456645
1409587411655401502
1409587413316345874
1409587418181685252
1409587418617970689
1409587446694617114
1409587447533510657
1409587481960325156
1409587491661783040
1409587510691307543
1409587534590451726
1409587634263891979
1409587695278432264
1409587698180890651
1409587713502629890
1409587755928068114
1409587783014907906
1409587869719556097
1409587879928426498
1409587905882824731
1409587981824913410
1409587996811141152
1409588012942434316
1409588041430147074
1409588045045665792
1409588084585291778
1409588092697149442
1409588176499490816
1409588313510453257
1409588377045770266
1409588552002719749
1409588670408003590
1409588732588531713
1409588746417152017
1409588826587078703
1409588845146869761
1409588896262803464
1409588965317898244
1409588981516275723
1409589105227300868
1409589186823217153
1409589222009303040
1409589244985626632
1409589265252732937
1409589306222538756
1409589343480541184
1409589371552948233
1409589388271517704
1409589419548413952
1409589425126838272
1409589429493133314
1409589490318942211
1409589514796863490
1409589548691062785
1409589632145055745
1409589655058587649
1409589918855139329
1409589918922416132
1409589974886883330
1409589977759903746
1409590026246053893
1409590159968927746
1409590202801086469
1409590203946205185
1409590268391694336
1409590280144130051
1409590337685782533
1409590360993517569
1409590377250627590
1409590477075017734
1409590488995303429
1409590554665517065
1409590628866920458
1409590637565939719
1409590645098901507
1409590715798024196
1409590733732868101
1409590883016605698
1409590883922583552
1409590931649556481
1409590932425428994
1409590935021928449
1409591079545020416
1409591086771625992
1409591144816603138
1409591177410646017
1409591185484795908
1409591214039605259
1409591221819904001
1409591347950997505
1409591389755559938
1409591451135057924
1409591535272878083
1409591577845063682
1409591701585362948
1409591729540435968
1409591744845402115
1409591837048946689
1409591861535256583
1409591905759940610
1409591985372119043
1409591997103476737
1409592080633053192
1409592258236719113
1409592355066363904
1409592435727126532
1409592435777310724
1409592452252639241
1409592557688983553
1409592598646362116
1409592676274491401
1409592694435950596
1409593096279572480
1409593198524219392
1409593227116752902
1409593329533304836
1409593368984776704
1409593391889911810
1409593458843475974
1409593460957536256
1409593563671941120
1409593624170467331
1409593632974323715
1409593633678970884
1409593669427023873
1409593693741322240
1409593708211838992
1409593811207000067
1409593834057527305
1409593839812153347
1409593880194949121
1409593951779237891
1409593974059319300
1409593982976290825
1409594040618790927
1409594136106344449
1409594159728562177
1409594219262529536
1409594264015736838
1409594287579410437
1409594295749857281
1409594359830491144
1409594466554597381
1409594502193553410
1409594531599818752
1409594785749475330
1409594878212849668
1409594944273145860
1409594952170950656
1409594952795910144
1409594953056112642
1409594953550995459
1409594953655795712
1409594953823522816
1409594954255642629
1409594987289972739
1409595009356242944
1409595017962962945
1409595137152274432
1409595138628853762
1409595272682950668
1409595294774353922
1409595449456173059
1409595455546265602
1409595511355723780
1409595542544453633
1409595572693127168
1409595623280676867
1409595804952707078
1409595848183275524
1409595916680585222
1409595958770479106
1409596034485932034
1409596095248863232
1409596151494500362
1409596170008203267
1409596210453745666
1409596262308057093
1409596269811621899
1409596344742912003
1409596352837787649
1409596360853233664
1409596420663959554
1409596439701987338
1409596602017366018
1409596655649832961
1409596676411645953
1409596702235967497
1409596719390670848
1409596741096247298
1409596750931759104
1409596861200146434
1409596873749450761
1409596893995442177
1409596895354404865
1409596965168594948
1409597064699334658
1409597173734457348
1409597209201496065
1409597452710203394
1409597469235630082
1409597494376505346
1409597720470474753
1409597738866692102
1409597761008320514
1409597923638317060
1409597974510985217
1409598148121595904
1409598187569139712
1409598213485694979
1409598341852368896
1409598409099649026
1409598447464947718
1409598481317208066
1409598657897369605
1409598719318712324
1409598726860161026
1409598726977441797
1409598726985764872
1409598727115866116
1409598727359275009
1409598731465412608
1409598877578186755
1409598881151717378
1409598946339602433
1409599118381563917
1409599250351067142
1409599282110468103
1409599294097735680
1409599318890266631
1409599363513524224
1409599379120525324
1409599448313905153
1409599453250600960
1409599467821670401
1409599470711586820
1409599650890387466
1409599764761559041
1409599819732111362
1409599985272856578
1409599997507735559
1409599998992523267
1409600209542430720
1409600276277854211
1409600344351457280
1409600416610865153
1409600498538369028
1409600619317383178
1409600700565368833
1409600992610590723
1409601073279557637
1409601081139773445
1409601118838087681
1409601121518329861
1409601125783904256
1409601200908079104
1409601277496119298
1409601307615371266
1409601406412247041
1409601420618305543
1409601447361232903
1409601480840077312
1409601622620225538
1409601639191879684
1409601799057772547
1409601852371619842
1409601932717707264
1409601953034911745
1409601998354366466
1409602013327884290
1409602026938458116
1409602032961560576
1409602071964356615
1409602169364430855
1409602225735864323
1409602328454336515
1409602355088084992
1409602388714045446
1409602411824549895
1409602491424116736
1409602502585163785
1409602502908170246
1409602504321486858
1409602504841580554
1409602505194016770
1409602505718190084
1409602505768591362
1409602506116710405
1409602506900992000
1409602512299204612
1409602551498952706
1409602589218455557
1409602630184230918
1409602719585865734
1409602753702219786
1409602770903224321
1409602787265200130
1409602834857857024
1409602998167293960
1409603028479475713
1409603082967818242
1409603118850088963
1409603137711882240
1409603147773972483
1409603211783249925
1409603257048125453
1409603273179516929
1409603273401663488
1409603311884554242
1409603633130389506
1409603689128464388
1409603760331145230
1409603760507162625
1409603762122022920
1409604159129653248
1409604230105677824
1409604263576178690
1409604296992120834
1409604332157341699
1409604617701367810
1409604618217197573
1409604639893250049
1409604691550425096
1409604799159431171
1409604923218665473
1409605018362187781
1409605018580361217
1409605034564796424
1409605069847384068
1409605104345530369
1409605121361776641
1409605166513508359
1409605252479922183
1409605272683827203
1409605305743335430
1409605564456325128
1409605576162697217
1409605587684446216
1409605595418828800
1409605661613305858
1409605684358901763
1409605773324214277
1409605862742712326
1409605969231990790
1409606040757362688
1409606061049458688
1409606082364948482
1409606198366814208
1409606208298930180
1409606276716322818
1409606277211332611
1409606295015985156
1409606309993922566
1409606389014536193
1409606416940294145
1409606498725081097
1409606542387814402
1409606572246913037
1409606600860516356
1409606699124658184
1409606702597562368
1409606731533996033
1409606800614301697
1409606889172836358
1409607040188633089
1409607119888920583
1409607142601003012
1409607327464964103
1409607339703865344
1409607364102086659
1409607534940327942
1409607535145807872
1409607539575066626
1409607640355807233
1409607788951597059
1409607974641979394
1409608024923193351
1409608063687012353
1409608109107122185
1409608129088659461
1409608142258909194
1409608197820780546
1409608339563192325
1409608339680530433
1409608400565059585
1409608435277070340
1409608435532972038
1409608451207012357
1409608454151544839
1409608475508834307
1409608487366270981
1409608596388782092
1409608706757578752
1409608864413241353
1409608893714554883
1409608921397010443
1409608934080479234
1409609040120909829
1409609065395896329
1409609188079251458
1409609195264122882
1409609234958852097
1409609324750675971
1409609327300710403
1409609398473924608
1409609447316541445
1409609567122575367
1409609619891232770
1409609887710130177
1409610051455787011
1409610052835504130
1409610053745725445
1409610057218658316
1409610075237498880
1409610138655232001
1409610147509551107
1409610157789782027
1409610188286402562
1409610303357145109
1409610402028089345
1409610517329633293
1409610695986008066
1409610697714118670
1409610710510886918
1409610721252544512
1409610725987807244
1409610823325081600
1409610861644234753
1409610944192319488
1409611003936096261
1409611035653332998
1409611112329486336
1409611206223175680
1409611285004787717
1409611329682382855
1409611448330993665
1409611497043632131
1409611555352756225
1409611561572847630
1409611621899522058
1409611658931195905
1409611835381268491
1409611878821613568
1409612141724782592
1409612310822502401
1409612369819537409
1409612374517108745
1409612488295976965
1409612581321555975
1409612602490114063
1409612640423395335
1409612695435894785
1409612702037725191
1409612722808016899
1409612805356011520
1409612820753248260
1409612850734276612
1409612877888212992
1409612960331288592
1409613098298839040
1409613113360621582
1409613140745150465
1409613175704764418
1409613206713212934
1409613247641231376
1409613287134744580
1409613415857934340
1409613568367026178
1409613655461842948
1409613662038462467
1409613758159261696
1409613826388074498
1409613826488553474
1409613863679627264
1409613907568758790
1409613969074102275
1409614012824834053
1409614033813188609
1409614035113361415
1409614128684191744
1409614135755788292
1409614140407271429
1409614336696410116
1409614607610748930
1409614783276470276
1409614864692256771
1409614964160139264
1409614968866193411
1409614982715777029
1409615035991838721
1409615084373020678
1409615097253797894
1409615106196058112
1409615107160637442
1409615201142411266
1409615228078276610
1409615399797329921
1409615443141316609
1409615532458926088
1409615666299109378
1409615679410655234
1409615722280542210
1409615733282246658
1409615895803023385
1409615918435549186
1409615961603330052
1409615994650308612
1409616058848354306
1409616073087803392
1409616127525806089
1409616134903586826
1409616152670752768
1409616157921918983
1409616269213585408
1409616429423398914
1409616529923186688
1409616657304141833
1409616854096789507
1409616866583138304
1409616925987065856
1409617108728700930
1409617198834864133
1409617225523380228
1409617234620649472
1409617242774515712
1409617334126456844
1409617349590745091
1409617355387330564
1409617358189072387
1409617362026852355
1409617366795837441
1409617388971171840
1409617423108644866
1409617558240641024
1409617574007083008
1409617602834354176
1409617603220410371
1409617603279032320
1409617603597905921
1409617604042539010
1409617604759539716
1409617605325996032
1409617605816504320
1409617606382923777
1409617606537973765
1409617606940581888
1409617607288791043
1409617615568441349
1409617674359947270
1409617746690822144
1409617786482135045
1409617794086416385
1409617802231791623
1409617814340521985
1409617815716319242
1409617820518862849
1409617822574157832
1409617906112020480
1409617971694030849
1409618056981143553
1409618070172160025
1409618112794685440
1409618138862428168
1409618190393647104
1409618310426025984
1409618313466896386
1409618356609568769
1409618388788387843
1409618395876626434
1409618478512889858
1409618568824623108
1409618608200683521
1409618687372320770
1409618688924295175
1409618713704386563
1409618803869110274
1409618828489682947
1409618859942813700
1409618865710116865
1409618886320738306
1409618980747284483
1409618985201537027
1409619037760344088
1409619054051020814
1409619111143956482
1409619143729434635
1409619260947664897
1409619341142741007
1409619351238443011
1409619448223440897
1409619450723241984
1409619460437295106
1409619530863693843
1409619564808196113
1409619631631962115
1409619664007692290
1409619686900191235
1409619712556748817
1409619784036077601
1409619920640348160
1409619976659550214
1409620065536851969
1409620117789372420
1409620142049284112
1409620225453031429
1409620301365796865
1409620329249460239
1409620352532041741
1409620389106380801
1409620394466680835
1409620483394387971
1409620495419514882
1409620631864233984
1409620686470004741
1409620793017917442
1409620961578659841
1409620984454205442
1409620990670241795
1409621137764470800
1409621325191299083
1409621376361635843
1409621398004371457
1409621409718997003
1409621445852946435
1409621500932464640
1409621526043844608
1409621677768691713
1409621684819152902
1409621709494312962
1409621729132089345
1409621746324361220
1409622012910206976
1409622035060428801
1409622050793160710
1409622199258927111
1409622513361948676
1409622610036600837
1409622634849964036
1409622645541249029
1409622893680631808
1409622922189148160
1409622932859473935
1409623137713627136
1409623250099900416
1409623281188192256
1409623528853364736
1409623635422109698
1409623889634893825
1409624121034612744
1409624127774760960
1409624313133735937
1409624360269225988
1409624647759450112
1409624707289206785
1409624783973752832
1409624787685548035
1409624825568583680
1409624859865337856
1409624918518423552
1409624961698959361
1409625139436691459
1409625151046488064
1409625151185080322
1409625151214391298
1409625151478677504
1409625151554138118
1409625151910645763
1409625158222946307
1409625158923427846
1409625168062844930
1409625216733548547
1409625268780736514
1409625373374046210
1409625402738233352
1409625445490778119
1409625445956349952
1409625479045287944
1409625556904136707
1409625683706458113
1409625684595576835
1409625686529040387
1409625728057020417
1409626113974751242
1409626224574418947
1409626246976208899
1409626316022837252
1409626344879661060
1409626390698151936
1409626425250914309
1409626467819044866
1409626470897565706
1409626473816756231
1409626527210164229
1409626654712889351
1409626841917362176
1409626842802311175
1409626863387938817
1409626946841890821
1409626963770232833
1409626991322673152
1409627031655026692
1409627094267531271
1409627209778688005
1409627242196439040
1409627293476179978
1409627299016806402
1409627427433766912
1409627437370064899
1409627463383089152
1409627490113445889
1409627672729120772
1409627748415414273
1409627757386944512
1409627792707293184
1409628075483033600
1409628256886738946
1409628264574894080
1409628307910369280
1409628308292214795
1409628405381976067
1409628421332692994
1409628497106980866
1409628716733394950
1409628742432002048
1409628761629155330
1409628782605045764
1409628795108085765
1409628796186148865
1409628847495057408
1409628886955028488
1409628925974614016
1409628926364643329
1409628944341549060
1409629043503235081
1409629069897994243
1409629086192857092
1409629188105990144
1409629312857354242
1409629363398746115
1409629548778450945
1409629602255806466
1409629712922644482
1409629745743024128
1409629763170308102
1409629951826006016
1409629982788362241
1409629990396833793
1409630044826181633
1409630184257462276
1409630184525811715
1409630232139677698
1409630504089886723
1409630530136690692
1409630597081862146
1409630717953327104
1409630824274698243
1409630830964756480
1409630861251678211
1409630876913180674
1409630981062021128
1409631129406042113
1409631139560574980
1409631212356915203
1409631414543261698
1409631442556973056
1409631442577985541
1409631498894860295
1409631522341199879
1409631581673705476
1409631582512553990
1409631638418432007
1409631676204871691
1409631702914240517
1409631716281552899
1409631826151235588
1409631950474600451
1409631970699616261
1409632045299421187
1409632128510300161
1409632261389971465
1409632294940209161
1409632449005600769
1409632609211019265
1409632666610126851
1409632671114797057
1409632700697243648
1409632701469102080
1409632703041789960
1409632703092183051
1409632703562014724
1409632704082022407
1409632704275099650
1409632705080348672
1409632705562562561
1409632705709371395
1409632706854588417
1409632707039023110
1409632738706006018
1409632813263974415
1409632869329235973
1409632886672674817
1409632896428609541
1409632903034589192
1409632918146744324
1409632952758177793
1409632960760848387
1409633137643048963
1409633187332988932
1409633250289479684
1409633272485662728
1409633301892001797
1409633341498744832
1409633432314036224
1409633475326447625
1409633499162714116
1409633588371357697
1409633589646422017
1409633662161735685
1409633877635715072
1409633959420563465
1409633990059773958
1409634250006036481
1409634261196414978
1409634282390265857
1409634657100918790
1409634852069011459
1409634905890320384
1409635058693017605
1409635083183542278
1409635102380888067
1409635169728749576
1409635172408954885
1409635217598451712
1409635217678077954
1409635247268843522
1409635267787431942
1409635269783867395
1409635307935338502
1409635312423227395
1409635327858200580
1409635392731566083
1409635434120941584
1409635442941562885
1409635462658936837
1409635537468628994
1409635551062290435
1409635687800872960
1409635701532942340
1409635764246249475
1409635771905019905
1409635866939559951
1409635881875501063
1409635956395679749
1409636046359334925
1409636163128725508
1409636234326986756
1409636241021169670
1409636360273620992
1409636462702731267
1409636475726176256
1409636476053123072
1409636502770909191
1409636510828167175
1409636756417224707
1409636800419688448
1409636922096373762
1409637055915728903
1409637194248056836
1409637238745436163
1409637284828225541
1409637485429235713
1409637492010016770
1409637555935408131
1409637675347316736
1409637733874688002
1409637733916622855
1409637741487214593
1409637872970342408
1409637909045469184
1409638035566718976
1409638110737010688
1409638159365795845
1409638166043103238
1409638170895863808
1409638257638350851
1409638314513076224
1409638354237366278
1409638409673482251
1409638413553192961
1409638419488075778
1409638482624999428
1409638547301171206
1409638557401063425
1409638641886892038
1409638879406133251
1409638925887442944
1409639252875354115
1409639332743286791
1409639455602872321
1409639626201993218
1409639656799432707
1409639677305364483
1409639708779421702
1409639747107045378
1409639840149164036
1409639932738433026
1409639949997993994
1409639952439144450
1409640156542291973
1409640214897651719
1409640251232972804
1409640251673530374
1409640251996266502
1409640263010512899
1409640299853275146
1409640331675455494
1409640584722059275
1409640591252549634
1409640597439139845
1409640601289584640
1409640651784822789
1409640682667474944
1409640694277304330
1409640718579081219
1409640721674506243
1409640732214759439
1409640848606650369
1409640856965902338
1409640866117951488
1409641005595377670
1409641060091920384
1409641151750053889
1409641173220618240
1409641384890421257
1409641395405553664
1409641400996556807
1409641478620545026
1409641482475085824
1409641508995682308
1409641623080751108
1409641623428820992
1409641650905747456
1409641653409775620
1409641716785704970
1409641899854422021
1409642330169122820
1409642455138390019
1409642679810486272
1409642698936487939
1409642741944918018
1409642767274414088
1409642791857049608
1409642809825513473
1409642839810592773
1409642880570781699
1409642968856760324
1409642979602550784
1409643196368359439
1409643388928872449
1409643434038554630
1409643434814541826
1409643441043034116
1409643482336022532
1409643501650731009
1409643591132016642
1409643606231556097
1409643653291642888
1409643653824278534
1409643655304908810
1409643656588324868
1409643730554933249
1409643816680783872
1409643876386689031
1409643945156431874
1409643988441698313
1409644025364332544
1409644025494360065
1409644025863278593
1409644039289262086
1409644112014282752
1409644334501142539
1409644546984579082
1409645014091587588
1409645183621234697
1409645291549069315
1409645419370401793
1409645719170945027
1409645938352680960
1409646077247033354
1409646106271645705
1409646108930834437
1409646113276063747
1409646120200904713
1409646121085927427
1409646223284338691
1409646341760819202
1409646380059041803
1409646434299699203
1409646487265447936
1409646516826828804
1409646559432642564
1409646613539160067
1409646755092733952
1409646793743212549
1409647045254778883
1409647141681700866
1409647196815847428
1409647234971410432
1409647343461289992
1409647367603712009
1409647396376612873
1409647414747664395
1409647558205403140
1409647566518571011
1409647638819966976
1409647785968734209
1409647800153952256
1409647800921608192
1409647801277943829
1409647801500307462
1409647801554767888
1409647801760468992
1409647803991826439
1409647804251844611
1409647808206934017
1409647808496369672
1409647808827715591
1409647808836079625
1409647813638516738
1409647819720298510
1409647826800316423
1409647828436086789
1409647833033052164
1409647854000345090
1409647859884969990
1409647887726743555
1409647961492004864
1409647980135682048
1409647988964614144
1409648000272535554
1409648009214758912
1409648018064740374
1409648062549479429
1409648067171680257
1409648189955657735
1409648299489972224
1409648303906582528
1409648309304659974
1409648314417487876
1409648649659768832
1409648680441847811
1409648736779657218
1409648826047025157
1409648984520462341
1409649139395174403
1409649258643419142
1409649300548702214
1409649584566009858
1409649615243137025
1409649685757796354
1409649733392498691
1409649767882268675
1409649924422082562
1409649987357528065
1409650261858013186
1409650287430705154
1409650298323275780
1409650316770000898
1409650371555778563
1409650377956290562
1409650406993502210
1409650572563673088
1409650583615668229
1409650794819772416
1409650820262645760
1409650855561728007
1409650871135137793
1409651004245639170
1409651019307307012
1409651020599238663
1409651023602323461
1409651158239498249
1409651575086366722
1409651575107121152
1409651575761510404
1409651594761687043
1409651642174111744
1409651826803167236
1409651937385934853
1409651969644318724
1409651972198723589
1409651984584507393
1409652013592289285
1409652111856394243
1409652136661581825
1409652160053137415
1409652185843912714
1409652461007040512
1409652531895037954
1409652574848835587
1409652598357954565
1409652648958074887
1409652707091091462
1409652825877925891
1409652828302315526
1409652833465602049
1409652833566216193
1409652903753576449
1409652905934671874
1409652986482094085
1409652996103831560
1409653041939111946
1409653085719330819
1409653187049447426
1409653353458462727
1409653359255035905
1409653362384015365
1409653363046719499
1409653363768139780
1409653369661128706
1409653712272826370
1409653773287395335
1409653818267078660
1409653837183426561
1409653873745088523
1409653879348678662
1409654017253253121
1409654068448940032
1409654142482583557
1409654160446787585
1409654327090683906
1409654596771876872
1409654725084008448
1409654922329559043
1409654981775400963
1409655113178697731
1409655141532192776
1409655174004547588
1409655178458918912
1409655189842235393
1409655191566049281
1409655238332583938
1409655249510440960
1409655318053756929
1409655349762838528
1409655349792104451
1409655349909495812
1409655351528546304
1409655351532732423
1409655351620685827
1409655356452524032
1409655363499008006
1409655368041394182
1409655403126816774
1409655424031223814
1409655441282404360
1409655600389136384
1409655645662367753
1409655656143933443
1409655679036448772
1409655693536161797
1409655752814252033
1409655753439285249
1409655760406024197
1409655773102186496
1409655806283247622
1409655835345575936
1409655983043792900
1409656140661616640
1409656266469744645
1409656449379180546
1409656460812775428
1409656593189199873
1409656624570978304
1409656654849708035
1409656750714748928
1409656897968349186
1409656933330550789
1409657025106092035
1409657078176620544
1409657254157053956
1409657344384851972
1409657360356761602
1409657461124919299
1409657480720785408
1409657523783684099
1409657531895410688
1409657619426385922
1409657644843868161
1409657872523296771
1409657875882942464
1409657920896200709
1409657922687176704
1409657961165705217
1409658042795184129
1409658050911248387
1409658257166143490
1409658301013381123
1409658387902525444
1409658404407177216
1409658425840005120
1409658453115564032
1409658564365352962
1409658620178882564
1409658765826158597
1409658778052562951
1409658837578129411
1409659167078375430
1409659179908747273
1409659192898510849
1409659275706732552
1409659360402305026
1409659397400236034
1409659452073025538
1409659483949723659
1409659531961847810
1409659597602779140
1409659699629228032
1409659902352445445
1409659914578890758
1409659915149348869
1409659917233917952
1409659943905464326
1409659953124560898
1409659956240912385
1409660060272259076
1409660275943346179
1409660303613173763
1409660383212810244
1409660383242067971
1409660383258759168
1409660393492860929
1409660407984254976
1409660500649017344
1409660566327611392
1409660605858926594
1409660684200120330
1409660685265502218
1409660713455349761
1409660736075272194
1409660762906267649
1409661002451349511
1409661010126905346
1409661126552428545
1409661295297581061
1409661389795323905
1409661511383977989
1409661620800815107
1409661649984782336
1409661847725215745
1409661975848644610
1409661982601474051
1409662057331392514
1409662161316585476
1409662164546195460
1409662286764019714
1409662513193443328
1409662518528647175
1409662662259011587
1409662670538625024
1409662689895350275
1409662705686880256
1409662731871940613
1409662732027056130
1409662757176188931
1409662801216372737
