1409301644764930051
1409303914256781313
1409309196718387200
1409312753483931649
1409325445015801856
1409332371430592512
1409333488982106123
1409343850083201026
1409344984499752963
1409345494791380994
1409352668448006145
1409353419756822531
1409358120984342534
1409358847664443395
1409359859112361985
1409359927596945410
1409369457915465729
1409376109410488327
1409376249206624258
1409377628633636865
1409377833961484293
1409380417690501122
1409384244804263939
1409397400247095299
1409401896381468675
1409406223267545088
1409408339302400004
1409408353579765763
1409421978142916613
1409432159333539841
1409437214975614976
1409439192560508930
1409440846055972864
1409442720238620680
1409444569691738114
1409449803344396289
1409452673129144327
1409454447546273794
1409454450922725378
1409454454399774730
1409456933107421184
1409460957273804804
1409462330598035456
1409462461951053826
1409462614384599041
1409464106172747777
1409464640875151364
1409464857057955842
1409465750566445059
1409469879086948353
1409472197010378755
1409475454885576705
1409478816641261568
1409479391596400640
1409479656902959104
1409479744391893007
1409480357213265920
1409481212402544647
1409481496373645315
1409481671070584835
1409481873835896833
1409484154408951814
1409485878230241284
1409487318998831105
1409488773776355328
1409489325192990722
1409489512758231041
1409490276486369283
1409491398387240962
1409493171160055811
1409494083660353545
1409494314720415749
1409494501601824768
1409494910001192960
1409495396276178946
1409495698748411909
1409495784740040706
1409495986204971010
1409496223741009921
1409496850344910851
1409497046009225217
1409497206323884034
1409499875805384710
1409501090224164865
1409501847534989315
1409502445290541062
1409502488571613190
1409503603405070336
1409504383700660235
1409504973918982149
1409506119949553665
1409507262280970244
1409507988507877379
1409509621128122370
1409512129644974080
1409512137341480967
1409512160150142976
1409513670569234438
1409513697681235969
1409514720185536512
1409515290883465218
1409515486992273416
1409516048165048321
1409516565154910209
1409516957880160259
1409517262231556097
1409517331756240896
1409518618619088896
1409518668661334016
1409519522420252674
1409521776250458113
1409522240316641280
1409523278713139201
1409524527374245900
1409524877229445120
1409527074679922691
1409527226337476608
1409527291668013068
1409527848394760199
1409529857168523271
1409530337189928963
1409530835871670272
1409531628771319809
1409531942131884046
1409533183175974916
1409533210216878085
1409534576465170437
1409535334472425485
1409536522404179971
1409537584426930176
1409538456620093440
1409541603061030924
1409543431949594629
1409544173984927746
1409545025134989321
1409547148153212930
1409547711506960386
1409548636942385157
1409551014018027522
1409553507850625024
1409556978192424963
1409557500735672326
1409558361222287363
1409559255183732736
1409559735368564740
1409560192375832577
1409560961502134285
1409561046361296907
1409561390227116040
1409562242119524359
1409564818311426057
1409565346852446214
1409566574147686406
1409567521599111179
1409568276057935880
1409568347776335875
1409569189053009923
1409571482280341506
1409572305118838784
1409572427680649217
1409573326939332609
1409574178739703817
1409574649646792709
1409575698994507781
1409578811772096519
1409579242887684096
1409579289452986376
1409579875975979009
1409581293793386498
1409581377079504899
1409583380593713184
1409583898816749611
1409584078781706243
1409584173665325058
1409584387675463690
1409585120818831377
1409585228889288710
1409585965421633538
1409586752390504481
1409587310312628254
1409587590269833217
1409588722731917321
1409590540635578370
1409590823084126215
1409592058713681920
1409593419597504520
1409594755466530819
1409595027819581440
1409595035822264323
1409596596069732356
1409597049297944582
1409597522977300482
1409601025015631872
1409601669978075144
1409602795339194374
1409603054245122055
1409603210378153993
1409603283832893440
1409604189764734977
1409607109193437185
1409608996617662467
1409610535813984258
1409611581193924617
1409613369406103552
1409613578877952002
1409613959158718465
1409616547170209799
1409617140366430210
1409618982634622980
1409620437001179139
1409620831173545985
1409621427133820935
1409623143967334404
1409623155136557063
1409627695776886789
1409627769781190662
1409630973181009921
1409633178348781573
1409635272308924423
1409636759508381700
1409637821745307652
1409638730726404102
1409640143124721664
1409640983029968900
1409644591293243402
1409649192708935680
1409650432855576576
1409651577447587843
1409653954405830660
1409655755825766402
1409658635572023297
1409661280995053572
