1300221765201715200
1300221972090155008
1300221975747588104
1300222028184723457
1300222479831633925
1300222895466123264
1300223335905845248
1300223465996324882
1300223766950301697
1300224280748269576
1300224662119514112
1300224939522437120
1300225142702968833
1300225175473004548
1300225410840526855
1300225415055843328
1300225460056592392
1300225999406272512
1300226394123915265
1300226426977878023
1300226555071823875
1300226679617531905
1300226761523974158
1300227026541072384
1300227033440464896
1300228032213508103
1300228546841980928
1300228555129999360
1300228562369286149
1300228837570211846
1300228995800346626
1300229107771473920
1300229239455744001
1300229314760396801
1300229583229214720
1300229709775601666
1300229774573555712
1300230046037291014
1300230302925717505
1300230933904318464
1300231140901560320
1300231684118384640
1300231686383382528
1300232275125301254
1300232436878585863
1300232760267862017
1300232818342211584
1300232941864443904
1300233109544333318
1300233214905155584
1300233232907206661
1300233285138776066
1300233462360821762
1300234339339382787
1300234347312680960
1300234599369527300
1300234689245065222
1300235096394477569
1300235799477264386
1300235954737774592
1300236138096013313
1300236202734477314
1300236247080857600
1300236263161843713
1300236703119048705
1300236866097094658
1300236895964848128
1300236958111879170
1300237181714411522
1300237697324326917
1300238026833043456
1300238347026169858
1300238465519550464
1300238671413678081
1300238980357726209
1300239030970351616
1300239662729043969
1300239866777808897
1300239892019064833
1300240685833039877
1300241102356852736
1300241199442296842
1300241211438108675
1300241271190061056
1300241288034476032
1300241472063787013
1300241733020798977
1300241842336825349
1300242349952503808
1300242674922983425
1300242730048794625
1300242777389912067
1300243054583001089
1300243274335170560
1300243306849488901
1300243351434911746
1300243501922291719
1300243580057825280
1300243953866944519
1300243960225583110
1300244047056048130
1300244778169307139
1300244854480539648
1300245076657008640
1300245084500262917
1300245188800110596
1300245539783663617
1300245646478397441
1300245723053780994
1300245845678456835
1300245993951244288
1300246257613582337
1300246300944986112
1300246410143690756
1300246573310513152
1300246605770174464
1300246986864562176
1300247011724349444
1300247458656780288
1300247510263488512
1300248077715075073
1300248149391560705
1300248155167117318
1300248157331296263
1300248372520026116
1300248395995590662
1300248487515258881
1300248513725562880
1300248607367606272
1300248719640743936
1300248835697016832
1300248968136454144
1300249038336520196
1300249070506848258
1300249077460819968
1300249195580993537
1300249219966685184
1300249562335109120
1300249595122012163
1300249694908579845
1300250119980412928
1300250521790550016
1300250642099965952
1300250694579085313
1300250840171642880
1300251273275547657
1300251483447988224
1300251668840419329
1300251724607893508
1300251816425402370
1300252061754437634
1300252178058223617
1300252250057699328
1300252427166384128
1300252732545273856
1300252748357734406
1300252753189625859
1300252779248865281
1300252975462526980
1300253816240181250
1300254136492003334
1300254227944665088
1300254336308645890
1300254386522853376
1300254710713245701
1300254735002468352
1300255151077425152
1300255296787484672
1300256026143469570
1300256046146093056
1300256064760356864
1300256183694000128
1300256544202862594
1300256871153102855
1300256891348680704
1300256934835236865
1300256938794549248
1300257031073472513
1300257406715416577
1300257457256706048
1300257517935702017
1300257736781856768
1300257933243092996
1300258821005348864
1300259138832920576
1300259201248382977
1300259527611342852
1300259850291683329
1300260243226734593
1300260276248424448
1300260301573627914
1300260615848685569
1300260860494000130
1300261315546619905
1300261499609456641
1300261552172527616
1300261677565345792
1300261778702635009
1300261797614817283
1300261903554555904
1300262428735868929
1300262465050210304
1300262917573693441
1300263092727828481
1300263130593927175
1300263205256781825
1300263310894530560
1300263462195662849
1300263855839473670
1300264083623641089
1300264084588376064
1300264108038803458
1300264344035487744
1300264662303465473
1300264735150157825
1300264939622469632
1300265121307078656
1300265147580190720
1300265290970722304
1300265391286104064
1300265405869682691
1300265511419342848
1300265694634876929
1300265848905650178
1300266057761009666
1300266434589872128
1300266698268966912
1300267049059520512
1300267364605399040
1300267598190465026
1300267675608854529
1300267686761508865
1300267756315705344
1300267827971215369
1300268146188865537
1300268175922262016
1300268226522288128
1300268404759240705
1300268581502947329
1300268720590401542
1300268904619671554
1300268997326364672
1300269250402189313
1300269848254087169
1300270054488051712
1300270055758999552
1300270353437122561
1300270552830169089
1300270564414828544
1300270587743555585
1300270830933471233
1300270974273691649
1300271430677004289
1300271487472021505
1300271564198379523
1300271932949045254
1300272084967358464
1300272163203686402
1300272403369660416
1300273059031547905
1300273094007967744
1300273192091766784
1300273242511421442
1300273845006487553
1300273909380657155
1300273935678726144
1300274668151205889
1300274708772982784
1300275195354251265
1300275202140581888
1300275271812218884
1300275342112894977
1300275343031500800
1300275416561836038
1300275434861531141
1300275720355287040
1300275856988925955
1300276186455642118
1300276267779084288
1300276781627461632
1300277532227502080
1300278227819278336
1300278562579251200
1300278586117627906
1300279043439427584
1300279163664900098
1300279228068495361
1300279453524910080
1300279532008755201
1300279864667385858
1300280065092186113
1300280217584443397
1300280249935106050
1300280342205562882
1300280637530796033
1300280779226972160
1300281581333028864
1300282111535001601
1300282389680328713
1300282434429374465
1300282468868775937
1300282593301102593
1300283744109170691
1300284029141483520
1300284191133904896
1300284193004544000
1300284297753104385
1300284858162442240
1300285184898670593
1300285361789247489
1300285476075700226
1300285691050569732
1300286147353104385
1300286208841572352
1300286343516487681
1300286788548915201
1300287313080184833
1300287760721473537
1300288557500825601
1300288877681430529
1300288928671510529
1300289731641647105
1300289768027234305
1300291012242407425
1300291125870309377
1300292552185257985
1300292776119152640
1300293225505325060
1300293309051658241
1300293486172868608
1300293775345037318
1300294165901778944
1300294533025062914
1300294939486584839
1300295737339772928
1300296674217254912
1300297123838263297
1300297263789436937
1300297818435977216
1300298197907144704
1300298623947808769
1300299286438182912
1300299339038941184
1300299707063980032
1300300296015536128
1300303189196132352
1300304720549089280
1300304811439529984
1300305647905443840
1300306401399627776
1300306639686303745
1300306986366627840
1300308485989699584
1300309009635868673
1300309551737077761
1300309579306283009
1300310202789629952
1300310296200966144
1300310703757316096
1300311923976744960
1300312496696373248
1300313701485023232
1300315287414280192
1300315762314424320
1300316286333919232
1300317554590744577
1300320308373712896
1300320364426391552
1300321557412065286
1300322416133054464
1300323774655533056
1300324599964618753
1300326939585130496
1300326962385301504
1300327463181049857
1300327869508444161
1300332094699319297
1300335865953165313
1300336011776409606
1300336015937343488
1300339601849155584
1300340484859199488
1300343297953665024
1300347741105795078
1300353578444435456
1300354203311890433
1300357662346018816
1300357662350233600
1300361069278441473
1300361199620562945
1300363339852402689
1300363987415162880
1300364735775346688
1300375400963616770
1300376954982592513
1300376963647971329
1300380334912163840
1300380999084158976
1300382200525926402
1300384094929461248
1300384280229621760
1300386607879655425
1300387858893729792
1300387862219694080
1300387863335301120
1300387865747046400
1300388090754863105
1300388605773467649
1300388632910594048
1300389029561667585
1300389286248939520
1300389430251974656
1300389475634348034
1300389698045644805
1300389827205107714
1300389942565244928
1300390032226820096
1300390438914985984
1300390657392087042
1300391543182950400
1300392767596769280
1300393162335117312
1300396724125659137
1300396832355504129
1300397569764405251
1300398605153562624
1300400009628856327
1300400537893056512
1300400541412085760
1300400755820691457
1300401371750051840
1300401690693308416
1300402218592399360
1300402220278538241
1300402607811428353
1300403134829867009
1300404099075112960
1300404746336063491
1300404981426565120
1300405760346730501
1300406464306130946
1300407050619572227
1300407184250081280
1300407765031161856
1300407981050339329
1300408905479094273
1300409090049544192
1300409394476261377
1300410070761721856
1300410510295224322
1300410606344908800
1300410649693097984
1300410710355255297
1300410722569117697
1300411044544671744
1300411245200379904
1300411450582806531
1300411834055434240
1300411938833395713
1300411991769657344
1300412067602665473
1300412161328545792
1300412500173701122
1300412548068630532
1300412589801902080
1300412913879048192
1300413008397709312
1300413148764274690
1300413161170849792
1300413187200888833
1300413326116229120
1300414085323018241
1300414180944683010
1300414184602185728
1300415041011933185
1300415075828797443
1300415391618027526
1300415541291741184
1300415798494756864
1300416858533834753
1300417119591501824
1300417855469629440
1300418114602053638
1300419209474854913
1300419280098529281
1300419283651002369
1300419295395143681
1300419634735316993
1300420360580599808
1300420517212684288
1300420543192199168
1300420856770945025
1300421006994141189
1300421040779202562
1300421220530360320
1300421469491441664
1300421620104933379
1300421897692291074
1300422732358746113
1300423111934910465
1300423230650417152
1300423751385874432
1300423836308058113
1300424422206115841
1300424871827181570
1300425528973942784
1300425607638126594
1300426165660856321
1300426867598651394
1300427172147060736
1300427230510829569
1300427230770798594
1300427261867372551
1300427925850861575
1300428261462163458
1300428334174801920
1300428361076965377
1300428448125644800
1300428450881302529
1300428669857468416
1300428673271685120
1300429467576348672
1300430829227773952
1300430949587525632
1300431360440532992
1300431834967429120
1300431856219848711
1300432582342049794
1300432791830700034
1300432824001081344
1300433391582670851
1300433498248032258
1300433789445910528
1300433802838380545
1300433988868280320
1300434402443485186
1300434597486919681
1300434964878688256
1300434996822454272
1300435153668509702
1300435408753504256
1300435472922140673
1300435512226983937
1300435589167185920
1300435634046279680
1300435639008194560
1300435692292648965
1300435726505443333
1300435762714947584
1300436120380026880
1300436148456742914
1300436325808713729
1300436413872320512
1300436485812957184
1300436530570330114
1300436550573084672
1300436907021787136
1300436932208390146
1300436932711899137
1300436973488934912
1300436999460081664
1300437167878139909
1300437255711084548
1300437284890841090
1300437306382471170
1300437541695483905
1300437711212261376
1300438191791632386
1300438204215177216
1300438404811960321
1300438763315908608
1300438952017637377
1300438954886471685
1300439036969058305
1300439073543409668
1300439129151463425
1300439195559829506
1300439268423274497
1300439448853925888
1300439952367341576
1300440444636196866
1300440562076725248
1300440671896113153
1300440708701196289
1300440773452849155
1300440835243290624
1300440926607814659
1300440994421395457
1300441186814091264
1300441365151711232
1300441531304808452
1300443007326531585
1300443063924461579
1300443220602650632
1300443325963608065
1300443814994350080
1300443868836499457
1300443930773925888
1300444067462098944
1300444143437651968
1300444482320568321
1300444692216254466
1300444908759678976
1300444981967163393
1300445298809077762
1300445481932390400
1300445740271939585
1300446437285801986
1300446602159628289
1300446844850507782
1300446998449930240
1300447000308207616
1300447022911287296
1300447173230964737
1300447416299249664
1300447556623892481
1300447728133124096
1300448056844988417
1300448219353276418
1300448391118422016
1300448768391815172
1300448929079853056
1300449137268228096
1300449324829233153
1300449372006764544
1300449838740525059
1300449899675295744
1300450066143023105
1300450081594843139
1300450091615105029
1300450141699178505
1300450172800045056
1300450283777126400
1300450344640688133
1300450537633017857
1300450874431614977
1300450891892510721
1300450920715747329
1300451009546907651
1300451379841044481
1300451615116267521
1300451628684840965
1300451637862051841
1300452065030758400
1300452091710898178
1300452654062198784
1300452753026682881
1300452835503616000
1300452869133529089
1300452988360765445
1300453037916540931
1300453278807924736
1300453306884591617
1300453343417036800
1300453534920577024
1300453999435550720
1300454089168424960
1300454169996931074
1300454478886375435
1300454695429763074
1300454715461902336
1300454909788196865
1300454994114744329
1300455001723150336
1300455321916203008
1300455325791707136
1300455806542905345
1300456539329826816
1300457089400274946
1300457091887493121
1300457429851877377
1300457565705433090
1300457873881866242
1300458089871740928
1300458695034384384
1300458899028541441
1300458980498706433
1300459024534695937
1300459035192369152
1300459241233408005
1300459457894404099
1300459644410892288
1300460054446039040
1300460134284566528
1300460220250906624
1300460423750221824
1300460589643427840
1300460692357738496
1300460839808401409
1300460842601852930
1300460944431165440
1300461090434940928
1300461226779181063
1300461258823565313
1300461626538291202
1300461667986350081
1300461829861396481
1300462099462844420
1300462276688912385
1300462569258446850
1300462609754398721
1300462837618348034
1300462940995321859
1300462950751371271
1300463123930001408
1300463356525064192
1300463362577498114
1300463820448690177
1300463847040602113
1300463930368811011
1300464189509709824
1300464706063396866
1300464809125777409
1300465089573781511
1300465464360013824
1300465634027995136
1300465652310835200
1300465828144590848
1300466732918861824
1300467134393352192
1300467323132956672
1300467707092049921
1300467736771002371
1300467757348261890
1300468390692352001
1300468391153721345
1300468489640050690
1300468503812739073
1300468524566020099
1300469564556402688
1300469899203096577
1300470037619245075
1300470129705320457
1300470215625641984
1300470347469336586
1300470439706275841
1300470494244765696
1300470568442040320
1300470663870808071
1300470779587506176
1300470908042252288
1300471026527207424
1300471151915827201
1300471531538124804
1300472170150342657
1300472200248647688
1300472235040350214
1300472243089223690
1300472760636977153
1300472900030533632
1300473206340550658
1300473280843993088
1300473522482032640
1300473543159885829
1300473626706280449
1300473815810609152
1300473925743370246
1300474065493389315
1300474382297501702
1300474760925786114
1300474817712283648
1300474860628512776
1300475071249756160
1300475188912553987
1300475376481730562
1300475405829312514
1300475406777282566
1300475545323438088
1300475624872697859
1300475711988396032
1300475794045759488
1300475816078381056
1300475888505622530
1300475940510760961
1300475950468141058
1300476111659380741
1300476252650983427
1300476281948188672
1300476324541325313
1300476555928444933
1300476703878402054
1300477242787667968
1300477293161320448
1300477327110017024
1300477362367332354
1300478076778811392
1300478458787659784
1300478505944317960
1300478592124502016
1300478716267593729
1300478936313462789
1300479050532651009
1300479078785593345
1300479254291980289
1300480219757916160
1300480568174444546
1300480971876298753
1300481221999374337
1300481369878024192
1300481503097307136
1300481559498235905
1300481650846040065
1300481896053383168
1300482191487578112
1300482278884356098
1300482458035646484
1300482465996341248
1300482809493102599
1300482987625250818
1300483247776784384
1300483419567202305
1300483489238786049
1300483490304208897
1300483640795824130
1300483784018546688
1300483857481900038
1300484115075141632
1300484250874114050
1300484256725110785
1300484276643942401
1300484286114672641
1300484628902555650
1300484747269939202
1300484864727224323
1300484883278639111
1300484930040991747
1300485018469511170
1300485145292689419
1300485331502821376
1300485755526148097
1300486034434805760
1300486054445809664
1300486178106417154
1300486395446738944
1300486517723406337
1300486542683770880
1300486638552977409
1300486730785619968
1300486805679153153
1300487043143946241
1300487053256413190
1300487308022607872
1300487783002275845
1300487881425911809
1300488215388979200
1300488515088777222
1300489028769402880
1300489146004393984
1300489229017976832
1300489375369879553
1300489460891693057
1300489463160811522
1300489524322217984
1300489658887999491
1300489837145927682
1300490187093479427
1300490209474248704
1300490405616775174
1300490962179969030
1300491038667059201
1300491038776197121
1300491041393573889
1300491426585743360
1300491478070947846
1300491507791802375
1300491589303795714
1300491976597532672
1300492609375424513
1300492670574436352
1300492809581936643
1300493555496972288
1300493594558705665
1300493640092061696
1300493888189325314
1300493978526253056
1300494196722163712
1300494210366345216
1300494235762917377
1300495084333535234
1300495231633162241
1300495362197778437
1300495640900837377
1300496289617137666
1300496366725144577
1300497082931974145
1300497186954907648
1300497212548542464
1300497331004018689
1300497357834944514
1300498302929174529
1300498356398063617
1300498452523225094
1300498588460609536
1300498731637387275
1300499011514912768
1300499159615668225
1300499317938171906
1300499570275880961
1300499975814733824
1300500439000059904
1300500460797865987
1300500486202650625
1300500512446517248
1300500650040664064
1300500776092082184
1300501012202033154
1300501105399521283
1300501107026939910
1300501241458380801
1300501387508363264
1300501429090758656
1300501429484957699
1300501436682219522
1300501462880055297
1300501575543201792
1300501847636094976
1300502353330794496
1300502439842525188
1300502513175719936
1300502720219152389
1300502914734141445
1300503210235441153
1300503494139535360
1300503761752735744
1300504117702545410
1300504261307105285
1300504597711261696
1300505368943104002
1300506014454820865
1300506137951961098
1300506220009316352
1300506269346824192
1300506599711215616
1300506790921154564
1300506999508082691
1300507426538442752
1300507429889695745
1300507595568971776
1300508525995716608
1300508661077299201
1300508674662825986
1300508688193589249
1300509094969847813
1300509138271768576
1300509195813490688
1300509517583712259
1300509913546977282
1300510228912447488
1300510944225787904
1300511157481070605
1300511348963639296
1300511826854187008
1300511928855429124
1300511946681323520
1300512045616508928
1300512348977987587
1300512429785387009
1300512518297788419
1300512547859247109
1300512608571854855
1300512990085689345
1300513255035744257
1300513689917890560
1300513691314642944
1300513750483599362
1300513759035875330
1300513801511604224
1300514921248157697
1300515172361084931
1300515209447198723
1300515392775958530
1300515728794226689
1300515792933531649
1300515834826240005
1300515941390913544
1300516133175525377
1300516200301166594
1300516203102961670
1300516207561527298
1300516538181709829
1300516818327662594
1300518304981962754
1300518366126407685
1300518447626047488
1300518835347492866
1300519545178927104
1300520115646025729
1300520380461875200
1300520855668240384
1300520935896821765
1300521229883969537
1300521237677043724
1300521239442751491
1300521284724547584
1300521497358929930
1300521625021014019
1300521698509434882
1300521825026428935
1300522211724480519
1300522405761228800
1300522502381342721
1300522518969823232
1300522540603977730
1300522690768515075
1300523392966238208
1300523456598024197
1300523840464924680
1300524325322317824
1300524365193383939
1300524860972597248
1300525021954179075
1300525455611752448
1300525525757239296
1300525552797921280
1300525632292614151
1300525797506154496
1300525852539711489
1300526274029518852
1300526475863564288
1300526609443717120
1300526869717151750
1300527029864067072
1300527574234402823
1300527639581597699
1300527741536800768
1300527815473983492
1300527862685073409
1300527992079347713
1300528474877198336
1300528575532208128
1300528731237343232
1300528787671531520
1300528885357072385
1300528970430119936
1300528986183864321
1300529231831666690
1300529683176456192
1300529801728528384
1300530693047492609
1300530763981561858
1300530800048340997
1300531146686689280
1300531190126899200
1300531306737160192
1300531548681375744
1300531889388822529
1300531924180631555
1300532324484874241
1300533580708360192
1300533752007979008
1300533820827918337
1300533830479163392
1300534095836057602
1300534348404396033
1300534462707630080
1300534525370523649
1300534906859204611
1300534979567529992
1300535295708979207
1300536050255892482
1300536158527651846
1300536863640424450
1300537349823180802
1300537357905657857
1300537600227397638
1300537721392431105
1300537872026497024
1300537925130649603
1300537934706356226
1300538104319750144
1300538168224157696
1300538430439464965
1300538453059395587
1300538480402067462
1300538830106365952
1300539014106296320
1300539067050921985
1300539081424855041
1300539173527597056
1300539283099594753
1300540164381474819
1300540298922209282
1300540633803902984
1300540728167354380
1300540796639367169
1300541370604695553
1300541466301943809
1300542066171285504
1300542542929420288
1300542573359104002
1300542915291344897
1300543187044519937
1300543205138739200
1300544676647370754
1300545277238050817
1300545349417922567
1300545503684419592
1300546370835709954
1300546385444569090
1300546498774667265
1300547603332050944
1300547743212089346
1300548167834972160
1300548204975529984
1300548224118190080
1300548261153890306
1300548437209944069
1300548562795847680
1300548619532148736
1300548920611942403
1300549082004557825
1300550056798547968
1300550124419125248
1300550534949150720
1300550681783402496
1300551200811683843
1300551439438295040
1300551706690949120
1300551748084523008
1300552012325584901
1300552204722614274
1300552366727589895
1300552781632331776
1300552794131267589
1300552796966653952
1300552820442255360
1300552971416154112
1300553475655426048
1300553721424883719
1300553790391808000
1300553953147461633
1300553957350178816
1300554075419947010
1300554166734069760
1300554284300410880
1300554289597816832
1300554549170765824
1300554923319472129
1300555216249643009
1300555409015611393
1300556653616607232
1300556826891743235
1300556859363991552
1300556984228347904
1300557517559345153
1300557642138628100
1300557648362954753
1300557720609841152
1300557843582652420
1300559322645237761
1300559559770230785
1300559969360777218
1300560028752138241
1300560057856331785
1300560083588349956
1300561012047847424
1300561275764826113
1300562553014235136
1300562659255955456
1300563025242578944
1300563081190420482
1300563276401717253
1300563570711760897
1300564027073007617
1300564971726745600
1300565042174201856
1300565291605295105
1300565401877741569
1300565705960681473
1300565799862710272
1300566291875594240
1300566293234561025
1300566834966663175
1300567104354164736
1300567123211812864
1300567569959735296
1300567646686113792
1300568477250576391
1300568558691397633
1300568649389035520
1300569052704694272
1300569057494794241
1300569711663603715
1300569730273759234
1300569887270727680
1300570005860425732
1300570046293573640
1300570278586703872
1300570418265427981
1300570806544670721
1300571020005343233
1300571028129812481
1300571030780551168
1300572065049833472
1300572081952665600
1300572250131886081
1300572389189791749
1300572466373427200
1300572896230879235
1300573756881080320
1300574033499639809
1300574175740989442
1300574226877947905
1300575305426493440
1300575598063083524
1300575618149560320
1300575631110012928
1300576622609870849
1300576634328801280
1300576705870999552
1300576910859100162
1300577188266356736
1300577315299250178
1300577456265584645
1300578240315232259
1300578602703097857
1300578806751793152
1300579119135174656
1300579416356139008
1300579527597252608
1300579625593188357
1300579662259683328
1300580107027963904
1300580671493201926
1300580679986675712
1300581067766857729
1300581147559129088
1300581475700670464
1300581774205030400
1300582268239478784
1300583757389402112
1300583985010139137
