1331024738391642112
1331024780422688769
1331025092764168193
1331025306992381952
1331025355877085187
1331025451154862080
1331025507719258112
1331025519333269511
1331025608147693568
1331025641014226951
1331025708995506178
1331025712988434434
1331025744198307842
1331025747331358723
1331025793770774529
1331025817326014465
1331025820471668738
1331025828604424192
1331025966739677184
1331026019273347072
1331026085342023680
1331026137057800194
1331026147929370627
1331026247099543555
1331026313713504256
1331026455711592457
1331026639375962112
1331026697983029249
1331026720376369152
1331026746632777730
1331027045112016896
1331027130298273792
1331027234342178818
1331027242047197186
1331027255192121344
1331027331713003520
1331027417700380672
1331027436558032897
1331027476978470913
1331027567378313226
1331027671871057921
1331027673821421568
1331027677638168578
1331027817820278788
1331027894437556224
1331027958925045762
1331027966323724289
1331028178769502209
1331028376740655110
1331028539651616778
1331028699320360961
1331028795583848449
1331028882460438534
1331028939196821507
1331029028493463553
1331029037704208384
1331029126497579009
1331029165164859398
1331029170818863105
1331029206210383873
1331029308660473859
1331029453624008704
1331029543663136777
1331029710944538625
1331029849432010752
1331029947402620932
1331030047298367490
1331030271500677122
1331030286692446210
1331030310826422273
1331030323451277313
1331030331646992384
1331030383329226755
1331030529882419217
1331030644420317185
1331030860053831688
1331030876868800522
1331030917897461761
1331031162572087296
1331031266590945281
1331031495738331142
1331031535420547075
1331031539644129281
1331031830489931776
1331032068000772097
1331032185025990663
1331032283541766146
1331032296166658048
1331032339946876933
1331032485371785225
1331032538131931138
1331032587553402880
1331032725961183233
1331032859822460936
1331032908472180744
1331032958707380232
1331033037669343240
1331033037803462656
1331033220243202050
1331033288090267650
1331033296961216519
1331033392402624545
1331033495255330816
1331033549823152128
1331033572078202881
1331033779180363777
1331033882465095680
1331033967391334401
1331034007795097601
1331034071699435521
1331034194684899329
1331034291757850626
1331034317401837569
1331034415980568579
1331034453834149890
1331034569143881729
1331034587330383872
1331034602417381376
1331034621727944709
1331034644188459009
1331034719513939971
1331034756541198338
1331034774291558401
1331034796915560449
1331034826552602626
1331034832839847943
1331034867207901186
1331034885792870401
1331034925445881857
1331034949550551042
1331034967548235777
1331035014348337152
1331035051694362626
1331035091586441217
1331035097886322688
1331035149086109701
1331035189464756227
1331035228098453509
1331035228639531012
1331035275653509121
1331035318586400770
1331035320507387906
1331035401860112391
1331035476560588800
1331035501227339778
1331035505329401858
1331035521217404928
1331035523268358145
1331035560840925185
1331035583829958657
1331035632601329665
1331035688293314560
1331035705007595522
1331035739786797057
1331035816471179265
1331035860054147072
1331035973434675201
1331036046704914438
1331036103185485825
1331036190447988737
1331036248086093826
1331036279337836545
1331036408837001224
1331036796575223809
1331036837889138689
1331036878242504706
1331036943367475200
1331037043879796737
1331037237505630209
1331037259198570497
1331037345412505601
1331037411665727490
1331037516833697792
1331037600048672769
1331037698677727232
1331038076295016448
1331038247401697280
1331038306390450177
1331038773694574595
1331038891663630342
1331038908390502400
1331038970210357249
1331039144064258049
1331039367851356160
1331039435694206976
1331039492325699584
1331039548625850369
1331040310080712707
1331040331886948353
1331040464926105601
1331040493413818370
1331040574602944514
1331040790496354305
1331040963310071808
1331041110265884673
1331041126669758465
1331041440705761282
1331041552794329089
1331041727130574854
1331042241163513859
1331042259823898643
1331042351540822016
1331042430515355648
1331042669297098752
1331042704139104263
1331042752642117633
1331042758258286592
1331042761924079616
1331042784531374082
1331042823471292418
1331042828114399235
1331043392768368640
1331043397889634305
1331043652668370944
1331043654845259777
1331043678501081088
1331043764685721603
1331044052238733314
1331044057364172805
1331044168379084801
1331044186519384070
1331044213077708801
1331044493030780929
1331044759369113600
1331044766184828929
1331044865887539201
1331044868626538502
1331044876469886976
1331045047182241794
1331045127847092229
1331045198693093378
1331045199276089344
1331045209849929730
1331045324861878273
1331045508601815041
1331045708900741128
1331045840161546241
1331045844414554114
1331045891822727168
1331045928590061568
1331046073293475842
1331046123792859136
1331046309000835073
1331046328537899009
1331046476072497153
1331046624202797063
1331046643857313792
1331046648689070084
1331046739646812162
1331046802464903168
1331046833783713792
1331046874074275841
1331047021722079233
1331047031968772098
1331047059164696582
1331047150038478849
1331047177356005377
1331047403403751426
1331047411263868929
1331047599676198918
1331047854337626112
1331047979730530311
1331048074442117120
1331048298636058625
1331048446548193280
1331048595286601729
1331048617205960706
1331048708771868677
1331048818268397571
1331048947671044101
1331048992751411201
1331049028453363717
1331049069700112385
1331049137236807681
1331049239716245505
1331049346612269057
1331049378082152448
1331049454443618309
1331049461519437824
1331049772136992769
1331049811521515520
1331049909173301252
1331050148491915264
1331050274379673601
1331050285721022464
1331050758809251846
1331050942943268864
1331050984328601600
1331051127702511616
1331051238062960640
1331051408691326977
1331051476693737477
1331051524408168451
1331051697301561344
1331051947772833792
1331052085262036993
1331052489882406914
1331052911317688321
1331053039176839168
1331053226616033281
1331053242126635008
1331053453028847618
1331053477028638720
1331053594574020608
1331053856713740289
1331053961411956738
1331054066097553409
1331054298281734144
1331054385523265536
1331054401918803968
1331054487943979009
1331054558274084865
1331054574145318913
1331054585021083648
1331054680357572610
1331054723600953344
1331054746296340480
1331054746392793088
1331054998583644161
1331055142720991254
1331055313122889729
1331055319628337154
1331055329883402248
1331055397470343168
1331055545592262659
1331055728954667008
1331055737171271682
1331055919569002502
1331056068647063552
1331056157780217857
1331056201367478272
1331056307277885442
1331056343558582277
1331056850922598400
1331056958196097027
1331056958309343232
1331056989569486851
1331057088924160002
1331057250799063041
1331057378989629446
1331057575949897730
1331057614705356804
1331057721043529728
1331058024920870915
1331058220547366912
1331058306119585796
1331058339199873024
1331058390991331336
1331058462046920712
1331058504082350084
1331058732093083649
1331058870857424896
1331059425860333573
1331059428553056258
1331059830925225985
1331059876752207875
1331059964970995713
1331060254294073350
1331060307360407561
1331060311072395266
1331060370467942400
1331060493415571456
1331060511543320582
1331060569407967233
1331060589985222656
1331060600202547202
1331060787549511680
1331061222347837440
1331061282645086208
1331061628616527879
1331061828449923073
1331062023262785537
1331062443603333123
1331062472602775552
1331062585584652289
1331062721580855299
1331062832205541378
1331062850115280898
1331063031254704130
1331063301225259008
1331063355092705290
1331063676066009089
1331064187292962822
1331064276702945284
1331064378712498176
1331064389550616582
1331064417136603136
1331064433251143683
1331064813863247872
1331064822809710595
1331064928220942336
1331064931328929792
1331065022903095297
1331065023968505857
1331065077764673537
1331065191333826560
1331065208589213697
1331065585573171201
1331066171861454849
1331066187346817024
1331066207341080579
1331066866597556228
1331066891239092230
1331067029206536192
1331067041860648960
1331067051302133760
1331067161717182465
1331067509915734017
1331067891404468226
1331067905027477504
1331068110829391872
1331068405638713350
1331068907466223617
1331069045798559745
1331069476461293575
1331069828107481088
1331070031309000711
1331070364433195008
1331070459329253376
1331070491281551360
1331070509442805764
1331070534977802240
1331070781632208898
1331070786761723905
1331071233308454917
1331071293941297155
1331071569628712960
1331071634489430019
1331071813368078338
1331071854849691649
1331071883912105990
1331072470242234368
1331072484590972928
1331072821548630018
1331072998896492544
1331073022028111873
1331073422697312257
1331073712150487041
1331073758329761792
1331073806211948549
1331073892786597888
1331074247637209090
1331074367103569920
1331074481641705473
1331074664349786115
1331074972966653952
1331075138415169538
1331075664712183809
1331075755128786946
1331075840113860608
1331075919700783106
1331075935999811586
1331075972897058819
1331076158813777923
1331076164958433281
1331076185820983297
1331076327328391171
1331076477878734851
1331077008693071873
1331077102968442880
1331077173407571968
1331077335680954368
1331077647175127043
1331078266099281921
1331078285107793923
1331079685829259266
1331079856591835136
1331080508063830017
1331080611751190528
1331080683402502144
1331081645106089984
1331081733421346817
1331081735526821888
1331081750664110080
1331081804594503680
1331082902071881728
1331083621466337285
1331083832372686849
1331083969690001411
1331084105593839616
1331084997667729411
1331085268020039680
1331085424631156738
1331085832791453700
1331086044465344512
1331086195800104961
1331086307364368387
1331086436725125126
1331086569067909121
1331086685577355265
1331086793320566784
1331086993573498880
1331087114067439617
1331087578829910016
1331087619745325056
1331088033110654976
1331088215147769856
1331088270776786946
1331088636893417474
1331088643281268737
1331088922982670337
1331089043279523840
1331089094202585089
1331089298637148160
1331089447983734785
1331089602472538112
1331089973257383937
1331090501169246208
1331090505606836226
1331090540947976194
1331090770309287936
1331091090229825536
1331091932345339905
1331092082757414914
1331092359237529600
1331092486249320449
1331092736695537668
1331093006343147522
1331093090963247106
1331093195292364800
1331093788564070402
1331094042411732992
1331094384826314752
1331095097266540544
1331095743273308165
1331096040108417024
1331096086551830529
1331096096073019393
1331098645068967938
1331098936711364608
1331098959918542851
1331099179175784451
1331099830022795265
1331100454068097026
1331101816264798208
1331102111401209858
1331102971657064448
1331103493160136704
1331104010598817793
1331104553589231616
1331105005705826304
1331105651897098240
1331107693088608256
1331109397628661761
1331109802638864384
1331110592858427400
1331111932301111297
1331111933387399168
1331112141722677248
1331112534057873408
1331114585399595009
1331116240614592512
1331117030934769665
1331117933326700544
1331118319160729606
1331119754581594112
1331120334108577794
1331120807934906368
1331121158377369601
1331121829382074369
1331122420225351682
1331124700261593090
1331124879303827457
1331130633092009984
1331130681158733828
1331135835815677952
1331136184723120128
1331136621186572294
1331137376043884547
1331137484743270400
1331139367356805120
1331139881842708481
1331139881880461312
1331139881901453314
1331139882031456257
1331139882174046209
1331141302260432898
1331141764988669953
1331141891493126149
1331143274392821760
1331145616219627520
1331147938098278400
1331147949817081858
1331148910245662721
1331150177080643584
1331152302967754754
1331157360920977409
1331160634507943936
1331162523853348865
1331162691784863744
1331165408594976768
1331165747771559938
1331166680970526720
1331167024085671937
1331167926599094274
1331170779447382017
1331171960823361536
1331173820292603904
1331174408434581504
1331175229318721536
1331175438257971200
1331175525461725184
1331175576737095682
1331175727727849473
1331175729493512198
1331175792387239937
1331176129412165632
1331176171363512321
1331176407121219586
1331176483252031489
1331176912639700994
1331177624534720512
1331178021127131136
1331178273649332225
1331178841470083072
1331178884486877186
1331179037805469700
1331179231716511745
1331179449581178885
1331179829811695616
1331180285422153728
1331180308302061568
1331180343307739136
1331180380104306689
1331180837564461056
1331182349325840384
1331183491548114944
1331183736549994498
1331184138108416002
1331184285391446016
1331184417323225088
1331184668578811905
1331185864270110720
1331186094998687745
1331186881913090053
1331187234960236594
1331187329604653057
1331187421988446208
1331187579744636931
1331187667657240576
1331187751530729473
1331187919810424837
1331188877239988224
1331188952649396225
1331189349426352132
1331189785113792512
1331190054312611840
1331190163939225601
1331190662008614918
1331190716618326016
1331191101324189697
1331191419210502145
1331191537749856257
1331191651415547910
1331191729807093762
1331192277440602112
1331192627069415424
1331192851212939267
1331192896683380740
1331193059057479682
1331193953706774531
1331194200826798081
1331194251208749056
1331194554721193984
1331194864931844097
1331194873916088323
1331195171871092739
1331195294957101057
1331195417611161600
1331195715788419074
1331195876719661056
1331195893106814976
1331196079665278976
1331196362688491521
1331196445773488131
1331196803862159361
1331197126106353664
1331197155676221440
1331197181726953472
1331197390129389568
1331197426967990280
1331197854040403968
1331198274578083841
1331198379028836352
1331198412163780611
1331198765336846337
1331198847025078273
1331198913936809987
1331199321279242247
1331199360374288385
1331199373833867264
1331199441974538240
1331199868598149125
1331199904702746625
1331200052581314561
1331200070021222400
1331200140997238789
1331200194579492865
1331200477481021442
1331200775457038342
1331200914808565762
1331201123206766598
1331201162461188097
1331201191833956352
1331201558009307136
1331201607275515904
1331201697830612992
1331201723449413633
1331201981046796288
1331202015649796100
1331202077197004800
1331202158474260483
1331202167982739456
1331202223452418051
1331202396484145152
1331202409687871488
1331202653787987970
1331202878845939712
1331202997494411265
1331203263417421824
1331203295004794880
1331203404534788099
1331203445756456960
1331203922455891971
1331203957176274947
1331204192208375808
1331204255869521921
1331204292624179203
1331204388652716038
1331204427210919936
1331204430948040709
1331205041542336513
1331205092574367745
1331206003963129856
1331206067079012352
1331206088461529089
1331206127925800960
1331206287208615946
1331206378661294081
1331206680835727361
1331206749878165504
1331206791175221251
1331207030254788610
1331207086311690241
1331207612260634627
1331207613200130049
1331207820537159681
1331208233407672320
1331208374537609217
1331208409128050688
1331208417168515074
1331208531450720256
1331208661356728320
1331208898511040513
1331209036516249602
1331209051540221952
1331209237960208384
1331209465354481664
1331209485763883008
1331209510514532352
1331209589673562114
1331209649484337154
1331209718740774914
1331209729792765953
1331209896642088960
1331209901889253376
1331209981882994691
1331210062489128963
1331210568255025153
1331210581475545088
1331210958044323842
1331210960502198274
1331210987425423364
1331211331035389953
1331211600859021315
1331211643951452163
1331211651731873793
1331212181195599873
1331212405586747392
1331212528920223744
1331212623791202305
1331212787834613761
1331212826971680768
1331213100582907907
1331213137773813763
1331213480368730114
1331213516536164352
1331213591442296834
1331213789115637760
1331213880153042946
1331213897056083968
1331213923366920195
1331214231828639747
1331214285628985345
1331214311327494151
1331214473630261263
1331214581381935107
1331214844620582913
1331214975331864577
1331215047142551552
1331215120354119683
1331215315984936962
1331215578837774338
1331215648580571136
1331215691433783304
1331215998612090880
1331216068380143616
1331216070267514880
1331216130388717569
1331216223888171011
1331216442767839238
1331216506038972417
1331216730509762562
1331216801892610048
1331216863745945605
1331216996705431552
1331217078095851523
1331217110438207490
1331217206324158466
1331217218508632064
1331217254957129731
1331217274758434818
1331217397735370753
1331217444061507585
1331217523484860423
1331217603331846147
1331218175309000704
1331218259732000774
1331218348961636354
1331218508181622784
1331218706643492864
1331218754877976576
1331218793675239425
1331218847073005571
1331219013087662082
1331219219963400193
1331219645894971394
1331219793144377344
1331219815105769482
1331219875436572673
1331220153678376960
1331220162360578051
1331220228873793536
1331220372151263233
1331220469035503616
1331220492766818304
1331220670055927814
1331220920564928512
1331220987703123969
1331220996569882624
1331221093886160896
1331221140048670723
1331221281245712384
1331221442764173318
1331221468273840132
1331221495201353737
1331221672536453122
1331221727490301953
1331221876656529408
1331221910089326592
1331221936198836224
1331222121536761858
1331222387396927489
1331222852478115841
1331222936531984385
1331222954273812487
1331223007398928386
1331223063900381184
1331223189809209346
1331223251717136385
1331223346185445376
1331223426774806530
1331223521658363905
1331223562242437121
1331223582047932417
1331223753922146305
1331223826647158787
1331223838970032132
1331223864559476740
1331223943219474434
1331223989134503937
1331224098018652162
1331224295046078464
1331224364969299973
1331224392328687618
1331224433185464323
1331224609698566144
1331224831816298496
1331224848102731779
1331225499960565761
1331225500648402944
1331225820082307074
1331226083140771844
1331226165504331777
1331226207652818955
1331226352431853568
1331226356684877827
1331226437429452804
1331226601573511176
1331226605625241601
1331226670783750144
1331226736617529346
1331227139891400705
1331227288827023361
1331227390413049857
1331227393994977280
1331227678045855744
1331228090484330502
1331228173552525312
1331228283908857856
1331228350120136704
1331228601149079555
1331228837917716480
1331228983216713733
1331229009741553665
1331229041400176641
1331229959013216260
1331230035890540546
1331230062063054851
1331230088906612740
1331230235375902722
1331230307798949889
1331230476913287174
1331230573336162305
1331230648066039814
1331230741146066945
1331230742970568704
1331230877444149248
1331230930103656448
1331231246228348929
1331231379430969348
1331231484812943361
1331231763570569216
1331231817446395907
1331231877387202562
1331231988272013313
1331232201535614981
1331232468826009600
1331232549121765376
1331232664326709255
1331232801866309633
1331232975476940803
1331233031613505537
1331233116590141440
1331233143186219013
1331233185653530625
1331233225868513281
1331233259947233280
1331233369842216963
1331233445197078533
1331233459650637826
1331233588067639296
1331233610116984832
1331233703041904641
1331233740933242881
1331233794821599232
1331233864224804866
1331233909091274753
1331233985251467264
1331234197785153543
1331234207306289160
1331234216680501249
1331234371106443267
1331234422453055490
1331234840725884930
1331234867686895617
1331234888020873217
1331235156456337413
1331235204082655232
1331235352003088384
1331235581989367813
1331235637236797444
1331235739615506433
1331235861158109186
1331235874672087042
1331235896331538432
1331235946491244546
1331236133896740864
1331236286208860164
1331236450013163522
1331236512248295425
1331236623435100162
1331236680309813250
1331236919188086790
1331236950766997505
1331237094858088451
1331237245114867717
1331237249808179201
1331237254610755584
1331237755779756032
1331237887715790856
1331238475627106310
1331238518207733763
1331238569210482690
1331238604220362753
1331238723183390721
1331238928033194004
1331239050557214720
1331239158938030084
1331239541580115968
1331239565684826112
1331239863962783747
1331239919759536129
1331240152551788544
1331240336019107845
1331240551119777793
1331240558795366401
1331240579854970883
1331240602428710916
1331240884072013827
1331241249290989569
1331241428979167234
1331241514928906241
1331241538094043139
1331241592578056192
1331241638740578313
1331241643379482624
1331241657019363331
1331241718210031620
1331241741580689411
1331241836195835912
1331241877438345221
1331241877903994881
1331242023064637440
1331242233236959233
1331242429589155840
1331242740823289859
1331242833144066064
1331242924517044233
1331242977990152197
1331243183305609216
1331243219116560388
1331243227920424963
1331243317921787908
1331243374658138112
1331243709401358339
1331243827072536576
1331244076751056896
1331244091720556548
1331244128101916680
1331244270150438917
1331244282171289606
1331244571997646857
1331244920187854853
1331245017168535560
1331245035082407936
1331245314150440963
1331245345188220931
1331245595466604548
1331245833753415685
1331245842989281286
1331245930352406529
1331245946961879047
1331246301959360516
1331246384977207303
1331246406556917761
1331246513176055815
1331246570260606977
1331246666205245444
1331246855930470400
1331246988806008832
1331247156401991681
1331247215394910208
1331247250656387073
1331247257946034176
1331247299293548549
1331247377727057923
1331247392402903040
1331247683768623104
1331247684242563072
1331247712889659392
1331247727016079364
1331247934223028232
1331247971057471504
1331247971791499278
1331248195331088392
1331248452567707651
1331248635099672577
1331248869263503360
1331248988562083850
1331249068899782658
1331249368607887361
1331249380528156676
1331249454670884864
1331249525344890882
1331249601358258177
1331249636095500294
1331249637282492428
1331249688595587076
1331249799753048080
1331249907240476674
1331249932326596608
1331250118859829252
1331250142591246343
1331250158999379970
1331250348493860874
1331250425106980865
1331250526818889730
1331251067837886470
1331251083239444480
1331251229838569472
1331251268757692416
1331251478959427585
1331251485485789186
1331251566427435013
1331251634396082176
1331251665635307521
1331251705695100928
1331251773143707649
1331251773856681985
1331251902647050246
1331251995659829253
1331252310803099653
1331252361592004610
1331252483063242754
1331252484145356800
1331252553376550912
1331252574498992132
1331252771354533894
1331252819962236930
1331252824030769152
1331252867370541057
1331252943241310211
1331252989865168896
1331252997716897793
1331253102448701441
1331253164822188034
1331253192370302980
1331253235504586754
1331253282854100996
1331253327712169986
1331253346154459145
1331253405931724800
1331253491071856642
1331253578049183752
1331253660282740738
1331253752641286147
1331253799999168512
1331253910686879744
1331253999450853376
1331254001619271681
1331254071123210241
1331254124172767234
1331254214299938822
1331254245400727556
1331254357996736513
1331254388850089986
1331254596405223430
1331254598485544961
1331254703557111809
1331254730081832960
1331254999653953540
1331255000253788163
1331255384569417728
1331255409546571777
1331255712433975298
1331256099857592320
1331256112922959876
1331256279592034311
1331256556630003713
1331256596974997504
1331256629053038594
1331256701069225990
1331256970561597442
1331256973707374598
1331256986273542144
1331257107136581636
1331257354160119808
1331257404588253184
1331257535182090240
1331257626160717824
1331257652010160133
1331257801168052224
1331257888652865536
1331257950460145664
1331258086074552328
1331258148393508866
1331258185722830848
1331258256409419776
1331258271819296769
1331258551969476613
1331258582105460737
1331258827648479236
1331258848859090946
1331258853061767170
1331258944631828483
1331258949048414216
1331258957759975431
1331259057496264704
1331259088391581699
1331259104736784385
1331259255584911362
1331259435268907008
1331259499714392069
1331259535370170370
1331259549823733764
1331259557281222656
1331259582606356480
1331259755667533830
1331259790102843395
1331259811137249280
1331260124112056320
1331260247453917184
1331260260095565824
1331260483295440898
1331260788322033677
1331260959827124224
1331260971281756160
1331261063732621313
1331261137795551235
1331261252132286465
1331261252656648198
1331261291827118080
1331261308721881105
1331261319312445443
1331261382348697600
1331261427450060800
1331261712415199239
1331261807353270274
1331262076111687681
1331262082445168640
1331262096298926081
1331262248313118720
1331262268382785539
1331262288301535232
1331262328470376455
1331262466945413121
1331262508775186435
1331262573988220928
1331262605533573122
1331262713713004545
1331262757983952901
1331263142333210624
1331263186343964674
1331263201498034179
1331263232871436295
1331263356393709572
1331263618038583299
1331263690897764352
1331263711777009665
1331263718529916928
1331263879045931008
1331263908934524930
1331264187977392131
1331264196722511876
1331264293011136519
1331264650269372425
1331264658771243010
1331264819450810372
1331264995460591619
1331265140285706240
1331265407391502341
1331265718839545858
1331265747851616257
1331265760354856963
1331265800011911170
1331265832236662785
1331265857599787008
1331265886829891584
1331265901023416321
1331265967264047107
1331266104434503685
1331266129491357701
1331266270961037313
1331266334898987011
1331266447662833666
1331266458509258753
1331266502532755462
1331266522455666690
1331266552302358528
1331266557532631040
1331266584963330048
1331266624301756416
1331266626033999877
1331266680337686528
1331266739540254721
1331266837133332480
1331267333516562433
1331267339539673091
1331267607866073097
1331267667790094336
1331267704397979648
1331267862120558593
1331267873835257859
1331267993909796865
1331268081377824770
1331268515010129923
1331268885933400072
1331269104309702658
1331269120202067976
1331269489082699778
1331269504190574597
1331269576361971712
1331269761645371393
1331269818310397952
1331269821435146243
1331269899566657546
1331269899805712388
1331270014519873540
1331270100557520896
1331270133235544071
1331270258045427717
1331270384243642372
1331270739220041734
1331270765451354128
1331270783117766662
1331270854613864451
1331270980979859457
1331271108591546369
1331271114392293379
1331271206037762051
1331271265311731735
1331271328368898050
1331271421490851840
1331271452021174274
1331271532371390466
1331271533189328901
1331271539623399425
1331271631549960193
1331272292542914560
1331272339280064515
1331272468439429127
1331272647943090183
1331272797704888326
1331272861995200521
1331273016005828608
1331273111094878209
1331273256528035841
1331273434077212681
1331273502331199491
1331273513345363970
1331273613274656769
1331273639925309444
1331273718128062466
1331273752701788164
1331273912135585793
1331273979118702593
1331274006373208064
1331274042632974337
1331274121032982531
1331274123599867911
1331274204285693956
1331274257364611078
1331274361756667904
1331274680486031361
1331275042546610177
1331275069071503361
1331275083650895872
1331275329206366208
1331275643900866566
1331275756559855616
1331275894531321859
1331275924982145025
1331275929516126211
1331276048462442499
1331276239588483072
1331276301689294849
1331276307221590018
1331276498725167106
1331276518744608771
1331276569856389123
1331276592769863681
1331276612248219652
1331276673208246275
1331276742401667078
1331276773934444546
1331276897498632192
1331276945636593674
1331277059780440066
1331277170870788097
1331277268774248450
1331277360109326337
1331277389742092289
1331277495048544256
1331277617966813185
1331277649851760640
1331277661277130758
1331278169358340098
1331278227965407234
1331278496350560262
1331278585328525316
1331278666932875265
1331278725384720385
1331278766593740800
1331278804518625280
1331279020537901062
1331279243813261321
1331279267372658689
1331279282686058498
1331279409026912261
1331279436172439553
1331279613784453121
1331279631111086088
1331279716209356800
1331279768017391616
1331279925760954372
1331279942458466307
1331279952487079936
1331280119294554114
1331280262592868368
1331280359120580608
1331280654831677446
1331280789493981184
1331280871899459593
1331280922273062921
1331280943135547395
1331281077558784001
1331281113009049603
1331281185889087490
1331281264586989568
1331281357255954441
1331281409059803136
1331281425300013063
1331281489598816266
1331281521391636481
1331281612298997760
1331281741210906632
1331282281302994951
1331282432050548747
1331282560111042566
1331282575596408833
1331282612262985737
1331282695893159942
1331283163763630085
1331283277370576901
1331283334396252166
1331283385969467394
1331283429086924801
1331283432798887937
1331283593377837058
1331283638831472642
1331283706162634765
1331283820348403713
1331283868557697027
1331283927198208005
1331284267184353289
1331284288831168522
1331284289875546116
1331284326361804806
1331284398633857033
1331284488094167043
1331284548118851585
1331284623784030208
1331284654515744772
1331284726351622149
1331284862238650371
1331284862477725697
1331285043067691013
1331285507410710541
1331285581737889794
1331285645692583944
1331285734255456258
1331286143137157120
1331286470456446976
1331286688144953344
1331286840331161603
1331286906995400711
1331286959701037056
1331287040969891841
1331287071655342088
1331287191725682697
1331287312823685123
1331287370273067013
1331287381694156802
1331287544160530435
1331287726436433920
1331287769121951749
1331287849463918593
1331287900672184329
1331287986676391936
1331288061574057985
1331288248140898313
1331288303803445248
1331288362263539712
1331288419796987904
1331288445487083523
1331288636109824006
1331288755156774915
1331288870751776769
1331288899293941762
1331288975353413632
1331288976406188033
1331288987298893825
1331289024049401860
1331289102902235138
1331289209265680385
1331289225866612737
1331289234007875586
1331289364261793792
1331289477663186945
1331289541957840897
1331289586128089088
1331289733998252033
1331289885165166600
1331289917167702017
1331289921018093568
1331289951137361923
1331289984968650757
1331290004111417345
1331290026446106627
1331290066048704513
1331290225990103046
1331290256851804165
1331290267748544514
1331290311885205507
1331290445780054019
1331290575287578624
1331290596888219653
1331290622959947778
1331290647454773249
1331290781894791169
1331290874806894592
1331290944344379398
1331291139392024579
1331291186083008514
1331291347182088196
1331291477155176448
1331291625532895235
1331291659250896901
1331291885533585412
1331291972909342722
1331292054182354945
1331292108603461635
1331292108788002817
1331292146763264012
1331292560661340162
1331293036278652933
1331293184832442373
1331293188628373507
1331293295062999042
1331293679642963981
1331293886216613888
1331294030651678723
1331294045705023491
1331294053221150723
1331294311804268544
1331294440263213057
1331294523041918976
1331294547553497090
1331294582529724417
1331294691007062020
1331294788713406464
1331294975892606976
1331295010592055302
1331295093450485769
1331295313429205001
1331295572607774722
1331295642132557829
1331296118509088774
1331296152361328642
1331296158430367744
1331296244422029313
1331296458230915072
1331296498936664064
1331296526392381441
1331296526983860225
1331296530117091330
1331296775928504327
1331296894539231234
1331296898016292865
1331296922435510272
1331296973299789838
1331297178812370944
1331297414951673856
1331297548066320384
1331297754061090825
1331297807811153921
1331297854598639618
1331297887481946114
1331297895186919426
1331297962287378440
1331298068248064001
1331298133964447750
1331298203644387329
1331298241959358466
1331298274800754689
1331298321877635078
1331298428928860160
1331298586030723074
1331298666364203016
1331298828851539971
1331298942932439042
1331299040668094470
1331299143374016520
1331299210684198920
1331299253638062080
1331299478012358664
1331299678365872138
1331299801166729216
1331299967525326850
1331299976954195972
1331300134982914053
1331300401925287945
1331300494988414976
1331300790548500484
1331300824471965696
1331300865962102787
1331300867996348417
1331300998401445890
1331301314404421633
1331301366225100812
1331301528792129543
1331301626221629442
1331301683201249282
1331301933785690115
1331302228305567749
1331302274983993344
1331302451346083840
1331302500327100417
1331302795589394433
1331302963403485196
1331302976154169344
1331303033360306177
1331303066923053056
1331303088624381956
1331303096950149130
1331303162964226053
1331303318099021840
1331303333617872898
1331303756374413312
1331303911517532161
1331304014873579521
1331304089779658753
1331304114198884359
1331304138106417152
1331304194528129025
1331304510254407682
1331304530630352896
1331304548225396736
1331304733554905089
1331304981706772489
1331305463095373824
1331305628908871680
1331305657342029826
1331305710789996545
1331305761683738626
1331305935801884673
1331306065930166275
1331306324714549248
1331306410353823747
1331306759726772226
1331306780283047940
1331306836042125318
1331306964983418889
1331307303484747776
1331307380072734721
1331307465858822145
1331307688500801538
1331307775041957889
1331307798026653696
1331308159508639746
1331308240483835906
1331308547825659906
1331308790008991745
1331308792936534017
1331308833554243586
1331308995924127745
1331309104216813569
1331309452906082306
1331309704069443586
1331310182354333697
1331310408293109762
1331310427565928457
1331310774430654465
1331310809700585475
1331310814167445505
1331311023375212552
1331311034511073285
1331311073031581705
1331311282809606144
1331311427274108931
1331311619822022658
1331311770523275270
1331311774923186183
1331311822566273028
1331311869005623298
1331311876634980359
1331312389480980493
1331312447576268810
1331312571580870658
1331312930256809989
1331313491362320395
1331313521104019456
1331313642525122562
1331313659562369030
1331313693997608960
1331313703850012673
1331313774461153281
1331314204226297856
1331314307192266754
1331314513849823232
1331314695836479488
1331314773632430081
1331314994756071426
1331315132413210627
1331315132920717314
1331315173747986434
1331315246510858246
1331315447422214145
1331315471635845120
1331315490254430211
1331315584085200896
1331315733918330880
1331315759646187523
1331315796828696578
1331315935257505794
1331316164731944965
1331316263377915910
1331316284496162817
1331316321804562435
1331316334664306690
1331317050858491904
1331317057032499201
1331317124611108868
1331317142655029251
1331317150129283080
1331317440198930434
1331317457592651785
1331317476831924227
1331317913534554112
1331317948401770497
1331318023437897728
1331318099501592578
1331318129570484227
1331318129780264962
1331318301369262087
1331318522711040000
1331318646837301251
1331318688864145409
1331318797492424704
1331319169971855362
1331319315556163584
1331319397542195201
1331319449887121414
1331319633018839042
1331319779395825667
1331319937672077312
1331319963248963588
1331319994840440834
1331320032190672898
1331320048808587266
1331320106924830727
1331320124876480522
1331320145881526279
1331320631934283782
1331321052752797697
1331321201856229380
1331321465564770305
1331321604350091266
1331321648113442819
1331321877760012290
1331322377238700035
1331322526828519427
1331322705971384321
1331322750477152259
1331322779963187201
1331322904664035329
1331322969080160257
1331322977477136391
1331323118506414080
1331323258570993665
1331323361415327746
1331323380121931779
1331323455795585024
1331323491329712137
1331323766950023174
1331324006428004356
1331324078402248714
1331324100808232961
1331324278525079559
1331324596126150658
1331324742578696197
1331324851370553347
1331325388291796992
1331325392129581061
1331325491488428034
1331325599722463234
1331325634430242823
1331325842966913031
1331326051235074055
1331326099486347265
1331326100929122306
1331326140842176513
1331326466940932102
1331326714262253570
1331326724697583617
1331326893111603213
1331326920286498816
1331326922152882178
1331326990071328773
1331327291830439945
1331327321786228737
1331327406225952769
1331327526736699399
1331327570059669504
1331327647713026051
1331327671805108225
1331327728612683777
1331327733448716290
1331327998663028740
1331328070222049287
1331328185338884096
1331328263533326343
1331328334777753610
1331328395838369795
1331328743424614400
1331328833623121923
1331328858944106497
1331329331633786883
1331329343516258304
1331329483706683395
1331329549880188936
1331329962155126791
1331329962855591940
1331330018438492165
1331330163825643520
1331330621013188613
1331330635764355073
1331330828891205635
1331330848545796097
1331331011116937219
1331331268152352768
1331331403905175564
1331331691080773632
1331331717194534918
1331331995524337669
1331332117138186241
1331332200848093184
1331332277318533120
1331332287577939969
1331332301934964739
1331332414711455751
1331332433250295816
1331332757826510850
1331332826038460416
1331332854064812035
1331332862356770816
1331332914714390528
1331332971278774272
1331333078514601985
1331333145908621319
1331333196978528257
1331333645844541444
1331334159084601345
1331334165149618176
1331334247806881792
1331334376379068421
1331334387632377859
1331334466812456967
1331334508336074756
1331334562836832265
1331334567404445701
1331334678528335876
1331334833944076295
1331335097073750021
1331335099070156802
1331335135854272514
1331335211511144450
1331335649308381186
1331335671341051912
1331335803012837377
1331335829478920194
1331335952262963205
1331336096937095173
1331336460532916225
1331336681451085825
1331336814125326338
1331337045562847234
1331337241046753281
1331337380326907904
1331337424639823873
1331337469111963656
1331337489991262208
1331337585235537925
1331337703720448005
1331337817763549185
1331338028963467268
1331338033505898500
1331338416395530245
1331338906969780225
1331338949965524993
1331339136712765441
1331339283991588864
1331339341940056065
1331339598262390784
1331339746317119491
1331339785781321730
1331339841313890304
1331339843398492160
1331340530396114945
1331340534846283779
1331340740195135498
1331340742929870849
1331340848295010306
1331341156375015426
1331341400168951808
1331341683800371200
1331341705065369600
1331341720957689856
1331341744105992192
1331341822640222208
1331341828893810688
1331341872640499714
1331342068514435073
1331342078182371332
1331342249641324545
1331342282155552769
1331342402339155974
1331342641678725120
1331342746225958915
1331342753855381505
1331342774948474880
1331342817633968128
1331342838819295234
1331342942162784257
1331343000027459595
1331343170626523140
1331343210304708614
1331343464613650432
1331343582616309768
1331343991489572866
1331344305965965314
1331344720895889409
1331344745944276996
1331345066460372993
1331345094063116294
1331345115948986373
1331345196576018432
1331345476352954380
1331345514466521089
1331345535278731265
1331346744949542912
1331347037409853442
1331347044930260992
1331347053864214533
1331347125620396032
1331347550251724801
1331347639699464192
1331347640630571008
1331347736499773457
1331347898580279297
1331347946802204674
1331348123478843393
1331348130336530433
1331348131968151557
1331348393000660992
1331348911420829705
1331348929972203523
1331348953032519680
1331348956152885248
1331349403274240000
1331349452418846721
1331349495888621569
1331349740655620096
1331349762029838337
1331349791150837772
1331349856745615369
1331349921233039362
1331349957979332608
1331350008835280897
1331350219041218566
1331350363102998533
1331350495789768705
1331350691747663874
1331350762744582149
1331350954009120768
1331351053065981958
1331351221677023232
1331351338257625090
1331351391907033088
1331351445887717378
1331351504553472003
1331351562762014721
1331351587764236288
1331351593795670018
1331351697109774336
1331352142473535489
1331352261512081408
1331352266448711684
1331352360774479878
1331352445021196288
1331352449060397056
1331352579524218880
1331352856973205507
1331352918583365635
1331352936224595969
1331353082614181893
1331353146975604736
1331353174138097669
1331353294237814790
1331353427046227968
1331353527801753603
1331353605035728898
1331353656055181317
1331353688447848456
1331353707305463808
1331353731959500806
1331353782974869509
1331353995814776834
1331354002169139200
1331354037653004292
1331354050340794372
1331354073627553793
1331354193337180160
1331354277147783174
1331354308076572672
1331354471566372865
1331354727825760260
1331354778807447555
1331354925994041346
1331355033150091264
1331355429750919168
1331355583937716226
1331355620411371524
1331355733984768000
1331355754364891138
1331356122423422980
1331356153536802821
1331356300446486528
1331356527509299203
1331356772897054721
1331356792694173697
1331356833072766977
1331356924067999744
1331357007320911874
1331357032901988357
1331357064581484544
1331357142134173701
1331357526789664783
1331358016764071938
1331358206120124416
1331358254379773952
1331358354850127872
1331358486903533573
1331358545187663886
1331358625055600642
1331358978333356032
1331359042338480133
1331359049787510787
1331359062282416129
1331359084327657474
1331359162240888832
1331359181086060544
1331359189759823874
1331359205836644354
1331359293854126080
1331359425421074437
1331359534418448388
1331359711275442176
1331359712785297408
1331359736076279808
1331359861557301250
1331360008857071621
1331360145687842817
1331360185756110850
1331360235731128321
1331360245160022022
1331360344586022913
1331360395114721280
1331360400160534530
1331360527369506818
1331360534298578946
1331360681074028547
1331360732999454723
1331360784048410626
1331360838637203457
1331360874217545729
1331360906618482691
1331361175796396036
1331361242896879617
1331361351088922627
1331361447968976897
1331361453933256716
1331361455946477571
1331361537949360131
1331361657868619776
1331361693310595072
1331361770104123393
1331361883572621314
1331361918771224578
1331362053781671938
1331362061436252168
1331362134844911622
1331362177656246272
1331362314659000320
1331362401745326084
1331362454731960323
1331362564505276417
1331362593827643392
1331362601520013313
1331362653718142980
1331362660437405696
1331362723939180545
1331362898220883969
1331362975207333888
1331363015351033857
1331363131948462080
1331363159215661061
1331363211162038274
1331363414887854080
1331363505484795906
1331363591098920963
1331363645050265601
1331363710171049990
1331363755557613569
1331363828660101123
1331363847828103169
1331363869839781890
1331363957051973632
1331364064333869058
1331364101877084161
1331364106436132864
1331364109284151298
1331364147083304960
1331364243623587844
1331364277198970882
1331364298946469895
1331364427581501443
1331364548499091456
1331364612969816066
1331364667151839233
1331364689742360580
1331364716137111557
1331364729562951680
1331364747586002946
1331364804834041858
1331365018152132616
1331365028000374784
1331365070077652992
1331365074515218435
1331365082291462146
1331365395211710464
1331365506117353472
1331365573431873538
1331365926655184897
1331365974168248329
1331366216162816000
1331366319221075976
1331366374858502149
1331366448632041475
1331366458258055170
1331366462733291524
1331366637266751488
1331366666840707073
1331366689955606533
1331366727662362636
1331367127689928711
1331367197223030785
1331367206005973003
1331367407181590533
1331367534600261637
1331367815811641351
1331367836279840771
1331367914289717249
1331367946766217219
1331368023320477699
1331368213616136192
1331368246457618436
1331368342800789506
1331368347871682563
1331368443384356865
1331368532270051331
1331368591002902529
1331368667075014658
1331368755939532802
1331368782565093376
1331368806254514179
1331368822931136512
1331368824847917058
1331368837695107072
1331368864094040066
1331368946797334536
1331369134014173189
1331369449375428609
1331369500063707142
1331369540463316993
1331369562156249089
1331369568913289216
1331369573862559747
1331369706293514242
1331369835196977156
1331369846450384898
1331369857380724736
1331369960388632576
1331370105863872518
1331370201200406528
1331370206984368131
1331370248637992961
1331370262361731074
1331370298789261316
1331370299879804928
1331370365784891392
1331370432960864260
1331370510278684679
1331370544613249024
1331370581967724546
1331370689908137985
1331370787345981447
1331370925036613635
1331370935623020551
1331370992481001475
1331371381079109634
1331371404139384832
1331371423147978754
1331371547827777536
1331371596087513088
1331371684692168706
1331371760986583045
1331371762169372672
1331371862048247810
1331371885846798338
1331371896902979585
1331371907820687360
1331371949646352385
1331371974086578177
1331371975554572288
1331372027186298880
1331372106316124166
1331372170858160132
1331372199702368256
1331372230396272644
1331372235102236674
1331372236314472448
1331372287086518275
1331372288260837378
1331372322394157059
1331372369701638144
1331372382964035586
1331372425196531722
1331372589680300033
1331372590955425796
1331372670185828353
1331372787383066630
1331372788096126976
1331372869335519242
1331372914713751552
1331372938151534592
1331373006317379585
1331373113834156034
1331373183082115077
1331373200228446210
1331373212932993025
1331373245954732033
1331373303399927810
1331373321796153349
1331373449978245126
1331373453719580680
1331373552285704192
1331373598322413570
1331373696985034754
1331373722419290116
1331373728140304387
1331373753507475456
1331373769504468993
1331373801028857857
1331373879072350211
1331373905299312640
1331373997230055425
1331374026955104259
1331374062589849602
1331374078918324227
1331374127878443008
1331374159528669184
1331374165895639041
1331374197919145985
1331374216717996033
1331374397207285760
1331374445542461443
1331374468854407168
1331374594515558400
1331374659393249283
1331374715584319493
1331374801542389776
1331374818801971201
1331374857922224129
1331374873495687175
1331374940126408705
1331375039304830976
1331375065204723712
1331375072511143938
1331375257941282816
1331375262416707585
1331375268209029124
1331375316225445888
1331375332868427776
1331375359468638209
1331375361351888897
1331375391865516035
1331375408269373443
1331375495569682435
1331375547864256512
1331375620744491011
1331375673777254403
1331375749916479490
1331375793189085185
1331375805218258945
1331375860738355200
1331375934964953088
1331376057245691907
1331376083900510211
1331376295343759361
1331376463153655809
1331376608977051653
1331376648969736195
1331376754703921159
1331376966071705602
1331376968609243138
1331377102323658753
1331377241180221440
1331377336646840326
1331377457140740099
1331377461125410817
1331377476703035401
1331377598228811776
1331377853636743169
1331377936591708160
1331377996163407872
1331378106075140099
1331378112421113858
1331378198186168320
1331378304998404104
1331378318088794120
1331378516995268608
1331378527908876289
1331378545034219526
1331378555557711872
1331378603452477440
1331378667574988803
1331378680032096258
1331378688047407105
1331378732767043590
1331378736395116544
1331378831391813632
1331378904645443584
1331379029090447361
1331379112485777411
1331379252424568834
1331379261907800066
1331379571053178880
1331379624060858370
1331379684668547072
1331379744793714689
1331379833633431553
1331379834329591808
1331379861294813184
1331380018031833088
1331380093923495937
1331380362350563328
1331380420399738883
1331380459809296384
1331380614998724610
1331380633852112896
1331380651816194048
1331380671512719360
1331380708028403714
1331380714697322496
1331380752685158401
1331380838479646723
1331380901406765057
1331380977713737729
1331381081073876993
1331381093740765187
1331381094231445504
1331381299106508804
1331381443411533825
1331381525745643520
1331381611909296128
1331381806717919232
1331381822245244929
1331381856059740161
1331382023873818625
1331382129649971200
1331382135127732228
1331382365755756556
1331382482781024256
1331382526821142534
1331382551215284232
1331382573856067590
1331382603035803648
1331382643125084161
1331382792433905666
1331382836503457793
1331382906590203904
1331383060936478721
1331383134064152577
1331383439862489096
1331383479821430787
1331383532636266498
1331383716007055361
1331383751885152256
1331383941329281025
1331384002847137794
1331384016814153730
1331384152894091265
1331384174016606210
1331384200050642944
1331384223270391810
1331384288298889217
1331384303050235906
1331384344590622726
1331384398919372800
1331384453747388422
1331384477411651590
1331384527185383427
1331384787626504203
1331384794836578304
1331384829078888448
1331384971349684233
1331385005029945344
1331385213310611456
1331385275906482177
1331385287386296321
1331385382076878848
1331385429099212802
1331385457897160706
1331385480424906752
1331385548435578883
1331385631570857985
1331385658200428544
1331385694665793536
1331386187492302851
1331386222091137024
1331386299442483201
1331386349463724032
1331386865434447873
1331386878403227651
1331386917313777666
1331386967444033536
1331386975388102660
1331387030555815943
1331387103536701441
1331387112550244354
