1392999367393562625
1393001948341747715
1393008157329219586
1393010430528864256
1393018277278932997
1393023291921731585
1393026576762220546
1393032436058034176
1393045907982233609
1393047611532320770
1393051477292326913
1393053445980971011
1393073861118373891
1393079859786682368
1393088687970336771
1393098755809980416
1393100636829495296
1393128211467448323
1393140946540367874
1393159309836574720
1393163147410776065
1393166705912733698
1393175074421760001
1393175766809071620
1393183111098294274
1393184616945750017
1393191839948320772
1393193383972200448
1393194663981486082
1393195172712878084
1393196438658719745
1393196902959693829
1393197601470693378
1393199294606360578
1393199698731753475
1393201001558069250
1393205186613612550
1393208236338253827
1393209757796913158
1393212114471428096
1393213093996634117
1393213259260448773
1393215158760009733
1393216960578703362
1393218404639707141
1393220623078408193
1393223734182531072
1393227103018143750
1393232094416056320
1393234122143944712
1393236503619379206
1393237684089507841
1393238849632051206
1393239683182698499
1393241786789810180
1393243217383014404
1393243259565137924
1393247233169035265
1393250192015728644
1393252639400513536
1393261482088050690
1393263042436214791
1393264607771381760
1393267075033018369
1393269801330610177
1393272841928417285
1393273385715646465
1393280389616181249
1393285640117276674
1393287498479067149
1393288027229851652
1393288300178419712
1393288849162448898
1393294517021904897
1393297426526744576
1393303569441378311
1393309665899995136
1393312093160488963
1393312416373555202
1393313939539300357
1393315180759683074
1393321108468867074
1393325250801278977
1393325507618480128
