1366902109787062275
1366903648089821187
1366909633282080771
1366910755564638210
1366916236152430594
1366917236863164419
1366917556108427265
1366920240085536770
1366922171428257792
1366926036223610885
1366928756179353603
1366930924231929858
1366931330555027460
1366931332450770948
1366935902354870277
1366945188346810370
1366947832402501633
1366952199436263427
1366952471311110150
1366954231572402178
1366961529615249408
1366961530021892096
1366971556073787392
1366972352148492288
1366973851222089733
1366975318121197569
1366976452223188998
1366976628958449668
1366978001586503684
1366984178705838081
1366984478732681220
1366997926153699329
1367023568077348865
1367023814379511810
1367023841621536768
1367025376661295106
1367027875094933507
1367027882309091329
1367037029599637504
1367047860072644608
1367052132138950660
1367052132952788999
1367054904074924033
1367054962522488832
1367055922334433282
1367063800445304833
1367072542310227972
1367078824844943361
1367079028511891457
1367081741278720005
1367082113976184834
1367084018014027781
1367084541278617603
1367085033232687107
1367085037972295681
1367086697712930819
1367087473424297985
1367088382581555204
1367089911552225292
1367095213999722501
1367095925756334082
1367100338986229762
1367105149278257155
1367105790994186247
1367111239583866880
1367112433219870731
1367113128333484032
1367113711136231427
1367116319670296588
1367116830603698183
1367122744656211971
1367124340127510528
1367124760149254152
1367125088697520128
1367130457582800896
1367131953577746434
1367134922910142464
1367139658891599873
1367141224503783429
1367142204322549765
1367143420020555777
1367144143449899010
1367144248416501760
1367144561785638915
1367144682279567363
1367144685488201739
1367145118130659328
1367145513615831043
1367149044808704000
1367150299459289088
1367150308711923723
1367152790292881409
1367153898889367556
1367156182583042051
1367158786415337476
1367162158191050752
1367165447808901122
1367168082117091328
1367168267840851972
1367170129436545028
1367171966768136195
1367172929167921153
1367175431389143046
1367175706703253507
1367177537340788743
1367177822150795264
1367177971472203783
1367178216096620544
1367178552228085761
1367180472644640771
1367180496040562690
1367183296568971266
1367184526464573447
1367189194192416768
1367189303000854529
1367190206651187202
1367193848871604230
1367194947036790793
1367195611297153035
1367195890566447104
1367196376476565506
1367199346953969673
1367204244080705536
1367206698176421894
1367207157486264322
1367210022053302274
1367212022459432964
1367212777912340484
1367217478175236098
1367218350116511745
1367218549442420745
1367218728165908484
1367219606121775104
1367220602025766917
1367221464903081991
1367222784930283526
1367223254134362115
1367223805115006986
1367223968483184643
1367229633142411276
1367230521709887495
1367230815986417665
1367231942320660480
1367233138129256455
1367233389162602497
1367233601155268614
1367234205143494659
1367237584422862848
1367237835670044673
1367238556280893448
1367239333082783750
1367240297294487559
1367243229771407362
1367243626602852353
1367245169045745667
1367248434504339467
1367248806731988994
1367248888084717568
1367250753379840004
1367255009319084032
1367255133416009730
1367255614246817795
1367258911666020355
1367260072921997316
