1344433106657415169
1344433435931258881
1344433913012379650
1344434275534442500
1344434434548883458
1344434603155714054
1344434977488957442
1344435055456878597
1344435222209814528
1344435223531048961
1344435465471090691
1344435998172848128
1344436007912042499
1344436099524022278
1344436616404885505
1344436658238877696
1344436826048704513
1344436842297520130
1344436848895156225
1344436932869296128
1344436954876796933
1344437103162232836
1344437185945227264
1344437407484153857
1344437472932089860
1344437503294627841
1344437975862677505
1344438407120957442
1344438901004525568
1344439301308866565
1344439399879241735
1344439421093998596
1344439442296221696
1344439931138166785
1344440634346774528
1344440636360024065
1344440731721752577
1344440794158137344
1344440794657206272
1344441142348304387
1344441484146323456
1344441706209550336
1344443589531758593
1344443619307098113
1344443691864305664
1344443722621214721
1344444026582392837
1344444113987502083
1344444698136604686
1344445058574135298
1344445141071884292
1344445333133291521
1344445675925172224
1344445973334994944
1344446954823061505
1344447010976522240
1344447297988530178
1344448046826999808
1344448459412275201
1344448593105661954
1344448647728156674
1344448719060664325
1344449250806145024
1344449915846537219
1344450113289277440
1344450180381290497
1344450307569418246
1344451596541964293
1344451710618578944
1344451755355082755
1344452025547976705
1344454563345145861
1344455228565942275
1344455280587902976
1344455590274281472
1344455678405062656
1344455733161517057
1344455747250180097
1344456280501604354
1344456552330256390
1344456821168287744
1344456880010235904
1344458013374033928
1344458509736411137
1344459325775949824
1344459667599200256
1344460040611237888
1344460940310433792
1344461381802856452
1344461801380077569
1344462833652793344
1344463167792050176
1344463458075598851
1344464986106720256
1344465525183692800
1344466442343776262
1344467455176024066
1344468355701325824
1344468928576176130
1344469082490294273
1344469188073590784
1344470395777269761
1344471741096022016
1344472203597762560
1344474971909722112
1344476020007604224
1344476626994647040
1344476981862141953
1344478048381358080
1344478382340395009
1344478388967383040
1344478389072089088
1344478685055700992
1344478800969494529
1344479123398246401
1344479232198463488
1344479773062434816
1344480498215620608
1344480568465969153
1344481286316933121
1344482921910915078
1344483015250989056
1344483128283303939
1344485961460170752
1344486222048104449
1344486317808177152
1344486548813697024
1344487967130206209
1344488891919732738
1344489162540417029
1344489434608062464
1344489763034656770
1344492515513098240
1344494094421270529
1344496992551137280
1344497018605981697
1344497267487739904
1344498783820910592
1344499172670664704
1344499299133116418
1344503020634206209
1344504577996021762
1344506201866817536
1344507756519321602
1344508582079782919
1344509588335259649
1344509609042714629
1344510157502492677
1344510637796372483
1344512544938070021
1344512957514997765
1344513425762885632
1344514903076270080
1344515143791759360
1344516039917367296
1344516150756048902
1344517195578146817
1344517502605340673
1344517735842254848
1344517792737931269
1344517840574029825
1344518031461003264
1344518455412871174
1344518569036566529
1344518639723159554
1344519919875055616
1344520039404195840
1344521416209797120
1344521573663965185
1344523177444085762
1344523684787191809
1344523693670735874
1344523729838239745
1344523890509434880
1344523932796219395
1344524161528590337
1344524193719857153
1344524328243748864
1344524516173762561
1344524694599430147
1344524882051215361
1344524929425956864
1344525299120279553
1344525427763773440
1344528237456719873
1344528833584762880
1344528940749246464
1344528965663391744
1344529026430492673
1344529082936131584
1344529505008947200
1344529657153134593
1344529982664667137
1344530223941881856
1344530405622509574
1344530539164917760
1344530582596935680
1344530694312235010
1344530970611998725
1344531239169110016
1344531257804398592
1344531469495132160
1344531651435655168
1344531820612890624
1344532371572457473
1344532620437303296
1344532734891470848
1344532980178575361
1344533472896045060
1344533755126575107
1344533819257479168
1344533998723358720
1344534409417027584
1344534496889200640
1344534641638838272
1344535084049833984
1344535224739360768
1344535313750831104
1344535357531025408
1344535782619553792
1344536272132595713
1344536329837813760
1344536651050184705
1344537025672863744
1344537320406593537
1344537422982479872
1344537709994512384
1344537773567406081
1344538176304635904
1344538689641312259
1344538781211308032
1344538783535017985
1344538889231495169
1344538933460348929
1344538951189737475
1344538958819164161
1344538994462384128
1344539032198537216
1344539041622999041
1344539048585568257
1344539144643629056
1344539223953727488
1344539311329390592
1344539368954998784
1344539422839238656
1344539519635365888
1344539526555979777
1344539922225655809
1344539929024421888
1344540044342808576
1344540350107553792
1344540607600066560
1344540637035683841
1344540683651186697
1344540897275424769
1344541022626451456
1344541149873254400
1344541203610693632
1344541250150666240
1344541375937859584
1344541820987056128
1344542309833179136
1344542346390728705
1344542353491693573
1344542555183009793
1344542559264239616
1344542568600788993
1344542611592392705
1344542677153538048
1344542724737929217
1344542761530363905
1344543075985711104
1344543813600161792
1344544282833801216
1344544577441693696
1344544716696793089
1344544717464350720
1344545071803158529
1344545081114714112
1344545092317704193
1344545287415730176
1344545361302577152
1344545395238699008
1344545405971947521
1344545416696782848
1344545427467730944
1344545438414888960
1344545721320615938
1344545754870898688
1344546016750657537
1344546085902176257
1344546089592999937
1344546214436605952
1344546331302346755
1344546346980831232
1344546349283504128
1344546412160299008
1344546484184883200
1344546581882626057
1344546599062687750
1344546621913264128
1344546661490688002
1344546734953951237
1344546773226893313
1344546830651158528
1344546982937960453
1344547040479612928
1344547208448847872
1344547252493287425
1344547293085769734
1344547342108733441
1344547350577082369
1344547484828372992
1344547511139258368
1344547598720495616
1344547694346432512
1344547719793225728
1344547727229607936
1344547798897844225
1344547870796632065
1344547930372509697
1344548247721943041
1344548290973589505
1344548336527839233
1344548352860463104
1344548355842560000
1344548390206644224
1344548434993426433
1344548481575358464
1344548705706373125
1344548753496272896
1344548846643380226
1344548846827839488
1344548915702603777
1344548981217632258
1344549325620322304
1344549435171336192
1344549482818654209
1344549628276920321
1344549862717546496
1344549866064769025
1344549972746842112
1344549980577685505
1344549988165148673
1344550129966206976
1344550168356663299
1344550169023492097
1344550227374731264
1344550241828147200
1344550242817961985
1344550306173116416
1344550343607263232
1344550419884879872
1344550485651546112
1344550889835667456
1344551162842902530
1344551240798248960
1344551279729795072
1344551312269180932
1344551334599659522
1344551341922902017
1344551363259191301
1344551372264509441
1344551372952375297
1344551374743330817
1344551376945205248
1344551531748724736
1344551554557366272
1344551712795852801
1344551828910985216
1344551866575818753
1344551879880151041
1344551942614298624
1344552051506892800
1344552193958047744
1344552213025337345
1344552245019471873
1344552393623666689
1344552422635679744
1344552427652079616
1344552453556076545
1344552507524198401
1344552621483454467
1344552646573748224
1344552671223672832
1344552772843302914
1344552834285633536
1344553097348194304
1344553141862334466
1344553264851742720
1344553374201614337
1344553520423456769
1344553633866784768
1344553883218001921
1344553883398410243
1344553885474684930
1344553924515278849
1344553936334643200
1344553963471908867
1344553999782080512
1344554033764298754
1344554095735156739
1344554101296820225
1344554103314272262
1344554114177523712
1344554131688722433
1344554166388142080
1344554214312341504
1344554275888910344
1344554342502834176
1344554383518945281
1344554448987828227
1344554558983462915
1344554641237938176
1344554647323877377
1344554701082255363
1344554779750514689
1344554800948633601
1344554820187942912
1344554838659629056
1344554862252617729
1344554883198967809
1344554907341185025
1344554977864392705
1344555171376996352
1344555230260768768
1344555364512116737
1344555407520505857
1344555487774318592
1344555547245338624
1344555624969940993
1344555643076808704
1344555705102180352
1344555755136016385
1344555773851004928
1344555872677195776
1344555896387592192
1344556087295488000
1344556132979810305
1344556139397197825
1344556299061784576
1344556396562542593
1344556444239208449
1344556501361455104
1344556538208215040
1344556660124213252
1344556683222257664
1344556746698878976
1344556903045750784
1344556923673317376
1344556981080772610
1344557004602355712
1344557115910860800
1344557123116687360
1344557414172028928
1344557653473820672
1344557674474708997
1344557677729476608
1344557836379049991
1344557849209401350
1344557881849483264
1344558090079895552
1344558154076581888
1344558273173852160
1344558301028220928
1344558319298629633
1344558390798917633
1344558413443952642
1344558423166357504
1344558524647567360
1344558594537218052
1344558928483508226
1344559142082588672
1344559148558675968
1344559169806983171
1344559198496026627
1344559215554265089
1344559263654490113
1344559301705293825
1344559340435476480
1344559401240326144
1344559428138192896
1344559500632727552
1344559595088445440
1344559597269491712
1344559621999112193
1344559624092049408
1344559659294846981
1344559680224432129
1344559737409515521
1344559775196073984
1344559955928608768
1344559968436035585
1344559993467654147
1344560027072393217
1344560062333931522
1344560123272900608
1344560135897804802
1344560188146163713
1344560207389741057
1344560224263352321
1344560374897664002
1344560376831221760
1344560414588366848
1344560511992655872
1344560746689044480
1344560852352036864
1344560982899777536
1344561058648907777
1344561080920633344
1344561109706153984
1344561224948862976
1344561361523773441
1344561388665118720
1344561409582104576
1344561429530071040
1344561430159355904
1344561437847539712
1344561446013833216
1344561489777197057
1344561739078250498
1344561822305820672
1344561836545482752
1344561862952816640
1344561924554551297
1344561988660322307
1344562251123068928
1344562258169499648
1344562371390566401
1344562449152962560
1344562474029342720
1344562587149733888
1344562587703406595
1344562666375946240
1344562745308569600
1344562784789520384
1344562797997400064
1344563097726496770
1344563121382371329
1344563157826727936
1344563264907325448
1344563332766953475
1344563373422366723
1344563604935368704
1344563670857220097
1344563712875749376
1344563757213773826
1344563819557900288
1344563948109123585
1344564077700460549
1344564140220809217
1344564181719257093
1344564221011488768
1344564316482236420
1344564403174330373
1344564468047634432
1344564543633166340
1344564708838420481
1344564805152157696
1344564838190600193
1344564912773869573
1344564946999324673
1344564949549535232
1344565024170385410
1344565072862072833
1344565145993940995
1344565169146523648
1344565213195079682
1344565217666195456
1344565220065341440
1344565273756635136
1344565285081251842
1344565296384892928
1344565312629469184
1344565338302722048
1344565446176108544
1344565493890506758
1344565532511653888
1344565556440084480
1344565562060496897
1344565630826127361
1344565646277881858
1344565734865825798
1344565802746466304
1344565808786239489
1344565820597403648
1344565851186470912
1344565865296093184
1344565901962727425
1344565952797696000
1344566090052083714
1344566132699787265
1344566144422834177
1344566178455441409
1344566184155426823
1344566214157344768
1344566254544314369
1344566274525982721
1344566388367773696
1344566406965288960
1344566434127601664
1344566512129089538
1344566530693066753
1344566543661883394
1344566604130963459
1344566779562110976
1344566808297271297
1344566826110431233
1344566859010629632
1344566948336717824
1344567006545256449
1344567086530629632
1344567101298769920
1344567104440250369
1344567171209433088
1344567251542953985
1344567270664773632
1344567277631524865
1344567312209346560
1344567495588524033
1344567590711156736
1344567654422556672
1344567798006247424
1344567903211941888
1344567954046935040
1344567976490627072
1344568080131874816
1344568120468529154
1344568235723776000
1344568238236180480
1344568246624808960
1344568282016321537
1344568332444434432
1344568415265161216
1344568458374246406
1344568527966117890
1344568627039772672
1344568724116951041
1344568827695280129
1344568872372940800
1344568980422471680
1344568983975047168
1344568986692947968
1344568987414220801
1344568988714455042
1344569028745039872
1344569074299371520
1344569085401706499
1344569136341544962
1344569146424627202
1344569231522885632
1344569231573016577
1344569247478013955
1344569271825944576
1344569298770141185
1344569302465327104
1344569306911297536
1344569373554429952
1344569690409095171
1344569752358854657
1344569851680071685
1344569856776171520
1344569988250808322
1344570068617801728
1344570184011431937
1344570218446778368
1344570238252232704
1344570331726553088
1344570357089497089
1344570441701199872
1344570541232050177
1344570655686189056
1344570700053565441
1344570992568512514
1344571026320011264
1344571092883693569
1344571160705466368
1344571280150958081
1344571345028444162
1344571349428297729
1344571374816403457
1344571495981322243
1344571500834283520
1344571506123288576
1344571566806458369
1344571587077537792
1344571766434365445
1344571790379646977
1344571827956445187
1344571985037295621
1344571999423750144
1344572058316009472
1344572123872980998
1344572397349986304
1344572448856006657
1344572477729599488
1344572524034715648
1344572592284381184
1344572621233524737
1344572735092043780
1344572856869523461
1344572892294623232
1344572986330927104
1344573031717478401
1344573049253879815
1344573104991973377
1344573257543000064
1344573272130691074
1344573289188868099
1344573509377224704
1344573527303847936
1344573616294387714
1344573781872881665
1344573782095253504
1344573797253455873
1344573831038574594
1344573868393037825
1344573910851969025
1344573939352219648
1344573951083737089
1344573971371618309
1344573992104026125
1344574012802871298
1344574029093629952
1344574068570419200
1344574117220118528
1344574120219062273
1344574158668263425
1344574235956666368
1344574274145824769
1344574303652745222
1344574364897996801
1344574400671207426
1344574435295178752
1344574477179482112
1344574515934687233
1344574525493694468
1344574563590549509
1344574632884658176
1344574705219600384
1344574726455353345
1344574766674550784
1344574784970100737
1344574810630868992
1344575070757396480
1344575070853861376
1344575133000859648
1344575156044275712
1344575232858861568
1344575271006052352
1344575281454055431
1344575304275210243
1344575342510530560
1344575345345912834
1344575453366013953
1344575467165274117
1344575522496532481
1344575553156870146
1344575617266819072
1344575621519859718
1344575741728579584
1344575756685496320
1344575816399794177
1344575849861885952
1344575853649424384
1344575855935295489
1344575872066576384
1344576020280729600
1344576118624555009
1344576120683962369
1344576161351929857
1344576174815645701
1344576356164788225
1344576391585665026
1344576416197783553
1344576497697386496
1344576531025154048
1344576531041984513
1344576568597897217
1344576599027568640
1344576660859998208
1344576780825485312
1344576817101991936
1344576854431322112
1344576927219277826
1344576947217702913
1344577027215663105
1344577056827465729
1344577060367429633
1344577161156579330
1344577163044024320
1344577221466451968
1344577306673766400
1344577347052298240
1344577544411099136
1344577551679823876
1344577628263604225
1344577679899635712
1344577693304631303
1344577707850477568
1344577741514018816
1344577789064839169
1344577933801881600
1344578135057170432
1344578157727387648
1344578279777464321
1344578329345728512
1344578340548726786
1344578508627042305
1344578563236892674
1344578586838257665
1344578721823526912
1344578751317815298
1344578771635105792
1344578797513953282
1344578799917293568
1344578809811652609
1344578851867942913
1344578867361705985
1344578924974641152
1344579037176475650
1344579083339001856
1344579167925530624
1344579170588889094
1344579179451457538
1344579216612995074
1344579308598267904
1344579320694657028
1344579347626266624
1344579418090516480
1344579485249765377
1344579617164820481
1344579793082322945
1344579835813908480
1344579851886481408
1344579861994729473
1344579866478448640
1344579891556134912
1344579892676091904
1344579902503321605
1344580019570532354
1344580039044689924
1344580074364932100
1344580081113571328
1344580149539385346
1344580220993548288
1344580231089299457
1344580263402201088
1344580303919009792
1344580344771653635
1344580527081320449
1344580562196045825
1344580563441758209
1344580620111011840
1344580650498723840
1344581020058791938
1344581032071327747
1344581071237599232
1344581073284435968
1344581104435650560
1344581116850810882
1344581194218926080
1344581301140074506
1344581438214172673
1344581443633209344
1344581450889383936
1344581521081053184
1344581557240135680
1344581575665659905
1344581576353525760
1344581628492918790
1344581712915927040
1344581728443183104
1344581860425420800
1344581914401927168
1344581922492706816
1344582027681681408
1344582050666471425
1344582069893128192
1344582085240107008
1344582099228106752
1344582116886114304
1344582119780188160
1344582131146698752
1344582146040721408
1344582216110776320
1344582248453058561
1344582268183056392
1344582305462018048
1344582317294059522
1344582326190223361
1344582415042412544
1344582445266513927
1344582601223319554
1344582797537771521
1344582834997112832
1344582857952518145
1344582859366006785
1344582969617506304
1344582982653390849
1344583107215826944
1344583164174479360
1344583202170687494
1344583248945541120
1344583299033919491
1344583453610795008
1344583577963524096
1344583645974171648
1344583679692181505
1344583741956628482
1344583888438493187
1344583947162951681
1344583970147676160
1344584065572347904
1344584085750968320
1344584086460002306
1344584087907008513
1344584088339021825
1344584101257498626
1344584105174970368
1344584128944087047
1344584135852089351
1344584151140347904
1344584176775913472
1344584198695374849
1344584214260445184
1344584216655360001
1344584330807427074
1344584332099407872
1344584336583098370
1344584346636869637
1344584374646403072
1344584376949080065
1344584430522933250
1344584497145241601
1344584556377210891
1344584675247992834
1344584784765452288
1344584971856576512
1344585066375213057
1344585077091684357
1344585078203166725
1344585087162208257
1344585097224318979
1344585107827531776
1344585121735864320
1344585146016657413
1344585154606620672
1344585229374267392
1344585235510521856
1344585237104361472
1344585261720723456
1344585337545383936
1344585351390760960
1344585392000020481
1344585448409214978
1344585513135722496
1344585530433003520
1344585560640413696
1344585564239048704
1344585571193204736
1344585664323592194
1344585714361626624
1344585864442236929
1344585910613106689
1344585934956687361
1344586094843670531
1344586105182687232
1344586143518629890
1344586229292085248
1344586277887373313
1344586283084099585
1344586343746134018
1344586343867940864
1344586345411444738
1344586353049264128
1344586404974702603
1344586422133649409
1344586490177843200
1344586609149276160
1344586611363880961
1344586762996375552
1344586815169245184
1344586957901475841
1344586965400899584
1344587098892939264
1344587127015796741
1344587151720243200
1344587348084985856
1344587348621852673
1344587380884467712
1344587391793848320
1344587393240690689
1344587413168025600
1344587414875103232
1344587472605507586
1344587550502117377
1344587575839895553
1344587602985431041
1344587633092124674
1344587650934726660
1344587664775917574
1344587797999579136
1344587805708709891
1344587863724322816
1344587865095884801
1344587901707968519
1344587936755548160
1344587950785486848
1344588120491130880
1344588293896364032
1344588303052533761
1344588348963377152
1344588429082951681
1344588470069698563
1344588486221979648
1344588554350030849
1344588680204312584
1344588724823322624
1344588788958453766
1344588850954428421
1344588895900598272
1344588937902305281
1344588968369811456
1344589008450551809
1344589039576477698
1344589040155299841
1344589062603210753
1344589069544775681
1344589118991458306
1344589123114459139
1344589124897005568
1344589156387840000
1344589166345072641
1344589484491485185
1344589516540145665
1344589557338140678
1344589557652717568
1344589615395532801
1344589617442525195
1344589658710298624
1344589696698097664
1344589721322872841
1344589876658925569
1344589934703882240
1344590009341509632
1344590016715096068
1344590027901325314
1344590074839764993
1344590078581075968
1344590082443980801
1344590125888638976
1344590253701607425
1344590283858726912
1344590304830238720
1344590409129996290
1344590420374908935
1344590433226272772
1344590463630716928
1344590516650913792
1344590526541164545
1344590539598028800
1344590558069747712
1344590585752133634
1344590627011489792
1344590678135885824
1344590690714587136
1344590695823257603
1344590711753232386
1344590727808954374
1344590752714788872
1344590779558354946
1344590832557563906
1344591007770419201
1344591011700465664
1344591128843218944
1344591154994683904
1344591161814614016
1344591196694450177
1344591272263245827
1344591274872025088
1344591284254732289
1344591355088089090
1344591424755539969
1344591435312623616
1344591455252316163
1344591485061246976
1344591486491488256
1344591496746586112
1344591591164551170
1344591629353582593
1344591629903081472
1344591630536359939
1344591633342492675
1344591672655695873
1344591704440111104
1344591711146831874
1344591747825999872
1344591856961777664
1344591904277733377
1344591985529774080
1344592030803103744
1344592058502230016
1344592115209293826
1344592204833169408
1344592205936263174
1344592217764208641
1344592233157316611
1344592338505641990
1344592356637614080
1344592371795832833
1344592372986994688
1344592466431926272
1344592614482456577
1344592644605759488
1344592660804284417
1344592705419173888
1344592774138646529
1344592779587018754
1344592820267573248
1344592896981413891
1344592898466197505
1344592907093880832
1344592959304572928
1344592986835976196
1344593030318231556
1344593057883303939
1344593195670368258
1344593297180921856
1344593322053169153
1344593461786402823
1344593556418277377
1344593768608129025
1344593769186865153
1344593870999449600
1344593921775693825
1344593928620806146
1344594046816280576
1344594095101116417
1344594154681151490
1344594155339718656
1344594156866289664
1344594558517211136
1344594660979826688
1344594679556431872
1344594749068615681
1344594754605109248
1344594770090463232
1344594792802627589
1344594831037890561
1344594899748999178
1344594901711941634
1344594917113307136
1344594927129419776
1344595064383799297
1344595158872981505
1344595258919813122
1344595310694301696
1344595325751857152
1344595383100575745
1344595403463774210
1344595413039513601
1344595415191138305
1344595434208165888
1344595474150547456
1344595557382283269
1344595578592833536
1344595655142985728
1344595664509034496
1344595750311915520
1344595808562376704
1344595828107849728
1344595899528458240
1344595901982142481
1344596017946230784
1344596089907851264
1344596343092883457
1344596366379642882
1344596406405914626
1344596422302314499
1344596475398017025
1344596529621966850
1344596590883975173
1344596671057989633
1344596672664498177
1344596673671139328
1344596793120727040
1344596825991483392
1344596852755333121
1344596866344906758
1344596896896192512
1344597025699078148
1344597028224049152
1344597030967128065
1344597042795061248
1344597052605526018
1344597143944880129
1344597235485597696
1344597243635134464
1344597295266983943
1344597301356945409
1344597510006984704
1344597516625600512
1344597536410099712
1344597563962519554
1344597722192633857
1344597723132157952
1344597799468494849
1344597898974134274
1344598070814760960
1344598082940514304
1344598087080292356
1344598092805505024
1344598317758631936
1344598374041968641
1344598395772686337
1344598405629284353
1344598408384933889
1344598698462998533
1344598699335438339
1344598720743145472
1344598773486526464
1344598836795367425
1344598841950146560
1344598932731682816
1344598950943318016
1344598967544389634
1344599022338760710
1344599074268459011
1344599172721340416
1344599178874261505
1344599180073959426
1344599181789335553
1344599183433428992
1344599183987269633
1344599185887272961
1344599208934912001
1344599243626049538
1344599274152206337
1344599277599936514
1344599287603343361
1344599302581190657
1344599430431817729
1344599439416176640
1344599452850511874
1344599498455179264
1344599551584432129
1344599690738872320
1344599691766468608
1344599752785190914
1344599887778885632
1344599933907738624
1344600016866988033
1344600082046476289
1344600163835375619
1344600175336108035
1344600203643510784
1344600356165181447
1344600370149003265
1344600380097908736
1344600454404186125
1344600464436957184
1344600640186683392
1344600699724726272
1344600733262508037
1344600856608563200
1344600880725839872
1344600893723979776
1344600995142230016
1344601109990617088
1344601113740386308
1344601159378599938
1344601192714956807
1344601316702695425
1344601444285108224
1344601483115966466
1344601485955502080
1344601505031188481
1344601519920918530
1344601624183009280
1344601632248631297
1344601644609253376
1344601706450006018
1344601708685615106
1344601742995038208
1344601746539163649
1344601865128996866
1344601917004124160
1344601922498670593
1344601942589382659
1344602167743754240
1344602240296890368
1344602373516386308
1344602437492027393
1344602516202385408
1344602555272323072
1344602562654334980
1344602651934289920
1344602671580385280
1344602711862362114
1344602752622723074
1344602772575023104
1344602827579076610
1344602830468952067
1344602831366606848
1344602915403657219
1344602969208193024
1344602999390400513
1344602999411396609
1344603187915988995
1344603212196806662
1344603315565375488
1344603342853574656
1344603427637239808
1344603636425486342
1344603656373612544
1344603704125763584
1344603730373697536
1344603770848751617
1344603784882876416
1344604179571081216
1344604244230475776
1344604247632076800
1344604262077227011
1344604270268702730
1344604286764933120
1344604335628496899
1344604393191124993
1344604450435067904
1344604508480016386
1344604514196852736
1344604728634859520
1344604794460254208
1344604847572709376
1344604884805541888
1344604928736694272
1344605023574122496
1344605042138116099
1344605057317220352
1344605060848869376
1344605177404395520
1344605212485558279
1344605225261420546
1344605335290576900
1344605359630114818
1344605362742304769
1344605426869010433
1344605454643683338
1344605551586635776
1344605609711325184
1344605618502590472
1344605638152871937
1344605641076318213
1344605652828745728
1344605688740409349
1344605786895429633
1344606022258851840
1344606037551230976
1344606046011187201
1344606249304862720
1344606307173724160
1344606307375067136
1344606330477293568
1344606338291277824
1344606348403728384
1344606586677944321
1344606634623041537
1344606729191919620
1344606738859884545
1344606759982403589
1344606766538043392
1344606770862432257
1344606818962710528
1344606869181132800
1344606923216318465
1344606936310964224
1344607020645801985
1344607063247384577
1344607079567405057
1344607185712664577
1344607238862860288
1344607314049953793
1344607381171433472
1344607452311007232
1344607488071626752
1344607499681492992
1344607702748639232
1344607704959098881
1344607789012963329
1344607854704140294
1344607998556180481
1344608070173908992
1344608108765655040
1344608259664195584
1344608326307504129
1344608353780191233
1344608375904997377
1344608411045011456
1344608462257459200
1344608503361634308
1344608515197964289
1344608530121302016
1344608551629709314
1344608575973425156
1344608645317857280
1344608689538392074
1344608869029453825
1344609047094431747
1344609107945414656
1344609151020916743
1344609198257156096
1344609211389501440
1344609235326406657
1344609257614942208
1344609284634632192
1344609496291799041
1344609553753763843
1344609739494326274
1344609801855250433
1344609821815959555
1344609889998536704
1344610021603213312
1344610036098756609
1344610291666087937
1344610326826913792
1344610347894910976
1344610388676018176
1344610402756419585
1344610410033541121
1344610478451027968
1344610546327433217
1344610736597856256
1344610743015104512
1344610751550529542
1344610782504513542
1344610784215707650
1344610788275838977
1344610836929785856
1344610850536099846
1344610873122426880
1344610986884558848
1344610995906473986
1344611027799986176
1344611097026965505
1344611221748805635
1344611234012950528
1344611323469037575
1344611345581355009
1344611346999083008
1344611431736631296
1344611459729391616
1344611528482435072
1344611554134786049
1344611682337890304
1344611688071442434
1344611737165815808
1344611773224284160
1344611773576581120
1344611773782126593
1344611939775877120
1344612013050392576
1344612078703833089
1344612122945323008
1344612151491751937
1344612193237684228
1344612193485152256
1344612201026498560
1344612273713795072
1344612291212357633
1344612304093138944
1344612343955779584
1344612534116962307
1344612581550542848
1344612669362470912
1344612675821703168
1344612681085562880
1344612698718429188
1344612699263688705
1344612809070563334
1344612819321446401
1344612850518659075
1344612897612328962
1344612921947648003
1344613021306519552
1344613179075284994
1344613204853465090
1344613275321966592
1344613340035870721
1344613526451744771
1344613682022670343
1344613698866999296
1344613910670761984
1344613919818735617
1344613944531546112
1344614026748305408
1344614055139487744
1344614088069029888
1344614099137781760
1344614133048684549
1344614153542119424
1344614250153734146
1344614280239472641
1344614280503685120
1344614282374250502
1344614308580384769
1344614337361686530
1344614349101527040
1344614355959119875
1344614376377036801
1344614441174896640
1344614497701539842
1344614529955581953
1344614605771972609
1344614626932252673
1344614666211889152
1344614685786722304
1344614695865643008
1344614725192187910
1344614795253837825
1344614885720797184
1344614912354615297
1344614918528626694
1344614952460570624
1344615099957452804
1344615142185717761
1344615271143759873
1344615313900507137
1344615322821783553
1344615701114400773
1344615719334514688
1344615726393470977
1344615737218969600
1344615749818724352
1344615751219609601
1344615751462899713
1344616017952186368
1344616046196633601
1344616069735063553
1344616100689047552
1344616170687770627
1344616240162217985
1344616291135598592
1344616373981474825
1344616581792473088
1344616638373646337
1344616654664331268
1344616657248018432
1344616714743508999
1344616794590330887
1344616803012665350
1344616819198468096
1344616867978244097
1344616975495012352
1344616989071974403
1344617038304698370
1344617136837242881
1344617170450472961
1344617295864238082
1344617402441605120
1344617421815115778
1344617484322746369
1344617513821343744
1344617543433146369
1344617581332860928
1344617626530623488
1344617756549931008
1344617813772816387
1344617881737129985
1344617972233625602
1344618059449987072
1344618078731001859
1344618176919834626
1344618316829061120
1344618320692068352
1344618542398922752
1344618638196801538
1344618648099561472
1344618689224724482
1344618722997235719
1344618730056245248
1344618736679084035
1344618760666288129
1344618784229908480
1344618785467207681
1344618810821783553
1344618897656446980
1344618992045060096
1344619009019420673
1344619077055217664
1344619153488039936
1344619216402571264
1344619311118258178
1344619323239899136
1344619421864763396
1344619423316013056
1344619434359611392
1344619491431473153
1344619562378133506
1344619567658590208
1344619602211463168
1344619617952681984
1344619731035287565
1344619747493687296
1344619800627191808
1344619814585733121
1344619836505255937
1344620030214991872
1344620107226603522
1344620340408954880
1344620342980063232
1344620396537131008
1344620416443305985
1344620482662952960
1344620523670667266
1344620585532448770
1344620622287142914
1344620697067417600
1344620818865778690
1344620853061947392
1344621051226025985
1344621053583241216
1344621061300695040
1344621147405619200
1344621247121002496
1344621333725007872
1344621343141203968
1344621439765385216
1344621583910928392
1344621699896123392
1344621743898562565
1344621748243877889
1344621839658614784
1344621896688672768
1344621904016142336
1344622023050473474
1344622042612699136
1344622077542871040
1344622079249969152
1344622130286231555
1344622163807137797
1344622304182087682
1344622438341074944
1344622510055284737
1344622530053754884
1344622543500693505
1344622593886842880
1344622654913916930
1344622655551533062
1344622708030656512
1344622838326718466
1344622853690425350
1344622891040706561
1344623014726524929
1344623040571781120
1344623073828499456
1344623091603959808
1344623158528192513
1344623371850559489
1344623400929685508
1344623416717025280
1344623419099267073
1344623498753417218
1344623723257745409
1344623740097875969
1344623814777458694
1344623824365613057
1344623831869247490
1344623857265684480
1344623970671341568
1344623988081893378
1344624175533744128
1344624234094604288
1344624310766493696
1344624344182493189
1344624344312512515
1344624349840601093
1344624355892858881
1344624366265507840
1344624367356010497
1344624374155005953
1344624385307660289
1344624389606801408
1344624422725038084
1344624424805429253
1344624428399947776
1344624503259881473
1344624514810966017
1344624525028294656
1344624547925012482
1344624561992704003
1344624586915250178
1344624591310909446
1344624631592976384
1344624663385800705
1344624670495154176
1344624806344466432
1344624829769654272
1344624847465414656
1344624870789795841
1344625083290185732
1344625244166905856
1344625272356810753
1344625297598124032
1344625436358279169
1344625504083652610
1344625578058649600
1344625610132361216
1344625618093109249
1344625625412284417
1344625655632297985
1344625704189759488
1344625741372280833
1344625859244793856
1344626005865082880
1344626038488375296
1344626221355819013
1344626243778572289
1344626442060115969
1344626448011849728
1344626575984254978
1344626613779116034
1344626677830324228
1344626870239768576
1344626872173391873
1344626873192615936
1344626891035201536
1344626893488873472
1344627041405186055
1344627080718376963
1344627139413504000
1344627149945384960
1344627206316814338
1344627278827966464
1344627364022648833
1344627554641203202
1344627580520050688
1344627632466522114
1344627640599261185
1344627670349459456
1344627675923697664
1344627677194547200
1344627718344876035
1344627736208429057
1344628135720062976
1344628147170537474
1344628183547711488
1344628188115333121
1344628198777233409
1344628208684171264
1344628217290895366
1344628217311846401
1344628217462878208
1344628217521516544
1344628217714528256
1344628217844539392
1344628218502983680
1344628320831483904
1344628339777134592
1344628388590481410
1344628430231498753
1344628558455517186
1344628615867203584
1344628642261962752
1344628653385248768
1344628715297386496
1344628736730214400
1344628760881065985
1344628949066903553
1344629016058163201
1344629051680559105
1344629310796275712
1344629351598460928
1344629378253164545
1344629382418030593
1344629383781359619
1344629385182253057
1344629386520260609
1344629405994385415
1344629406510292993
1344629464928497667
1344629469034774530
1344629476039282689
1344629568460763137
1344629635913568257
1344629805405401089
1344629851760828416
1344629853899923456
1344629947281928192
1344630001161940992
1344630001421922304
1344630139494215681
1344630176873906178
1344630210008920064
1344630259279388680
1344630268733259776
1344630275804782593
1344630467161632769
1344630640927510530
1344630681322872832
1344630681842933762
1344630724733902851
1344630777095532557
1344630793340133376
1344630997690814464
1344631068335300615
1344631128385269760
1344631131266756608
1344631142369128449
1344631158802243585
1344631181422243840
1344631196999970817
1344631258547154946
1344631293422821378
1344631500520763392
1344631556397281283
1344631608960282624
1344631631055884288
1344631687553175553
1344631756729835521
1344631785129295875
1344631818730012672
1344631955447541761
1344631997411586049
1344632039019065346
1344632098297155585
1344632188424384512
1344632216744325120
1344632223815905281
1344632269110202368
1344632434718093314
1344632435280130048
1344632509531877376
1344632706068570113
1344632714373292033
1344632739547525120
1344632845663432707
1344632851975856129
1344633050005725184
1344633053470191617
1344633131660357635
1344633152342528009
1344633166271803392
1344633197947183105
1344633681353314307
1344633718116397058
1344633738655838212
1344633865495834625
1344634053098663937
1344634059037810689
1344634075076849665
1344634174582497282
1344634216231931905
1344634221374164994
1344634380107571200
1344634595845824512
1344634662111432709
1344634772560224256
1344634798153715713
1344634808551550977
1344634863291424770
1344634880928473090
1344634905288974336
1344634929888567299
1344634976965439488
1344634984578117634
1344634991846821894
1344635099397189633
1344635105852100609
1344635117545943040
1344635189411131393
1344635254250885120
1344635289571110916
1344635448447086592
1344635651082379264
1344635677862895616
1344635740085493760
1344635753926512641
1344635849410031616
1344635927084281857
1344635936731119618
1344635971371991040
1344635978913349635
1344636039848202240
1344636140561829892
1344636174535634948
1344636182085459968
1344636284539719681
1344636430681825282
1344636471681159170
1344636550051721216
1344636625083650049
1344636719233183744
1344636758986776578
1344636776422510592
1344636927203373061
1344636927409086465
1344636929111801864
1344636932807127043
1344636951056560128
1344636963677200394
1344637275070717952
1344637315461898243
1344637318662074370
1344637354645008385
1344637498304163842
1344637680055955457
1344637722598797312
1344637805553721344
1344637933819670529
1344637972491218945
1344638224459845634
1344638236942020620
1344638315211927554
1344638335302709248
1344638692690898945
1344638904939515905
1344639010157834242
1344639022723981317
1344639275313344512
1344639277251092481
1344639329969209345
1344639342107619330
1344639450014482433
1344639543585230848
1344639730982522882
1344639753958940672
1344639946389381121
1344640060881313795
1344640081315962886
1344640098659397632
1344640144800960514
1344640313479094274
1344640419813056512
1344640464679526404
1344640618421755906
1344640761762099200
1344640987746992128
1344641136820969479
1344641194052243461
1344641209990602753
1344641229288599554
1344641371450302465
1344641509203841027
1344641512232136705
1344641653106225152
1344641712791171074
1344641796467548160
1344641807334993922
1344641912163201024
1344641968199106568
1344641975069401101
1344642030010572801
1344642194972561408
1344642316754157572
1344642427102113792
1344642494663970817
1344642550641160194
1344642554785128448
1344642570186592257
1344642674167582721
1344642723693932547
1344642748922605569
1344642794313363461
1344642862227582978
1344642878384074752
1344642879583645696
1344643070692913152
1344643123524284419
1344643150191730689
1344643208958128131
1344643363509833729
1344643374842859521
1344643479117303809
1344643496007905281
1344643585791164418
1344643688815865858
1344643756272848896
1344643760190316547
1344643973802037257
1344643974166937601
1344644024284676096
1344644029045235712
1344644187497639944
1344644212629925888
1344644225103642626
1344644297048649729
1344644342879805440
1344644477911060480
1344644477911089159
1344644479223906308
1344644479949697026
1344644481207980034
1344644482390581250
1344644504717025281
1344644588401782787
1344644618273619972
1344644618693050370
1344644623776550912
1344644686842097664
1344644698611310592
1344644811572310018
1344644836394201089
1344644896733466632
1344644976358154241
1344644998717960193
1344645019513147392
1344645085204504576
1344645125859848195
1344645224635707396
1344645227781488646
1344645232240029697
1344645271574220801
1344645370664480768
1344645378797289474
1344645491901014018
1344645537216262145
1344645557910970368
1344645618967392256
1344645623883198466
1344645669886242819
1344645720410910721
1344645802476580865
1344645872534040576
1344646002058387457
1344646120073531392
1344646145411342336
1344646223089852417
1344646252735180803
1344646270623899648
1344646290957869058
1344646305965105152
1344646386407641090
1344646499045662722
1344646556335669252
1344646564262916096
1344646728918708224
1344646799349448705
1344646880043610113
1344646881692053508
1344647468361912321
1344647537626636289
1344647558442979328
1344647582853844992
1344647673773752325
1344647676655259651
1344647704106979328
1344647719093207042
1344647723056828416
1344647735383912448
1344647881253396484
1344647970097139712
1344648012644102144
1344648057292533760
1344648070634627072
1344648096182132741
1344648114213421057
1344648179082473474
1344648252059127808
1344648260137480192
1344648382288175107
1344648385719115777
1344648494783586304
1344648503272869889
1344648503449026560
1344648670881443840
1344648677785276419
1344648756801765377
1344648893691170817
1344648991854764032
1344648998485979137
1344649061094273031
1344649065884233728
1344649201800667138
1344649230426775552
1344649262290919425
1344649277507854338
1344649406969208834
1344649409976557569
1344649416406413321
1344649421938679810
1344649422886612997
1344649435872190464
1344649510207643655
1344649561269301249
1344649569536253952
1344649737828495361
1344649791955992576
1344650013473792008
1344650022059724800
1344650091542548480
1344650207112388608
1344650255032328192
1344650322577403909
1344650344362631168
1344650393071005697
1344650402172710917
1344650432795308032
1344650640132362240
1344650649552748545
1344650673724469249
1344650679055511554
1344650773754474497
1344650796214972416
1344650915211603970
1344651036133384193
1344651113681842177
1344651136867958785
1344651164030296065
1344651198138355713
1344651442829852673
1344651539860893698
1344651545758097409
1344651562937950208
1344651570210865154
1344651682131619842
1344651684732166146
1344651742101856260
1344651755481673730
1344651762431643651
1344651789417721858
1344651807751024646
1344651856673468416
1344651953775783937
1344651998868733953
1344652016442880002
1344652027377442818
1344652032225935360
1344652033949917184
1344652055089192968
1344652151608532993
1344652161133776898
1344652182185005056
1344652265110573056
1344652278561705987
1344652327999975424
1344652334824116224
1344652529532080129
1344652593017057283
1344652641415143425
1344652695857225728
1344652781781622788
1344653048635908098
1344653083008241666
1344653278798344192
1344653296548646914
1344653311555870720
1344653345861021696
1344653420884590596
1344653674648379394
1344653840642154498
1344653993319002116
1344654052848783361
1344654095509041152
1344654133584928770
1344654177390235648
1344654196654678017
1344654243735752705
1344654246835314688
1344654310102212615
1344654504508194818
1344654540126228480
1344654547520794624
1344654682447175681
1344654728119148544
1344654751900659713
1344654893492088832
1344654917747798021
1344654973280411648
1344655193036746754
1344655227882975232
1344655234757505025
1344655380316614659
1344655537913405443
1344655630230032384
1344655813948960772
1344655856038780929
1344655870588805120
1344655916118007813
1344656053254832129
1344656064042598406
1344656232871768065
1344656240941654016
1344656311200395265
1344656347086925825
1344656455761350657
1344656593573576709
1344656614037590016
1344656762293657600
1344657067588595713
1344657230768037894
1344657349265534976
1344657357821849600
1344657517696208899
1344657655248416769
1344657743039361028
1344657765348876288
1344657836870086658
1344657876829282307
1344657903299530755
1344658039450857472
1344658089845383168
1344658106471641090
1344658140894269444
1344658164151681030
1344658401700311042
1344658643627757569
1344658762792103944
1344658998436503554
1344659074873491463
1344659165675925505
1344659351684993024
1344659365601669127
1344659572410245121
1344659584754049028
1344659588151296014
1344659592169611267
1344659594962997248
1344659600101027845
1344659616311832578
1344659630442614794
1344659729730183175
1344659767625736200
1344659778732232705
1344659780669997057
1344659790270758914
1344659794163101696
1344659803977748480
1344659833165914114
1344659924794691586
1344659965647216642
1344660022425485314
1344660052066652160
1344660068323753991
1344660098967363587
1344660131548704769
1344660182232674304
1344660318220410880
1344660367243407366
1344660497182949376
1344660535707635713
1344660570503573504
1344660585963810816
1344660615269392385
1344660675638009860
1344660880647213058
1344660892764389377
1344660954773123072
1344660963019149313
1344661015594754051
1344661063527227396
1344661072012304385
1344661196616691712
1344661223846125569
1344661243173470208
1344661318033420289
1344661572464103426
1344661598938439689
1344661723039625216
1344661746557054977
1344661860667301891
1344662094566854656
1344662144177086469
1344662180197789698
1344662274146000896
1344662353938407424
1344662362289303556
1344662371638407172
1344662515993763840
1344662722387058690
1344662775906398208
1344662901248954368
1344663036297146368
1344663059906883585
1344663118882869250
1344663238718447616
1344663394696228866
1344663489336520711
1344663627127791616
1344663638074929153
1344663640415350786
1344663694060498950
1344663898650193921
1344663947912347649
1344664132637892609
1344664133933920258
1344664231849975809
1344664255887507456
1344664266637537281
1344664354256465921
1344664462448599045
1344664530668937216
1344664550453473280
1344664599963070466
1344664609605767175
1344664609609773056
1344664609710624769
1344664625128878091
1344664630266908674
1344664770042064897
1344664869639958528
1344665097977913347
1344665113077301248
1344665254953795584
1344665613105553411
1344665790084247554
1344665804026081280
1344665947567747073
1344665979326967809
1344666019948851200
1344666026286395393
1344666115998363648
1344666183824506881
1344666268322979840
1344666314716098562
1344666484677750786
1344666615841959942
1344666631662931974
1344666632011063297
1344666642085793792
1344666701955215360
1344666724080218113
1344666846486814725
1344666904565346309
1344666942003671040
1344666952724316161
1344667022609829895
1344667031484956674
1344667128943714304
1344667156940804098
1344667174045151244
1344667212737630208
1344667285038968833
1344667393067511813
1344667451582246912
1344667519932633089
1344667719849959426
1344667883549417475
1344667897176731648
1344667984472797192
1344668019306483714
1344668038394687490
1344668049035718663
1344668055557853186
1344668106170494976
1344668108561264650
1344668164538425344
1344668284336156672
1344668293936930817
1344668384575762432
1344668415244562435
1344668462602481664
1344668526011944965
1344668605397528584
1344668664210067461
1344668679439585280
1344668709005254658
1344668754064658433
1344668864253198338
1344669025968807938
1344669060768915464
1344669084370292736
1344669243443441666
1344669597782454272
1344669642640351235
1344669642674089985
1344670144291876866
1344670146091048962
1344670406876274692
1344670517425532930
1344670719221899264
1344670783415734274
1344670787236577281
1344670816391335936
1344670865846374405
1344670870250385408
1344670917448884226
1344670949292072960
1344670998281515009
1344671020020604928
1344671030607048705
1344671178644975617
1344671187243307008
1344671355678167041
1344671404332118018
1344671450372976643
1344671476729982976
1344671504517242888
1344671513967026178
1344671541016096768
1344671591892987904
1344671647626895364
1344671764723494915
1344671928972357632
1344671939412033536
1344672120631128066
1344672165942222850
1344672197386887169
1344672198250946562
1344672229435584516
1344672278580178944
1344672574786195457
1344672782068699138
1344672835432804353
1344672926273064960
1344672984955543561
1344672996129173505
1344673145270259715
1344673269409054725
1344673270281465857
1344673473852010496
1344673846113284100
1344673913205370884
1344674067031465985
1344674480967348230
1344674604342673409
1344674724887080960
1344674766800744451
1344674768935649283
1344674783057862660
1344674788401434624
1344674794231496706
1344674807657455618
1344675017049731077
1344675040449753089
1344675131919134720
1344675220683161609
1344675257681137666
1344675296725913600
1344675637450203137
1344675691791577088
1344675959253987328
1344675971266457602
1344675996281278467
1344676061561434112
1344676094771945475
1344676198803247112
1344676216083787780
1344676270584590338
1344676298652835845
1344676727117721609
1344676770394550279
1344676843572625408
1344676923847409665
1344677162570407937
1344677221986922502
1344677226072170497
1344677458616799235
1344677484831371264
1344677529429405698
1344677563134828552
1344677735294251008
1344677765321252866
1344677830706290688
1344677911161430016
1344677959660138499
1344677970716348419
1344678063993462785
1344678083727556609
1344678151348215809
1344678170956603392
1344678450808946691
1344678450875883520
1344678476671029254
1344678702752223233
1344678723791048705
1344678760386338821
1344678826924777472
1344679017149063168
1344679141258493952
1344679233784786945
1344679412130787329
1344679417885425664
1344679422104899584
1344679543873921025
1344679657245995010
1344679758190292992
1344679800728915969
1344679818105905152
1344679894480019456
1344679909579513856
1344679927627587588
1344679947772813312
1344680037577076737
1344680121597366275
1344680122796924930
1344680204250312705
1344680226387800064
1344680264686067713
1344680373477912576
1344680388665503746
1344680534035849219
1344680618832048130
1344680622816694280
1344680649660235776
1344680655385456644
1344680926685618176
1344680947560689665
1344681014384340992
1344681065496109056
1344681078724947969
1344681110933037056
1344681112208101376
1344681208526086146
1344681287647440897
1344681303459979264
1344681479897575427
1344681532825497601
1344681558645616641
1344681719627206656
1344681781765828608
1344681782109724673
1344681895154634752
1344681968051646465
1344681980588417026
1344682118128033792
1344682130262134784
1344682195139649538
1344682225598562307
1344682226676609027
1344682232334712835
1344682232766717952
1344682262105829380
1344682273262739459
1344682371086430209
1344682429433470978
1344682679615299585
1344682827355447296
1344682911157678081
1344682915700072449
1344683353312792576
1344683382656167937
1344683472435212290
1344683506803339269
1344683685723967489
1344683735573168135
1344683959507161088
1344684027496849414
1344684059545505793
1344684129741393923
1344684139128217600
1344684158581428225
1344684222540349441
1344684370645430273
1344684478996865025
1344684544595808257
1344684598534557698
1344684626976059393
1344684732316065794
1344684734882983939
1344684735835099137
1344684800985223169
1344684940705853442
1344684943314706433
1344685128317022210
1344685151968776195
1344685207123800064
1344685225222295555
1344685227831123969
1344685313470435333
1344685473206296576
1344685665552887809
1344685829105573889
1344685855127052289
1344685986647781379
1344686009238376449
1344686022039375873
1344686044189503499
1344686147725914113
1344686336570253314
1344686373668794371
1344686377515028480
1344686529755578369
1344686727072509958
1344686764951277568
1344686815593320454
1344686869599186945
1344686913756790785
1344686960489717762
1344687005373001729
1344687077468811265
1344687121379037185
1344687144539803648
1344687148130316288
1344687276111110145
1344687279160373249
1344687311204851712
1344687324156858369
1344687619742040065
1344687632006209543
1344687741209083905
1344687770778931201
1344687872331423745
1344687989339770880
1344688002707161089
1344688049154891777
1344688049746276353
1344688288448319491
1344688403204378631
1344688615281086470
1344688688597512194
1344688762169786368
1344688780553306113
1344688785339068418
1344688882198212610
1344688937965662210
1344688964553371649
1344688965820014592
1344689020379533319
1344689047898357760
1344689170195873792
1344689236243574786
1344689491634769920
1344689588145692673
1344689693556936705
1344689702411100161
1344689774007881728
1344689775362469888
1344689776159555584
1344689778952847360
1344689780798468096
1344689784955035649
1344689786259324929
1344689787186393096
1344689916668751874
1344689937220833281
1344689944565047304
1344689958750187520
1344690009631301637
1344690027570323456
1344690171070058496
1344690174681341956
1344690242499076103
1344690385038278656
1344690473085120513
1344690523458719744
1344690546464366593
1344690568056745995
1344690570103500800
1344690585635069955
1344690682494124041
1344690736890044416
1344690790543601665
1344690920617345024
1344690926866866176
1344690962329726976
1344691030189355019
1344691072325341187
1344691139153162240
1344691195805630466
1344691293469851654
1344691346846707717
1344691353167527944
1344691354740416513
1344691382397464576
1344691434499305481
1344691851257851905
1344691903300857862
1344691940563030022
1344691955113074692
1344692037212397568
1344692096645672962
1344692099111907330
1344692330117427201
1344692338736685060
1344692384681119750
1344692460304420869
1344692521247666177
1344692525483913217
1344692868821233664
1344692950874337283
1344693018297851906
1344693231657906177
1344693330903502849
1344693528446824448
1344693550823268354
1344693671648751618
1344693682759479296
1344693716771074050
1344693846542839808
1344693972992667648
1344694158733279235
1344694192916877319
1344694242015387655
1344694327297990663
1344694569128980480
1344694591858089987
1344694593812635650
1344694715988533250
1344694742047711233
1344694808590209024
1344694808594374656
1344694808724578306
1344694876022177795
1344695059611054081
1344695060785475590
1344695082465812482
1344695113197486081
1344695138396889089
1344695190267822082
1344695238821031939
1344695328281341952
1344695460691386369
1344695621148696577
1344695737381232641
1344695768880439298
1344695806755041288
1344695815369965568
1344695827109965831
1344695886857830400
1344695921079148544
1344696058379726849
1344696066797670400
1344696077103079425
1344696201422266371
1344696212528762886
1344696217444478977
1344696350525550597
1344696353327374339
1344696427419738125
1344696452388413442
1344696609486073861
1344696773495947267
1344696818114945024
1344696858124419072
1344696858589978626
1344696911970922496
1344697024617328640
1344697082809036804
1344697085388410880
1344697187649912833
1344697219316793344
1344697325483143169
1344697327420919808
1344697333611692032
1344697361851944962
1344697388439638018
1344697451341520897
1344697458635505665
1344697459168210945
1344697480320077826
1344697536515346435
1344697593083867136
1344697658288590850
1344697712093122560
1344697821585354755
1344698018612862977
1344698088141819904
1344698218198806530
1344698301153767425
1344698331646238720
1344698519333052417
1344698526618546177
1344698616066273283
1344698729182466049
1344698737386467328
1344698742050578433
1344699017834475520
1344699116434182146
1344699235808247808
1344699362996350976
1344699416079446016
1344699461675712514
1344699501924274176
1344699633587654656
1344699851922169862
1344699875141836803
1344699934839361540
1344700040330289152
1344700095711862785
1344700133431271425
1344700201651597315
1344700304718241792
1344700417654009858
1344700435668623362
1344700449295917056
1344700521387581441
1344700544934404099
1344700563779448845
1344700585782730752
1344700705077157890
1344700712555524096
1344700720533139456
1344700755106816000
1344700886564659206
1344700996379955201
1344701112750891009
1344701143381921793
1344701275196305408
1344701345643814912
1344701378460049409
1344701632177647616
1344701732157333506
1344701763065098241
1344701765304901632
1344702105232269313
1344702214783311872
1344702278192799746
1344702295909539842
1344702367250444289
1344702437526020096
1344702494635565057
1344702564412116994
1344702621827747841
1344702624361291776
1344702671626915840
1344702868188704769
1344702918331662336
1344702924295974913
1344702987785162752
1344702992453398533
1344703001273880577
1344703004268584961
1344703053518274567
1344703079749443586
1344703116789379079
1344703197735170051
1344703273970888705
1344703298125914116
1344703396012568581
1344703420146577409
1344703504070295552
1344703505135616000
1344703537922629633
1344703616506945536
1344703783000027137
1344703803745071107
1344703858166145024
1344703875606077441
1344703887236882436
1344703994543927300
1344704038022078468
1344704078903971840
1344704082703953923
1344704107177771017
1344704255828119552
1344704257111457794
1344704380885299200
1344704426699857920
1344704430378258434
1344704452121518088
1344704490730086400
1344704514880892929
1344704559487328260
1344704598502756352
1344704745584386048
1344704851717070856
1344704864220274696
1344704877675606017
1344704882461335553
1344704882704609282
1344704891592310788
1344704952229191680
1344704954179706880
1344705066251542529
1344705086203842563
1344705155455971333
1344705227077922818
1344705233298083841
1344705258782674944
1344705375996665857
1344705415414771713
1344705422519902208
1344705584239685634
1344705652149661697
1344705776451952644
1344705814930595845
1344705847893651460
1344705871314620418
1344705964927307778
1344705979217305607
1344706050562404352
1344706054551171075
1344706096657817610
1344706133617909760
1344706177255567361
1344706215662776321
1344706356897579008
1344706417903677440
1344706426363633665
1344706556911353860
1344706624418689024
1344706642546479105
1344706655750148096
1344706672103731200
1344706754697965568
1344706769357074434
1344706811186831360
1344707142394195968
1344707230977961984
1344707259268530180
1344707392567726080
1344707425618821126
1344707482774609920
1344707494116028418
1344707527011917826
1344707546750332928
1344707589104410626
1344707650005704705
1344707672906588162
1344707687351803905
1344707744973131778
1344707876149993472
1344707990243467271
1344708033427902465
1344708035881693188
1344708128110235649
1344708180497084416
1344708244225355778
1344708256376238081
1344708381941112835
1344708414946086914
1344708421346615297
1344708444197171201
1344708504095961093
1344708651693572096
1344708666423967745
1344708754164613128
1344708792559296515
1344708847903121410
1344708848880414721
1344708986310955016
1344709015910162432
1344709190397403136
1344709287868829700
1344709390297755650
1344709400691404800
1344709510317940737
1344709750668337155
1344709832616652808
1344709860735266816
1344710159768158208
1344710463645429763
1344710511401836546
1344710673318748164
1344710760291827714
1344710850599378946
1344710913228738561
1344710914688204801
1344711013816541185
1344711045185757184
1344711100001091584
1344711171945988097
1344711239482617862
1344711339604893698
1344711417979498496
1344711432668004352
1344711479744987139
1344711487206653953
1344711540117819392
1344711846230679552
1344711854547988483
1344711895429873666
1344712066301624326
1344712073708789765
1344712432917356544
1344712450030120961
1344712450604752896
1344712468027895811
1344712553847517187
1344712741890744320
1344712913987252226
1344712944995725315
1344712947558457348
1344712960384630786
1344713042001584128
1344713069235228681
1344713119038398468
1344713128442023936
1344713151703621634
1344713269890711559
1344713305932374016
1344713343177805825
1344713395271065605
1344713426132750338
1344713460760924161
1344713612011646976
1344713646165921793
1344713675639300101
1344713695499206657
1344714018330710017
1344714092817346561
1344714101340180481
1344714117391769606
1344714302004015107
1344714337898950658
1344714387228151813
1344714430781784067
1344714432929288193
1344714484766617603
1344714519071887360
1344714644208939008
1344714671077646336
1344714684600102912
1344714773326401536
1344714941140385794
1344714986594197504
1344715057062506496
1344715099345457153
1344715216848875524
1344715344020172800
1344715357307740160
1344715379386560513
1344715392342745098
1344715408687902722
1344715449683103745
1344715602099908608
1344715647377416193
1344715751794614272
1344716028274728960
1344716060738596866
1344716099066191884
1344716102132244481
1344716119454715910
1344716166808403969
1344716172940476416
1344716262685945858
1344716466613067778
1344716873208885248
1344716937172045824
1344716960098037760
1344717100225589248
1344717197390864386
1344717209768239104
1344717237454843908
1344717237689712640
1344717238750879746
1344717242945204226
1344717250503258112
1344717466342187008
1344717656709095427
1344717889186783232
1344717891665588225
1344718064592576513
1344718100034330630
1344718145542631424
1344718212684894208
1344718312794710016
1344718327554433024
1344718360446181378
1344718548317433859
1344718704395870209
1344718721273786370
1344718795328409602
1344718829511979008
1344718866501533698
1344718961221500928
1344719169758109696
1344719203044110340
1344719219372408835
1344719244458676225
1344719283868282898
1344719561455783936
1344719579373826052
1344719647447396353
1344719654405763078
1344719657442410497
1344719741903056897
1344719768583073792
1344719963739848704
1344719975353872384
1344719975576059904
1344719977727860743
1344719982136066048
1344719985999028224
1344719998074417153
1344720056211677185
1344720328522665988
1344720353545900032
1344720363054219264
1344720363666735104
1344720366900535299
1344720581569048576
1344720620697825287
1344720772519124992
1344720830266290178
1344720984918675456
1344721014543052801
1344721070805438464
1344721257347092488
1344721281757937667
1344721453195931649
1344721471864791040
1344721512461426688
1344721553313984514
1344721642338062336
1344721726157058050
1344721742925877257
1344721750072958977
1344721845929586688
1344721895372025857
1344721926766391296
1344721974371692545
1344721982898774019
1344722019468902400
1344722062007558144
1344722234028519425
1344722440967094272
1344722490912718848
1344722536488194054
1344722560722874368
1344722668537475077
1344722680772063232
1344722738863333377
1344722747155488768
1344722753543315456
1344722756882075654
1344722858405203969
1344722898687315972
1344722966966374407
1344722980685967362
1344723010406723585
1344723178699022339
1344723301579579393
1344723314078593024
1344723353823690752
1344723405686386689
1344723707214901248
1344723727708270592
1344723934281949184
1344723978066259969
1344724006725939201
1344724047133896704
1344724075764183041
1344724134723514368
1344724156051546119
1344724260175159296
1344724273093627904
1344724280999866373
1344724338600271874
1344724361039777792
1344724436432392193
1344724632327360518
1344724682134745091
1344724754264190976
1344724792684015616
1344725007813939200
1344725032388485127
1344725034590498817
1344725073329086465
1344725073920471045
1344725103167365120
1344725324110684160
1344725341399560193
1344725371833430017
1344725419816329217
1344725495397670912
1344725574170894340
1344725587861110785
1344725608211886080
1344725706463453184
1344725828660244484
1344725851234050049
1344725880988434432
1344725929835294722
1344725935388565505
1344725953000460289
1344726090477170689
1344726130604056576
1344726184916094976
1344726192155484160
1344726323546234881
1344726440223375361
1344726513611059201
1344726597291618304
1344726739952545793
1344726842306158592
1344726892943994881
1344727189191864323
1344727341424115714
1344727394653974530
1344727524228567040
1344727542784290816
1344727551600697346
1344727557082644481
1344727589181677568
1344727638171136001
1344727718513020935
1344727747097223168
1344727793947521024
1344727879947530240
1344727999376191493
1344728101457195008
1344728128774615043
1344728143760945153
1344728234043318273
1344728269913018369
1344728331967746052
1344728368370094082
1344728453438992386
1344728542802690048
1344728649698856960
1344728992948101120
1344729042986086404
1344729067879337986
1344729196950654984
1344729221810282496
1344729232572821508
1344729252084723713
1344729285597294592
1344729478929518594
1344729510277767170
1344729563301990400
1344729629286936576
1344729715890905088
1344729788565610496
1344729850104475648
1344729861978521600
1344729884887801858
1344729933537562626
1344730010544975873
1344730017373302784
1344730060545261568
1344730095920046083
1344730235124801538
1344730277550108673
1344730329106567168
1344730424996753409
1344730669826629638
1344730772008284161
1344730795089539077
1344730903545831424
1344731089458356234
1344731306702336004
1344731314323386374
1344731326453342215
1344731506032451584
1344731519861084160
1344731715944722438
1344731795909206016
1344731839903248386
1344731844076564480
1344731916881326082
1344731922753335296
1344731969733718018
1344732035257135104
1344732035315855363
1344732324446003200
1344732450237374470
1344732531653013504
1344732663094136833
1344732738486743041
1344732817968820226
1344732962756186112
1344732967457980420
1344732986139435009
1344733001717067777
1344733014899752962
1344733418320523266
1344733529394061313
1344733594795835392
1344733767823458306
1344733796227280896
1344733948480512001
1344734145839296513
1344734164520755200
1344734220271415299
1344734323895918592
1344734356615684098
1344734380728737795
1344734428350787585
1344734439360901120
1344734505270185984
1344734550749024257
1344734572605542400
1344734700854771717
1344734745641541632
1344734881142747145
1344734926898388993
1344734959735599105
1344735075011710976
1344735076618096640
1344735224253571073
1344735298308235284
1344735301068070913
1344735315827847168
1344735451979149315
1344735473147797504
1344736144051892225
1344736160430645248
1344736223659773960
1344736358439403520
1344736368354881536
1344736467520655361
1344736583325536256
1344736906190458886
1344736935030435842
1344736935420567554
1344736955645517829
1344737060008189961
1344737261531836416
1344737398614327296
1344737498652663808
1344737677028057092
1344737722473328641
1344737751091044354
1344737819235938305
1344737847518105602
1344737852601618433
1344737891419889664
1344737908255817728
1344737965508091921
1344738033766199296
1344738077647003648
1344738084403949568
1344738139055804416
1344738200598814727
1344738233486340097
1344738237005385728
1344738249923846152
1344738267032387590
1344738294232469506
1344738477334786048
1344738605927862273
1344738848849481730
1344738855564566529
1344738890964471809
1344738893221015552
1344738969653817344
1344739214374694912
1344739257005518848
1344739328635920397
1344739360810414083
1344739452640522240
1344739461926707212
1344739498777862146
1344739568084508676
1344739658836676609
1344739685072064512
1344739862503710721
1344739888768446464
1344739937292320768
1344740159477198848
1344740201843859457
1344740262166335493
1344740329996615684
1344740500939677697
1344740547857158152
1344740561631252484
1344740641771806720
1344740680690765838
1344740803487399936
1344740825062846465
1344741234720571394
1344741243553779712
1344741562283134985
1344741659817488384
1344741749462347778
1344741789043978240
1344741825207177216
1344742109111345154
1344742277353189376
1344742354335502353
1344742448808030209
1344742631935533058
1344742670527311874
1344742965806247936
1344742982646439941
1344743259797671938
1344743348201021442
1344743386184634368
1344743518044971009
1344743562714484746
1344743632822300672
1344743638723657729
1344743660907335681
1344743700379930624
1344743900938813440
1344744141700395021
1344744329475190788
1344744349855326209
1344744352476753921
1344744660154142720
1344744938093871105
1344745092905652224
1344745391846166528
1344745430064787456
1344745510440202245
1344745581395238912
1344745589121150991
1344745661024104461
1344745738606149634
1344745761544794112
1344745825554079744
1344745939421065219
1344745968512725006
1344746074502803456
1344746289246957569
1344746410751746049
1344746521741426688
1344746530142613516
1344746531698724867
1344746558743584773
1344746688586657794
1344746742361813001
1344747058478022656
1344747165290262533
1344747355703275523
1344747415778168832
1344747537840955392
1344747665578405888
1344747669189758982
1344747698142982144
1344747701225848835
1344747702001790990
1344747708238721038
1344748417118040071
1344748527319183362
1344748605211553792
1344748754172317696
1344748951849869312
1344749036901982208
1344749198412017667
1344749223020032001
1344749288723771392
1344749313281445888
1344749437822889987
1344749636037308433
1344749751359692802
1344750013889572872
1344750187777028111
1344750258518159371
1344750263974948879
1344750278487240709
1344750306891063297
1344750552354336769
1344750653244108800
1344751078651392006
1344751259174268932
1344751443681558528
1344751448316375042
1344751470160334855
1344751590805286917
1344751671403016204
1344751886973464585
1344751979411759104
1344752253958303744
1344752468203286528
1344752717370171398
1344752733476311043
1344752786840449032
1344752970177638401
1344753014926663681
1344753048464334848
1344753189543948288
1344753232988483585
1344753267151151105
1344753443391602696
1344753548106543105
1344753616758972416
1344753660421689344
1344753974637965313
1344754081999437824
1344754130980626439
1344754195472277505
1344754282655002625
1344754367820398592
1344754442525147139
1344754580303863812
1344754715293343744
1344754733404315653
1344754733517561857
1344754935481708545
1344755016465326084
1344755163723161603
1344755206559387648
1344756115557507077
1344756173870919681
1344756182657998848
1344756270482468865
1344756314271051776
1344756536204259347
1344756599626334211
1344756840148709383
1344756874504269826
1344756981173792773
1344756989554024453
1344757147826085889
1344757340197810179
1344757600299200512
1344757617432944646
1344757740221116416
1344757774052429825
1344757786371121156
1344757914670669824
1344757916839116803
1344758105503105024
1344758295702212611
1344758490867224577
1344758610459570176
1344758654998863873
1344758685684428802
1344758695020929025
1344758757952278531
1344758967789105153
1344759100274597888
1344759308265910275
1344759321540915200
1344759610897559552
1344759619109982210
1344759668988669953
1344759720586989568
1344760192723013632
1344760269252210690
1344760289544331264
1344760407551041542
1344760464132222977
1344760497611137024
1344760519727706112
1344760524224016384
1344760556721483778
1344760857700478978
1344761505481416704
1344761508832620549
1344761540537446401
1344761545046315012
1344761586070802432
1344762024685928454
1344762034613837824
1344762053978968064
1344762211353436161
1344762215392567296
1344762488278175744
1344762761360900097
1344762778792423424
1344762798551789574
1344762858601672706
1344762942944903170
1344763225724882945
1344763404179959811
1344763532785676294
1344763587911364609
1344763846469312512
1344764035263328260
1344764118503448578
1344764166540820480
1344764490890555393
1344764537111764995
1344764539447996421
1344764770390568960
1344764775134359560
1344765232418332674
1344765246729289728
1344765276110393345
1344765276877942787
1344765285052645376
1344765332033056773
1344765359778312192
1344765437804949504
1344765534391431169
1344765655095123969
1344765727446867968
1344765834548424707
1344765903402127360
1344765906883325953
1344766228540350464
1344766321221906438
1344766340943507463
1344766450834305024
1344766541892562944
1344766753990180865
1344767065366933504
1344767380778590210
1344767438060199936
1344767476417101828
1344767506037284864
1344767524274118658
1344767608218914816
1344767672261734400
1344767674987868160
1344767682604904450
1344767795733606400
1344768045592375296
1344768226576785415
1344768291005456386
1344768295057158146
1344768339332182016
1344768407124791301
1344768428117209090
1344768495519748096
1344768508375261185
1344768538876248065
1344768545784274946
1344768560225202182
1344768703703834624
1344768747534512131
1344768752617992194
1344768780786929667
1344768986295230468
1344769203161718784
1344769222593957888
1344769248816746496
1344769690338525184
1344769978533355520
1344770136377593857
1344770194019856394
1344770306053910528
1344770348601004033
1344770559666696193
1344770585809850375
1344770768329125889
1344770780488458242
1344770942866763776
1344770954740834307
1344771083136806914
1344771198819815424
1344771410842038273
1344771646750654471
1344771706578235395
1344771761091596289
1344771987776925704
1344772022765817857
1344772148641067013
1344772279130075136
1344772293067759616
1344772301712224256
1344772315448532996
1344772351225962497
1344772406938890240
1344772456280543233
1344772486903304192
1344772751308042240
1344772876105297925
1344773000420339724
1344773597466947586
1344773598632960001
1344773602097422337
1344773656719847425
1344773766707089409
1344773781496225793
1344773962090369024
1344774052062310402
1344774291250941952
1344774358674386945
1344774378584748032
1344774900217733127
1344774954064224257
1344775103771521025
1344775106388578304
1344775240241569794
1344775259430510598
1344775271476572162
1344775521826189312
1344775691280265216
1344775721164673025
1344775851976568833
1344775872407072769
1344775931592904704
1344776094981959681
1344776096110280704
1344776102091366400
1344776190037544961
1344776295071309825
1344776473786380296
1344776522360647680
1344776745036226560
1344776756427976711
1344776773775581189
1344776781467971586
1344776849507934208
1344776929300381702
1344776977551659008
1344777001312387074
1344777019150708736
1344777045415485440
1344777147009929216
1344777308784254977
1344777379382779905
1344777414434549760
1344777436660117504
1344777517236957184
1344777523700396033
1344777524124012547
1344777527231918085
1344777571217666051
1344777574887600130
1344777728621473793
1344777751069388802
1344777755842510849
1344777799626862593
1344777819243606018
1344777866119159809
1344778115722129408
1344778159196151809
1344778249256267776
1344778329895874560
1344778602265665540
1344778775934988288
1344778860198572032
1344778862710956032
1344778896210874369
1344778913537523714
1344778938875314177
1344778986954633218
1344779021742202881
1344779024514641922
1344779060665348098
1344779077115404290
1344779109742878726
1344779190072184832
1344779255687876608
1344779259445960706
1344779299488997377
1344779380095123456
1344779496453533700
1344779507425800201
1344779700225376257
1344779754503872524
1344779770282782722
1344779809642192896
1344779859067867136
1344779883227066368
1344779982044884993
1344780033710313479
1344780059345825792
1344780121522262016
1344780133425680384
1344780143588495360
1344780233380159491
1344780301579522048
1344780329211596800
1344780375671918599
1344780393665470465
1344780401911468032
1344780410677571586
1344780468722540545
1344780507326812160
1344780532157181952
1344780561068519425
1344780626419978242
1344780627397251072
1344780630635253761
1344780677577928704
1344780696263553025
1344780699375722497
1344780705310666754
1344780715301490689
1344780737250254849
1344780751389257729
1344780768132935680
1344780865952485376
1344780891843932161
1344780900026953729
1344780920516194304
1344780942636945409
1344780949972803585
1344780963985977344
1344780971544104961
1344781039001088001
1344781044470468608
1344781047200948235
1344781077005672450
1344781124258717697
1344781125508624384
1344781154294132751
1344781240331882497
1344781252046548992
1344781259373948930
1344781269998186496
1344781274578350081
1344781327304970242
1344781335987171328
1344781344992276482
1344781396779409412
1344781406317240326
1344781474252382208
1344781492535308289
1344781548189609986
1344781643882639362
1344781680591171586
1344781726187454466
1344781730318856202
1344781731384201216
1344781748513763330
1344781757854453760
1344781854545768450
1344781856525447168
1344781874514833409
1344781884308529154
1344781927044288513
1344781984799870980
1344782034355564545
1344782042727391233
1344782049719312391
1344782052303007745
1344782063707283456
1344782070065885189
1344782070774718466
1344782093587521537
1344782133986955265
1344782173652594694
1344782205789343747
1344782267441426432
1344782278044561409
1344782290757496832
1344782319278817281
1344782322298736645
1344782335074590726
1344782487344525313
1344782505296146432
1344782540666765312
1344782588494422016
1344782594139820032
1344782617422524425
1344782626918436866
1344782673210957827
1344782708757716993
1344782751434760193
1344782759450050565
1344782806027804679
1344782814424797184
1344782889054035968
1344782904015126529
1344782912084992005
1344782915968884736
1344782917004890112
1344782948319580161
1344782979864940544
1344783027021385728
1344783119895900161
1344783126350934023
1344783158882000897
1344783241950146560
1344783263278227457
1344783323944595460
1344783330148028418
1344783358551855110
1344783420820480000
1344783444904128512
1344783508103983105
1344783520686813184
1344783560901844997
1344783567000383489
1344783601246859266
1344783612709900289
1344783636479045633
1344783644192337920
1344783671686033409
1344783694792445952
1344783703076122624
1344783714153324544
1344783716997079040
1344783797557088256
1344783812375539712
1344783836811563012
1344783866968551424
1344783948262625281
1344783951743885312
1344783986598563840
1344783989396135941
1344784059038367746
1344784179834351617
1344784354157932550
1344784466003292161
1344784513617027072
1344784570214969344
1344784583812902912
1344784621138022409
1344784712280248320
1344784722199769088
1344784816953315328
1344784829540413440
1344784885899292674
1344784913216778241
1344784965544927233
1344785004061192193
1344785004434497538
1344785029516423168
1344785089364897792
1344785113071104000
1344785131861647362
1344785138220195840
1344785150241071105
1344785252812730371
1344785315618283523
1344785321473552384
1344785322429845505
1344785357838180357
1344785377199067137
1344785418882056193
1344785418936610818
1344785445801107462
1344785588105457670
1344785590164848642
1344785595906850816
1344785611895529479
1344785614730911745
1344785640798515200
1344785646884442113
1344785690203140098
1344785751796572162
1344785934433316865
1344785943191048193
1344785947578261505
1344785953492246528
1344786098531274754
1344786117636333571
1344786123424468998
1344786194660524032
1344786224876281856
1344786233394921472
1344786235018113024
1344786318090522625
1344786321550815239
1344786419856896000
1344786431928111105
1344786432766980096
1344786452715102210
1344786473606918145
1344786577051033603
1344786661545271297
1344786705879093250
1344786710207614982
1344786730034089985
1344786760656683008
1344786763240382467
1344786794290810880
1344786826628890624
1344786839425712130
1344786927812300801
1344786931494903809
1344786948775415808
1344786964952854529
1344787010289082370
1344787035522011137
1344787053490417664
1344787072863887362
1344787216728526852
1344787241378439170
1344787253432877056
1344787269488685056
1344787324979339264
1344787329005793282
1344787391865905156
1344787397561692160
1344787557867991040
1344787558472024066
1344787559386374147
1344787705360752640
1344787829172428803
1344787963155279874
1344788033250480128
1344788036052250624
1344788082520977409
1344788102053851136
1344788124581457925
1344788208920514572
1344788256836214789
1344788349039636483
1344788357579235332
1344788426353238016
1344788443742806016
1344788459383386112
1344788484968632320
1344788557748178944
1344788567697088514
1344788669828366336
1344788735452475393
1344788747171332098
1344788790586593281
1344788878310436866
1344788935537528833
1344788952063102976
1344788983843323905
1344789062809481219
1344789077774766080
1344789079502819328
1344789159618220033
1344789357237035009
1344789363994087425
1344789405807095809
1344789421414080514
1344789498496954380
1344789528222044162
1344789546186264581
1344789712196804608
1344789771168710657
1344789788075950080
1344789789237719041
1344789872482115586
1344789908527996930
1344790124509458433
1344790205111349248
1344790279623225344
1344790479603445760
1344790648466108417
1344790691524866053
1344790698344775681
1344790786009944064
1344790793035407360
1344790796185313280
1344790828863135744
1344790948765720577
1344790960568463360
1344791044123193344
1344791112599429123
1344791211329155079
1344791271794204672
1344791446327619589
1344791660509724674
1344791858808049667
1344791895860510722
1344792051108470785
1344792102593507334
1344792139146924036
1344792170583175169
1344792477346254848
1344792560921927680
1344792664978423809
1344792665825693697
1344792737577639939
1344792826845016066
1344793013470507008
1344793043749253120
1344793066515914752
1344793078947848192
1344793269625114624
1344793336847196160
1344793463024480257
1344793521925070849
1344793554095386624
1344793652439232514
1344793678557175811
1344794012264374272
1344794075623526401
1344794140282925057
1344794143080505346
1344794203243618304
1344794263113129986
1344794399029530629
1344794469397360641
1344794519217328128
1344794633377878021
1344794657256071168
1344794729691672576
1344794782271479808
1344794785589166081
1344794835031650305
1344794901347708929
1344794938031157248
1344795195766951936
1344795265505652737
1344795406321016834
