1262896274467991553
1262898006203998279
1262898401374543877
1262898500913770497
1262899602346344451
1262899640678129666
1262900358592028673
1262900860402708481
1262901202637008910
1262902674674065410
1262902717879586816
1262903337218957313
1262903400892698626
1262904021511266304
1262904243087831040
1262904320732823553
1262904979896979456
1262905274265985032
1262905305656107009
1262905320495616001
1262905345200005121
1262907028957257728
1262907139561054208
1262908003688251393
1262908647178469378
1262909538946015232
1262909948964585474
1262910308697268225
1262910384178167813
1262912138676523009
1262912636250972163
1262912938307878917
1262913313983381504
1262913379301232640
1262913725868265474
1262914313179877380
1262914385082634240
1262914684354691072
1262915451388071938
1262915718649049089
1262915811544649733
1262915971808997376
1262915999369777153
1262916033070936065
1262916181561835526
1262917206041677832
1262918064447852544
1262918075202113536
1262919456268988422
1262919502427193345
1262919638280593408
1262919651673157632
1262920309805547522
1262920679030210560
1262921572614012928
1262921826818277378
1262922376288907266
1262923015219798018
1262923300453392387
1262923834631446529
1262923852889325574
1262924503669256194
1262924751099645953
1262924843621797900
1262924997443702785
1262925636580061190
1262926028458078213
1262926040550252549
1262926773446008833
1262926991499591680
1262927577766920193
1262928068227760129
1262928785281818624
1262929429828902914
1262930055409303553
1262930311563837441
1262930313069486080
1262930917930106880
1262931175196127232
1262932768113274880
1262933206833287168
1262933745188864006
1262933802667487233
1262934738022666241
1262935324440686592
1262936363491614720
1262936528197648384
1262936759891038208
1262937032277528577
1262938114844221440
1262938269081309189
1262939810160939013
1262939839374204930
1262941103835222017
1262941894948110338
1262944906512863232
1262946632594833410
1262948041407057920
1262948294696808455
1262948566894600193
1262949432942899202
1262949942932504578
1262950352086802435
1262951216809730050
1262951507651104769
1262953580048404481
1262955167978336257
1262956282320953354
1262956511334195201
1262957470407970817
1262958978029563904
1262958997772161028
1262960000663785472
1262960062928244737
1262961694093070339
1262962049782624256
1262962340116467712
1262964089044848640
1262966074691194884
1262966259630723073
1262966747780517888
1262968069762289669
1262968968370950147
1262970963081256960
1262971254337867778
1262971362488057861
1262971768903434240
1262972116506304512
1262972825167634434
1262976194003304451
1262979306835324928
1262979368017674243
1262979877344555009
1262984757538930688
1262991162610266112
1262993637203296257
1262998065553825797
1263006934354898944
1263009861320704008
1263012374417682433
1263012408014131201
1263014162613129216
1263018644872876034
1263018809092341763
1263021201011757056
1263021355433369600
1263022016564809730
1263026170255286273
1263029500918534146
1263030825685258241
1263031023723589632
1263032207762956289
1263032207985315840
1263032211546177536
1263032393092534277
1263032402802290688
1263036803889672194
1263039049952120832
1263039365686714368
1263041338876071936
1263043288032063488
1263043308496007168
1263044427833937920
1263046812933423104
1263048586171990016
1263049907776126976
1263050050109923329
1263055458878869505
1263055464176197633
1263056380249780225
1263057756728242176
1263058346501984257
1263058546775785473
1263058986825326598
1263059022397259776
1263059025635217408
1263060086907420673
1263060534708121601
1263060537358856192
1263061943960600576
1263062083501002752
1263062143517241349
1263062337625501697
1263062593171750912
1263063470007898112
1263063543647293440
1263064168804028416
1263064189356191744
1263064207853002752
1263064723806961664
1263065207737389061
1263065681806983169
1263066381131616256
1263066386382938113
1263066626162864128
1263067371306192896
1263068040880689152
1263069427530108928
1263069695638409216
1263070123184795648
1263071888995233792
1263071948550144000
1263072336477069312
1263072467804991489
1263072476021641217
1263073753153638405
1263074676374409218
1263074918297677831
1263075579483631621
1263076844099821568
1263076926375288833
1263077015143485441
1263077452647186432
1263078001325019136
1263078003074088976
1263078019553529857
1263078068580757505
1263078696749010944
1263078824859836416
1263079548066754561
1263079552865230849
1263079604815831040
1263079797678276609
1263079871242276865
1263079984844935170
1263080297580711937
1263081227659116547
1263081630417276928
1263081833044086786
1263082101169172481
1263082174200401920
1263082680582918151
1263083089657561088
1263083181839974405
1263083522341900288
1263083756602167298
1263083857366089729
1263084217061330944
1263084301169672192
1263084595324616707
1263085791057756160
1263085823626563584
1263086110420414464
1263086116099502081
1263086309956034561
1263086403350601728
1263086933959413760
1263087241414561798
1263087341717118976
1263087550199103490
1263087663504130048
1263087753148981248
1263087897814667264
1263087951270998023
1263088023224320000
1263088197820649472
1263088730291810304
1263088732921565185
1263089088376320000
1263089596201611264
1263089682663047169
1263089851576049664
1263089978940194816
1263090072641036288
1263091046210326529
1263091425413074944
1263091856411209728
1263092301183823873
1263092302597296129
1263092479924060162
1263092480012099584
1263092543018991616
1263092689916121088
1263092690276749315
1263092788331233280
1263092788616404992
1263092895126609921
1263092895172759554
1263093081697591298
1263093260043661312
1263093506316386305
1263094138322419714
1263094277044948997
1263094348843044864
1263094811789230081
1263095064257069057
1263095798562197511
1263095849112002560
1263096727780941824
1263096780700430337
1263098911683567617
1263099031745515520
1263099117410148352
1263099166391037956
1263099233462345731
1263099256287703040
1263099280509693952
1263099976499884032
1263100421821935616
1263100458656165894
1263101802632839168
1263102134507077643
1263102787002306560
1263102912030359555
1263103457784770560
1263103680317927424
1263104018852614145
1263105189147369472
1263105203294728194
1263105812789989379
1263105844532707328
1263106241628270596
1263106249153040384
1263106729807450118
1263107393111691264
1263107509306503169
1263107535634141184
1263107651937894400
1263107718732222466
1263107977197879298
1263107991991021568
1263108058160467971
1263108321990660097
1263108352835416065
1263108519785631745
1263108644285054981
1263109107453591553
1263109119290101768
1263109478456721408
1263109897467637761
1263110013440188422
1263110198799077376
1263110229962735619
1263110231065792512
1263110524902027265
1263110587728506880
1263110593923428358
1263110624395046914
1263110886358687745
1263110982148251650
1263111003094597632
1263111333270171650
1263111488665014274
1263111640859492357
1263111809139003395
1263112002613817344
1263112037938475009
1263112262329516037
1263112344252698624
1263112785371725824
1263112811166732290
1263112849716654086
1263113334561308673
1263113550953885697
1263114232171835393
1263114697374601216
1263114757365739520
1263114758728945665
1263114807143776256
1263114892258816000
1263115061280866306
1263115286854668289
1263115497115181056
1263115642804203524
1263115876963807234
1263116162596065280
1263116500036132864
1263116982527954946
1263117279727964165
1263117372749164544
1263117735518748674
1263118475645632516
1263118608298803200
1263118623121514496
1263119202099003395
1263119210642919425
1263119391538978817
1263119639845969925
1263121380251521024
1263121534962540544
1263121575252865024
1263121576095936515
1263121753003438084
1263121911564972032
1263121939503202304
1263121958591500289
1263122072206749698
1263122079089598464
1263122378214629376
1263122483181428737
1263122827454095365
1263122891765354497
1263122940582862849
1263123002805424129
1263123481870381056
1263123811815342080
1263123965851164672
1263124272383504384
1263124429472772096
1263124457478029312
1263124745446400001
1263124905756934144
1263125605454929920
1263125632696934410
1263126158100447239
1263126243316240386
1263126673660182530
1263126836734615552
1263126895111086081
1263127094617346054
1263127096924073985
1263127892181073921
1263128371992485889
1263128510354333696
1263128783399288832
1263128826109767681
1263129485043474432
1263129866955894785
1263130008794599425
1263130112825921536
1263130136641232902
1263130160225816580
1263130206421868547
1263131437483597829
1263131719500214272
1263131780070039552
1263131951868903425
1263132144349655040
1263132389301198849
1263132426395680772
1263132753660391425
1263132838058131456
1263132983269249032
1263133237943074818
1263133359380860933
1263133520026877953
1263133589358567424
1263133843311165440
1263133878664953857
1263134143896072193
1263134245121413121
1263134644129673219
1263134649934626816
1263134670465593345
1263134670855626754
1263134758785167363
1263134913546670080
1263135069184700416
1263135154303893505
1263135536581050369
1263135619519148036
1263135737995763712
1263135942736519174
1263136130557493249
1263136248295759874
1263136455314018304
1263137366258192386
1263137462689415172
1263137489138659329
1263137613789237254
1263137909588332544
1263137954085711872
1263138133652254720
1263138143328444417
1263138278645129218
1263138330738384897
1263138335020720128
1263138992410767372
1263139253401407488
1263139409987284992
1263139497761439746
1263139550362288129
1263139706566516736
1263139812514693121
1263139822077710347
1263139912976564224
1263139997437300740
1263140133483819009
1263140148210012166
1263140533859385344
1263141051507904514
1263141316386607105
1263141336040996865
1263141561682059266
1263141691495723013
1263141902444101633
1263142318460276738
1263142412114894853
1263143426813562880
1263143621638991873
1263143746062950402
1263144155380961280
1263144396297392128
1263144489364926464
1263144956014718976
1263145147887497220
1263145179793547269
1263145188173557761
1263145309405949952
1263145602314989568
1263145767683919874
1263146037088260098
1263146058089148417
1263146214838562817
1263146707967250432
1263146776527323137
1263147423909777411
1263147700842901504
1263148155455053825
1263148178091782146
1263148200258605057
1263148495063613445
1263148533005377536
1263148715034005507
1263148771128610826
1263149246649335809
1263149311615008775
1263149491517034498
1263149556423942146
1263149569023623168
1263149657678663682
1263149809822838784
1263149878768816135
1263150219660873728
1263150267563999233
1263150490935857155
1263150747610255360
1263151013491605504
1263151197357252608
1263151256287182848
1263151548529606662
1263151633678192642
1263152197065478144
1263152542726475777
1263153787923030019
1263154808560771074
1263155058067288067
1263155085372162053
1263155167072940032
1263155199121686530
1263155278272479236
1263155359566495749
1263155372908568576
1263155752748879875
1263155810231672832
1263155914485510145
1263157382714138626
1263157533398761473
1263157540231229441
1263157577761914881
1263157607285624834
1263157730921062401
1263158005584900096
1263158191510167557
1263159312911917058
1263160150535405575
1263160206588067842
1263160693710356481
1263160917891702785
1263161312047218688
1263161509586309121
1263161576674164737
1263161843000004610
1263162632070221824
1263162638634225665
1263162753939902471
1263163558067666950
1263163628053835777
1263163812544479235
1263163912268255232
1263164025975775232
1263165009359749122
1263165477221777418
1263166409154211847
1263166715615215618
1263166842962612232
1263167703071830019
1263167867060707330
1263167973671538692
1263168309014548480
1263168438824034310
1263168445362900997
1263168453449592835
1263168589739237376
1263168730512658438
1263168863820296194
1263168979079778304
1263169003956166661
1263169134759604224
1263169562993987584
1263169747639730176
1263169919270694914
1263170134975361025
1263170152385970176
1263170656662929415
1263170866071982086
1263170963363028994
1263170982002544640
1263170999702470656
1263171015082942466
1263171022674690050
1263171064617676801
1263171135883087872
1263171330792456194
1263171402250817539
1263171537324199936
1263172530195619841
1263174835498254337
1263174915756351490
1263174920764370946
1263175138993987589
1263175612472217600
1263175676540026881
1263175805825421312
1263175881314443266
1263176094880063488
1263177560546054144
1263177671233634304
1263177755014975492
1263177889136156672
1263178161656823809
1263178303583780864
1263178654798024707
1263178917516587010
1263179017328513024
1263179018494492672
1263179038211932165
1263179696738635778
1263180169457655808
1263180211530592256
1263180298260488192
1263180705359593472
1263181024063823872
1263181093810905091
1263181333502873600
1263181382630735875
1263181880326860801
1263182198032805894
1263182213727821829
1263182433513607169
1263182550945665024
1263182600031670272
1263182709804822529
1263182803509874689
1263182842571313152
1263182907029565441
1263182912175955970
1263183227558207490
1263183439798427648
1263183510644416512
1263183973586362369
1263184853408727041
1263185182498193410
1263185277234802695
1263185504675287040
1263185880732360705
1263186126749208583
1263186243774566402
1263186358127988736
1263186479506796544
1263186530459410435
1263186565993553920
1263186727474212864
1263186895036715009
1263187295265452033
1263187473359949832
1263187622060371978
1263187708140273664
1263187957101539328
1263187967423721472
1263188020452302849
1263188193802891267
1263188730912923651
1263189263686021122
1263189528845660161
1263189565570981888
1263189638946193415
1263189823021596672
1263190028538318848
1263190338262503426
1263190395426443264
1263191110555283456
1263191836413263879
1263192225640525824
1263192314274594816
1263192680248610818
1263193215970103296
1263193766334279682
1263193849561743362
1263194352362405888
1263194487012110337
1263194777958440962
1263194793129267201
1263194941389508610
1263195501173846016
1263196187231911937
1263196470251065346
1263197252635570178
1263197723991425025
1263197909820018690
1263197939272425474
1263198009690652672
1263198290444726273
1263199099769229312
1263199137744465921
1263201579013832704
1263201828927406081
1263202595155464198
1263202705058775041
1263202740227977217
1263202856955449350
1263202918825689088
1263203168135118849
1263203754008084480
1263203831351062533
1263203887928029184
1263204221681373186
1263205259142475776
1263205807224770560
1263207240422522884
1263207309045575682
1263208384041541637
1263208726271574016
1263209273502208000
1263209295837114368
1263209367567990784
1263209743935508480
1263209927163686916
1263210023691436039
1263210302042144768
1263210366722547713
1263210750698545154
1263211036716331008
1263211136356421632
1263211477735006210
1263211686145724426
1263211689236971522
1263212067491897346
1263212314540625920
1263212359352561664
1263212947586920448
1263212994751856643
1263213209793826819
1263213392472313856
1263214097635717120
1263214370802339841
1263214597781282821
1263215110190968835
1263215435157250049
1263215612572119042
1263215897449242624
1263215901756854273
1263215908287365121
1263215909998649347
1263215914843082758
1263216241680035846
1263216245706547200
1263216288857554946
1263216341760249857
1263216414950920197
1263216568281989120
1263216579417911296
1263216682752897025
1263216771487666182
1263216979483209732
1263217146093543430
1263217462893477889
1263217549568860167
1263218169432375297
1263219182646280193
1263219355476799492
1263219688189935616
1263219794406453248
1263219894562275339
1263220467055370244
1263220484788883457
1263220525859471361
1263220601222725632
1263221286479761408
1263221981677305867
1263222258019041283
1263222459031052290
1263222529306570754
1263222730884816898
1263222796618006532
1263222953359151104
1263223000414986240
1263223014486937600
1263223322860564482
1263223670731833344
1263223671470141440
1263223673575690241
1263223903318446080
1263223919814881281
1263223934234890240
1263224222630936577
1263224793010241536
1263224927303450627
1263224947507331082
1263225048300769281
1263225523066601473
1263225534667993090
1263225841624002561
1263226080539873302
1263226726076817408
1263226820792651776
1263226894109065217
1263226996844363778
1263227092390551554
1263227114997907458
1263227284116430848
1263227513402200066
1263227608881418241
1263227653135482880
1263227739441696770
1263227862800310274
1263227886733049856
1263228011970793474
1263228105633796103
1263228111946203137
1263228221098790913
1263228269228326919
1263228363193417728
1263228761333514241
1263229247159746560
1263229290440732673
1263229578828537863
1263229732641964035
1263229813520773120
1263230020476157953
1263230067175456771
1263230322457673735
1263230917193195520
1263231050358165504
1263231156008497152
1263231156239175682
1263232312499679232
1263232442057609216
1263233024793235459
1263233029557891078
1263233219287060480
1263233306180456448
1263233310228008960
1263233950148853761
1263234380283219970
1263234496087941125
1263234533958324224
1263235564750491650
1263235692274036737
1263235749173960711
1263236107543515136
1263236256965767173
1263237521993093129
1263238256092643329
1263239412068073474
1263239637453201409
1263240473503653888
1263240653779218432
1263241038891802624
1263241218630324226
1263242102823178242
1263242441320099840
1263242966497464321
1263243140049383427
1263243158512701442
1263243299755823107
1263243313957797894
1263244359887011840
1263244380053405697
1263244396293771265
1263244428283645954
1263244790206025735
1263245053465690113
1263245671852847110
1263245808356536320
1263246878252183552
1263247133106475012
1263247683038445570
1263248653139001345
1263249259408883715
1263249563114233857
1263249767179698178
1263250165290467328
1263251061072187392
1263253272103714822
1263253841786490880
1263254458735173632
1263255785036935168
