1347694626422059010
1347694654507134980
1347695047186276359
1347695057818804229
1347695117931597825
1347695403043594240
1347695471255543808
1347695716542652430
1347695968259629057
1347695993031155715
1347696523983921153
1347696578572804096
1347696603331784705
1347696688274829312
1347696801743306752
1347697252849098754
1347697333832716290
1347697443345981440
1347697618030358530
1347697633247322118
1347697958943404034
1347698095912603657
1347698365891547139
1347698493733953537
1347698495562649607
1347698653557878788
1347698733480349699
1347699040507604993
1347699141967835138
1347699343214698502
1347699356200173569
1347699408582946816
1347699631057199105
1347699717057216512
1347699721813569538
1347699751425363968
1347699821017247745
1347700022826168322
1347700341429710848
1347700384454897665
1347700578256871427
1347700879705710594
1347700941215174661
1347701196589563904
1347701793728434178
1347701981037658112
1347701990231601163
1347702073199091713
1347702122570199045
1347702189423263745
1347702192984252418
1347702197149175808
1347702201070841857
1347702262454505472
1347702268318068736
1347702541967097856
1347702584052768770
1347702643335032837
1347702645558046721
1347702747802558464
1347702845831847938
1347702868653056004
1347702933601845249
1347703157783228422
1347703208609800192
1347703526965846018
1347703897842978818
1347704096535552002
1347704389394423815
1347704674615517185
1347704726213849089
1347705568631414785
1347705955669209092
1347706010299981825
1347706178483216385
1347706290265612288
1347706390975029250
1347706814293553154
1347707417639989248
1347707446199017474
1347707555926183936
1347707783232286720
1347707811938131968
1347708069166411778
1347708510101000192
1347708755077722115
1347708961273884678
1347709135211687936
1347709146347540480
1347709165549064195
1347709743750643717
1347709840458657793
1347710052573044739
1347710116414550019
1347710129009995776
1347710132881412097
1347710278524424195
1347710492119363586
1347710695278743552
1347711237820444682
1347711268669583361
1347711433090412545
1347711480947421192
1347711560677027843
1347711606759841798
1347711795503443972
1347712089780056065
1347712130380947458
1347712229802713089
1347712259435466753
1347712371150749697
1347712403845353473
1347713054486704128
1347713943767298048
1347714196021145601
1347714197489127429
1347714436514115589
1347714561089089536
1347715036765167620
1347716017842221057
1347716076654784512
1347716106551627778
1347716584710819840
1347716619959734274
1347717692858519553
1347718341490843648
1347718540883853314
1347718873928364036
1347719079545761793
1347720189534740490
1347720252172341251
1347720332942188547
1347720462382587910
1347720750376120323
1347720911412219905
1347721032602431488
1347721332889448457
1347721464791916544
1347722440022106115
1347722533143982080
1347723482533126146
1347723704613150720
1347723810036981762
1347724775607525376
1347724981027921920
1347725700023906304
1347727524902658049
1347727831040626690
1347727857091567618
1347728538833661953
1347728558383394817
1347729557193961474
1347729818138324994
1347730040130318336
1347730267172188162
1347730310293819398
1347730766369841153
1347731100890787845
1347731364532137984
1347732001785315333
1347732191560740866
1347732318614675456
1347733895815561219
1347734279380459526
1347734356241100809
1347734901223784448
1347734915434033164
1347735239108472833
1347735281647104001
1347737091036356609
1347737092785377280
1347737899652046849
1347739506439376897
1347739876612046850
1347740228119887873
1347740365491761159
1347740433468841990
1347741396736880640
1347741428701605890
1347741921201053697
1347742985027510273
1347744373543469057
1347745183899783169
1347746489930559490
1347747262882082816
1347748242960879619
1347748830566088705
1347754302564012032
1347754488422146118
1347757458828242944
1347758602879184901
1347761012460589059
1347764787384438789
1347766057566695432
1347768447791370241
1347770773071667203
1347771717532450817
1347771807496024065
1347772099344039936
1347772337043759106
1347772742360330240
1347772778657804288
1347775621603069954
1347777104209993730
1347777622189621249
1347778294058545152
1347781103088791554
1347781141617635335
1347782125697835008
1347782920593928193
1347783157609877507
1347784477704151042
1347784584969261057
1347784638916390919
1347785810045771776
1347787292639977475
1347787631602651136
1347787689605652480
1347788231094448130
1347788350481170432
1347789618243100672
1347790443111731205
1347790889956110336
1347792638871801857
1347792724028698625
1347794124347478017
1347794150817673218
1347794685847351317
1347795188371042304
1347795240254660611
1347796006524612609
1347796138171232256
1347796544217640964
1347796586399674369
1347797257173807104
1347797318154801152
1347797644408725505
1347797735815196672
1347797795781095424
1347797985632124928
1347798119896010752
1347798260627464192
1347798478412517379
1347798624407851009
1347798721954770944
1347799221404110849
1347799290400432128
1347799368133451787
1347799521678520322
1347799736670183426
1347799738096242689
1347800074865225728
1347800273947914240
1347800274094747649
1347800624855973889
1347800713913643008
1347800886576377858
1347801065450823680
1347801191196065793
1347801267570151426
1347801311752957954
1347801392237473793
1347801534449520643
1347801540778545153
1347801684127469568
1347802795035013120
1347802857861472256
1347803510331613185
1347803755593551873
1347803947277365248
1347804043134054401
1347804270930890752
1347804590457151488
1347804676457172994
1347804685986635780
1347805334077902849
1347805757845217280
1347805950799994881
1347806249417633792
1347806543421517826
1347806562694254594
1347806756085366785
1347806901929652225
1347807069928386562
1347807351907213313
1347807419963944960
1347807482303946752
1347807782297341958
1347807821304360961
1347808199781576705
1347808607841226752
1347808831355703297
1347808851307982848
1347809028731232256
1347809080866385920
1347809085777977345
1347809085949943808
1347809086411333633
1347809361842884609
1347809430121959424
1347809535008894976
1347809539203223552
1347809875326332928
1347809926194876416
1347809943001460737
1347810201555111936
1347810647774523395
1347810840733315072
1347810976985473024
1347811033436590083
1347811052470366208
1347811188571328513
1347811372973875203
1347811450966962176
1347811595796279309
1347811877015986177
1347811902945193985
1347811996717244416
1347812130922356736
1347812241652019202
1347812522594885633
1347812671496839168
1347812862669037571
1347813094031036416
1347813156370984960
1347813349220876289
1347813707989069824
1347813772723974144
1347813833654546432
1347814112282120196
1347814266112516098
1347814290665967623
1347814334865563649
1347814647810961415
1347814701896499201
1347814853449281540
1347814871266701312
1347815018671308800
1347815129233166338
1347815137684713473
1347815244371030026
1347815370539864064
1347815371210833924
1347815373551243267
1347815382384566272
1347815389472894978
1347815425392967681
1347815629429088256
1347815687121735680
1347815693740339200
1347815719623405569
1347815739647000582
1347815753769234432
1347815766125649922
1347815874334363655
1347815884060979200
1347815957054562304
1347816048066785282
1347816051938111493
1347816105977524225
1347816134335209473
1347816235250167811
1347816256758571008
1347816314983821313
1347816324140052480
1347816427428970496
1347816493443145729
1347816513038921728
1347816608866168832
1347816629363621888
1347816636112392193
1347816691812675584
1347817061469335552
1347817072269651968
1347817075344093184
1347817308551606272
1347817377870868486
1347817459034816513
1347817510935130112
1347817569726713857
1347817594607325184
1347817677683879936
1347817712764989441
1347817974485417984
1347818076474105856
1347818079531765760
1347818080148328449
1347818120031965184
1347818138990100480
1347818260373372928
1347818272985653248
1347818533397389312
1347818576586092546
1347818723479068673
1347818763480133632
1347818996356308992
1347819010533031936
1347819162509389824
1347819366033858561
1347819479934398469
1347819526914764801
1347819763087642624
1347819775301398528
1347819837557518337
1347819904767062017
1347819981212430336
1347820023574880256
1347820065752813572
1347820178403430400
1347820371567915008
1347820403780186119
1347820751156604928
1347821039091404800
1347821210357428224
1347821229827350528
1347821582270529536
1347821635777294336
1347821662142558218
1347821662193020929
1347821701577502720
1347821707130765313
1347821803486396416
1347822154029658114
1347822165358383104
1347822257217921024
1347822435647836160
1347822679835901952
1347822724664721409
1347822874422358016
1347822921511743488
1347822937689227264
1347823172863860736
1347823218418188288
1347823284948230145
1347823324169179137
1347823347887968256
1347823454960103424
1347823525088911360
1347823573168246784
1347823731985559552
1347823753556877314
1347823808305094657
1347823934029361154
1347824183842115584
1347824184131530752
1347824185595322369
1347824232944836614
1347824295523868672
1347824450759225344
1347824660487004160
1347824795245826049
1347824819182698497
1347824885175869441
1347825061672210433
1347825070530387969
1347825148276187136
1347825263992778752
1347825315675074562
1347825409732308993
1347825415658864640
1347825425406435328
1347825721532706818
1347825764113264640
1347825774372528128
1347825906224652288
1347825924553793536
1347826051897057284
1347826052614279174
1347826094314020864
1347826144356298753
1347826258705604608
1347826289533706240
1347826317929177088
1347826515594145792
1347826596326105088
1347826601623494658
1347826602592391169
1347826663346810881
1347826671513120769
1347826695286489089
1347826700059611137
1347826880947380225
1347827075609210880
1347827284439400449
1347827430636052481
1347827530963816449
1347827689328173057
1347827745703809025
1347827778809450500
1347828070883983365
1347828121219821568
1347828190249676801
1347828205231759361
1347828344163868672
1347828344281210880
1347828447737995264
1347828675622948864
1347828828589191168
1347829019618791424
1347829036857352193
1347829036882534400
1347829149856129025
1347829211881357315
1347829267984474112
1347829317049446402
1347829969288884224
1347829986212904962
1347829988620435456
1347830018236407810
1347830117024862208
1347830121332416516
1347830185505280003
1347830204161523715
1347830430515548161
1347830441789812736
1347830471061864451
1347830471112019972
1347830471695106049
1347830472924033026
1347830478255042561
1347830503097966592
1347830528960036869
1347830662892548096
1347830670098386944
1347830718798422017
1347830863938121730
1347830870711947264
1347830876630089733
1347830882971885571
1347830929721585670
1347831186870030337
1347831191110635520
1347831262548025346
1347831329531027456
1347831549417447424
1347831596313931777
1347831669563265025
1347831726110867458
1347831800425570304
1347831804162695168
1347831864577417217
1347831900602302464
1347831930432221184
1347832035956682752
1347832063924330496
1347832070261911552
1347832114729938947
1347832164575014912
1347832191414382593
1347832288562860034
1347832315133755392
1347832316526284801
1347832394943000576
1347832531681423360
1347832592935104513
1347832653672816640
1347832932615016449
1347832979775778817
1347832986767601664
1347833182234804224
1347833231442391042
1347833262069207040
1347833309057974273
1347833397608140801
1347833465295810562
1347833684246876160
1347833942758592513
1347833945824632832
1347833945916911622
1347833993362870274
1347834002246422529
1347834060429733889
1347834099994677250
1347834258547748865
1347834300864094208
1347834307231047680
1347834313711214593
1347834330102587392
1347834434461044737
1347834537200463872
1347834713575202817
1347834772374999041
1347834781233385476
1347834940218601472
1347834943234318342
1347834991246528512
1347835041607520256
1347835339709284357
1347835361851039745
1347835441274380289
1347835588750307328
1347835671822688256
1347835754987323393
1347835805268660225
1347835843550052354
1347835849900224512
1347835921262116866
1347836058931769344
1347836191845081091
1347836248736600065
1347836287542321152
1347836377120075783
1347836412624830470
1347836499690201088
1347836572377505795
1347836607676751873
1347836703680163840
1347836717097750528
1347836725322768386
1347836733497503744
1347836749142257666
1347836806537097216
1347836930302607361
1347836941342015488
1347836965211828224
1347836967464140802
1347837128642867200
1347837181159739392
1347837246410526720
1347837381538414593
1347837537465868292
1347837719368622080
1347837770929156097
1347837886507442177
1347837931076120576
1347837976475217921
1347838020729319424
1347838026114871297
1347838036139270144
1347838067709779968
1347838271590719488
1347838306499911681
1347838382660055043
1347838404688535557
1347838407670685698
1347838436712058882
1347838471684186113
1347838485978296321
1347838493398077440
1347838516689035270
1347838522225516544
1347838537505366016
1347838552776830976
1347838555297611776
1347838559835840512
1347838653423345664
1347838669164601344
1347838686864560129
1347838964535758848
1347838988997038082
1347839023239340032
1347839024019492865
1347839062661586946
1347839104000684032
1347839221554434053
1347839241678712835
1347839282782883841
1347839400437313536
1347839414957871104
1347839496839172096
1347839537943343105
1347839653500563457
1347839678288973824
1347839797277175811
1347839799659524096
1347839819246952449
1347839989288153088
1347840089548873729
1347840179814457344
1347840250022912004
1347840289424220173
1347840543309656064
1347840544735592450
1347840547613003776
1347840612737937408
1347840662767599616
1347840770259251201
1347840885824827393
1347840934633996293
1347841037126033408
1347841197826596864
1347841278692777984
1347841326944026625
1347841471710425088
1347841594435772416
1347841662949724161
1347841733313388552
1347841807913201665
1347841835104948224
1347841939605958659
1347842053607198721
1347842214903353344
1347842243919556609
1347842277671137280
1347842295933054985
1347842341416165376
1347842449801175042
1347842451122348035
1347842484328685569
1347842516566028290
1347842531497824256
1347842559536730118
1347842602285080576
1347842644668526592
1347842754500583424
1347842835962322945
1347842910079901698
1347843029298720770
1347843061053796352
1347843061880074243
1347843078929985536
1347843093933002752
1347843226141646848
1347843232395386884
1347843251106160644
1347843262778929153
1347843263802314753
1347843283947565059
1347843318831575040
1347843447852556293
1347843510733565954
1347843589523582984
1347843644724834305
1347843653927055360
1347843789948407814
1347843880977395712
1347843890259365888
1347843921972498433
1347843926678523904
1347843951861116928
1347843952800636930
1347843967312932864
1347843972429975554
1347843975768666112
1347844023889895424
1347844037252952064
1347844079242141697
1347844084208164864
1347844109206228992
1347844147324071940
1347844348055089152
1347844555694026753
1347844751836536832
1347844871420305410
1347844905385799680
1347844945596600320
1347844960037560321
1347844991033421824
1347845115554000897
1347845139394420736
1347845334622478337
1347845485952950272
1347845539136757761
1347845562289319936
1347845569558028288
1347845570589839360
1347845570799546369
1347845571638423554
1347845572749905922
1347845573349670912
1347845575006306310
1347845585999683585
1347845623333203970
1347845700932005888
1347845765901725696
1347845772058963969
1347845780766384128
1347845782855163906
1347845784058949633
1347845791948353537
1347845821539119104
1347845821576970240
1347845821774008322
1347845846063345667
1347845904682938375
1347845971821137922
1347846029098569728
1347846035360645122
1347846143372382211
1347846167753748482
1347846240424390656
1347846249526005761
1347846257566429184
1347846351497916417
1347846447866257408
1347846494242668545
1347846555529830407
1347846603621740545
1347846637004214272
1347846683443556352
1347846784962408448
1347846838100107266
1347846842214711296
1347846888444321793
1347847006564327424
1347847026764111872
1347847035882496001
1347847061006389248
1347847161954885632
1347847207920295936
1347847271447191553
1347847305408475136
1347847335666188291
1347847468290105346
1347847539819765762
1347847540482469890
1347847572900225025
1347847611651338240
1347847614797115392
1347847631406448642
1347847640969588736
1347847645046464513
1347847719872720898
1347847723899383808
1347847751170727938
1347847760242995200
1347847795265449984
1347847883618443265
1347848045380165632
1347848193397190656
1347848297873108993
1347848300238692352
1347848319851225090
1347848336699744256
1347848352566833152
1347848368899432448
1347848370346487808
1347848383948587008
1347848444233318401
1347848482355367936
1347848815680888833
1347848910165975040
1347848965253967880
1347848991384477696
1347849052055023617
1347849072150011904
1347849129347710976
1347849166358278144
1347849213854552064
1347849341298503680
1347849456964816897
1347849542176296962
1347849605921304576
1347849693343211520
1347849760393330688
1347849760858927109
1347849793381527558
1347849840215134208
1347849847840399363
1347849847865372672
1347850016740810753
1347850059283640320
1347850181769908224
1347850190296928257
1347850224606310401
1347850261063233541
1347850293992677376
1347850364826038272
1347850369397874688
1347850547102167043
1347850576302895105
1347850578311966720
1347850588525121536
1347850638336663553
1347850707643326465
1347850734235226113
1347850854431289345
1347850861221994496
1347850901294297088
1347850917027209216
1347851047822368768
1347851183642341377
1347851193062739968
1347851232078163969
1347851296808857601
1347851395123326976
1347851403243495425
1347851403973292035
1347851561054203904
1347851641777770496
1347851654528434177
1347851767686508544
1347851779707437056
1347851794634969088
1347851802948100096
1347851810686558209
1347851869935333376
1347851905951805443
1347851949002129408
1347852006770307072
1347852042275086338
1347852109765627905
1347852114027028480
1347852206477877248
1347852265563049988
1347852447163817990
1347852535441334272
1347852543397928960
1347852545381826563
1347852599437963267
1347852680035758080
1347852693675630593
1347852856850870272
1347852858318876673
1347852908306571264
1347852961666502660
1347853037583405061
1347853119426756611
1347853120915718145
1347853166180790272
1347853171935367169
1347853175559217154
1347853209596006401
1347853209616994306
1347853233801322503
1347853250851184640
1347853311454674944
1347853323836256256
1347853522092634112
1347853581903396865
1347853601679486977
1347853638958534658
1347853704670695425
1347853741291167746
1347853761360896001
1347853777584451585
1347853821154906112
1347853999303761920
1347854031901892609
1347854122075238400
1347854128878399488
1347854130811953152
1347854132196089859
1347854253830844416
1347854268716478465
1347854302820380673
1347854366020149249
1347854387130019842
1347854467077701632
1347854575898939395
1347854633826451460
1347854738499506176
1347854810817589252
1347854930590240768
1347855018314104833
1347855050845118465
1347855101264850944
1347855213877727232
1347855381792485379
1347855536117702656
1347855561807831042
1347855622570651653
1347855633601744898
1347855635996618753
1347855791747903488
1347855836874465280
1347855916448833537
1347855968223305728
1347856075282915328
1347856105720963072
1347856164365754368
1347856192454983681
1347856198654177280
1347856331978498048
1347856390413549568
1347856400454742017
1347856507707281408
1347856571242577920
1347856588149837829
1347856596286775296
1347856709679607809
1347856905826402306
1347856905847402496
1347856906107424775
1347856954492903425
1347856989007843329
1347857034675429376
1347857096239419393
1347857124110585857
1347857175188795394
1347857216620142595
1347857283947106305
1347857444840550401
1347857476503404545
1347857515304906752
1347857606195478529
1347857754426368002
1347857801889124354
1347857849418993665
1347857934013886465
1347857989290622978
1347857994768384001
1347858103656706050
1347858141782880260
1347858152650399745
1347858158128160768
1347858168760709120
1347858392166125572
1347858440220266496
1347858464438169602
1347858695846244352
1347858868194447362
1347858951996645376
1347858992761024512
1347859022003777538
1347859022867804161
1347859084926722048
1347859118959317000
1347859159216250882
1347859164341657604
1347859171434225664
1347859193471053825
1347859222151782400
1347859223368118272
1347859258474377216
1347859268599472129
1347859370290384902
1347859374686011392
1347859407724544000
1347859413869146114
1347859422249365506
1347859486137057283
1347859506643017728
1347859561110245378
1347859785463508997
1347859815083765761
1347859835379920897
1347859921325469697
1347859993249390596
1347860004569812992
1347860032604483584
1347860086752997376
1347860089349287937
1347860128872222725
1347860220626817029
1347860243817127936
1347860293456699392
1347860315460030465
1347860352009199616
1347860380417196032
1347860385156751361
1347860394602336256
1347860428613939202
1347860438483132417
1347860520334974976
1347860672143642625
1347860677474607105
1347860690598580228
1347860707082182656
1347860742918307840
1347860750665183233
1347860769514393600
1347860837256613888
1347860851630485504
1347860870177705984
1347860921327218693
1347860984568958978
1347861107000684545
1347861445497794561
1347861590624919553
1347861628998529024
1347861665900081153
1347861751853965312
1347861779418918914
1347861820179177474
1347861826822934528
1347861828068585474
1347861836394360832
1347861853205049344
1347861897979318273
1347861936030048256
1347861940220162049
1347861949456011264
1347861962584154123
1347862104360017922
1347862154003755013
1347862160387563521
1347862317569089536
1347862344999854080
1347862554585006080
1347862581504053249
1347862606338551814
1347862680913240064
1347862829085454336
1347862940528103424
1347862982387109889
1347863028168077312
1347863047243771905
1347863142777446401
1347863211924725761
1347863266006093824
1347863301221478400
1347863349271392256
1347863421929332738
1347863437754290181
1347863473187905538
1347863756618014721
1347863941582639104
1347863961685938178
1347864003729620994
1347864117168766976
1347864129487441922
1347864207652515840
1347864217152606208
1347864274899775490
1347864292046098433
1347864304176017409
1347864309095919618
1347864318898008065
1347864360161566720
1347864443972165633
1347864448753655809
1347864453350617088
1347864468219424769
1347864482232610823
1347864501652254721
1347864533184999431
1347864535735136257
1347864555167354880
1347864611375165441
1347864694514733060
1347864774894383105
1347864790203559937
1347864803101069313
1347864831148384257
1347864864635682817
1347865031497625600
1347865037126443008
1347865056093085696
1347865151811293184
1347865198997065732
1347865258929565701
1347865277900480513
1347865337098874880
1347865389733179404
1347865418820673538
1347865429784588292
1347865442027757575
1347865483941474305
1347865499372314624
1347865516984172549
1347865543529926660
1347865570146996224
1347865626308726784
1347865641919926273
1347865648244912130
1347865682185220097
1347865701726515201
1347865771129581568
1347865801987076098
1347865842218913792
1347865928776740864
1347865936133550080
1347865943968522241
1347865972573687808
1347866020682334212
1347866085790523392
1347866129910398978
1347866150491873280
1347866207962210304
1347866208960466946
1347866218049503232
1347866225314029569
1347866315176996865
1347866490037530625
1347866490586984449
1347866632367067136
1347866743797129216
1347866746930290688
1347866758049312768
1347866892044808194
1347866971958865920
1347867208458919936
1347867220689506305
1347867244190117888
1347867341628059648
1347867348699541504
1347867460150702081
1347867532502429698
1347867578220343297
1347867579533168646
1347867664543141891
1347867703244173312
1347867715558666241
1347867772378902528
1347867838598553605
1347867860429918211
1347867974200406019
1347867974925840384
1347867984874889216
1347868059659350024
1347868106211921920
1347868189166809091
1347868191398236160
1347868225573412867
1347868242262568960
1347868249074053120
1347868302639554560
1347868345060700161
1347868417328615430
1347868417844502530
1347868496479342592
1347868529144569856
1347868635738550275
1347868713706520577
1347868763409051649
1347868810863370240
1347868839690854401
1347868907512737792
1347868960360984576
1347868990840954885
1347868995769278464
1347869067575758849
1347869088484364288
1347869088912203779
1347869191832006661
1347869196005339142
1347869252745879553
1347869294072365057
1347869307477381123
1347869423215005699
1347869481058578436
1347869494023229440
1347869531474157568
1347869564693053440
1347869645253050369
1347869698088726531
1347869744997806081
1347869784302563328
1347869784680095744
1347869891366432768
1347869928225964035
1347869988875546624
1347870014834167810
1347870094844702723
1347870177703161859
1347870203200286721
1347870376601255936
1347870377238736900
1347870392187318275
1347870399703474177
1347870488803110914
1347870494155018242
1347870581576884224
1347870602636500993
1347870650015371266
1347870747084152835
1347870750213083136
1347870866080747520
1347870890957144065
1347870981495414784
1347871081378541568
1347871110692540417
1347871131185901569
1347871276241707009
1347871492474867712
1347871515220582401
1347871588771885058
1347871645378236416
1347871651665473537
1347871758335012865
1347871818691051527
1347871844439887878
1347871990456180736
1347871999650107395
1347872002338648067
1347872110195204098
1347872132508868608
1347872177610231809
1347872218202710017
1347872227434360838
1347872333478965249
1347872355813625857
1347872491260276738
1347872500290621440
1347872518250635265
1347872559698751488
1347872643270242307
1347872705345941504
1347872755111309313
1347872806663561217
1347872846199087105
1347872881716424704
1347872883171860481
1347872940436697088
1347873014302564353
1347873020032004096
1347873122716971009
1347873169013678081
1347873178174029824
1347873252060774406
1347873256448159744
1347873356671021056
1347873503844831240
1347873579027853312
1347873705939111938
1347873813334265857
1347873832984588288
1347873916778393600
1347873932326694913
1347873974890491904
1347874054708015104
1347874096122634242
1347874163139162113
1347874259125882882
1347874326775738371
1347874504643665921
1347874529624944646
1347874564697698305
1347874603369172994
1347874632716726273
1347874645064736768
1347874714505633792
1347874762006036480
1347874831782596609
1347874884681138181
1347874906361516033
1347875030999453697
1347875246427279360
1347875280183058432
1347875311795523584
1347875316509908993
1347875369517506560
1347875379860660225
1347875412827918338
1347875474798759942
1347875478888206336
1347875533279928326
1347875552410132482
1347875615127560193
1347875628796825606
1347875655782969344
1347875696367050752
1347875699567243264
1347875736930156545
1347875771402973184
1347875773072347143
1347875804047413249
1347875823412457474
1347876018795794434
1347876135774920706
1347876229177888769
1347876234244612097
1347876280193200128
1347876285096230921
1347876341664915456
1347876366000263169
1347876398262841348
1347876407737806848
1347876431402065922
1347876432077344774
1347876574671101952
1347876606925279233
1347876619969568773
1347876659702149120
1347876705453662208
1347876743298883585
1347876779462156290
1347876844557774851
1347876893232680962
1347876911268196353
1347876916393553922
1347876937507729408
1347876949000155137
1347876949822222338
1347877016570376192
1347877027349598211
1347877032999481344
1347877171696644096
1347877278777151492
1347877293465739270
1347877344871116800
1347877417281413125
1347877419009642496
1347877501905809409
1347877507677229056
1347877526962647040
1347877631535030272
1347877653668376579
1347877703886774274
1347877916173082629
1347878033525518337
1347878089272020992
1347878124340596737
1347878146469744642
1347878388204261378
1347878394868994052
1347878403429584898
1347878467577241600
1347878538817527808
1347878588788441088
1347878667951734785
1347878710968512512
1347878883660595201
1347879155791237120
1347879185176530945
1347879202163449857
1347879265191260168
1347879362843058180
1347879363312836608
1347879387019042816
1347879584193261569
1347879617512796161
1347879657086087169
1347879737197264899
1347879881372270592
1347879934577041408
1347880022347034625
1347880028256808961
1347880046778867717
1347880058703249417
1347880105620725761
1347880120200146947
1347880132032270338
1347880148834652160
1347880222906003456
1347880226013982722
1347880253172162560
1347880350186414082
1347880358113665024
1347880412228575232
1347880524069613568
1347880556483239939
1347880556747493377
1347880600355688448
1347880625865433089
1347880816144220162
1347880820464377858
1347880827108159492
1347880976857391104
1347880995303944194
1347881039671287809
1347881052040265730
1347881269397479424
1347881269485572104
1347881350657880064
1347881388557668353
1347881639490310146
1347881665025224704
1347881676781842432
1347881686672019456
1347881822710095872
1347881876338442242
1347881898157215745
1347881963470905347
1347881980088754176
1347882045075304451
1347882056735404032
1347882063853182976
1347882165787361281
1347882203162816512
1347882223773634560
1347882251174948866
1347882305906495489
1347882320674627589
1347882338173202432
1347882402077691905
1347882407756787712
1347882424127119363
1347882445857845253
1347882580083961859
1347882601785270272
1347882728180604928
1347882748661420033
1347882765551882241
1347882770270445568
1347882818077151233
1347882960633139203
1347882994065956865
1347883005780631553
1347883049304944640
1347883052018630656
1347883170713239557
1347883246248480768
1347883258772676609
1347883268516040705
1347883284051668994
1347883314837913603
1347883320059850753
1347883323197161472
1347883334286925825
1347883334815391745
1347883335117377538
1347883349495451649
1347883354557919232
1347883400376496129
1347883402700185601
1347883425219420160
1347883492655439875
1347883679117410308
1347883776546906114
1347883798067875841
1347883809619013635
1347883833815834624
1347883834088464384
1347883834138759168
1347883834189041664
1347883854896525314
1347884023654342658
1347884035461308423
1347884154843762689
1347884170178146305
1347884179753758724
1347884210107916288
1347884312532758529
1347884322808881152
1347884336339693571
1347884365787918336
1347884459886997506
1347884583304523779
1347884590745210882
1347884637352316930
1347884650182684674
1347884705748803585
1347884732567220226
1347884817128456193
1347884920442671105
1347884931721142274
1347884936557195264
1347884961026764805
1347884986863677442
1347884988319072259
1347885062222704642
1347885170439942144
1347885182532132864
1347885327193690112
1347885398010298372
1347885424606375936
1347885437499682816
1347885511638188033
1347885522157527047
1347885528541261829
1347885563949568003
1347885570329079811
1347885619662491648
1347885645767839748
1347885678596673539
1347885789254983681
1347885849539653633
1347885905323945987
1347885919043547136
1347885952119820289
1347885952530841601
1347886054850887680
1347886350691831813
1347886373693509633
1347886431625207812
1347886534331158528
1347886535711084544
1347886546091958273
1347886549384515584
1347886579902275587
1347886597031796737
1347886630707879936
1347886643865378816
1347886797628575745
1347887093284958208
1347887101661032448
1347887104139866113
1347887114277564417
1347887174646165504
1347887262453927938
1347887282116845568
1347887318447878144
1347887380846567424
1347887381467328513
1347887394041827329
1347887452246204417
1347887455807090688
1347887481874649089
1347887539575791617
1347887545795964930
1347887555044397057
1347887575546130433
1347887596664467457
1347887598270885889
1347887623201812480
1347887732622848001
1347887784766431237
1347887797965877248
1347887816588603395
1347887835643338754
1347887884502773762
1347887896171339776
1347888066611048449
1347888067575771136
1347888224518213632
1347888236694282243
1347888292147163138
1347888310425948160
1347888312632147969
1347888314456694784
1347888323545751554
1347888335235276802
1347888353396588545
1347888380881874945
1347888460884041728
1347888593788874754
1347888660985876481
1347888676597096450
1347888770851418112
1347888902472945665
1347888910848946176
1347888932428673024
1347888951844106242
1347888953169485824
1347889011973611523
1347889071478231040
1347889116692631559
1347889117678354434
1347889174913945601
1347889225555972101
1347889233428676618
1347889366065143808
1347889444725125121
1347889479701438464
1347889480057974786
1347889562534686720
1347889683494297602
1347889774066081792
1347889801991778305
1347889805330415616
1347889839652397056
1347889856110850048
1347889868718952451
1347889886393741313
1347889935647436805
1347889945969643521
1347890062797713411
1347890156116860933
1347890190933782528
1347890216032497665
1347890228321775616
1347890310588854273
1347890357753815046
1347890376422653953
1347890385717223428
1347890431032496128
1347890434601852929
1347890618618490885
1347890651380244486
1347890660473450497
1347890700235517954
1347890710322802688
1347890734515572738
1347890803167928322
1347890834952376321
1347890870511673345
1347890876580847617
1347890921522737155
1347890949909839874
1347890956088078336
1347890958147461121
1347890958592053249
1347890960609517569
1347890986815524866
1347890994814070784
1347891010962120705
1347891054268264450
1347891078624649216
1347891107758301185
1347891109343723525
1347891120215232513
1347891122006327296
1347891122538950658
1347891186086895617
1347891188041449473
1347891205158350851
1347891207666544640
1347891221075734530
1347891251702616065
1347891275262021632
1347891316026433538
1347891336620466176
1347891358720274435
1347891361513697281
1347891412952616960
1347891637108822016
1347891748924760068
1347891869523521536
1347891873487138817
1347892045428494336
1347892118623318016
1347892163942772736
1347892187732848640
1347892318494457857
1347892392595099648
1347892444508123136
1347892458210918400
1347892491316559874
1347892534404644865
1347892782107680768
1347892796993261568
1347892826055577601
1347892853574402049
1347892924290371584
1347892981139968000
1347892998756036611
1347893079655784448
1347893145783173120
1347893152666017795
1347893159595044866
1347893297881210880
1347893366093189127
1347893514059849730
1347893602597400578
1347893637326188550
1347893779743780864
1347893822467039233
1347893833741250562
1347893890431541250
1347893965459218432
1347894075618447361
1347894223270531076
1347894286315089920
1347894293969707008
1347894322738421760
1347894409266946049
1347894438576742400
1347894498983096327
1347894596618117126
1347894667921264640
1347894789321216001
1347894822321971202
1347894833361379328
1347894898486358016
1347894962722140162
1347894979570577411
1347895088807084032
1347895188988026884
1347895201419960327
1347895235519639552
1347895298320949248
1347895312103387136
1347895339802632192
1347895530475540480
1347895668820606977
1347895690849091584
1347895702119182345
1347895807375192066
1347895825645641736
1347895831718989827
1347895867873898498
1347895909091315713
1347895912002179074
1347895956692496386
1347896134086381569
1347896146002403330
1347896333009637378
1347896369453948929
1347896401917857794
1347896491734671365
1347896581656346626
1347896664774897667
1347896673620660226
1347896681308725248
1347896723608375297
1347896789135978500
1347896792063627265
1347896855573753856
1347897032359469057
1347897070523478018
1347897099485147139
1347897108561612801
1347897207782039557
1347897220444647424
1347897254590427139
1347897349436301313
1347897408080982019
1347897427227934720
1347897453392101377
1347897477626789889
1347897584980025345
1347897614176579589
1347897616944803840
1347897721773031424
1347897734792179712
1347897903864569856
1347897937830014977
1347897982482608134
1347898017710485506
1347898019673468928
1347898046156304384
1347898065714360320
1347898090045505539
1347898127831998465
1347898151374622721
1347898165744332800
1347898166301978627
1347898290214465543
1347898296409485315
1347898351543590912
1347898403188051969
1347898419260645378
1347898428899139584
1347898481013383169
1347898484050055168
1347898488282083338
1347898523707187200
1347898556120768512
1347898573204156418
1347898640791203840
1347898655798403076
1347898669710905344
1347898688274915333
1347898737566298112
1347898774589468678
1347898799650451456
1347898853408665601
1347898853853442051
1347898939241066499
1347898969335230466
1347899021751431169
1347899167788691457
1347899177997635586
1347899189779439617
1347899205646475264
1347899223711358977
1347899280258949120
1347899331144249345
1347899364136660992
1347899465303285760
1347899474153242624
1347899478326579200
1347899527370584064
1347899535465525256
1347899668416573440
1347899731545100288
1347899739178754048
1347899888835710976
1347900124341673986
1347900211163766785
1347900220521275392
1347900231355162630
1347900246408523777
1347900302398263297
1347900312116461568
1347900381209243648
1347900452227190784
1347900498385510406
1347900577003544577
1347900688500719617
1347900695987572738
1347900709010886656
1347900790095179777
1347900872089600003
1347901140214669313
1347901190240137222
1347901206480498690
1347901232225120261
1347901293180891136
1347901306980233221
1347901344326307846
1347901350135422976
1347901462429507586
1347901571246530560
1347901603987271681
1347901767321858049
1347901769754370053
1347901778835206147
1347901831163375618
1347901864554213378
1347901975346733057
1347902064559587330
1347902087510818817
1347902133367091202
1347902192821313539
1347902203579813893
1347902223364354049
1347902270156005377
1347902284638932992
1347902335348051970
1347902340842577924
1347902344554549248
1347902438972547072
1347902462225756161
1347902480764575744
1347902497105600512
1347902578999361536
1347902579687256069
1347902593033527298
1347902676865077249
1347902821044277250
1347902823523090432
1347902881496764419
1347902906880634880
1347902949494820866
1347902951965274119
1347902970042724353
1347902992280911874
1347903134413312001
1347903266810716160
1347903297894678528
1347903298427355139
1347903468615430154
1347903478006493184
1347903515188998144
1347903516447301634
1347903516782821378
1347903605869834240
1347903608948465666
1347903654519566338
1347903722316292097
1347903803266367490
1347903834128068608
1347903846803271681
1347903928424394753
1347903989900316674
1347904018769702912
1347904027628081152
1347904034733232129
1347904074390372352
1347904101787570176
1347904103381409792
1347904137363652608
1347904138206699520
1347904203277168643
1347904217038655488
1347904314757558273
1347904327013298176
1347904334609195010
1347904351281541128
1347904369065390082
1347904502771441671
1347904504688214016
1347904670132563968
1347904686913957889
1347904722154479621
1347904743386066946
1347904748100472832
1347904808951361538
1347904829922934785
1347904910503899141
1347904932079349761
1347904936185655296
1347904947568979968
1347904968490147840
1347905061758918657
1347905161906286594
1347905195469058049
1347905208324681728
1347905219259232260
1347905280076607488
1347905344673087495
1347905483491962882
1347905531038609413
1347905552194695169
1347905734479147009
1347905754137767943
1347905816003829761
1347905858173284353
1347905858223677441
1347905895259365376
1347905964972929024
1347905970773622786
1347905998598631425
1347906002704883713
1347906051232903170
1347906092903362567
1347906121474961411
1347906186398617600
1347906377633714183
1347906457333878784
1347906543371608066
1347906559217643520
1347906577307742209
1347906700100202498
1347906798938955778
1347906805935038465
1347906819105181701
1347906837845340163
1347906884204978177
1347906909827960832
1347906915850989568
1347906984973127681
1347907010981982209
1347907114136723456
1347907120616894466
1347907169585401858
1347907244470448129
1347907311881302018
1347907401429766145
1347907405653434368
1347907456937168897
1347907488390275072
1347907521005178880
1347907547974524928
1347907554349879300
1347907562264551426
1347907603876245505
1347907623862087682
1347907642434457602
1347907729369784320
1347907740316934144
1347907788996042758
1347907796931661831
1347907868419182595
1347907973130158080
1347908009289256960
1347908022950096897
1347908052981264384
1347908213212065793
1347908219038011392
1347908222749958145
1347908244220620800
1347908296846553088
1347908324772216832
1347908359526215680
1347908360335745030
1347908443487793152
1347908461028368389
1347908495606214658
1347908497342652416
1347908498227683331
1347908501495021570
1347908575734206465
1347908583476916225
1347908700661555200
1347908837991469058
1347908847516704770
1347908878042849286
1347908920757669899
1347908935114764289
1347909053830324229
1347909059966545923
1347909070599159811
1347909086508175361
1347909164899692546
1347909258873077764
1347909329979125761
1347909345867161608
1347909360740143105
1347909383536173056
1347909395158593542
1347909491598233601
1347909509608591360
1347909562775568386
1347909563014656000
1347909570660888581
1347909578235797505
1347909601228972033
1347909636524044290
1347909653297029120
1347909663673741312
1347909684729159681
1347909689850425346
1347909747719213056
1347909771878400001
1347909799820845057
1347909808456933378
1347909876157177857
1347909951788904448
1347910001269100549
1347910026200043520
1347910114544644096
1347910190583209986
1347910209432379393
1347910250100387841
1347910329372717058
1347910342752546819
1347910384884342787
1347910403326668802
1347910427695587328
1347910429041950722
1347910469676359680
1347910480908713984
1347910530426675201
1347910583732097025
1347910599859171328
1347910616183427073
1347910647103807488
1347910780725899265
1347910806470610944
1347910825076527104
1347910863496372225
1347910951765487616
1347910996732616711
1347911001346215938
1347911018412912641
1347911057344499712
1347911067389865984
1347911105558011904
1347911239410671617
1347911301717229570
1347911306989498372
1347911393262112769
1347911416200777730
1347911474820349952
1347911499726127110
1347911499902291969
1347911556156301313
1347911593435291651
1347911593913430019
1347911659931791366
1347911674867691520
1347911682509709313
1347911761769484290
1347911794015293440
1347911850516742144
1347911905621454852
1347911919722782721
1347911941931593728
1347912025846984708
1347912026006413313
1347912047401586689
1347912082080079872
1347912082247864320
1347912090707775488
1347912091068473344
1347912277190651905
1347912281259175937
1347912285919051777
1347912292084703232
1347912301140176897
1347912332651933698
1347912416168960001
1347912421944524801
1347912447500431362
1347912504698155014
1347912609048236034
1347912628778237955
1347912742305411073
1347912754833879045
1347912777298534400
1347912789776605185
1347912810802671617
1347912826933936133
1347912827386945536
1347913005711953920
1347913028956803074
1347913055510913024
1347913092194299909
1347913188822675456
1347913292627505152
1347913342720090116
1347913369987244037
1347913370280800256
1347913439197409283
1347913518457249792
1347913518486609921
1347913527961522176
1347913534898896897
1347913540980666371
1347913564229685248
1347913589198348293
1347913601974214658
1347913718181617665
1347913765451427841
1347913804663955462
1347913870720053249
1347913888877182979
1347913959748345858
1347913975611187207
1347914024822992901
1347914038030827521
1347914042577399809
1347914061019807746
1347914194440613894
1347914239936253952
1347914274841255937
1347914281233362947
1347914313999273984
1347914334874333185
1347914343514578946
1347914385004646402
1347914407184097281
1347914407272206337
1347914468437729282
1347914532769976320
1347914687086788611
1347914732850860033
1347914780703662081
1347914781336993793
1347914801410961408
1347914906021068801
1347914939030237186
1347915054352629760
1347915112645079040
1347915188427763716
1347915196640202754
1347915217594961922
1347915250318897152
1347915269537226754
1347915274545225734
1347915299371233282
1347915308288372737
1347915310637195264
1347915331235418112
1347915405063548928
1347915416644046848
1347915431277948928
1347915473090916352
1347915557404872704
1347915561913769984
1347915584609071105
1347915600425844739
1347915606486609924
1347915678402174977
1347915697754681355
1347915698539012096
1347915739806765068
1347915768751673346
1347915813563543552
1347915881909792769
1347915884086644736
1347915957839257600
1347915981184782337
1347916001774612480
1347916035605856256
1347916089464913920
1347916103675215878
1347916105248026628
1347916106707718145
1347916134184611841
1347916165738278912
1347916245241356289
1347916250928861184
1347916285192118274
1347916312023068673
1347916315227525123
1347916395900784646
1347916398236995584
1347916513987145730
1347916570635481093
1347916624268038148
1347916687589437440
1347916744011223041
1347916745403584513
1347916789943070720
1347916793864724482
1347916829130448896
1347916844699709442
1347916859547525126
1347916883543158787
1347916912890675203
1347916922625650690
1347916951562182656
1347916964207976449
1347916965264977920
1347916965369798656
1347917049792757762
1347917085553418248
1347917095791685632
1347917102460653568
1347917132122697731
1347917155027845121
1347917225383104513
1347917247390638080
1347917264989925376
1347917267351318528
1347917291564969988
1347917307931222018
1347917308103110657
1347917331469623296
1347917409865359367
1347917409999593472
1347917459769204736
1347917490375061507
1347917576710590466
1347917586554630150
1347917641206403072
1347917681324908544
1347917701642137600
1347917782432817152
1347917797133844483
1347917811054747648
1347917816016601089
1347917877337354241
1347917907016228866
1347917911130845186
1347917917401309186
1347917942068039681
1347917943141773313
1347917948489519104
1347918010930102275
1347918067616149507
1347918093654388736
1347918104702185475
1347918112927178753
1347918121169014786
1347918240018821120
1347918286097420291
1347918299754094593
1347918300513259521
1347918310298497025
1347918399939239943
1347918402128633859
1347918442419122180
1347918447318081539
1347918492494921731
1347918494176849920
1347918550904631296
1347918561822580737
1347918585260290055
1347918595842584578
1347918605766291466
1347918625051709440
1347918630089072645
1347918661647036418
1347918665166020609
1347918683629375488
1347918722737053697
1347918740260872192
1347918761576312833
1347918787560038400
1347918813485010956
1347918842870300672
1347918896528027648
1347919018804584448
1347919143106977792
1347919205639856134
1347919248157515776
1347919257514995712
1347919295205027840
1347919305309114371
1347919315148951553
1347919362573950976
1347919375152652289
1347919384925376519
1347919389237141505
1347919473785905152
1347919474528317441
1347919632318009345
1347919734138925057
1347919746960912384
1347919755328561153
1347919857900277767
1347919900120125441
1347919918486986752
1347919946681098243
1347919947721302017
1347919965001830402
1347919981007269889
1347920000649211907
1347920039777890305
1347920170703056896
1347920254173933571
1347920284272226304
1347920336466161664
1347920338609442817
1347920355332153346
1347920386571300864
1347920476836868098
1347920486408314885
1347920551084503040
1347920565785550848
1347920578846593027
1347920608458403841
1347920638065971200
1347920662439075840
1347920669313531904
1347920717665415169
1347920747436646403
1347920813652111362
1347920820287451136
1347920840797642753
1347920871848087553
1347920885555081220
1347920913690480644
1347920921294757889
1347920959827750913
1347920980455419907
1347921063334838272
1347921072411197441
1347921074080653312
1347921110730493953
1347921128279441409
1347921132297584640
1347921144087769094
1347921233845870593
1347921252485361665
1347921277877690369
1347921290829684736
1347921332835594240
1347921345905106950
1347921379618910210
1347921400259108864
1347921402750521345
1347921444253134850
1347921444752207874
1347921447788957697
1347921505854828544
1347921515044601856
1347921527136792578
1347921546057232384
1347921571734843394
1347921573093781506
1347921690894983168
1347921719756021760
1347921725233750022
1347921734679351297
1347921808822046721
1347921851012558849
1347921920935800839
1347922011847352321
1347922137147990017
1347922205863239681
1347922228223074307
1347922231087820801
1347922245683965954
1347922305897406464
1347922326717927425
1347922363862700032
1347922369801834496
1347922402639028226
1347922460998393858
1347922554837737473
1347922566263017473
1347922612316475394
1347922625092345856
1347922645002690565
1347922835025620994
1347922863882383360
1347922878306660352
1347922891237691392
1347922915069734913
1347922929661714433
1347922961626501121
1347923056623284231
1347923097303851010
1347923151225823232
1347923417216016385
1347923429685665796
1347923466700394498
1347923552150970368
1347923567464378369
1347923581347491840
1347923592055410690
1347923640654954497
1347923678844104704
1347923757944467456
1347923793969360904
1347923840379326466
1347923982125817856
1347924096768622592
1347924274590470145
1347924280542113798
1347924297952628741
1347924368643551233
1347924392009998337
1347924432380186625
1347924443943870464
1347924455281078274
1347924520263442432
1347924597384105986
1347924633442537472
1347924700442275840
1347924711607574534
1347924726778310657
1347924729106149377
1347924770256523264
1347924808730882050
1347924827085168644
1347924848748728320
1347924849080094724
1347924894793805825
1347924899831164929
1347924990235205633
1347925107713388544
1347925107763773441
1347925122624212995
1347925151539728385
1347925186000072706
1347925198725591047
1347925207764369410
1347925262453895171
1347925280896278528
1347925319274143757
1347925388538871815
1347925399934820352
1347925408835104771
1347925429554991106
1347925472882130944
1347925485930622976
1347925507648737283
1347925558668259328
1347925570387116033
1347925665966944259
1347925721784741892
1347925790852321280
1347925797441572864
1347925805003907073
1347925847655768066
1347925876462284800
1347925953985597447
1347926008033386496
1347926083962765322
1347926115789115393
1347926136559382531
1347926169333727233
1347926209020260356
1347926230323113990
1347926237700882433
1347926245531648000
1347926369959890949
1347926394379132929
1347926486427324417
1347926503745613833
1347926662118330371
1347926906176475137
1347926908563034112
1347926926669737987
1347926927718428676
1347926957732679685
1347926966578667521
1347927007112396800
1347927070563827713
1347927073692725248
1347927096916639746
1347927180777545728
1347927336432365574
1347927347471802371
1347927358787907586
1347927373413576704
1347927400575856642
1347927473665822720
1347927620965593090
1347927625637875725
1347927734257901568
1347927740536807424
1347927761529270275
1347927835906875394
1347927837819465729
1347927923525898245
1347927967117291520
1347928019483111430
1347928030480654336
1347928053117288449
1347928097883041793
1347928177939775488
1347928180053725184
1347928199410446336
1347928214023401476
1347928253055586305
1347928351009353730
1347928356470325248
1347928463991255041
1347928502411141120
1347928562679111680
1347928606677282818
1347928610087313408
1347928616861130753
1347928618836570112
1347928637962674176
1347928639128690690
1347928650545590274
1347928658837712899
1347928663879282691
1347928667926753280
1347928694170509312
1347928745315864577
1347928811761971200
1347928878598266881
1347928882268299265
1347928893936840706
1347928944599851016
1347928945895890945
1347928985389432835
1347929045850337281
1347929056923291651
1347929067333541889
1347929102309863428
1347929132282339329
1347929153530712064
1347929181888376833
1347929219200913416
1347929226780016640
1347929242252808193
1347929391385423874
1347929395554562048
1347929529420029956
1347929542753710080
1347929558524317698
1347929645673553921
1347929758143827968
1347929773901803522
1347929779048239107
1347929787793289219
1347929794810417154
1347929849567051778
1347929852167516162
1347930017897058304
1347930041464848385
1347930149430431746
1347930189741907968
1347930312278478848
1347930372668084224
1347930378481381376
1347930651643813890
1347930660992905216
1347930695772069898
1347930713077784584
1347930747060023296
1347930867650461696
1347930872796876800
1347930883966332932
1347930950571847685
1347931113944190976
1347931133636345856
1347931158156349444
1347931181187276800
1347931217870647309
1347931329195859969
1347931364839055369
1347931373999419392
1347931383243689984
1347931388411072514
1347931408082366465
1347931436905541633
1347931439472504832
1347931440948850695
1347931445461970945
1347931475182813185
1347931514848366593
1347931610348462081
1347931675146268672
1347931707866030080
1347931800010682373
1347931819644231681
1347931832197787649
1347931864309370881
1347931894659350529
1347932002750763008
1347932003002421250
1347932039295758336
1347932231780675584
1347932234641252352
1347932279667109890
1347932339112964097
1347932392149798912
1347932394519724040
1347932482172297216
1347932525453307904
1347932541613977608
1347932584462966790
1347932594021785600
1347932637541888000
1347932643090980866
1347932755343134721
1347932818136064000
1347932840265207810
1347932875098894338
1347932918467932163
1347932945307332610
1347933031240232964
1347933081437691904
1347933123284185088
1347933187138347009
1347933192439914497
1347933205484220417
1347933340700127234
1347933345754345475
1347933444517593088
1347933776316407813
1347933843735670784
1347933852614987776
1347933855844610050
1347933953248927746
1347933994055323648
1347933997897277441
1347934027030925314
1347934045611708418
1347934108589158400
1347934153073963013
1347934372696043520
1347934398419767301
1347934469068566535
1347934509036142595
1347934537326714881
1347934542359891968
1347934620613017603
1347934680134377476
1347934729312604161
1347934737986412545
1347934961656094720
1347934992383561730
1347935027942879234
1347935086583422977
1347935093764075520
1347935176433815555
1347935214572593154
1347935247405608963
1347935389512835073
1347935417690152963
1347935551555596289
1347935637274558468
1347935661064654851
1347935674712928264
1347935763841867780
1347935767042134016
1347935853369241600
1347935862571544576
1347935897417760770
1347935935565090817
1347936036379373574
1347936050690334720
1347936067958276102
1347936094520823816
1347936169762328577
1347936171607916544
1347936172924829696
1347936173856083976
1347936179803594752
1347936293104320512
1347936384473042945
1347936385265782785
1347936439099658240
1347936452575948801
1347936537552576514
1347936684189618176
1347936742528217089
1347936745971658754
1347936757103407112
1347936780717318145
1347936811759255552
1347936898719895552
1347936952419573760
1347937050415263750
1347937058585718786
1347937169063768065
1347937197161209857
1347937397548474368
1347937437662605313
1347937588829704192
1347937607326511108
1347937611692859392
1347937627396300803
1347937688368930819
1347937704064016389
1347937813711433728
1347938216033320960
1347938273965047808
1347938281913253890
1347938397097250816
1347938431603789828
1347938470426275841
1347938502126788609
1347938534058041346
1347938542169845760
1347938542706708485
1347938738719100930
1347938777000513538
1347938814329823234
1347938835863379971
1347938935008186369
1347938959209410562
1347938979191156736
1347939046555836419
1347939298956500992
1347939343894253568
1347939410101346307
1347939433467826179
1347939434562514944
1347939467882061824
1347939519555907587
1347939560588775426
1347939594520637442
1347939792198242313
1347939806697893888
1347939857474203649
1347939864688418816
1347939872783347713
1347939913480740865
1347939930924855298
1347939950499667968
1347939977531895810
1347939989791903746
1347940022830428164
1347940024696844289
1347940104539615239
1347940252510527488
1347940322593153024
1347940578168856577
1347940624452837379
1347940634217295876
1347940656480718848
1347940740836564993
1347940758112886784
1347940808339709952
1347940885355442179
1347940905748148225
1347941066905944069
1347941254357774336
1347941267590836227
1347941323031142401
1347941355327262720
1347941364747661317
1347941432959578113
1347941451565572099
1347941607677505538
1347941640682549251
1347941779639848964
1347941783339151360
1347941813810831366
1347941822438453248
1347941873973915648
1347941956803039232
1347941988172238849
1347941999740071938
1347942031033823233
1347942429467570177
1347942542751502342
1347942616336367617
1347942746452086787
1347942846112935938
1347942858356043776
1347942866459521024
1347942895769292803
1347942981245034500
1347943016900734976
1347943039839461378
1347943095011303424
1347943294425313292
1347943298128896004
1347943367695544322
1347943422481543170
1347943511920959488
1347943601372860417
1347943691013550080
1347943713360781312
1347943745325568002
1347943751264722944
1347943774736019456
1347943819594108929
1347943965430079494
1347944009143099394
1347944231046795268
1347944328673583113
1347944399502716930
1347944420361072640
1347944501386604545
1347944603811508227
1347944731645534210
1347944734501834758
1347944806388002819
1347944987275579398
1347945033912229889
1347945140833439748
1347945241848909825
1347945248975171584
1347945299470393344
1347945339857330177
1347945367661211649
1347945491728920578
1347945516013907970
1347945543113334787
1347945581344415745
1347945660608360465
1347945699317604354
1347945853185642498
1347945855593177095
1347945928121004032
1347945947360350216
1347946020710309890
1347946081481580544
1347946144106733569
1347946487662055425
1347946506935021570
1347946532100841472
1347946537670873096
1347946618604187650
1347946708110602241
1347946946355470339
1347947008384970754
1347947026877734916
1347947031076220929
1347947090320756742
1347947150014107648
1347947160504061952
1347947217328476161
1347947248752222208
1347947259170861056
1347947293840912391
1347947417371631616
1347947470035234818
1347947491191357442
1347947554101731330
1347947712398897152
1347947783454666757
1347947870293536768
1347947887733448704
1347947943366684675
1347947999201275906
1347948189664620546
1347948204738928642
1347948352734965769
1347948353456365569
1347948453616377856
1347948491180552192
1347948653638508548
1347948685221572610
1347948696147779585
1347948748127793153
1347948765869707265
1347948813688967179
1347948983268864002
1347949000499064835
1347949009843998726
1347949050633609220
1347949149610782721
1347949292548464641
1347949307077550080
1347949357258125312
1347949595171708930
1347949625924313090
1347949642890309634
1347949874650689536
1347949923145281536
1347949932041351171
1347950001377468416
1347950072089161730
1347950381364604928
1347950421835440128
1347950445596184581
1347950498738024449
1347950560981487616
1347950595102044160
1347950600898703360
1347950605495656450
1347950651884658689
1347950663054069767
1347950815365853185
1347951001169489922
1347951091149897730
1347951172871729152
1347951219399139341
1347951243487019008
1347951264009740290
1347951266173919235
1347951266454855681
1347951267931328512
1347951268409446404
1347951268808028167
1347951270661816322
1347951271983140867
1347951274663292931
1347951345819672576
1347951396667207681
1347951408960708608
1347951501633871880
1347951510093754369
1347951543744561153
1347951630617108480
1347951653564116993
1347951812926713862
1347951890110312451
1347951985828442115
1347952252036788226
1347952282697129985
1347952338393329665
1347952370051899394
1347952529162854400
1347952532795101184
1347952536788066309
1347952537605971968
1347952569755303936
1347952593474039813
1347952672901627904
1347952696138084356
1347952717138956288
1347952734356598786
1347952743357546497
1347952888677543936
1347952985582800897
1347952993346457601
1347953029497171969
1347953032235986945
1347953049826942976
1347953074070020101
1347953089534447616
1347953242236465152
1347953249203195908
1347953269595906051
1347953505231917057
1347953572403679232
1347953859143020547
1347953865229004803
1347954008346996738
1347954141138743302
1347954208746704896
1347954213331075076
1347954490545233921
1347954548611149826
1347954549009620992
1347954550305673218
1347954768141025285
1347954779595689988
1347954931655995406
1347954967072661511
1347955021321801728
1347955022772973572
1347955049553649664
1347955069241745409
1347955212305231872
1347955250200768516
1347955279070187520
1347955323773087745
1347955346778836992
1347955410884558848
1347955418413346817
1347955426986516483
1347955479767625728
1347955553562107917
1347955561564958727
1347955658390429698
1347955668121231369
1347955684348932098
1347955773549268993
1347955781862305793
1347955870722830337
1347955909499219971
1347956100637859841
1347956184087715846
1347956215716970496
1347956438489034758
1347956451445272577
1347956496890540032
1347956526582009857
1347956540645453831
1347956685067976704
1347956724095975425
1347956801539624961
1347956939922300928
1347956943755816963
1347957017944743937
1347957186794840067
1347957257640828930
1347957295351803905
1347957376289288192
1347957426251825154
1347957555344060424
1347957564043096067
1347957568249987072
1347957612655108105
1347957876208377858
1347957966306222080
1347958000078741510
1347958205582876676
1347958246145994754
1347958362466635784
1347958365486526464
1347958387120726016
1347958408218103812
1347958460688850946
1347958526090555393
1347958547477311488
1347958759847583746
1347958775949500417
1347958815870906369
1347958833650540546
1347958839191228416
1347958863241293827
1347958958821154820
1347958960456925188
1347958970351235082
1347958979880693765
1347958985555587072
1347958999770128384
1347959034951966720
1347959073078173698
1347959373562339328
1347959417472503809
1347959447575015436
1347959518945288193
1347959591632560129
1347959728756944900
1347959754677751808
1347959980184498177
1347960025692708866
1347960033317949441
1347960084186492928
1347960086640152576
1347960120613941249
1347960152570408960
1347960197894041600
1347960206895042561
1347960228864815105
1347960231498809346
1347960384477667329
1347960615286038528
1347960655610056712
1347960735402512385
1347960920128024576
1347961048528277509
1347961069294252033
1347961211527303168
1347961275339460615
1347961299712544769
1347961339797450756
1347961377273610242
1347961386765324289
1347961522111262724
1347961736909959170
1347961892971671552
1347961974093729792
1347962092792520705
1347962114498056193
1347962266696691713
1347962280705712128
1347962448414969856
1347962529805381633
1347962590966599680
1347962599611240454
1347962604287909890
1347962746084745218
1347962860878450689
1347962889630609413
1347962962355609607
1347963080127479810
1347963138113679361
1347963185333219329
1347963198364909568
1347963271341608963
1347963355009486853
1347963366728491009
1347963383497318403
1347963513067757570
1347963567354556418
1347963665186746373
1347963869701025795
1347963874587385857
1347964046851633164
1347964095660777474
1347964130393808896
1347964232957100033
1347964423340756993
1347964475744382977
1347964501774258177
1347964552453959681
1347964705084760071
1347964740451110915
1347964758801133575
1347964845682020353
1347964861179899904
1347964898417004546
1347965070794514435
1347965120765435912
1347965163270504453
1347965346590969859
1347965364269887489
1347965549423243269
1347965553781190657
1347965689663991809
1347966034989486081
1347966169064615939
1347966246554370049
1347966257581223936
1347966319531077632
1347966331744874497
1347966371154468866
1347966399017316353
1347966444739424256
1347966468902760449
1347966514163556353
1347966617506832386
1347966617578192898
1347966784754876418
1347966846893510657
1347967123872751623
1347967130835312652
1347967197008826369
1347967200813056002
1347967215182753814
1347967334569435138
1347967398226386945
1347967417016844289
1347967574982578176
1347967589847363584
1347967634873188352
1347967733347078148
1347967774384123908
1347967845808926720
1347969014748897283
1347969058822619136
1347969125784629254
1347969178129592321
1347969277454921745
1347969294609625098
1347969524235182083
1347969638328631296
1347969717802323969
1347969727373717504
1347969774672875520
1347969854276595713
1347969931636305925
1347970033868283906
1347970146183294989
1347970185190387712
1347970211656380417
1347970222666506240
1347970225959034880
1347970233756213250
1347970322750955522
1347970497573761030
1347970501403095040
1347970564049285124
1347970643850010624
1347970645389430786
1347970766143447043
1347970895067930632
1347970914521141248
1347970934418907147
1347970994200342535
1347971021584916499
1347971062806536192
1347971067713871876
1347971256881176579
1347971257443213319
1347971266125422593
1347971296815165440
1347971305996476418
1347971310459170817
1347971311176450054
1347971342818283521
1347971395221860354
1347971398937890816
1347971408710815744
1347971445129940993
1347971545780670468
1347971564189458432
1347971681151811584
1347971710767792133
1347971756624064512
1347971765537038351
1347971881744392205
1347972039848697857
1347972083167408129
1347972157096259585
1347972202176651265
1347972520083918854
1347972537116991493
1347972592729260032
1347972611763003392
1347972643933331460
1347972648320585734
1347972741689966593
1347972748417626113
1347972773394731010
1347972832509259776
1347972959235928067
1347973020468568064
1347973057848217607
1347973058057924609
1347973122901897216
1347973128547348483
1347973166182895617
1347973210420219905
1347973242867343367
1347973259720065026
1347973301537284097
1347973337658568705
1347973360492417024
1347973423084011530
1347973423700570115
1347973477236699146
1347973480877273088
1347973566319501318
1347973663979491329
1347973729914122243
1347973899422728193
1347973916954742785
1347973935774752770
1347973939230777344
1347973959141175303
1347973975436095490
1347973998999724034
1347974021640564736
1347974053039022080
1347974167296147458
1347974172627099650
1347974213311864833
1347974240205746177
1347974458666053634
1347974471714545664
1347974506011308040
1347974647363612672
1347974649473347584
1347974679588450307
1347974690447388672
1347974759267655683
1347974813789396992
1347974884316610567
1347974991636275202
1347975001799094273
1347975032409042948
1347975103267688452
1347975173757149186
1347975184330993664
1347975403089113088
1347975410299101184
1347975506369634304
1347975656638992384
1347975690453397508
1347975697684434947
1347975709625622528
1347975762004078595
1347975781918650390
1347975894103711747
1347976121091035138
1347976206529007621
1347976375886602242
1347976435932286977
1347976439660994562
1347976565162979328
1347976597593333760
1347976600009248785
1347976700668342280
1347976728619196416
1347976740296142850
1347976766174994433
1347976821590151173
1347976917329321987
1347976981950947328
1347977051719004164
1347977195935985666
1347977301229756417
1347977344196214786
1347977348746981387
1347977870581358594
1347977897315856388
1347978006485225477
1347978145538969600
1347978173179428866
1347978213247447041
1347978279014297600
1347978363751817216
1347978415920599041
1347978584623898625
1347978616844529670
1347978645743267841
1347978701544321024
1347978702248943616
1347978743877431296
1347978763527708676
1347978999935467522
1347979087361552386
1347979204365836289
1347979230567657473
1347979236376780802
1347979249215557633
1347979332510232579
1347979456519041024
1347979471563984896
1347979472520302598
1347979473795358722
1347979577281425411
1347979589381804032
1347979592808751105
1347979905263394817
1347980044073918476
1347980147249590286
1347980164567867392
1347980314728128512
1347980345803681804
1347980394935832576
1347980403752267779
1347980446760628227
1347980454926942221
1347980578302398464
1347980604168687621
1347980626947928066
1347980658933698569
1347980707629576201
1347980892128608258
1347980939771715590
1347980944226082816
1347981003273498627
1347981103781568513
1347981121489932297
1347981179451015177
1347981193355079684
1347981242369781761
1347981246165622784
1347981264175951873
1347981264830296064
1347981285277503495
1347981338243178496
1347981339891523584
1347981431218253826
1347981465275928577
1347981466051858432
1347981468040130564
1347981468224479232
1347981504006250497
1347981529537015808
1347981549648683014
1347981591075762176
1347981628145082368
1347981640862228480
1347981648579719168
1347981670515957762
1347981699129483264
1347981716971900929
1347981717131313153
1347981731182366723
1347981776816369675
1347981778930315265
1347981785762844672
1347981790443692035
1347981794558308354
1347981822257475585
1347981834198675460
1347981958815604740
1347982064033927168
1347982133734871043
1347982145848037380
1347982172020486155
1347982216186486788
1347982258456702978
1347982271970758656
1347982279457574912
1347982288970264578
1347982300433276934
1347982306175295489
1347982358654365697
1347982380393496578
1347982815380594688
1347982831012753410
1347982882250350600
1347982923572666368
1347982927842443265
1347982942686081024
1347982965649911814
1347982974483128321
1347982976513150977
1347983064299958273
1347983069995786246
1347983082528395264
1347983084839444488
1347983128279867394
1347983132021153797
1347983136601337858
1347983235977007105
1347983278817599499
1347983411953213440
1347983445671235587
1347983520644423681
1347983658934743045
1347983671727415298
1347983702454886407
1347983730049052672
1347983811246751745
1347983845115781122
1347983903580168194
1347983927949070337
1347983961318940677
1347983992168001542
1347984056324075526
1347984083889102850
1347984097738686467
1347984099051495424
1347984183029882880
1347984278177648642
1347984283462463490
1347984319910969350
1347984335312445442
1347984463863685120
1347984479139323905
1347984495878823937
1347984556587175936
1347984583053217793
1347984590649090049
1347984611129831426
1347984626921295872
1347984629660348420
1347984661121740802
1347984699164143621
1347984735767822338
1347984758828130306
1347984785042513924
1347985014873579525
1347985063762419712
1347985067608596481
1347985095680995329
1347985159702904834
1347985169416925190
1347985199154536454
1347985218444161024
1347985220805517313
1347985224261632015
1347985240061566985
1347985245245726731
1347985288786796545
1347985305333358594
1347985348534661124
1347985355392360448
1347985385096359937
1347985446727528451
1347985530949136389
1347985676000784387
1347985821085949957
1347985959816720385
1347986018440511490
1347986044248055815
1347986069489332226
1347986180260974592
1347986182811115521
1347986189157085185
1347986238683406339
1347986247046860801
1347986298649403392
1347986353959612424
1347986369466032129
1347986639239438336
1347986696873385985
1347986763101437955
1347986773134233600
1347986965199794177
1347986991984615424
1347987038671396867
1347987054295216133
1347987140953710592
1347987142803398658
1347987176211021827
1347987251125432333
1347987332075499521
1347987439848222720
1347987509947600896
1347987543116161026
1347987567019511808
1347987614482255872
1347987635558559745
1347987697974075392
1347987767071027201
1347987793767759872
1347987835673059329
1347987874411655175
1347987902077218818
1347987915712978944
1347987924621656065
1347987944167116800
1347988111838638080
1347988143232921603
1347988152473022464
1347988304520753156
1347988407159574532
1347988414155649027
1347988523052367875
1347988585513971719
1347988615645835264
1347988707077402625
1347988750324916224
1347988844872925184
1347988862077972480
1347988883653455875
1347988887076007936
1347988920726921232
1347988962795786240
1347989016700833792
1347989068869722117
1347989131536773120
1347989135039094784
1347989176520740867
1347989217238986766
1347989253259743233
1347989260985643010
1347989283127390208
1347989287330045953
1347989295802560512
1347989331835813888
1347989372340211721
1347989375762759680
1347989385476759559
1347989556084273152
1347989634664554498
1347989689949704193
1347989690239082496
1347989694123028485
1347989752650334218
1347989793515429891
1347989823181770752
1347989833461981184
1347989852059557892
1347989922318348293
1347989962290049025
1347989984008142850
1347990013166952449
1347990043445633032
1347990047929356290
1347990050479472647
1347990187108921346
1347990283850493955
1347990301227495425
1347990432198897671
1347990480630542339
1347990648675250176
1347990652559175681
1347990666442272768
1347990740174073859
1347990776765173764
1347990816216788993
1347990941945262081
1347990947607490561
1347990976887984131
1347990978435706882
1347991018415730688
1347991180718518272
1347991198506643456
1347991201824321539
1347991227929604099
1347991243637338113
1347991329666641923
1347991332640456709
1347991445949571072
1347991597380677633
1347991607853936643
1347991646789578758
1347991711549706245
1347991866357264388
1347991912674947079
1347991980480077827
1347992053095956481
1347992083945107459
1347992129075871750
1347992134046113796
1347992157756514307
1347992273095708672
1347992380604092419
1347992381673631746
1347992393149263876
1347992393493176321
1347992401147801601
1347992509062983682
1347992544496541697
1347992657520422914
1347992742195036160
1347992796851007490
1347992838747942912
1347992922382340101
1347993044679847936
1347993082671886342
1347993090427117569
1347993148325322752
1347993162606923779
1347993209172070400
1347993232957988865
1347993259319173120
1347993268311756806
1347993416341348353
1347993420409794564
1347993432275488770
1347993454555656194
1347993488881807360
1347993491381641217
1347993496662192130
1347993553763520517
1347993611573592066
1347993743123763201
1347993813000839184
1347993904730267649
1347993967774867466
1347993973277782018
1347993986326265857
1347994037471629312
1347994038167883786
1347994059625914370
1347994059902754816
1347994123702325248
1347994228337610762
1347994236407394305
1347994282947448836
1347994286139256835
1347994296000143361
1347994320893259777
1347994398299213825
1347994488963272704
1347994549776502793
1347994551240126464
1347994557225566215
1347994561763831809
1347994798884614144
1347994804978933762
1347994857097351171
1347994864126992384
1347994936055107587
1347995062920216576
1347995164904742912
1347995219824926723
1347995255526862850
1347995279543427073
1347995299944554497
1347995315949989888
1347995320202965000
1347995378344472576
1347995397743112195
1347995404927954960
1347995537384071190
1347995558041030656
1347995660029734919
1347995936828620801
1347996093397741571
1347996131972821000
1347996152801669122
1347996376202883076
1347996432150769670
1347996476572643336
1347996501256056836
1347996562727686144
1347996566099935232
1347996567073136655
1347996567341584384
1347996610224123904
1347996619975888897
1347996625868894211
1347996649063329793
1347996675583963141
1347996753908420613
1347996824049692672
1347996902802022406
1347996957214699521
1347996959781638147
1347997080665550849
1347997148026183682
1347997173431087104
1347997236135940099
1347997252896378891
1347997332210655234
1347997335591268353
1347997342381842434
1347997356432760834
1347997480001138691
1347997554122878978
1347997571063685122
1347997760595832834
1347997844725248004
1347997875419181059
1347997925251678209
1347997999872569345
1347998047821852672
1347998078876446726
1347998086816280586
1347998183750848512
1347998190809862145
1347998301480738823
1347998308137054209
1347998345025957889
1347998378173591552
1347998411128266763
1347998479147270147
1347998485178703873
1347998515667070986
1347998664912994304
1347998674949971968
1347998725000593413
1347998748983623681
1347998785763467265
1347998867854422017
1347998948389236740
1347999050017222659
1347999090710257664
1347999131025997825
1347999236009426951
1347999246973345794
1347999332046417922
1347999385142095873
1347999410609909761
1347999438506250242
1347999538267742217
1347999729888747521
1347999761488637954
1347999780073598976
1347999810511663107
1347999885858107394
1347999897484718083
1347999911732776964
1347999962173472770
1348000007677423616
1348000012551262208
1348000052204204032
1348000057505808390
1348000168864526342
1348000215446511618
1348000232492191744
1348000339497160705
1348000341258891269
1348000346300362753
1348000371730505736
1348000373529841669
1348000386662232066
1348000397835853824
1348000404626403329
1348000522436014099
1348000601678950402
1348000685321826311
1348000712127619086
1348000764585766916
1348000787780218883
1348000906546208768
1348000954231173130
1348001004688650243
1348001111865749507
1348001123093897217
1348001230866550786
1348001267495403522
1348001271953895426
1348001358562156544
1348001414795173892
1348001476715679745
1348001479282614276
1348001531426201601
1348001605036220419
1348001684316893187
1348001688758718465
1348001728910794755
1348001781524127746
1348001796543963137
1348001875853979650
1348001880442630147
1348001909974642694
1348002015234977796
1348002213130604549
1348002348816343040
1348002405036732419
1348002475417210881
1348002553171243017
1348002886157004804
1348002940657786885
1348002953693712386
1348002982428872708
1348002993581522946
1348003107209359368
1348003109893795843
1348003250381991938
1348003256698630144
1348003275140968449
1348003344300834825
1348003426806980609
1348003438181937158
1348003494939267087
1348003550287290374
1348003619640127490
1348003670374440960
1348003708446142464
1348003742109609997
1348003826108796934
1348003837647458310
1348003839274844160
1348003842634473475
1348003843213291520
1348003854869286915
1348004016219955202
1348004022968610819
1348004072209723394
1348004072599777283
1348004114840514560
1348004121790578690
1348004124105691136
1348004160810192897
1348004228208455682
1348004264946388993
1348004269023232002
1348004451349651463
1348004484685959170
1348004530999455745
1348004622816989186
1348004641297018883
1348004641632636929
1348004790798872585
1348004849271627787
1348005030062911488
1348005157334867969
1348005268878209027
1348005330870009857
1348005465729495041
1348005518766436354
1348005524521025540
1348005614908280832
1348005621635969027
1348005786316918787
1348005825831436289
1348005899928035330
1348005954021978113
1348005960078524422
1348006034833604612
1348006147928829953
1348006255948922880
1348006484513333254
1348006516985634818
1348006518902321152
1348006531632148484
1348006542902255621
1348006550934335497
1348006592986435584
1348006661001269252
1348006759479324673
1348006838244143106
1348007029290508289
1348007102116204544
1348007228419223554
1348007307825848326
1348007433587855362
1348007444706979841
1348007533852684292
1348007533924003840
1348007583848800260
1348007623518515200
1348007652857700353
1348007684092649472
1348007702656655368
1348007762471608324
1348007789847842819
1348007867463462915
1348007941681635330
1348007943137095680
1348008019884441602
1348008114386329601
1348008232304996356
1348008269818769417
1348008461792108545
1348008655065542657
1348008701832134657
1348008708853411843
1348008953536536577
1348009025062002689
1348009066665271297
1348009134319407104
1348009173397680129
1348009183761879040
1348009267937370115
1348009268839120898
1348009342671474690
1348009461668073472
1348009463370932225
1348009479305093123
1348009492789796866
1348009533122224131
1348009590416416768
1348009594086420484
1348009624323182594
1348009709136203778
1348009713645084674
1348009718338482181
1348009781160796162
1348009813964447749
1348009959313833994
1348009972181987329
1348010003228225537
1348010093510594563
1348010161106022403
1348010188247281664
1348010430548094977
1348010450567503878
1348010564195389443
1348010591680671748
1348010702921994241
1348010718231195649
1348010835264888835
1348010982656921601
1348011029574410242
1348011071718772736
1348011086918938624
1348011107810734081
1348011117575090176
1348011161254551554
1348011187766779904
1348011248772911105
1348011308407468034
1348011388631986177
1348011408202592256
1348011451957571585
1348011514414956547
1348011557729529858
1348011572602544128
1348011654357921799
1348011664172437504
1348011748113178627
1348011852970790917
1348011896276987904
1348011896683835395
1348012163953254401
1348012265426079746
1348012423115104260
1348012454492708866
1348012462591848449
1348012494552518657
1348012661821337608
1348012897163751437
1348012997688635397
1348013070799556610
1348013157172834305
1348013173597741057
1348013265356419072
1348013489441398787
1348013644303446019
1348013815426904066
1348013829582688257
1348013874444951554
1348013900894269440
1348013979659083778
1348014005202411522
1348014113239273483
1348014152237920256
1348014225814380544
1348014227307552775
1348014265089798146
1348014278629072904
1348014280134848519
1348014285105070080
1348014391615246349
1348014431695998978
1348014450561974272
1348014463308455937
1348014521886117889
1348014595823325190
1348014647769784324
1348014664345657346
1348014725947338756
1348014776178323468
1348014864770478087
1348014932542029830
1348015070886944768
1348015196447649795
1348015203242430465
1348015248104689666
1348015277087350785
1348015295403851780
1348015346045906945
1348015394167119874
1348015418657665024
1348015456372797447
1348015505211334657
1348015639680716800
1348015702322589697
1348015709406769154
1348015807486439430
1348015908787277825
1348015924754972678
1348016006023802888
1348016322249191427
1348016382122848258
1348016480387035136
1348016487353769985
1348016505095675912
1348016507037618178
1348016629087670276
1348016674411323393
1348016677557051394
1348016716828319744
1348016742396788740
1348016742887526402
1348016982952710148
1348017026762223616
1348017078775799810
1348017095125200900
1348017141430235137
1348017145968525313
1348017168479301641
1348017200603439104
1348017354433814535
1348017440941342721
1348017483932954630
1348017485220605953
1348017602266857472
1348017675734310912
1348017769544097795
1348017798468038658
1348017959768354816
1348018024117399552
1348018162646790147
1348018385037176832
1348018449222610945
1348018458802466817
1348018458890559490
1348018662154919941
1348018805277159431
1348018846624591874
1348018883295404034
1348018924936376324
1348018930179338240
1348018940329517056
1348018986395594752
1348019044142743560
1348019057476444162
1348019058994769921
1348019069409226752
1348019076724043782
1348019214615937024
1348019256131284994
1348019260828868609
1348019443549540355
1348019451497734153
1348019460859428867
1348019471802396672
1348019491721064450
1348019673502277642
1348019824094535681
1348019863810428930
1348019886405144579
1348020013756801025
1348020032329150465
1348020052956766214
1348020061668315139
1348020159554924545
1348020300412309506
1348020314794504197
1348020401784426498
1348020606470676480
1348020632097878018
1348020690209935364
1348020792475459585
1348020821118382080
1348020845889925123
1348020984490692609
1348021037661872133
1348021141143756802
1348021302523699200
1348021307376627712
1348021359524372480
1348021421759467529
1348021469662556163
1348021505641377792
1348021535282442240
1348021563417890818
1348021795727798273
1348021806133817350
1348021809023737868
1348021864929628162
1348021951587966977
1348022027937054722
1348022135499988994
1348022138121428993
1348022195801493506
1348022237690028032
1348022259261329409
1348022352752345089
1348022464626962435
1348022481420955654
1348022491034300420
1348022537230409734
1348022548064137216
1348022615877840908
1348022738955468805
1348022911320403969
1348022938621136899
1348022944711237634
1348022986188615681
1348023160986357763
1348023208046452740
1348023326371946502
1348023481728987137
1348023482169368584
1348023482509119495
1348023520060698628
1348023621957152770
1348023714269573123
1348023715880198147
1348023883694284800
1348023963474132994
1348024141417488386
1348024511812268033
1348024653013536773
1348024693324984320
1348024759540469760
1348024765571862530
1348024952449101825
1348024970031591427
1348024997743386625
1348025156921413635
1348025235749089280
1348025265977503749
1348025290577113088
1348025323305246722
1348025436312383490
1348025506025918465
1348025583574396929
1348025606735360002
1348025667590479872
1348025703393079299
1348025719444676608
1348025739128565764
1348025753070403584
1348025941117841412
1348026023129047042
1348026160534454272
1348026181199802369
1348026199101083648
1348026264205074439
1348026327287402498
1348026361110269953
1348026424188395522
1348026442299400193
1348026684545634305
1348026757711089664
1348026918675865601
1348026976746037262
1348027017569173504
1348027054592241668
1348027069578543104
1348027220292497421
1348027259521818628
1348027278438109187
1348027319299006464
1348027457371303937
1348027550287716353
1348027573612273664
1348027640586907651
1348027652188336129
1348027764146905089
1348027980229074947
1348028016342036481
1348028025447854081
1348028032653668353
1348028056879980554
1348028151050498048
1348028185502502912
1348028223137984514
1348028226208210957
1348028245862658050
1348028282692726784
1348028285989613570
1348028348535087108
1348028390213869570
1348028394500485124
1348028475236642816
1348028481536462851
1348028548498518018
1348028630656577538
1348028636226613250
1348028657239994377
1348028714123218944
1348028818993381381
1348028825788182528
1348028936639361029
1348029123395022849
1348029212737867777
1348029582348328966
1348029640565264385
1348029669996720141
1348029704960409601
1348029730168197122
1348029737768280065
1348029753777922058
1348030201993818113
1348030223774846976
1348030300891336713
1348030409532125185
1348030463290585088
1348030477513482240
1348030538498666497
1348030742148894735
1348030790211305473
1348030803729649665
1348030820234231810
1348030827163242496
1348030828195041280
1348031000039862276
1348031030368886796
1348031047896862723
1348031289664942081
1348031365204373505
1348031672151924737
1348031685665972229
1348031707329556480
1348031711364452352
1348031846731444225
1348031872358617089
1348031959520469001
1348032024737697796
1348032052277506049
1348032176189800448
1348032290681729025
1348032327142809600
1348032472815177729
1348032537738825729
1348032565962276867
1348032609478193153
1348032667082764289
1348032708077826050
1348032768714952716
1348032790214930432
1348033055492091907
1348033077046611971
1348033121539805184
1348033274984230915
1348033281007214592
1348033405368340480
1348033476218544129
1348033496795770883
1348033548322803712
1348033652777758723
1348033917132144643
1348033918830850054
1348033980717813766
1348034110648967174
1348034172271681537
1348034313690951683
1348034318443147266
1348034335413305347
1348034609557110784
1348034816642527236
1348034823298961409
1348035037866971137
1348035304092033025
1348035475072839680
1348035519050035205
1348035567150370818
1348035581184528384
1348035611354165249
1348035628861181954
1348035720234065928
1348035763867414531
1348035913524379650
1348035934906966018
1348035966406193152
1348036295310848000
1348036444166746114
1348036639931695105
1348036986075041795
1348037132347125762
1348037188878004224
1348037204908650499
1348037335997407236
1348037589790564354
1348037671747248130
1348037699761008643
1348037788042743808
1348037885019230209
1348037950857207816
1348037966942375936
1348037980150235147
1348038122475581440
1348038306794233860
1348038358333874176
1348038482996957185
1348038591059009539
1348038598252261376
1348038790531739650
1348038803613769728
1348038820583899137
1348038868906504192
1348038892428079104
1348038907095605259
1348038971427860481
1348039009424044039
1348039098360082432
1348039103984660481
1348039284218015744
1348039318317768706
1348039356766969857
1348039392783446018
1348039420696526856
1348039466125062158
1348039477290266628
1348039485154582531
1348039493056684036
1348039546466938880
1348039598031556608
1348039633809059841
1348039680261058567
1348039766986678274
1348039858913206279
1348039968103559168
1348040027738140675
1348040508426375168
1348040526965125121
1348040533197811713
1348040582837526529
1348040752065085443
1348040825247330305
1348041021674975234
1348041135529275395
1348041235852898306
1348041386352906245
1348041403708956673
1348041453495312384
1348041634668281857
1348041803279302659
1348041811286241288
1348041819796463617
1348041850628796416
1348041981755273219
1348041984443867145
1348042242330664961
1348042278250676224
1348042301910745089
1348042322680938498
1348042422891241475
1348042469217357825
1348042758670471168
1348042840425852929
1348043183377285122
1348043273861017605
1348043400671604740
1348043416777728002
1348043652166258694
1348043671678152707
1348043710735540225
1348044009407717376
1348044081142882304
1348044117016719361
1348044245492510720
1348044267797819404
1348044285581656067
1348044333035958280
1348044377801830401
1348044429937037314
1348044481518514176
1348044534031257601
1348044557267701760
1348044674318131202
1348045042464784385
1348045129744052230
1348045133174996996
1348045173964611586
1348045484896747521
1348045591222374404
1348045616774000642
1348045781614387200
1348045791915634690
1348045881594048517
1348046044127498242
1348046368141664259
1348046473817161735
1348046588808228869
1348046690360688640
1348046785281982466
1348046880991801344
1348046886536622084
1348046952202694660
1348047027750510595
1348047075779497997
1348047172919504897
1348047214346706945
1348047315467177986
1348047594635853828
1348047604601544713
1348047630706872320
1348047673643958275
1348047708347625476
1348047809916887041
1348047915743285251
1348048130282053634
1348048139811512329
1348048497011023875
1348048551327244290
1348048751659782145
1348049265575276551
1348049280129511426
1348049524477087745
1348049690676375552
1348049772381425665
1348050169460371456
1348050298884005895
1348050562743472131
1348050708835299331
1348050716854775809
1348050892570943495
1348051359690600450
1348051434097537027
1348051516159123456
1348051531883573250
1348051619141836802
1348051735210831872
1348051907122786305
1348051992053227523
1348052007303716868
1348052150400802818
1348052232445554693
1348052238539874309
1348052556967247874
1348052717936267271
1348053057645506562
1348053098032459777
1348053100242882562
1348053477021405188
1348053557979852800
1348053560404144130
1348053639789735939
1348053824234262530
1348053943809662978
1348053962960863235
1348054072776126466
1348054168922169350
1348054259171028992
1348054347406598154
1348054388246532098
1348054561030885386
1348054677569609728
1348054683252903937
1348054703918075905
1348054715523858432
1348054831265681411
1348055112401506304
1348055183805345793
1348055346632413187
1348055360729460736
1348055632298049536
1348056154484711424
1348056303277633537
1348056775279439874
1348056838902870017
1348056906057834503
