1361104499771904007
1361104898918612993
1361106269151633408
1361107919157288968
1361108029773656071
1361110162380124166
1361111742328299526
1361112729575174145
1361113538996166656
1361114417946112000
1361115160560214017
1361115589507440648
1361118331919597569
1361119929869602817
1361120542393331714
1361120682046681089
1361123857055313921
1361124274656927746
1361126384391888899
1361128250852933633
1361128953763811328
1361129862702927872
1361131452105175044
1361132533530972162
1361133421628653568
1361133811518562305
1361134350876762113
1361136284006309889
1361136662760333319
1361140299339284480
1361141698726948864
1361143992595992576
1361146451208921091
1361148159506980864
1361149869797249026
1361150123451969537
1361151889358925825
1361152660322287627
1361160921712844803
1361162261704953860
1361166093247778816
1361170067497623553
1361173066785705984
1361181450872102912
1361184498570960897
1361184727420592128
1361188111418556417
1361189869406584832
1361196170895372291
1361199078059757569
1361199901384663042
1361201581526548486
1361208940885729280
1361213913736577025
1361225200843505666
1361225822443622400
1361226528487571457
1361226535668170758
1361226538214166530
1361226554769031170
1361226559076581378
1361227977028227073
1361230406704640000
1361230605653008384
1361230653719781376
1361237319269961730
1361238186861744129
1361238194050789376
1361246982375829504
1361256862453276674
1361256867226345477
1361256869180936192
1361256872427331586
1361256874092421125
1361256876785156096
1361256881818398720
1361262094419640320
1361264710348374017
1361268715820625921
1361269661359292417
1361274942088765441
1361275867662532610
1361279347756134405
1361282139313102849
1361283975998750723
1361284349543538692
1361285179843760128
1361285426233942017
1361286777802162180
1361287875967516673
1361288196475207681
1361288224497430531
1361288328310587393
1361291709745881097
1361294068190302217
1361294779116568582
1361295126752948239
1361296188054532097
1361296233046953985
1361297466944069633
1361298562777305096
1361299228560150534
1361299230518874112
1361299351105060870
1361299610086502405
1361301874113093633
1361302024143466496
1361306850591973378
1361309229647192065
1361310180600737795
1361310554783174664
1361311470747865088
1361312720478478338
1361313267336024075
1361314408111169536
1361314645546590209
1361314658729160708
1361314838132060162
1361316786738761737
1361317498038210560
1361317562697605127
1361317795833794570
1361317820055900165
1361318348701782020
1361318975804755974
1361319558120939521
1361319677264330752
1361320045390008322
1361321108063027206
1361321565703593984
1361322301980106759
1361322354371092482
1361323358680457217
1361325288311955457
1361327515311239174
1361327680826662913
1361328802547302400
1361329369210306570
1361329371127103489
1361329633581481984
1361329697704058884
1361329798610640896
1361329952491241473
1361330542147473414
1361330791905697793
1361331005227941890
1361331274313515010
1361331569919627264
1361331830654435328
1361332483204272136
1361332622610354182
1361332870166511616
1361332945546575872
1361333193513779206
1361333664009830403
1361336460671135745
1361336992731189251
1361337578084069388
1361340319166566401
1361342719973613574
1361343061893263363
1361343777458167814
1361344499545481216
1361344573444919300
1361344615924834305
1361344652113182721
1361345214774992897
1361345658435760129
1361346027966631936
1361346502128504835
1361348010869948418
1361348264084332546
1361348386763509763
1361349163716329474
1361349960239874057
1361350153102372871
1361351247933104130
1361355050065494016
1361355842415513600
1361355895750463498
1361356240799096835
1361357114929778691
1361357872421085186
1361358124901421058
1361358765296148481
1361359645495984132
1361359645747650567
1361359695668252673
1361359717159886852
1361359803940032513
1361360061092802566
1361360526312366080
1361360761545613313
1361360807947345922
1361362902582583297
1361363980552396808
1361364184991207432
1361364814531076104
1361365003782287361
1361365549784195072
1361366405518663681
1361366793382735874
1361367536219152385
1361367688929570818
1361368335619940353
1361369867581063168
1361372668159795205
1361372855783538693
1361373295036100610
1361373491203874817
1361374083343134722
1361374810622873606
1361376478357835786
1361376981804326917
1361377173920227331
1361377243973443584
1361377373527023620
1361377376605667332
1361377487394140168
1361378854330318848
1361380256167456770
1361381502681030658
1361382182833565697
1361382319710474241
1361382333169942529
1361382841469329409
1361382941566398469
1361383371415371777
1361383412829945856
1361384604473692169
1361384794764967939
1361385256134311937
1361385307363446787
1361385688231534601
1361385877130338307
1361387579300601857
1361387586288254978
1361387802722762762
1361388059602878471
1361388872509386760
1361389453810536448
1361391072174362626
1361391691513618433
1361391854810370048
1361392418285830147
1361392972080807941
1361393045590208518
1361393154738520065
1361393558599655429
1361393606184075265
1361393646436818944
1361394067339378688
1361394143730167809
1361394966577242116
1361396004793253889
1361396125887057923
1361396471178940421
1361397629700112384
1361397645512761347
1361400570997661696
1361400903098642437
1361400951978950658
1361401036737568768
1361401220087255041
1361402414469812225
1361402552563228676
1361402609437925377
1361403174935023620
1361403222292889608
1361403613969580040
1361403670299049986
1361403734195118081
1361404087284224000
1361404550725267456
1361404572426788864
1361404657902452737
1361405404153061381
1361405426294784001
1361405839010131970
1361406159329099777
1361406648296816643
1361406799463727108
1361407422267609095
1361407433772576782
1361407535052447747
1361407658272710656
1361407806763581444
1361408202940813319
1361409215919763472
1361409637493407744
1361409949738405897
1361409997155016708
1361410295642681345
1361410439792517121
1361410748598091777
1361411027594858505
1361411072528384008
1361411117805895682
1361411643557744641
1361412646507933699
1361413197870243840
1361413644941107201
1361413647927443458
1361413765195960320
1361414791999356928
1361414796558487553
1361415908288200706
1361416755806052352
1361416997725040641
1361417225714864131
1361417621556502532
1361418967017869314
1361419783644745730
1361420535339442179
1361420587994783747
1361421986010828800
1361422561305763842
1361423420840423430
1361423818108067840
1361423859849834500
1361424910522933253
1361425819168477184
1361427627878326273
1361427651936845825
1361428112274296835
1361429567374827520
1361429792973807618
1361429937761173504
1361430929852555272
1361433210673070085
1361434187333517313
1361434720236695558
1361435117017833475
1361435672746287108
1361436901450874880
1361438502831939586
1361438518866833410
1361438929069703173
1361439648287981571
1361440040371552261
1361440125293584387
1361440636466065408
1361440734491066369
1361441270984507394
1361441319361593350
1361442720326287364
1361442822507831299
1361442899880206337
1361443775680233472
1361444508576145413
1361444582030983171
1361444789300981760
1361445612898701313
1361445748001406981
1361445847284781064
1361447313017815051
1361448308070371330
1361448588706910212
1361448589835214850
1361449145194737666
1361449284789563394
1361449865096683521
1361449921094840323
1361450974087315458
1361451287733231617
1361451889624109058
1361451967717998608
1361454504848355339
1361455001076383748
1361455331361124353
1361455387069714433
1361456770569363461
1361457129249517568
1361457685812633606
1361458051673444352
1361458455211610113
1361458677400686594
1361458718504869892
1361458807365320708
1361460281034100736
1361460626330169349
1361461502885191682
1361463063115890692
1361463067054325765
1361463151355518976
