1361103086341812225
1361103406912442370
1361103591558234118
1361103706297692171
1361103964402569221
1361104251993341962
1361104272293826562
1361104391063928839
1361104569468600321
1361104602091950082
1361104796485365760
1361104811937198081
1361105082050367489
1361105403946426370
1361105600629923843
1361105918537191427
1361105928540610563
1361106053421752323
1361106195470311424
1361106582558359553
1361106650510336005
1361106771998367748
1361106772673585152
1361106963728199682
1361106994468380676
1361107200882724865
1361107337944170496
1361107500045590530
1361107689657532417
1361107855655469058
1361107996743512067
1361108278609117188
1361108471513554947
1361108735440125955
1361108801148104709
1361108866881183746
1361108899970109453
1361108905561055232
1361109362857684995
1361109730710745088
1361109777410097154
1361109804891185157
1361110009900326912
1361110032365010950
1361110036047626245
1361110140229976065
1361110223218503681
1361110229258223622
1361110551628288003
1361110580120199177
1361110625737449474
1361110698290479107
1361110699573997572
1361110847146364928
1361110852242399238
1361111002796994561
1361111211237072897
1361111573096517633
1361111997329395713
1361112258923941888
1361112491565215745
1361112499202842625
1361112634976780290
1361113108220157959
1361113223521517573
1361113285869862913
1361113364513103877
1361113466304671746
1361113642150805508
1361113740989587456
1361113806261387268
1361113841514541063
1361113939631869954
1361114166757621760
1361114182020706304
1361114250211713026
1361114296357445632
1361114640365707266
1361115028557029377
1361115285449826305
1361115987844734978
1361116407648370688
1361116561822523393
1361116905952657408
1361117355879903235
1361117611367542784
1361117771543805955
1361117999000879107
1361118114604347395
1361118249837088769
1361118289129316353
1361118825396264963
1361118917649829888
1361119000470634500
1361119165407518726
1361119335469764615
1361120377414553600
1361120387090812930
1361120432137539584
1361120436159971338
1361120451481624580
1361120791262330887
1361120854801862659
1361120982983995394
1361121318356324352
1361121345707401216
1361121360668467200
1361121779138322432
1361122714141003779
1361122777068109824
1361122836451106816
1361123451210113025
1361123503467069443
1361123892220358658
1361124330680315906
1361124902296813569
1361124903357972481
1361124974321360898
1361125210166992896
1361125216613638144
1361125220040384513
1361125399737085954
1361125412525535233
1361125452417482756
1361125701236232193
1361125710841196546
1361126785568636928
1361126802111029252
1361127023717064705
1361127079648059392
1361127174305181696
1361127394208276487
1361127409580449803
1361127597879349248
1361127852700172289
1361129154968698881
1361129637556944896
1361129637758263296
1361130068853014529
1361130873005821953
1361131014504988672
1361131171661365253
1361131726207148034
1361132012963328000
1361132485887873027
1361132626623537153
1361132931784335364
1361132955108855812
1361133030769897472
1361133779687927810
1361134029295267840
1361134299160920068
1361134343041785863
1361134364487254018
1361134608469942272
1361134999823597568
1361135282238742528
1361135311414321154
1361135400022990849
1361135517891452933
1361135905768144896
1361135913628168195
1361135917130342406
1361135920666214400
1361135965499256836
1361136073938771970
1361136588516958209
1361136913382477828
1361137447166496774
1361137720807030788
1361137790797414403
1361138976908836865
1361139580565618688
1361139771003834371
1361139819498373128
1361140169357877248
1361140824969531395
1361140863078977536
1361140911472861187
1361141113759948810
1361141184605937664
1361141737691963393
1361142004789477385
1361142439680110593
1361143486213484545
1361143748953051138
1361143890330275841
1361144047235194882
1361144712997068800
1361145145920528385
1361145315244601344
1361145570543468544
1361145597080838145
1361145748054814721
1361146807556915202
1361147551806816256
1361147624334774273
1361147806975746056
1361148368131563521
1361149385187409923
1361149992321318919
1361150332659765250
1361150336895959042
1361150963772493824
1361151030076047361
1361151316924522500
1361151342551699459
1361151662514204673
1361152627552247812
1361153072504971267
1361153270660534278
1361153611015852042
1361153707124158464
1361154981953499137
1361154999355666438
1361155203316256769
1361156220011368449
1361156577265389570
1361157120469700610
1361157601069834242
1361158233583403011
1361158650270781442
1361158684571795456
1361159490104676353
1361159929642516482
1361160406383927299
1361160820038770690
1361161830941548545
1361162676622270467
1361162678945931267
1361162916163178500
1361163789417279491
1361163920015261697
1361163944187035653
1361164602638270464
1361165177891225602
1361165187135528963
1361165808551014405
1361165879073996802
1361166815876034560
1361167420254257153
1361168000456429573
1361168368724824066
1361168610270527490
1361168613609193472
1361169379753254914
1361169415778291713
1361169670330580993
1361170132610019329
1361171120335052801
1361171124235759616
1361172196853440513
1361173058715848706
1361173195634712582
1361173662053900288
1361174090611122181
1361174655994900480
1361175157512024066
1361176608506335240
1361177180605186050
1361177623037177859
1361177703395680256
1361177748534923265
1361178513232003074
1361178708212666369
1361179460909756417
1361179467830321154
1361179952771653634
1361181203496202244
1361184665227427843
1361185096099897349
1361185416754442240
1361197688432324611
1361198081073549312
1361198618213048320
1361198860115337216
1361198900808474631
1361198960669564928
1361201142148063232
1361203811147251712
1361204313448710146
1361205199608680448
1361205886962839552
1361206545174958082
1361206716046704640
1361207928280260609
1361208622643113985
1361215478119747586
1361215860287897602
1361215928076271617
1361216491530641409
1361218415122341888
1361219063763132416
1361219423730884615
1361219974765936641
1361221327470931969
1361223123270590464
1361223727908671493
1361223899669757955
1361224316730413059
1361224891773689861
1361226071304208384
1361227504762159105
1361227917678829572
1361227943951937541
1361233733471338496
1361235050965139456
1361235055193042945
1361237068127567877
1361237987355480067
1361240090660327429
1361241784685363202
1361241911789510656
1361242151267561473
1361242905139154944
1361243745677692930
1361246422994219012
1361252876677484545
1361253850871697410
1361254172574830592
1361256415587934209
1361257705676169217
1361259277105659906
1361260553839271939
1361260587746021382
1361260614157545472
1361260751525150720
1361261853838614530
1361262447106138115
1361262707979276288
1361263601827389445
1361264499391688708
1361264753801265155
1361265252994793472
1361265551029510144
1361266325348302848
1361266740446003200
1361269952616026112
1361271414171566081
1361273046812659714
1361273222877085698
1361273250274287618
1361273501798260740
1361274473505243138
1361275218686279683
1361275616830627845
1361277629488390152
1361278427681144832
1361278731273310208
1361279156647038976
1361279431692673025
1361279490488479745
1361279806680227841
1361280194183577601
1361280344633331712
1361280743201243143
1361281003722051587
1361281414046572544
1361281489065893892
1361281609442459653
1361281933670547456
1361282101694324743
1361282186004037635
1361282492393803778
1361283602751848450
1361284127010394119
1361284128608559105
1361284668482584581
1361284684009902082
1361285061837017088
1361285290153885698
1361285578512302080
1361285632979525632
1361285734334926848
1361285893861109761
1361285918087389185
1361286705857392640
1361287277725425669
1361287285497503749
1361287289259716608
1361287291940044802
1361287506533187585
1361287741833674759
1361287873467715586
1361287925397409793
1361288148500807684
1361288265198886915
1361288520657231874
1361288709887377410
1361288805370761217
1361289373568946183
1361290173833617409
1361290990145966082
1361291430086414337
1361291637394137089
1361291731992539141
1361292032401154052
1361292540574629897
1361292621902151682
1361293031127846913
1361293039352840192
1361293061276520451
1361293487535239170
1361293577385611269
1361293733069733888
1361294124939378688
1361294152844128256
1361294209131634691
1361295083023253507
1361295113767555073
1361295266595430400
1361296005887574017
1361296242375077888
1361296339133493249
1361296674342244355
1361296689848582146
1361296858497363969
1361298386104840194
1361298393587470338
1361298736949981188
1361298777534005251
1361299223686254594
1361299227159191554
1361299780220170243
1361299942900441090
1361300154104631296
1361300369880592392
1361300371189211139
1361300710860677125
1361301097252483078
1361301356426985478
1361301769523970050
1361301829322170369
1361302106829971457
1361302145585274881
1361302270588162048
1361302542622294021
1361302772239527937
1361302779428560898
1361303001613414402
1361303009297391618
1361303026133311490
1361303045267726336
1361303218018484227
1361303235634618368
1361303360419340289
1361303627990786049
1361303726934392835
1361304451085139971
1361304505044922370
1361305330651705344
1361305354576023557
1361305748152717314
1361305774107070464
1361305964121624580
1361306412752785410
1361306566264242177
1361306626892963840
1361306776512176130
1361306827003224069
1361307036466741255
1361307037414662146
1361307534703779842
1361308078440935425
1361308332372471815
1361309140912656384
1361310284103766018
1361310442811916298
1361310456791580675
1361310560168644609
1361310999513563137
1361311418230976516
1361311492507860992
1361311542839545856
1361311700960632832
1361311753116803075
1361311763640287232
1361312025150967813
1361312524017274884
1361313066860871680
1361313213854408710
1361313280250306561
1361313723722399748
1361313893147148288
1361314112303693831
1361314181904019457
1361314318625566720
1361314324887781376
1361314366457581575
1361314491774943233
1361314792452030464
1361314808402960385
1361314890946854918
1361314923662503942
1361315245558542340
1361315598458847234
1361315623805059072
1361315703903703046
1361315754449244160
1361315805514903555
1361315903003123712
1361315998046027776
1361316397033394179
1361316557540974596
1361316781214810115
1361316932738310158
1361317221448867844
1361317290382405632
1361317441259921412
1361317657946058756
1361317712161628163
1361318100596117505
1361318149426212867
1361318402363637762
1361318469157998594
1361318549017554944
1361318711039307779
1361318847190564865
1361318863913295872
1361319503028756490
1361319585962733569
1361319615570214916
1361319797737283586
1361320162377490433
1361320541735579649
1361320658869907456
1361320690734026753
1361320812733685763
1361320863904235521
1361320884099821574
1361320998092480517
1361321002437922817
1361321491967709187
1361321868825948161
1361322171121991681
1361322989074153476
1361323156326264839
1361323450170822661
1361323980586708992
1361324187042865152
1361324268236066821
1361324444397035520
1361324457953030146
1361325401792909312
1361325661047185417
1361325708144959491
1361325996268519427
1361326111926452225
1361326155278807045
1361326308890980358
1361326479972392962
1361326851822616582
1361327015870296065
1361327067971919880
1361327441046876160
1361327534961475585
1361327672790556685
1361327888256147464
1361327914210521090
1361328159610781698
1361328309272010756
1361328435285655558
1361328744217128960
1361329074485014530
1361329176150736898
1361329189190828034
1361329427767001088
1361329438193897473
1361329554976030724
1361329775667785730
1361329845330993154
1361329852171878408
1361329924502601729
1361330016303382529
1361330431216467968
1361330555938299906
1361330700297908225
1361330743411105801
1361330875900821505
1361331064447201288
1361331069606191104
1361331175713816581
1361331179803172867
1361331626161164292
1361331921964441607
1361331923436662787
1361331959478312969
1361332236268810245
1361332838075944961
1361333135988908034
1361333512209653763
1361334090004393985
1361334208766087168
1361334638980038659
1361335286836449281
1361335542856744961
1361335591254827012
1361335726424612866
1361335789850923020
1361336109381345282
1361336356602011652
1361336587464945668
1361336913806974981
1361336968194457601
1361336969922543616
1361336980676739073
1361337118224769028
1361337529144922117
1361338164871385090
1361338687729127424
1361338887331807239
1361339046878969858
1361339353633599488
1361339857096880129
1361340230603845641
1361340278959964162
1361340727301660672
1361341011952365568
1361341194412916741
1361341498302816256
1361341629852958726
1361341724761718784
1361341949454745602
1361342191248035841
1361342493778997250
1361342904581685253
1361343462726111232
1361343525871382528
1361343668809039876
1361344310290116610
1361344425310445575
1361344526334521345
1361344653740580865
1361344890991435777
1361345091449851906
1361345319036874752
1361345321155121153
1361345364440322056
1361345472263303172
1361345548243013634
1361345999080460292
1361346062213087236
1361346453118058496
1361346949274882056
1361346991649918985
1361347169815470083
1361347245963173896
1361347773652733952
1361348471505182720
1361349070212759563
1361349520085377032
1361350187512430601
1361350329208553472
1361350454689554439
1361350839072350210
1361350846290817032
1361350900535631874
1361350959067185154
1361351408004530179
1361351539525312520
1361351977645576198
1361351990496940038
1361352225998667778
1361352398132903936
1361352519625113603
1361352570791489536
1361352617096585232
1361352883866894336
1361353068307247107
1361353171399045120
1361353186095865865
1361353345106124804
1361353420347764741
1361353747440484360
1361353818794061826
1361354131634536456
1361354157144363009
1361354701648838663
1361354797463580672
1361354844435582980
1361354978506526721
1361355185411489792
1361355536940359683
1361355716448124931
1361355925865574407
1361356999133442051
1361357025389780996
1361357125281329156
1361357785741590529
1361357823695872007
1361357854800834561
1361358056815271942
1361358360289947656
1361358857587617793
1361358858220953602
1361358909068476426
1361359168461017088
1361359189667418113
1361359210798268416
1361359547818991616
1361359568505307144
1361359628202741760
1361359675250376709
1361360061038292997
1361360189388181506
1361360364307427339
1361360450403844099
1361360674832723969
1361360753593380867
1361360764649537540
1361360837525581826
1361361133131677697
1361361226148757516
1361361513882263554
1361361808666279947
1361362255959494663
1361362279787335684
1361362522796937218
1361362735641026564
1361362830545608709
1361363108137172994
1361363293890297861
1361363406025076737
1361364236405002241
1361364553167220739
1361364669487747073
1361364673166155778
1361364795161800706
1361364911394152451
1361365276089024520
1361365762800287750
1361365829934338052
1361365917528162306
1361365987338158080
1361366138198913027
1361366228112183296
1361366472212283394
1361366502499352578
1361367021720641537
1361367168579854339
1361367889815740426
1361368026575233026
1361368539492462595
1361368624422940676
1361368721269420036
1361368751086702600
1361368848365215744
1361369590861815813
1361369604799496192
1361369656351670273
1361370026046021638
1361370193931374592
1361370500048556034
1361370847819280388
1361370983295254534
1361371083597824002
1361371458765733888
1361371470715322370
1361371665163255810
1361372327771004932
1361372327972339713
1361372491340464132
1361372640980647941
1361372906526228482
1361373290212827140
1361373290732920832
1361373471276556289
1361373900509241347
1361374041798492170
1361374246493167619
1361374490576437253
1361374491629117444
1361374911080648708
1361375036699992065
1361375107403247616
1361375265507733504
1361375292959428608
1361375310919454720
1361375327897989122
1361375430327103489
1361375489395458048
1361375546085683206
1361375577513541636
1361376251596922884
1361376271297630211
1361376300250841088
1361376533651345411
1361376629998632961
1361376901097525248
1361376981703675904
1361377195365654530
1361377425620353028
1361377705036546051
1361377711323766784
1361377761537982465
1361377796669517832
1361377826805600256
1361378129042763776
1361378137678962690
1361378262002380800
1361378336560283653
1361378685954187264
1361378706300805120
1361378825456730114
1361378996655644679
1361379295466315776
1361379446805118976
1361379879363706884
1361379884921151488
1361379918676918272
1361379941040984070
1361380112982298636
1361380505996910596
1361380832653541377
1361380998521438208
1361381015781068801
1361381149231169538
1361381330873901062
1361382026717188097
1361382268548227072
1361382583863508997
1361382718093877250
1361382861606162432
1361382974764244993
1361383117618085889
1361383132109426695
1361383173935013888
1361384101798887429
1361384109067624452
1361384122820812804
1361384541827440640
1361384678121431045
1361384976999186435
1361385345020010497
1361385545843306497
1361385573689212932
1361385579246718980
1361385798256496640
1361386468334329866
1361387156212756483
1361387343593283589
1361387427164782601
1361387470533906439
1361387604248297483
1361387681083772933
1361387808116649998
1361388009262833669
1361388025519964161
1361388084974256129
1361388352826662918
1361388654523011078
1361388883347468294
1361389017326096392
1361389440007077893
1361389477382471680
1361389718651437064
1361389822485688322
1361389855951978503
1361390021266329604
1361390170386423809
1361390219010969602
1361390224723615748
1361390333775540229
1361390647819841538
1361390828908912640
1361391010467700739
1361391085847785478
1361391439528267781
1361391602632163329
1361391822283628544
1361391822447198217
1361391823718088704
1361391884405518341
1361392123132727302
1361392142380371972
1361392238798979073
1361392343040090116
1361392406957088774
1361392614872911872
1361392768241795079
1361392826433622019
1361392843907096577
1361392894226149377
1361393192126607361
1361393233109143561
1361393255368314884
1361393363635822595
1361393437359169540
1361393472637403145
1361393694142828552
1361393738883477507
1361393782386786309
1361393951752740869
1361393984384471040
1361394069432320000
1361394273279705089
1361394549491441667
1361394733797449729
1361395081706627079
1361395401656573959
1361395498406588425
1361395613191925761
1361395706330816514
1361395800404819970
1361395825184813058
1361395828447928326
1361395924463874050
1361396095193079808
1361396158921383950
1361396357198667786
1361396551504060419
1361396791208517633
1361396904454676483
1361396929037553668
1361397006992875524
1361397148907147267
1361397215240060934
1361397271758319617
1361397313600708610
1361397355203989504
1361397375894315009
1361397474917769216
1361397578525536262
1361397651330195465
1361397871895961600
1361398009486057483
1361398116117852171
1361398256438300672
1361398367608336384
1361398569018785794
1361398608151474177
1361398666905411584
1361398722995892231
1361398756730679307
1361399037140865032
1361399043604291584
1361399267622027269
1361399375776333826
1361399505804005379
1361399512166772741
1361399514805006340
1361399731751182338
1361400041315966977
1361400250267762697
1361400377778860036
1361400488630112256
1361400500206329864
1361400637142011907
1361400791605661702
1361400885348335618
1361401756115234817
1361401884389617665
1361402114447192071
1361402133174759433
1361402309075329024
1361402315870142466
1361402414008397830
1361402417661636609
1361402895170760704
1361403258795929600
1361403279943598081
1361403674086563843
1361403757741944832
1361403956426133504
1361404029537046530
1361404274320801792
1361404359435812864
1361404441916751876
1361404661153021961
1361404680891424771
1361405034911653888
1361405101068472323
1361405296720158720
1361405370783121416
1361405397970661383
1361405472344068107
1361405796655972356
1361405880336584712
1361406066941169664
1361406084431433733
1361406141088079879
1361406171811299335
1361406316498079744
1361406455988035597
1361406583956267012
1361406612037120008
1361406613781905420
1361406988236828672
1361407433311215621
1361407871645339649
1361408054273728516
1361408156979625987
1361408210553495565
1361408329336184834
1361409283167051781
1361409447998992384
1361409587790835718
1361409906033704964
1361409906226712578
1361409961679413250
1361410151840948238
1361410310410809349
1361410439830253573
1361410646307450881
1361410677890498564
1361410829334249479
1361410839480315906
1361410981340053509
1361411367341801477
1361411699597840387
1361411727422849025
1361411861594468353
1361411895358590978
1361412840163221506
1361412916394684418
1361412927866081280
1361413183240429569
1361413236340318209
1361413435334959105
1361413861702733824
1361414232542093316
1361414385864826880
1361414402981777410
1361414524687978496
1361414857073958912
1361415118811131906
1361415130668355586
1361415194677633028
1361415279532593154
1361415372109307904
1361415398415982592
1361415440434536454
1361415653446443009
1361416240158236677
1361416392327630848
1361416415803101184
1361416492026187779
1361416539979739137
1361416590772764672
1361416652869439489
1361416665368387587
1361416687480827905
1361416754983886853
1361416854200229891
1361416943022968840
1361417032957194245
1361417865363001344
1361418100957007876
1361418454369148928
1361418469527355397
1361418619578540032
1361418684405714945
1361418715129020417
1361418738973564928
1361419060274077697
1361419340214456322
1361419682671075329
1361419700006100993
1361419767886671878
1361419834563588100
1361420107738611712
1361420151539658754
1361420155117441025
1361420307924312064
1361420656580042757
1361420843780243459
1361420918300446724
1361421003373514756
1361421040195305475
1361421051012415489
1361421077771997185
1361421299357081602
1361421564701413378
1361421629721436167
1361421823141797890
1361421907535355908
1361422168236584960
1361422235278348291
1361422322196905988
1361422600413450241
1361422649973350402
1361422741891477507
1361423260970151937
1361423574217617408
1361423711379873797
1361423896570920960
1361423898596802562
1361423919052374017
1361423959250636803
1361424032915214336
1361424271935963136
1361424402504699908
1361424724941807625
1361424789261471746
1361424844143869952
1361424919893016576
1361425058065915906
1361425065561227268
1361425072162967553
1361425075518365697
1361425198969421843
1361425264560005120
1361425456529088515
1361425543363756035
1361425713753182213
1361425716957638657
1361425953998721028
1361425962844438529
1361426111851352071
1361426845795815426
1361427119876624384
1361427461704216589
1361427576925913095
1361427579509514240
1361427595817066498
1361427632496197633
1361428120419639303
1361428135942778881
1361428277928333315
1361428781097967621
1361428993413697548
1361429297769160709
1361429396863782913
1361429426509148161
1361429438924271616
1361429789865893888
1361429790465683461
1361429926646337537
1361430098528923649
1361430383838056454
1361430686989774860
1361430949603508224
1361431100124499974
1361431498650435584
1361431504816070657
1361431620662816768
1361431629303054341
1361431709732995074
1361431734630375431
1361431848262524929
1361431943804518401
1361432116102389763
1361432163254751232
1361432273321623555
1361432293106216967
1361432345715347457
1361432561633947652
1361432582299205634
1361432585860222978
1361432808493879298
1361432971954298887
1361433112790528001
1361433408795271168
1361433574604500999
1361433738400292869
1361433770226683904
1361433982982893568
1361434510836043778
1361434696236867584
1361434786997428229
1361434898796597250
1361435083597570051
1361435126299828229
1361435170260271108
1361435189306662912
1361435245137002503
1361435384362639362
1361435622297239557
1361435640139837440
1361435675485229065
1361435873120718852
1361436387950616581
1361436403654160388
1361436839152922627
1361436969000124417
1361437079603937281
1361437276161642497
1361437419111866371
1361437631247126528
1361437764810543107
1361437840379432967
1361438232475541505
1361438271805472769
1361438799763562500
1361439249816555520
1361439447380856834
1361439476350914563
1361439540922241024
1361439721520513024
1361439754793934850
1361439802130894849
1361439909429575683
1361439987594645507
1361440328021127171
1361440385378250757
1361440576596508673
1361440887243493376
1361441110237868038
1361441287694667776
1361441296037138432
1361441437943017475
1361441447115771913
1361441652997574660
1361442034314334210
1361442299205607431
1361442660897218560
1361442665867350016
1361442723350347782
1361442758691553281
1361442897879531523
1361442903801946120
1361442961104510978
1361442998316392451
1361443292748148739
1361443755442769922
1361444044581273606
1361444168116154368
1361444322986590209
1361444469225254912
1361444840861360129
1361444893349081092
1361444909354475525
1361444956792045570
1361445384321662991
1361445425899851779
1361445531025825793
1361445707153088515
1361445820143464453
1361446106291310594
1361446145667571716
1361446223895539720
1361446245794000899
1361446466087227392
1361446815229337600
1361446939389231104
1361447059216293891
1361447159527337985
1361447227294703622
1361447415606370308
1361447496837398533
1361447586675249159
1361447765138698242
1361447786512855041
1361447887348072449
1361448209785229312
1361448263266816005
1361448282489315334
1361448302466764800
1361448414899294211
1361448504489635850
1361448589155794946
1361448599238959106
1361448842638557189
1361449154057224192
1361449187985018887
1361449346743599112
1361449391006093312
1361449650683850754
1361449778673033216
1361449923208691712
1361450146253398019
1361450217611030528
1361450305729216512
1361450339912855552
1361450441205297153
1361450601352028161
1361450647418269701
1361450738786967559
1361451302266486786
1361451377797582850
1361451552754593796
1361452161125801990
1361452227441778688
1361452260266541059
1361452381410623492
1361452507659202560
1361452648449396739
1361452777600405505
1361452832621232128
1361452843656486913
1361452879802998786
1361453091997036544
1361453137870077956
1361453477025763335
1361453558466502662
1361453691329462272
1361454021400268801
1361454033966358534
1361454113574240260
1361454351739478018
1361454361029836801
1361454482605953024
1361454560393498625
1361454592270213122
1361454622691459077
1361454975436681219
1361455180328353793
1361455224515403782
1361455260372500489
1361455268094214149
1361455387279568897
1361455430384369681
1361455546868637699
1361455740372869124
1361455770819256321
1361456056631762950
1361456061165748225
1361456354238595076
1361456391022542848
1361456505610977282
1361456642357796868
1361456646657105925
1361456779650031616
1361457148253806597
1361457307318685697
1361457522750738432
1361457764740960257
1361457823356444672
1361457855493242887
1361457957909757953
1361458091498348546
1361458108875350017
1361458248084299777
1361458534169407491
1361458554486587395
1361458680995209218
1361458898457272321
1361458907194019842
1361458948231069699
1361459030929985539
1361459099494469632
1361459181987979264
1361459328855793664
1361459426499178502
1361459448095666179
1361459590953656323
1361459665968660482
1361459898480021505
1361459931354914816
1361460226050973697
1361460280925057029
1361460318820577284
1361460424634478592
1361460605702574084
1361460679652311042
1361460797164167171
1361460799462465544
1361460838037655559
1361461056430825480
1361461510254518272
1361461557205557249
1361462286997684226
1361462766838644738
1361463040621830146
1361463148704915459
1361463161761787905
1361463378544373772
1361463477760634884
1361463498132316161
1361463548862488576
1361463600263626752
1361463676130250755
1361463756006576134
1361463908914061312
1361464483072405508
1361464625682931722
1361465014650044416
1361465186499125253
