1277391331753508864
1277391370278375424
1277391521130713088
1277391544094425089
1277391585014091777
1277392599112994816
1277392815308357634
1277394062249799685
1277394235357003777
1277394436654280704
1277394952373370882
1277395045507833856
1277395299431047170
1277395833059717120
1277395868086239232
1277396449572147207
1277396536150941698
1277396777331757057
1277397678058504201
1277398102803132416
1277399139404279809
1277399230873833475
1277399692662525953
1277400411872342017
1277400466033426437
1277401011842408448
1277401272140943360
1277401319670767616
1277402027899998209
1277402401134305280
1277403323969286145
1277403451295744005
1277403924585230338
1277404333034872834
1277405120209334274
1277405121878667278
1277405140748771329
1277405152241164288
1277405353286815750
1277405546799419394
1277406505441124352
1277407052122460161
1277407219248701440
1277407864244576256
1277407897476104194
1277408309939748864
1277409216634986502
1277409251636514816
1277409712808607744
1277410328398225408
1277410770272256002
1277411088657776640
1277411691685347330
1277411709305655297
1277412140345954304
1277412396554911744
1277412533792641030
1277412767620874240
1277413978633715712
1277414609138397185
1277414941876719616
1277415939118632961
1277416062464724993
1277416113819844608
1277416525079752710
1277416579823742977
1277416762749980678
1277416944988192770
1277417354075521024
1277417392365285379
1277417414653771784
1277417584380522497
1277418014187675649
1277418147373604864
1277418212469153792
1277418449073995777
1277418905087225856
1277419000142745601
1277419137069973511
1277419224051396608
1277419375344173060
1277419690818777094
1277420349123158019
1277420890418970625
1277421492859527169
1277421529135972352
1277421555421794309
1277422371708841989
1277422641700274183
1277423150960181248
1277423578288398343
1277424203877228546
1277424242666156033
1277424589853900800
1277425068700848129
1277425355591213056
1277425368933285893
1277426075572764672
1277426721336197123
1277426741552840704
1277426957815296001
1277427016929873920
1277427547106574337
1277427724508938248
1277429531326984193
1277429904917872641
1277430714720550915
1277431340900782082
1277431443132727298
1277431452301393926
1277431687606132739
1277431856082927622
1277431909581275142
1277432139806539776
1277432266764029952
1277433285954674688
1277433612560891904
1277433676603760640
1277433977398321152
1277435343390879750
1277436037808173056
1277436630123462656
1277436938493014017
1277437221839273985
1277437448231026689
1277438173052796928
1277439019287228421
1277439100438614016
1277441575916797953
1277441845283434496
1277442044303114240
1277444171926777857
1277444182538366976
1277444196614488066
1277444211793637387
1277444371831545856
1277444681840943105
1277444866004434944
1277444990172647427
1277445117239070721
1277445276660359169
1277445679049248771
1277446548188811265
1277446926842187776
1277447193344069632
1277447219420049408
1277447401675128833
1277447587931570178
1277447662573432832
1277447917167665152
1277448967173767168
1277449740788158465
1277450493187567616
1277451507487723520
1277451586697154561
1277452013572435968
1277453643059539968
1277454587662925824
1277454912759218178
1277455836332339203
1277456805241724929
1277456856936583169
1277458797762621441
1277459196250914816
1277459324349091842
1277462035513716736
1277462073140748293
1277462693696417792
1277463400273100800
1277463959533244417
1277464342842298368
1277464544072404992
1277464594395643905
1277465048580075520
1277466352874291201
1277469574879944704
1277470653038448640
1277472421000482816
1277472552038944770
1277472630317203461
1277473892823633929
1277476085559635969
1277476902354083840
1277480396410814465
1277480484470218752
1277481098050703360
1277486476025004032
1277486860906958849
1277487368434380800
1277487783716818958
1277489488739078144
1277497865284321280
1277498877570977792
1277499311484477440
1277506802519887872
1277507949041258496
1277508810760949760
1277510171464474624
1277511777673232384
1277515980848214016
1277526734494023681
1277529992935636992
1277539694931140611
1277540083550375936
1277542507979694081
1277546945507139585
1277548600319410176
1277549526681817088
1277550592634892288
1277551800560779264
1277555154389217282
1277555775515303936
1277556094622105600
1277557661962207232
1277559004605153280
1277559130052493312
1277559132959182856
1277560098521579520
1277560451736440834
1277560724261347329
1277562306839412736
1277564975263825920
1277565349957906433
1277565668611809281
1277566652209664000
1277567467938775042
1277568728713101312
1277569014185824256
1277569212756758529
1277569487236104198
1277570004419055618
1277570019854082051
1277570499250466816
1277570547229089792
1277570551247142912
1277570555093430275
1277571390900748289
1277571625525956608
1277572265031413760
1277572890221838338
1277574190086991874
1277575055132721154
1277575219927044097
1277575351959531520
1277576044044828674
1277576297900736516
1277576576624930816
1277576925301653505
1277577098824159232
1277577104532660224
1277577332459438080
1277577866759286784
1277578782958903296
1277579661875306497
1277579915337052171
1277579947914276865
1277580073420443649
1277580073709776901
1277580140919357440
1277580585775575042
1277580881994158081
1277581047513919488
1277581117575565312
1277582489796698113
1277582855116292096
1277582998460923904
1277583041305751553
1277583158863634438
1277583225251127297
1277583288920674304
1277583777842200576
1277583847433986050
1277584442987614210
1277584675238797313
1277584993192226816
1277585495103602695
1277585741061804033
1277586316012802048
1277586415493283841
1277586425337327618
1277586482677587970
1277586720448557056
1277586751662501888
1277587446608400390
1277587625893920768
1277587628024451073
1277587690482028545
1277587723906363392
1277587954597335045
1277587972020453376
1277588025883705344
1277588705901981698
1277590026902216711
1277590111606247426
1277590756811837440
1277590973405691904
1277591143820283905
1277591250401734658
1277591343502688258
1277591362209284104
1277591397088980998
1277591410640859136
1277592007309959168
1277592110389252098
1277592675680731136
1277592881172226048
1277593047975501829
1277593257896280064
1277594734568112133
1277595172428226560
1277595317752532993
1277595457670320129
1277595540872626181
1277595934420086784
1277596301610364929
1277596452978556928
1277596692741861384
1277596748693803010
1277596835851501569
1277597068140445696
1277597996272754688
1277598084265062401
1277598810450137089
1277598846235873281
1277598921183854592
1277598968042655744
1277599299568898048
1277599626640703489
1277599672769617927
1277599674950660096
1277599762515210241
1277600102698438657
1277600565065912321
1277600587920674816
1277600813007994880
1277601815668969477
1277601827438108672
1277602024276791298
1277602092845318146
1277602364300693504
1277602724889219072
1277602726067818501
1277602728064307203
1277602774579056640
1277603179212025860
1277603370262544384
1277603782751399936
1277603844860653569
1277604331638984705
1277604359052943367
1277604548614533122
1277604600506454016
1277604839082659840
1277604980405481474
1277605041361256451
1277605384778326017
1277605575040393217
1277605802052849664
1277605844251750400
1277606057875996677
1277606121533050885
1277606145658548224
1277606570306781185
1277606659192500225
1277606666062704641
1277607597311438848
1277607649773793281
1277607796259852289
1277608090314178560
1277608105019351040
1277608255917903872
1277609360584314882
1277610192021196807
1277610300238368768
1277610390734733313
1277610485362409473
1277610555012939782
1277610597232922626
1277611445631492099
1277613342602006528
1277613356929609730
1277613389217398784
1277613529676349441
1277613767489204228
1277613889807618050
1277613995126599682
1277614558262239237
1277614620950364161
1277614679884431362
1277614739170959362
1277614964082118656
1277615013671374850
1277615053236326401
1277615062358929410
1277615397592879104
1277615581492117507
1277615875697278980
1277616054055899136
1277616093448867840
1277616433321480192
1277616676448632835
1277616802051350529
1277617133522993159
1277617177542221824
1277617255715667968
1277617721765777411
1277617926552641536
1277617988145995777
1277618167360237568
1277618529622163461
1277618623889182725
1277618636816031749
1277619560917630976
1277619693214470145
1277619735446904834
1277619865118035969
1277619916967940096
1277620153895845892
1277620327938433025
1277620513842565122
1277620626363162624
1277620774912823296
1277620860082442241
1277621396647133186
1277621491505512448
1277621654781378560
1277621669667000320
1277621822289252353
1277622240679518208
1277622361559314438
1277622670637649921
1277622784189923328
1277622941010845699
1277623279734476800
1277623319995482113
1277623545540026372
1277624632607195137
1277624638504394752
1277625228449980418
1277625333232132096
1277625371379347456
1277625419156594688
1277625565260939267
1277625711541604356
1277625716570497026
1277625839845347328
1277625905456852998
1277626206721114112
1277626353223905282
1277626378058371073
1277626507930808325
1277626629494366208
1277626658212794370
1277626711648153600
1277626800781299712
1277627380199194633
1277628316640595969
1277628606911561735
1277628644299616262
1277628810985443361
1277628825279627269
1277629333478277120
1277629837113507842
1277630634446467084
1277630733469847552
1277630842072858625
1277631199259885568
1277631344789594113
1277631555641450497
1277631838673088518
1277631904251084804
1277632063919853568
1277632093418381312
1277632291779600389
1277632511053565960
1277632925769650178
1277633009622175744
1277633042387996676
1277633078433890304
1277633119768772608
1277633275398406148
1277633451185836033
1277633872314937351
1277634013830807554
1277634015277846529
1277634135440396288
1277634195536269312
1277634305586495491
1277634368027144201
1277634411241058304
1277634427808559104
1277634474319069184
1277634519034716160
1277634599414312960
1277634700429987841
1277634910627471360
1277635197761183749
1277635898922991619
1277635951217594369
1277635974177140736
1277635980040835074
1277636084386717696
1277636583953498112
1277636606749442053
1277636780519497735
1277637029967261696
1277637041530994699
1277637384931287041
1277637503978176512
1277637859286147074
1277637982204420096
1277638570937847808
1277638754812002304
1277638769613639680
1277639120517464064
1277639228135018497
1277639236301316098
1277639286578348033
1277639330283106309
1277639362323394560
1277639475846361089
1277639607979593733
1277639716142223360
1277639736056778752
1277639770768801794
1277639828323078146
1277640107256840196
1277640388375871488
1277640470894538752
1277640617724649472
1277640629112254465
1277640739825111040
1277640824474435586
1277640964803346440
1277641140636975104
1277641482355302413
1277641483399593984
1277641806914760706
1277641854155096066
1277641980378591233
1277642047852290052
1277642086691602433
1277642166580523009
1277642219512610820
1277642270339149826
1277642279499505664
1277642502401646593
1277642594420490240
1277642988118736900
1277643042602790925
1277643163327488000
1277643300766449664
1277643532321329153
1277644256082112514
1277644557975420929
1277644647251279873
1277644781640978432
1277644843217534976
1277645213897576451
1277645292842749953
1277645602864717825
1277645743436767232
1277645844884402177
1277645895245406209
1277646381424009216
1277646635963645952
1277646661255401478
1277646683116093440
1277646860631658497
1277646968970457089
1277647120074510336
1277647322877505537
1277647357467820040
1277647377827069954
1277647821647347713
1277647879734210562
1277647933668818945
1277647954065657857
1277648002400890882
1277648020784533509
1277648172509278209
1277648244793700352
1277648289182162948
1277648299911196672
1277648352625205255
1277648363991830528
1277648512260472832
1277648686726688771
1277648795665342466
1277648849805422593
1277649092445900805
1277649265142239236
1277649355806310403
1277649738712731649
1277650162068983813
1277650164707201027
1277650177046786050
1277650195073978373
1277650424204591108
1277650752698286081
1277651506272108549
1277651708953444353
1277651795070746626
1277651803258130432
1277651805103624194
1277652198818709506
1277653053466980358
1277653425015197696
1277653773805068290
1277654475046559744
1277654508282220544
1277654563588317184
1277654619775283201
1277654643968008192
1277654678747131913
1277654690352766981
1277655255438831616
1277655428583903234
1277655546158632960
1277655781756866560
1277656164621258754
1277656194971242497
1277656322952003587
1277656848150048768
1277657079944118272
1277657481158758401
1277658205997477895
1277658218173542401
1277658446461050883
1277658513490219009
1277658705551675393
1277658933625327616
1277659033818796035
1277659053808910341
1277659344855871489
1277659358860476421
1277659454545289222
1277659585319522304
1277659589752901634
1277659771269787649
1277659814248828928
1277659867835179008
1277659885841403907
1277660248778686470
1277660311819030529
1277660317745586177
1277660486683811841
1277660515607687169
1277660620163354624
1277660912812507149
1277660941958742016
1277661011072430080
1277661303692296193
1277661388891136006
1277661880174157826
1277661963070431233
1277662769941282816
1277663037256863746
1277663046522089478
1277663246296776704
1277663260125401088
1277663368963403777
1277663692344131584
1277663716755070978
1277663747314679815
1277663757603352577
1277663778763616258
1277663838675128327
1277663995252654085
1277664149170991104
1277664530500386817
1277664678647402499
1277664890048483328
1277665154042388481
1277665276172152834
1277665577088233472
1277665762581385216
1277666894762446848
1277666903994044420
1277666904291905539
1277667426453389312
1277667746197770240
1277667804053934083
1277667933834088449
1277668054537842688
1277668304484786176
1277668308691582978
1277668558714134534
1277668705615466503
1277669257673879552
1277669693831159815
1277669932210290690
1277670046265991171
1277670468322037769
1277670540434706439
1277670669681979392
1277670825353764864
1277671039284232193
1277671437881561093
1277672343733547008
1277672544481562629
1277673076768022528
1277673190874140672
1277673206321643520
1277673294926315521
1277673592420028419
1277673608005988352
1277673758824767488
1277674320123301891
1277674336531501057
1277674444543021057
1277674502185517057
1277674685086478339
1277675702695817218
1277676207040069634
1277676435780575236
1277676880238456832
1277677030084169730
1277677121079586819
1277677308317483012
1277677466644033537
1277677556557283329
1277678219110633472
1277678251654164486
1277678680878219264
1277679188418363392
1277679404467060742
1277679583689662465
1277679863965548551
1277680017850404866
1277680791842172930
1277680961979908098
1277681282898702347
1277681311495446540
1277681439396499456
1277681533210542081
1277681549459312641
1277681571194003456
1277681788320657409
1277681994059575296
1277682009612136448
1277682535712141313
1277682631778414598
1277682657485361152
1277682878084788227
1277682961253572615
1277683062965444608
1277683421763063811
1277683678357999616
1277684467226861568
1277685792547184641
1277686038018785280
1277686068607885312
1277686095149400067
1277686128783564800
1277686129098133504
1277686158206603267
1277686175004872705
1277686274489450498
1277686314515783681
1277686326394081281
1277686556816531462
1277686828880060419
1277686858500186112
1277686872890920960
1277687027392184320
1277687785818898433
1277688120637612036
1277688163016810497
1277688165449584642
1277688274715389953
1277688300170600454
1277688375735136256
1277688614454022144
1277688705843695617
1277688814882996224
1277688952883994624
1277688993551917056
1277689009460969477
1277689124321968129
1277689175077240833
1277689277627932672
1277689315129204738
1277689471299923968
1277689497866711043
1277689596990623744
1277689807427244033
1277689903715946496
1277689948917948417
1277690122436333573
1277690181341057024
1277690354033180679
1277690364913225728
1277691534561939458
1277691567940255750
1277692065082675200
1277692107046739968
1277692374915977216
1277693320072818689
1277693321041850371
1277693321679233024
1277693718703857665
1277693774198603778
1277693910878388229
1277694062032826370
1277694082752667648
1277694170405187585
1277694292853755904
1277694524115111937
1277695031185465344
1277695253529665537
1277695345401778176
1277695624759181314
1277695698201346048
1277695836479197184
1277695896445243394
1277695904418594816
1277696058836082688
1277696148631949319
1277696172283572224
1277696565923196929
1277696700120027138
1277696856185876480
1277696989375930372
1277697135832698881
1277697250483933187
1277697331056574465
1277697543934263298
1277697789238087683
1277697875502383105
1277697916421967873
1277697956158877700
1277698087893557250
1277698310044823558
1277698523077672960
1277699009956757517
1277699029439315970
1277699082400784385
1277699221836173318
1277699298222845952
1277699422558793728
1277699622773952512
1277699888160047106
1277700153932120065
1277700959691554818
1277701013143773186
1277701065669042181
1277701573142024193
1277701623645691904
1277702510858383361
1277702538599546881
1277702831278116866
1277702844859199489
1277703094080503815
1277703216608804864
1277703344686010369
1277703384946991105
1277703727399436294
1277703746487803906
1277704004806553601
1277704033977937921
1277704057092792323
1277704127250907137
1277704452628242437
1277704525533581313
1277704595419148293
1277704643187884032
1277704728890261510
1277705065847914496
1277706916521705472
1277707266364518401
1277707523747913728
1277707675640479744
1277707683362156544
1277707710264459267
1277708052452511748
1277708118739337217
1277708309647294464
1277708419500109825
1277708420150247424
1277708533363027968
1277708861361795074
1277709097715056640
1277709170767265793
1277709508811382784
1277709551970799626
1277709701770338315
1277709938006114306
1277710055853436929
1277710218558914561
1277710242810298372
1277710308874899459
1277710355804966912
1277710418581032962
1277710479973060611
1277710582490304516
1277710644796669956
1277710848191090689
1277710949227659264
1277711068555620362
1277711289494708232
1277711371480764416
1277711378959290370
1277712338746052621
1277712393800474625
1277713126314643464
1277713451515854848
1277713471010897927
1277714411155791873
1277714425672237057
1277714825615982595
1277714944289456128
1277715059624546305
1277715213001928704
1277715254408069125
1277715567114403840
1277715967817048066
1277716034980646912
1277716946612629504
1277717091085430784
1277717257557282817
1277717277006336000
1277717292785242114
1277717477754052610
1277717985910816768
1277718251133427717
1277718452615163905
1277718456373325826
1277719327513419782
1277719584905273345
1277719698566766593
1277719713758564354
1277719742829039618
1277719743068332032
1277719743139475456
1277720581509730307
1277721078220161024
1277721170591264769
1277721415630946305
1277721528684118016
1277721679318462475
1277721726084882432
1277722115349925890
1277722332564463622
1277722541369548800
1277722613100445698
1277722671833325568
1277722740489949191
1277722745644728322
1277722874183389184
1277723006090063873
1277723088730423296
1277723449935360000
1277723699802767362
1277723823857709057
1277724199898005507
1277724243791360001
1277724649510580227
1277724664534462465
1277724986283876353
1277725103309180928
1277725767464517634
1277725945072357377
1277726034247335936
1277726414008135680
1277726753826525185
1277727054755217408
1277727170891309056
1277727339028373507
1277727540593995776
1277728010305667072
1277728130443227138
1277728329483911169
1277728536753844224
1277728630781640706
1277728667876102150
1277728908922818567
1277729217615183873
1277729481885696000
1277729517184913416
1277729674601381888
1277729934027493381
1277729947155673090
1277730009428393985
1277730196334903296
1277730370474184704
1277730421191696386
1277730504977059840
1277730520651227137
1277730600959586305
1277730613060087811
1277731067873681408
1277731108642316289
1277731207913103362
1277731520736833537
1277731558926024705
1277731592065224705
1277731817865588736
1277731828347043840
1277732065614745601
1277732125492551680
1277733157249454100
1277733223662006272
1277733360534720512
1277733375764312064
1277733602328023041
1277733753889193986
1277733855068381184
1277734923948916736
1277735207349690369
1277735420634243072
1277735774276980737
1277735808930365440
1277735879709274112
1277736069589618688
1277736102875533313
1277736521966268418
1277737270431436800
1277737651127320577
1277737712192290818
1277738430924050434
1277738617062842369
1277738618182873093
1277738619122278400
1277738619797680129
1277738621001322496
1277738637430587393
1277738638428835840
1277738774143864835
1277738937616744449
1277738949243547649
1277739082119028743
1277739185626120193
1277739197072277507
1277739590355476480
1277739829703462917
1277740414385008641
1277741269234733058
1277741334372081667
1277741477007949826
1277741739311271937
1277741798765494275
1277741932781940739
1277742010363973632
1277742183601192960
1277742320981508099
1277742775178534912
1277743677914468355
1277743759543996421
1277743804603392000
1277743856113590272
1277744153699348480
1277744239233978375
1277744276143853571
1277744521112150016
1277744829049573377
1277745136596910080
1277745537698205702
1277745758834495490
1277745805949054982
1277745846013038595
1277745859422310401
1277745881878577152
1277745927999172608
1277745958302953472
1277746043673890816
1277746174829776896
1277746175450533888
1277746204772835329
1277746259802181637
1277746303053762561
1277746319147368449
1277746331327627266
1277746460507987968
1277746741861847041
1277746745959682048
1277746852897656837
1277746888914108417
1277746907914350595
1277746927619244033
1277747052143939584
1277747133626626048
1277747214023000064
1277747436660948993
1277747514041610240
1277747592303202308
1277747671609081860
1277747756073922563
1277747999582695425
1277748160341909504
1277748221520031744
1277748609598054402
1277748683392471040
1277748997055225856
1277749143964979200
1277749316866781184
1277749399532253187
1277749489294508033
1277749560857821184
1277749610279305217
1277749655284129793
1277750092804640770
1277750108122120193
1277750398284173318
1277750661686398977
1277750876078252040
1277751755946655744
1277752272269836291
1277752351198248967
1277752392717602821
1277752406605017090
1277752458417065984
1277752675308843009
1277752728224182274
1277752971976159233
1277753003299217409
1277753176926584834
1277753233193283584
1277753342240993286
1277753467096924160
