1379948256055197698
1379949183453425665
1379949367445090310
1379950016803053568
1379950892552744963
1379951526270148611
1379951971583541249
1379952380826025985
1379954235832475653
1379954996435881992
1379955993442971652
1379958247583588352
1379958923030061057
1379959635696873474
1379959986974044162
1379961330854207491
1379962100018204673
1379963481374482434
1379966089300303875
1379966335149543428
1379968203108007946
1379970925597184001
1379971497276608517
1379971677786890243
1379972036198604803
1379972565574291459
1379974660994007040
1379977686848827400
1379977914070994946
1379978644056117248
1379978725509464068
1379978822884466697
1379979273763647491
1379985586891677697
1379985930690424843
1379986311549964291
1379986352356401152
1379986711330045953
1379987850536554496
1379988459826393091
1379988862760591361
1379989971684225025
1379991857019682819
1379992949568761858
1379993073095151616
1379994598987141120
1379994869427490817
1379997166035329026
1379997561159737345
1379997577580515335
1379998355162550274
1380000713024143362
1380001316089565188
1380004233764864002
1380010023267528704
1380012418907144193
1380013121868300289
1380013442061500416
1380015651184640001
1380015804993929217
1380017285331628032
1380020277690691584
1380021101963538434
1380021259568697346
1380033069839753217
1380037694311501827
1380039711532720128
1380044959265472512
1380046766381338625
1380048271759052800
1380052175343083520
1380054917092626453
1380054943428710403
1380054946159194115
1380054953650221057
1380055718099886082
1380055723980292096
1380055725523795968
1380055734940004352
1380055736038875137
1380055743211114496
1380055754745511943
1380056729631662082
1380059869168996352
1380067193837195265
1380067204989923328
1380067211050684424
1380067527057805312
1380068026922504192
1380072884798947328
1380080792437686272
1380081088886898688
1380085938970374148
1380085940392181763
1380121885594296323
1380122270052585478
1380125238214623236
1380125367688691719
1380126579171459072
1380127428882931716
1380127432225734660
1380128307614777349
1380128349834608641
1380128380541153285
1380129377355239427
1380129825478701058
1380130062440271874
1380130165045481472
1380130627282952193
1380130726344065026
1380132127715495936
1380132303771422721
1380132458922795009
1380132856526168068
1380133233799659522
1380133803402924033
1380134447119536132
1380134843493793793
1380135160285384704
1380135998437388295
1380136265408974852
1380136506757689351
1380136853337214983
1380137693682753542
1380138671639265291
1380138793123119106
1380139761805955072
1380139767464071172
1380139844173697029
1380140372756725761
1380140481351389187
1380140507666464773
1380140843647037443
1380140880829505540
1380140886361772032
1380141374088040457
1380141531265392641
1380141741962059777
1380142173967028228
1380142257635008515
1380143025125519360
1380143403636248577
1380143474947862532
1380143511824175113
1380143952364503041
1380144316081901570
1380144386936307713
1380144397443039239
1380144419958104064
1380144655245963267
1380145190120394758
1380145689938771970
1380145884961370115
1380146179254591495
1380147070363836419
1380148197570437121
1380149189414420480
1380149758057140232
1380150040564539396
1380150404651048965
1380151024153939972
1380151416032002053
1380151625109667840
1380151725282197512
1380152239189286912
1380153315636445186
1380153674920562688
1380153744088838147
1380154322093289475
1380155143287627777
1380155171267768320
1380156384109559811
1380157384878866441
1380157940305383438
1380158492271501312
1380158655316828174
1380159835220684808
1380160210170417157
1380160424579104771
1380162934542888966
1380163662883684352
1380163676670398465
1380164142808633348
1380164187100491785
1380164466474680327
1380164728807391236
1380164862571999233
1380165031065575425
1380165206496714758
1380165306526621704
1380166654999531528
1380166673286696963
1380166756568817665
1380167350780112900
1380167631748075522
1380167831300546560
1380168379412189186
1380168424412823561
1380168988303503362
1380169524176035841
1380170107163381764
1380170430913318915
1380172847054749696
1380172887156535297
1380173453085433859
1380173474317013004
1380173736834428940
1380173816647798787
1380174503301541892
1380174634923003904
1380175893381967877
1380176275441135619
1380176530748420100
1380176614055612417
1380176663682633732
1380176667742638083
1380177380099072002
1380177867124977670
1380178088789733379
1380178233145065476
1380178647198404615
1380178882591088651
1380179212447940613
1380180414455762945
1380180830203559938
1380181069727735811
1380181766447755266
1380182059302453250
1380182104613523458
1380182525360881671
1380182879100108802
1380182989250920448
1380183294613057539
1380183410916827136
1380184181691478019
1380184748019085314
1380184930840379402
1380185200227803136
1380185332579246086
1380186033342451712
1380186701323239432
1380188175541407753
1380188726836494336
1380188744972701699
1380189279108878345
1380189408863866880
1380190686574690306
1380190937146662920
1380191434855305221
1380191814775345160
1380192333052968963
1380194796594196481
1380194848251203587
1380195271049674753
1380195397709279238
1380196200771682304
1380196202470330368
1380196394229760001
1380197461482999813
1380198326285565953
1380198684709810179
1380198799650521090
1380198938498768899
1380200045086130176
1380200068075163649
1380200116334788612
1380201409245704199
1380201675537985543
1380202042250043396
1380202246143680515
1380202459096842241
1380202806313951237
1380203837588447235
1380204397523767296
1380204651744743424
1380205551016153091
1380205689176477697
1380205999508893699
1380206313762881538
1380206414514245633
1380206774960132099
1380207884278071298
1380208126801149956
1380210051542048768
1380210466878750720
1380210529302614019
1380211519581999104
1380211655632691202
1380212599258759170
1380212818671190017
1380212963076927498
1380213291507650567
1380213396256198662
1380213901971890181
1380214496149528591
1380214959016136707
1380216024981778433
1380216254821060611
1380216543846486016
1380216726445559811
1380216862487744515
1380217313257877504
1380217456917147650
1380217548499738632
1380217736148742148
1380220155842727939
1380220423737081858
1380222108316368907
1380223675518058496
1380223976211800065
1380226304486821895
1380226306852392968
1380227017061371906
1380227817330315264
1380228561408253956
1380228664848097281
1380228671525564420
1380228675178749959
1380228693327548426
1380230665292103688
1380230943051554818
1380231196106498049
1380231649942732800
1380231771011301380
1380231785267728387
1380233056209010691
1380233642375532546
1380234228697341954
1380234344812396550
1380234910439518216
1380236020055179266
1380236464575905796
1380236967057690625
1380237294305746946
1380238005861036039
1380238250053361665
1380238378470367236
1380238783417741312
1380239156757065729
1380239158489194497
1380239552548339713
1380240710956376068
1380240723669360641
1380241921340235785
1380243802389090304
1380243835989544961
1380244263838040071
1380244308075245568
1380244475776237569
1380244933739737098
1380244949879382025
1380245569310953473
1380245643449483265
1380246440790925316
1380246698405023750
1380247092053041153
1380248595098701825
1380249584274968583
1380249795147747329
1380251417135480841
1380252162115039232
1380252197489885189
1380252490768191494
1380253320846057472
1380253489570406400
1380253666872078338
1380254280729432068
1380254538351919106
1380255412029693952
1380255773041827854
1380256786616365058
1380257602945363974
1380258246204735491
1380258790042439687
1380259423277477888
1380259614772580355
1380260034584666114
1380262742196678657
1380263078558851075
1380263918187261954
1380265825815429121
1380265927544037386
1380266106456186881
1380266362690539528
1380267159415189506
1380268057839427584
1380268891818094597
1380269667755905024
1380269732339781632
1380270875740606466
1380271658175496195
1380271987151474689
1380272415599697922
1380273771198709763
1380274908337438725
1380275175883735041
1380275996784484359
1380276012731273224
1380276444358672387
1380277528628244493
1380277598022950912
1380279105208217602
1380279126993608712
1380280709550641164
1380281121221586948
1380281216839073793
1380281375169863683
1380282190341234688
1380284260586782724
1380284804701286401
1380285459192934400
1380285462237962249
1380286665583919106
1380286752699654147
1380287334256627717
1380288047661596676
1380288138283773953
1380292063183405057
1380293161076064257
1380294004047290368
1380294242124226562
1380294644815265795
1380294972822351873
1380295022550077445
1380296494574678016
1380297346479710211
1380298282413461506
1380299670996590596
1380300642862788610
1380300934283210755
1380301077074087936
1380303202109693954
1380303249631105026
1380306416720736259
1380306495787573250
1380307040975880195
1380308263430934531
