1449163178168840199
1449163179427127297
1449163180416983042
1449163181536985097
1449163182333960192
1449163183424368645
1449163183680200704
1449163183692910595
1449163194908360707
1449163205633323008
1449163258586439684
1449163311996624904
1449163350047399939
1449163439881039872
1449163441663614976
1449163479164796928
1449163555991924742
1449163635100721157
1449163681401610240
1449163825458999302
1449163934175358979
1449164223540600834
1449164363659550726
1449164419309744133
1449164429610954756
1449164435759718402
1449164503145500674
1449164563979522051
1449164572053499905
1449164623027003397
1449164661199450113
1449164693126406146
1449164694133121031
1449164708250996736
1449164775372599299
1449164795425562624
1449164884139298820
1449165233591889924
1449165311463284738
1449165400000843782
1449165455298543617
1449165471798943744
1449165500848562177
1449165693761490951
1449165717924876289
1449165860518694913
1449165939040194560
1449166033898688515
1449166067352354816
1449166076307296258
1449166199036669955
1449166324169539584
1449166491358687233
1449166615543697413
1449166624955801603
1449166693494710273
1449166731021332486
1449166847073406978
1449166945970950147
1449166951994073091
1449166952199450628
1449167034105810948
1449167043043942403
1449167107254411265
1449167118021312514
1449167126879735809
1449167172866121733
1449167224971972610
1449167245624684546
1449167322762067971
1449167327103225856
1449167384242184193
1449167442819706886
1449167505453424642
1449167589796507649
1449167667475226629
1449167687171682309
1449167705592979465
1449167879128092673
1449167895796322304
1449168210255777794
1449168321140727812
1449168347225104384
1449168359984037888
1449168386622111746
1449168461880385541
1449168693448085514
1449168851120365571
1449168890823593990
1449168895269539840
1449169017927868416
1449169067672145921
1449169312590307328
1449169360833191937
1449169469012692995
1449169515330293765
1449169579448614913
1449169869635788804
1449170310859837444
1449170411057397764
1449170414693986308
1449170631489163265
1449170647079272448
1449170726993416193
1449170727022645252
1449170727631036418
1449170728079794177
1449170738418683906
1449170777530634248
1449170777845256193
1449170857788514304
1449171006975840262
1449171126563872772
1449171219102801923
1449171222508589059
1449171263079976960
1449171487123025927
1449171676613201928
1449171678358118402
1449171835896188936
1449171837645164547
1449172057716101122
1449172066553446401
1449172115798863873
1449172200250961925
1449172317565751296
1449172348280705030
1449172395827339264
1449172405482491907
1449172518208786436
1449172750183157761
1449173060037218307
1449173154451140613
1449173239805005825
1449173244372684800
1449173247761821697
1449173252513935361
1449173466469470212
1449173506365792262
1449173524606824452
1449173526846509058
1449173570052046853
1449173581380915206
1449173601630912515
1449173624250843139
1449173734942728195
1449173865469341708
1449173971551854600
1449173991579693056
1449174112635555840
1449174386976624640
1449174501648896003
1449174501657387010
1449174501694918659
1449174501695045638
1449174501762142211
1449174501845979136
1449174509215432706
1449174636365746183
1449174638529945600
1449174700618403851
1449175037605519363
1449175286373928963
1449175296549089280
1449175621066706946
1449175669255065604
1449175766722301956
1449175925967310850
1449175935660568583
1449175965674913794
1449176011740831745
1449176036952788993
1449176063658053632
1449176080305299461
1449176157316947970
1449176166204641286
1449176238766108672
1449176265525694472
1449176268889595910
1449176285444329472
1449176293052977159
1449176470497243145
1449176682083012612
1449176739301703681
1449177133096607745
1449177221344768002
1449177232275038208
1449177255524044802
1449177279515537414
1449177378966675468
1449177520545226756
1449177790264324096
1449177820169711616
1449177926700834818
1449178048213958657
1449178086180806658
1449178166048722944
1449178277105455104
1449178277206188038
1449178279961890823
1449178280767246343
1449178281006321668
1449178281417318400
1449178281845133317
1449178282214105090
1449178283052916742
1449178283170361347
1449178284135096325
1449178284231643137
1449178284617523201
1449178351336411137
1449178416893337600
1449178528591851525
1449178708690997249
1449178731608780802
1449178896130265091
1449179031866273802
1449179046231695361
1449179102984949763
1449179131816517639
1449179157812948992
1449179199781097475
1449179206026293260
1449179254067892225
1449179420514717705
1449179468333928450
1449179515251576832
1449179558402535427
1449179677046628354
1449179735234338822
1449179764359577604
1449179780193083400
1449179896442408961
1449179921339850754
1449179934371598339
1449180069369298947
1449180095655120897
1449180151531679744
1449180295358464004
1449180333111451648
1449180377478750211
1449180416305291264
1449180453383069701
1449180456365215746
1449180463684329481
1449180586082451456
1449180674120892418
1449180757323403266
1449180793050443778
1449180793075556352
1449180793184526342
1449180793213841412
1449180834079125510
1449180850948648962
1449180992237969408
1449181082138644483
1449181170248388617
1449181499337621504
1449181581487263745
1449181584884699140
1449181604702822402
1449181655051210754
1449181790304940032
1449181891828060168
1449182051567947777
1449182073957330944
1449182394880299010
1449182435178999810
1449182436089372677
1449182447120224258
1449182457392214021
1449182460676395013
1449182568285417472
1449182634249232385
1449182777753186307
1449182942731948037
1449182969613234176
1449182982191951873
1449183058024935425
1449183146038206465
1449183190938046464
1449183287147069448
1449183301353316358
1449183309724934144
1449183309813014532
1449183319049052164
1449183319833432064
1449183324996399114
1449183399650942977
1449183416071507969
1449183456408317959
1449183548552798210
1449183607910768644
1449183632627691523
1449183701527502849
1449183778325336064
1449183813020667904
1449183813138096131
1449183822264864768
1449183879705899014
1449183931153092610
1449184012229091331
1449184021821358080
1449184211940691968
1449184216151904263
1449184250754908170
1449184259613368325
1449184386260287494
1449184444351401984
1449184649264074752
1449184707699220482
1449184772648062986
1449184803753013248
1449184814557548546
1449185071303385095
1449185204963315712
1449185250098221058
1449185445615706117
1449185559704866817
1449185731050708996
1449185811728158720
1449185827037327366
1449185827150602243
1449185827817414657
1449185828048101377
1449185828421373956
1449185976564293635
1449186016678400000
1449186258656415748
1449186356534681607
1449186400943976449
1449186485614350336
1449186603457413122
1449186749570244615
1449187130870145027
1449187289784066052
1449187336223281156
1449187339301888002
1449187382100586499
1449187399897174017
1449187564955521024
1449187587973795841
1449187617204015104
1449188086311706628
1449188216372973569
1449188249281380357
1449188263634341889
1449188342810091524
1449188342847967237
1449188357855055874
1449188370509451264
1449188436997382144
1449188687019925510
1449188740170125318
1449188889827188743
1449189071897522180
1449189196493688834
1449189380887748609
1449189477633560585
1449189705501794305
1449189855909588994
1449189866160406531
1449189875572412418
1449190039884288005
1449190125783724033
1449190284412268547
1449190459159547914
1449190471188635648
1449190494030815245
1449190665313681411
1449190867445563395
1449190975105024003
1449191104717459458
1449191189974970368
1449191211080765442
1449191222514434052
1449191405436407814
1449191468258799617
1449191483538558976
1449191508150730760
1449191528212074497
1449191537888407554
1449191558864162818
1449191613838860289
1449191660961808386
1449191714942595073
1449191781296377859
1449191906219417606
1449191910627692548
1449191978047086595
1449192076181217280
1449192082208444422
1449192145982738435
1449192206074462210
1449192398710579203
1449192417039687682
1449192479186620416
1449192512317448196
1449192654227623936
1449192663639597056
1449192666592432129
1449192902555488256
1449192909291589634
1449192998131150852
1449193040464187394
1449193228733923328
1449193303602237445
1449193322308845571
1449193377480671238
1449193378659373058
1449193379074646019
1449193379200372738
1449193381318381569
1449193381431758849
1449193381473787905
1449193382614429703
1449193384770473991
1449193426658881536
1449193485588996104
1449193610256125953
1449193619785752577
1449193627977072643
1449193702065324034
1449193765500080130
1449193922790498310
1449194081339404292
1449194521741471748
1449194635000156169
1449194777006723077
1449194865972191237
1449195282214830082
1449195291421429762
1449195733954043906
1449195738051891203
1449195839088377856
1449195877399154694
1449195892741840902
1449195898731438080
1449195901914845186
1449195960354185219
1449195962010939400
1449195983972311054
1449196002838294533
1449196006348935168
1449196490174390277
1449197150924017667
1449197150991171589
1449197152375349261
1449197474631991297
1449197504969404422
1449198019560235008
1449198070323949569
1449198283415429136
1449198312993792003
1449198409244626944
1449198409244684289
1449198453800701956
1449198582863695874
1449198607572344832
1449198739617353729
1449198912636661768
1449199164240236544
1449199284616941568
1449199305126993923
1449199335045013511
1449199508487749639
1449199674842402818
1449199676385865729
1449199690088689667
1449199922809647104
1449200113579134976
1449200119639945218
1449200708910125058
1449200925818568711
1449200927852797954
1449200937705349122
1449200939693379590
1449201002662580225
1449201146405474312
1449201247156834304
1449201267318919175
1449201404950745093
1449201438991781890
1449201958548606980
1449202073728389120
1449202360362979330
1449202383435747334
1449202482161147907
1449202542467076098
1449202709702352897
1449202776496558080
1449202936576348168
1449202993174360064
1449203102121349124
1449203115786477568
1449203258099130369
1449203355813912583
1449203442308812802
1449203769158238209
1449204004655976455
1449204069348745220
1449204384244457473
1449204459674951680
1449204700625063938
1449204700742656001
1449204906716450818
1449204923992846339
1449204952182796295
1449204970905956357
1449205229480775682
1449205423731625986
1449205447752290304
1449205486721581057
1449205489317863430
1449205583517601794
1449205609556029441
1449205696168345603
1449205770063515650
1449206012767002625
1449206148352167938
1449206269869445120
1449206384399167497
1449206384927596545
1449206893524705282
1449206958746218498
1449207007374893059
1449207118112956419
1449207186605756417
1449207271825760263
1449207298702905350
1449207362343026690
1449207412473438211
1449207416210477059
1449207418198630400
1449207548242956289
1449207610318675968
1449208042705330177
1449208277775044614
1449208350516862978
1449208359702470657
1449208475876151297
1449208476337508360
1449208476354371588
1449208476723412994
1449208477943877643
1449208479260971013
1449208479852507136
1449208481949618178
1449208484193452037
1449208492141727749
1449208495241318404
1449208611427790859
1449208620717989888
1449208727886774274
1449208732966133768
1449208794261643268
1449208979180204032
1449208985052192769
1449209090866040834
1449209119039176707
1449209205978714113
1449209338388566018
1449209382621810692
1449209429497352192
1449209453115543554
1449209571810021379
1449209686276730882
1449210069485301760
1449210304634761218
1449210411857833993
1449210489616183298
1449210494942957572
1449210556339077123
1449210587456675844
1449210669258055680
1449210852960243716
1449210863957774348
1449210949785718789
1449210997911216129
1449211089250488321
1449211098939469832
1449211136667127810
1449211238949425158
1449211277948198920
1449211587341045763
1449211765418610690
1449211828215627782
1449211868321488896
1449211961816850437
1449211972285775874
1449212013297741829
1449212384514617345
1449212488625573888
1449212534129627138
1449212667638337540
1449212738459389952
1449212932026355714
1449213075417088002
1449213082400698369
1449213508982165506
1449213513583534080
1449213517744254977
1449213594298630147
1449213604100808705
1449214087204835328
1449214090543513608
1449214367367667713
1449214657286361095
1449214902682357761
1449214908730650624
1449214918515900423
1449215416933494784
1449215422679633921
1449215521891790848
1449215713240039424
1449215735486636034
1449215797331701760
1449216004177944576
1449216025971486725
1449216026780975108
1449216077175611396
1449216098474266627
1449216211145920514
1449216495402225665
1449216562154586116
1449216626323243008
1449216644090368001
1449216714156150784
1449217088787189760
1449217093891727363
1449217100904640513
1449217138535931904
1449217186715914240
1449217251480150017
1449217312398225410
1449217396695257091
1449217456807968770
1449217677382258690
1449217720348815361
1449218504868179970
1449218531938217986
1449218695553855488
1449219301941125121
1449219424637145094
1449219564533858305
1449219800278913028
1449220059746951170
1449220091602685952
1449220473716359171
1449220614691201028
1449220641803079681
1449220653819863041
1449220886033223683
1449220896439382019
1449221058364641282
1449221058444333056
1449221119865655297
1449221145983520772
1449221280859766791
1449221328414904324
1449221763599110145
1449221912417083397
1449222070466920448
1449222143305138176
1449222225211559937
1449222278915444738
1449222281193009152
1449222316773105667
1449222349874778113
1449222681656795137
1449222697171529729
1449222930756509697
1449223574988992512
1449223575005663234
1449223576247324680
1449223576809136143
1449223577002131465
1449223577220235269
1449223577778020360
1449223578893774851
1449223579619504129
1449223751816593411
1449223880040607750
1449224201882136581
1449224205715709953
1449224309730332674
1449224715193569280
1449224927547174912
1449225084938371073
1449225434034540554
1449225577018310658
1449225682878353409
1449225933420912641
1449225992518705155
1449226012047429632
1449226091881709570
1449226787695824900
1449226906986024964
1449227090709069826
1449227228773064704
1449227250084294658
1449227349971582978
1449227452203421696
1449227577042866177
1449227849014067201
1449228605750398976
1449228608090771456
1449228608170430464
1449228704048103425
1449228792208281602
1449228848621670400
1449228895518068739
1449229111474495489
1449229483131777024
1449229624668475392
1449229730050314240
1449229777794183169
1449230048024686598
1449230150084743168
1449230481178824711
1449230482592436230
1449231124715167745
1449231124996182023
1449231126279696385
1449231134320123905
1449231134458630144
1449231194613329923
1449231376524447747
1449231481579188227
1449232833969598470
1449233039272263683
1449233225382039554
1449233594904416256
1449233641339457538
1449233650176962562
1449233651993124864
1449233742908829696
1449233799137607682
1449234011641966595
1449234404463759366
1449234429524729858
1449234899672600580
1449234899827888128
1449234899924180999
1449235108012101636
1449235179743154177
1449236001101164545
1449236194479464448
1449236304324173840
1449236362780192768
1449237019742375939
1449237362790346753
1449237644869873664
1449237738809606148
1449237759097548801
1449238422711779332
1449238676236644354
1449238678623162369
1449238683744362496
1449238791017934848
1449238992424259584
1449239038825844739
1449239237484859394
1449239262449315841
1449240767977992195
1449240885686849537
1449241757343002625
1449241858744401921
1449241881288876036
1449242723710652418
1449243355414732801
1449243366630232075
1449243707786469381
1449244132396896258
1449244471149932546
1449244972964843523
1449245262661267457
1449245644762275840
1449245912098910213
1449245944122380288
1449246034794848264
1449246224419328002
1449246839375597570
1449246840793309187
1449247178044682241
1449247189549699073
1449247477413068801
1449247522422247425
1449248393906335744
1449248554111979521
1449248600974774273
1449248740770926599
1449248961772941319
1449249999234105351
1449250699309637633
1449251298784710656
1449251774515191811
1449251960671121413
1449252012340752384
1449252864325562371
1449253114914217984
1449253775185567744
1449253776183988224
1449253778516070405
1449253793200320513
1449254655775555585
1449255260074266628
1449256707889172481
1449258807255867393
1449260573795946499
1449261323649437696
1449261323750019075
1449261487369986049
1449261725694504961
1449262002996752394
1449262293372575748
1449262358057136134
1449262723838222336
1449264937273020420
1449265098632089601
1449266219979259905
1449266400657354757
1449267007736717318
1449267948120576002
1449268055012519939
1449268117578948609
1449268389722173444
1449268875846107139
1449268879650291718
1449269125260451842
1449269810337128449
1449271337185337348
1449272558608601088
1449274158303506433
1449274535786827780
1449276035112095745
1449276424649576450
1449276437006102535
1449277258036912130
1449277263162249217
1449277575105220608
1449277585054126082
1449277588308889602
1449277599960735744
1449277609725108228
1449278207392243720
1449278229429121025
1449279956425527298
1449281437740539904
1449283973507690499
1449283974795198466
1449284088263761920
1449285417648406533
1449286999815360513
1449287551567683586
1449287999548653571
1449288003420106754
1449289006223605761
1449293782583676928
1449294039350759426
1449297925499203584
1449299075141152768
1449299077158559746
1449299135258058753
1449301828265512970
1449301888072101891
1449301916790530048
1449302378344157187
1449303272737628161
1449306310613274629
1449306697466515456
1449309138799022080
1449309780959449089
1449310067388518400
1449310103925149700
1449310130336636932
1449310963329638403
1449311669042171906
1449314173968531457
1449314175914856450
1449314183380623360
1449314208076771328
1449314450666831874
1449314934471467013
1449314935402635265
1449315277016010755
1449315766818390022
1449315975787008000
1449317396708265986
1449318198722002949
1449318542416007171
1449319735317905415
1449319932144103427
1449320217180528646
1449320469547687936
1449322306975719424
1449323802056404999
1449324633686265856
1449325496689315842
1449327210012323848
1449329272301047809
1449329272506572811
1449329272745709568
1449329273391570945
1449329273567776777
1449329278173204486
1449329283235598346
1449329314818928641
1449329317452947459
1449332862998745089
1449333613472931842
1449334364500856832
1449334387623927808
1449335148818931716
1449335330050650115
1449335760176521219
1449336816369389569
1449336834606129152
1449336836472680451
1449336837038919685
1449337388589801478
1449338335462404097
1449338783007223811
1449338979371950081
1449339337913495565
1449340596296974347
1449341266077130753
1449342369426378752
1449342802563796992
1449343364449587204
1449344373313835013
1449344373657899013
1449344381467561985
1449344408676143111
1449344520101978124
1449344622962954247
1449344634581307406
1449344680844480514
1449345343188045830
1449345424003846149
1449346074884272140
1449346215129358336
1449346804265275395
1449347114887168003
1449347139251933187
1449347533701005312
1449348148279840770
1449348538975072259
1449348719086903301
1449349411956568064
1449349740374761476
1449349860331819009
1449350349878345733
1449350440009801733
1449351261501939716
1449351295605907459
1449351683461431298
1449351920720642051
1449351935086186497
1449352019257565185
1449352970680766464
1449353179447980040
1449353265901096961
1449353475540897796
1449353608496128000
1449354097942011905
1449354218029133829
1449354421398384643
1449354437294653449
1449355332124356608
1449355816096747522
1449356589777899520
1449356760079163393
1449356953923178497
1449357446393352197
1449357658851532809
1449357852594905090
1449357893677973508
1449358142953902082
1449358629388357637
1449358743716700163
1449358781436080129
1449358940794494988
1449358998680002567
1449359472300810245
1449359473487740931
1449359474142158851
1449359475316445185
1449359475609985029
1449359479938502660
1449359480429240323
1449359482304151554
1449359550298140672
1449359641704603648
1449359655952596997
1449359671882563587
1449359974296076289
1449360733364539393
1449360807024807939
1449360839413100550
1449361204410036224
1449361679553384454
1449362003819106306
1449362691248771075
1449363245442101254
1449363245811343361
1449363250643079168
1449363254346649601
1449363263234494468
1449363369702694920
1449363497100488706
1449363978359017476
1449364166465130514
1449364348929982464
1449364416395464707
1449364459273736193
1449364531050844162
1449364998720036864
1449365128487526400
1449365295269826567
1449365338760568832
1449365506792771585
1449365735998992386
1449365761961574400
1449365771134636040
1449365975644753922
1449366013829545992
1449366037921738764
1449366068271722504
1449366200660676612
1449366599698427905
1449366962098917379
1449367022169694211
1449367022307926024
1449367023113236486
1449367023876673536
1449367183239233541
1449367213153021957
1449367249064796169
1449367318639874048
1449367523640504324
1449367532159311872
1449367597137399808
1449367809314729985
1449367988508012548
1449368008644780034
1449368219714822153
1449368278682542083
1449368359410315271
1449368481598623748
1449368534639906821
1449368672556945413
1449368781973704704
1449368782766497792
1449369160153247750
1449369370795327492
1449369536948437001
1449369543592325121
1449369619093938180
1449369884291391492
1449370158070382602
1449370213875654662
1449370484945076229
1449370525432782851
1449370534907727874
1449370795143307269
1449370795180888068
1449370795906457604
1449370798142148608
1449371355779063815
1449371613254795264
1449372064033423363
1449372118379077632
1449372212448972805
1449372288575492097
1449372329478393857
1449372682366201884
1449372814801313796
1449372878034644998
1449373360153153547
1449373406693109773
1449373451756605442
1449373471255908362
1449373480470790147
1449373660251189253
1449373690445975552
1449373782108524546
1449373900756828168
1449374238809411587
1449374471459065863
1449374570683658248
1449374571132596231
1449374571598131207
1449374574475309057
1449374574869508097
1449374579483451392
1449374580603113478
1449374652443279363
1449374693186842631
1449374729815699474
1449374824648921090
1449375261095464962
1449375275691782144
1449375361586765833
1449375386060697609
1449375409397710860
1449375577186652162
1449375763300446215
1449375887661707268
1449375911258722314
1449376145305063433
1449376165974654976
1449376693458718727
1449376729076846593
1449376849017163777
1449376946694000646
1449377176290304002
1449377418960121856
1449377465533673472
1449377560534585351
1449377595997528065
1449377647520321536
1449377901850157056
1449377982150230022
1449378147464581121
1449378467997442054
1449378563849863169
1449378659379318785
1449378838291570689
1449378848383115266
1449378923977101315
1449379155079057413
1449379449196068867
1449379599847133185
1449379603252924422
1449379603395588099
1449379603491946506
1449379623893151747
1449379981017161728
1449380326833377290
1449380358370172930
1449380409331097601
1449380424644538368
1449380498065743878
1449380985775218688
1449380989080379398
1449381113122594834
1449381272665612289
1449381352776798208
1449381565243576323
1449381616585887745
1449381746433167360
1449381753739689984
1449382111761346561
1449382119768305665
1449382119797579779
1449382120170958850
1449382121043156994
1449382121211039744
1449382121764757507
1449382122167275524
1449382146917949446
1449382182376648710
1449382362010247171
1449382371577319424
1449382636619710469
1449382649416634370
1449383466479628292
1449384007225929730
1449384110724685829
1449384129716441091
1449384132933390343
1449384294615592971
1449384506729721876
1449384646190501888
1449384684375379968
1449384753556303873
1449384812356243456
1449385260207120390
1449385372866260993
1449385394294824962
1449385496577257475
1449385819127562250
1449385894700466178
1449385912324997123
1449385988661424138
1449386146329366528
1449386146383941635
1449386172627632130
1449386199051866119
1449386645430616071
1449386649742241795
1449386820681277441
1449386837076705280
1449387046234120196
1449387382575226987
1449387407393046529
1449387434605785088
1449387482680754176
1449387548837437444
1449387677955002371
1449387690693062664
1449387733596532745
1449387863355887619
1449388042578534400
1449388176720674822
1449388231305449481
1449388344102821888
1449388362834628608
1449388411551424514
1449388421659648010
1449388436398485505
1449388595224072196
1449388942516576258
1449388952788496385
1449389207747706882
1449389238852726786
1449389549285748737
1449389670484348939
1449389672656945155
1449389673533612044
1449389677992026126
1449389678692601862
1449389681213276166
1449389682886942724
1449389702826577925
1449389706236547080
1449389709260738562
1449389790219153408
1449389873950035974
1449389921521782788
1449389921605767174
1449389969043337219
1449389975489941518
1449390050182111234
1449390200245866497
1449390220387012609
1449390255514259463
1449390296026910725
1449390425110896649
1449390688085368835
1449390949398982657
1449391102600130567
1449391173324492811
1449391359052460037
1449391470474153985
1449391540577751051
1449391550543314947
1449391619606786049
1449391683058245637
1449392074164523012
1449392148076498959
1449392186559057920
1449392217693503491
1449392266951397387
1449392318390444036
1449392338078478342
1449392370357870612
1449392390922547202
1449392405040541696
1449392433960210432
1449392574024888323
1449393028792299524
1449393097167736834
1449393325841211397
1449393354043711490
1449393356035952640
1449393551415128073
1449393556481667079
1449393749524615168
1449393909457514500
1449393917816889347
1449393955926315011
1449393960779231233
1449393985231917058
1449394199338504198
1449394293576278018
1449394377248366595
1449394702847856642
1449394830354919428
1449394864953700357
1449395209440309248
1449395213508694017
1449395295431897088
1449395389942149131
1449395652660797453
1449395875986481155
1449395882357633025
1449395894785355787
1449396076797169668
1449396199136526336
1449396476057210881
1449396499541118982
1449396541882503171
1449396570689056778
1449396758761639936
1449396816378834950
1449396829028814849
1449396990593454081
1449397075452518403
1449397219283570689
1449397219430330368
1449397219665219593
1449397220445462536
1449397220898344961
1449397235729539081
1449397239080755207
1449397287642349568
1449397334241161223
1449397392843935764
1449397550126141444
1449397803755651072
1449397822869147651
1449397826132262914
1449397930394210310
1449398219046260740
1449398298498928643
1449398462043279363
1449398632155947008
1449398729220493312
1449398951333990409
1449398974989864964
1449398994757586946
1449399054819987457
1449399116426104833
1449399156657770497
1449399172101128201
1449399192586174466
1449399343103029250
1449399735748636678
1449399736352468992
1449399785820078081
1449399887167119360
1449399963277012994
1449400060035440643
1449400359206756363
1449400415678779402
1449400440882405380
1449400635116433419
1449400638933176328
1449400951324950537
1449400994333405200
1449401048943185928
1449401171903488009
1449401212927889417
1449401221027139586
1449401242866761733
1449401474610462721
1449401735554867204
1449401758762115074
1449401885253939215
1449401937514876935
1449402175264854021
1449402252574089221
1449402252574093313
1449402294836121602
1449402350767116289
1449402508070330374
1449402590010163209
1449402723670106116
1449402848815550466
1449402923545501698
1449403051673100294
1449403196649115651
1449403300139442178
1449403390262448141
1449403502103564294
1449403864575365124
1449403893222449157
1449404420291276804
1449404773669629955
1449404774353408000
1449404777943732231
1449404913612693506
1449404947305357318
1449405027802566656
1449405085109432327
1449405181683240964
1449405260896817158
1449405282770112512
1449405496465756166
1449405524257038340
1449405618561880069
1449405807771197449
1449405859352784896
1449406026130800649
1449406142535241735
1449406171329224710
1449406700247728129
1449406745839767554
1449406816379707392
1449406817562419200
1449406966439108613
1449407047380967431
1449407075352784900
1449407211520802819
1449407251349921798
1449407279267303428
1449407451015438347
1449407537141452802
1449407651490709505
1449407761284960261
1449407846987165697
1449407875319742467
1449407890901639172
1449408052826886160
1449408110351761412
1449408167734038528
1449408370029613060
1449408379831693314
1449408498698162181
1449409121380278272
1449409249872863232
1449409432153120769
1449409563313287168
1449409576659423242
1449409809388802053
1449409902372397063
1449410023688482819
1449410149450493955
1449410228349554689
1449410308812980229
1449410447652933639
1449410520742866953
1449410582919135242
1449410798015717383
1449410816445460482
1449410939518849032
1449411035929137154
1449411060461674498
1449411391845191684
1449411463517548554
1449411892448047107
1449411969300275209
1449411973507162117
1449412318731718657
1449412319352655878
1449412319532892161
1449412368975400961
1449412375371821059
1449412375648653318
1449412376600760320
1449412386989957123
1449412570620698624
1449412570620723201
1449412754855583757
1449412783422984194
1449412832248881153
1449412856714309635
1449413073911963652
1449413074117488643
1449413075346640900
1449413323502489606
1449413438061649923
1449413637743857679
1449413736159141891
1449414015520759814
1449414423756509187
1449414794226843650
1449414844759875596
1449414874015088642
1449415019515502592
1449415211077734408
1449415392695357441
1449415761626341379
1449416006359732231
1449416093785735174
1449416094049976323
1449416130070781956
1449416222634827782
1449416271263461377
1449416345406386180
1449416346836471810
1449416386325909505
1449416634209390592
1449416825608056838
1449416879366279173
1449416937025331203
1449417056810643465
1449417284427124738
1449417288294219783
1449417303024541697
1449417600451153920
1449417622877921281
1449418175133667333
1449418337302294532
1449418358563082243
1449418799136985088
1449418946319470594
1449418954158510085
1449419136333979649
1449419868542054408
1449419869137432582
1449419871066935300
1449419871272374272
1449419872530698242
1449419878197342213
1449419964708970501
1449419994043981830
1449420066672414720
1449420068002177029
1449420120439148545
1449420168614998016
1449420180468035592
1449420189305614336
1449420208351948805
1449420287859052546
1449420372315541504
1449420538389024770
1449420641057267717
1449420672023805957
1449420734883930112
1449420767922425869
1449420851951009793
1449420907404042242
1449421055207018497
1449421135045595140
1449421147607552004
1449421191794601984
1449421204658561026
1449421259595452422
1449421379888164867
1449421866477707270
1449422025026531330
1449422030705623041
1449422163484807181
1449422256929705984
1449422354816323587
1449422461385252866
1449422477361180674
1449422543161413635
1449422618759602189
1449422636744912909
1449422726393892865
1449422807532716032
1449422896103895042
1449422953117011975
1449423137100140550
1449423249461366793
1449423353635246088
1449423391841132544
1449423477233102853
1449423552592039936
1449423778606456835
1449424288780472322
1449424468405796865
1449424506163023874
1449424714506457093
1449424901627019267
1449424901673299969
1449424902314991617
1449424982103117828
1449425005675175942
1449425208415330309
1449425312043909122
1449425405832744961
1449425624637087752
1449425742908039168
1449425810159460361
1449425849741037569
1449426023091777539
1449426077017911296
1449426160052408323
1449426160056684558
1449426407256363014
1449426411685650433
1449426563733225478
1449426610780790787
1449426629302923265
1449426720935792655
1449426730419118085
1449426776736808968
1449427000171581440
1449427047399448585
1449427078118580227
1449427186675433475
1449427261036367874
1449427261933895682
1449427403151974406
1449427418205331458
1449427418226253825
1449427418306027524
1449427418523975681
1449427419530596354
1449427419551567873
1449427419782393856
1449427420277317637
1449427420935868420
1449427438350520334
1449427536241381382
1449427551236116484
1449427595792093187
1449427670039678976
1449427709592023049
1449427806572646404
1449427809370136588
1449427880203718656
1449427943726333956
1449428375127343112
1449428579264118787
1449428766057324545
1449428775981096961
1449428810580074505
1449428815453769732
1449428967115608066
1449429816030240770
1449429826033565701
1449429871025737729
1449429908955017219
1449429935047782408
1449429935253192706
1449429944698916868
1449429989997350915
1449430044527394823
1449430192284385283
1449430351634309122
1449430438963990532
1449430448401108997
1449430561504694276
1449431193674342407
1449431410427768835
1449431680922574851
1449431893137633280
1449431907993796609
1449431975924801538
1449431986733555716
1449431996388626434
1449432052139450372
1449432212651270148
1449432510027476998
1449432544185888770
1449432562221387777
1449432702265045001
1449432726709415938
1449432744858095620
1449432756115628044
1449433047514836993
1449433173478330372
1449433270496735233
1449433427820912648
1449433592560594950
1449433625754226688
1449433673577603072
1449433699800518663
1449433815630364675
1449433952775589889
1449434153636798471
1449434234658164738
1449434243243851777
1449434300596752391
1449434317990547459
1449434667367772162
1449434716256407557
1449434968464060417
1449434969038671872
1449434969135214595
1449434970171187201
1449434970318069760
1449434971169452032
1449434972062842883
1449434974483005440
1449434974759829504
1449434974990454790
1449434976810946569
1449434988915544065
1449435007324393472
1449435051557543944
1449435075465170944
1449435209489952771
1449435252066340870
1449435274761719808
1449435401698095107
1449435490822807552
1449435627259367434
1449435654924931073
1449435771329343492
1449435806360297476
1449435844591460353
1449435990313955329
1449436020043395074
1449436175190708224
1449436440903880709
1449436468900990982
1449436567576121347
1449436568943398916
1449436608785174535
1449436629844832261
1449436691383599113
1449436775672266753
1449437262102601734
1449437310957858818
1449437328108294149
1449437370282041350
1449437473063440387
1449437730954485766
1449437763162542090
1449437933971386371
1449437969568370697
1449438042717048840
1449438087948406789
1449438264453046300
1449438275429490688
1449438472335470596
1449438494795960320
1449438628397133824
1449438681002037257
1449438710102102030
1449438743232978945
1449438860463706118
1449439003149803521
1449439091628462080
1449439137958879239
1449439298659536903
1449439328304648198
1449439429379203086
1449439431799214085
1449439484936921088
1449439767217774593
1449439827452211201
1449439891956240384
1449439916165840896
1449440001117151236
1449440001356271626
1449440010416099329
1449440018003546114
1449440056553443330
1449440095073968134
1449440227257430019
1449440247943737347
1449440439149420545
1449440441489891334
1449440500486901760
1449440995335094276
1449441012317933570
1449441269499957254
1449441444587098113
1449441668730695684
1449441839795167233
1449442517661851652
1449442518005915652
1449442518882467842
1449442519415095296
1449442536561459208
1449442554236313600
1449442575740461063
1449442588935733248
1449442604177821700
1449442630031585291
1449442637107417099
1449442760956727301
1449442769412395013
1449442837859348480
1449442928821108736
1449443088297078787
1449443178663366664
1449443203204136960
1449443405633835015
1449443600069169152
1449443709532135432
1449443729048276993
1449443776141819904
1449444018006409224
1449444134784315394
1449444346118475784
1449444577635618826
1449444922877169666
1449444998923968518
1449445034198114308
1449445042645467136
1449445140221898759
1449445168810283010
1449445298280013824
1449445332446638083
1449445559874564104
1449445768054640646
1449446159789924354
1449446292577472519
1449446292669624321
1449446300286693378
1449446310923235333
1449446317856493570
1449446390048886788
1449446879842947073
1449447313064218628
1449447418492342276
1449447481117265921
1449447518878806020
1449447579473879054
1449447795857969153
1449447802510004227
1449447893501415432
1449448250646335493
1449448638426517508
1449448642302128128
1449448809109639176
1449448897110216705
1449448951153889280
1449448976114229249
1449448999564546053
1449449143420821509
1449449285972541442
1449449667054419979
1449449848084701185
1449449976350879746
1449449982847852556
1449449993308360708
1449450067501338628
1449450068059115521
1449450068465967104
1449450070471024643
1449450070986866702
1449450072396156928
1449450072928780289
1449450074392641545
1449450075114008578
1449450081002926088
1449450107787792390
1449450119653470210
1449450131854594053
1449450284716003329
1449450314399055872
1449450319335788557
1449450535271211012
1449450678942781442
1449450822706745344
1449450829086330885
1449450832848728066
1449451229759909896
1449451264031461383
1449451325989826560
1449451326090399756
1449451493598302212
1449451577484328962
1449451583654215684
1449451895270121472
1449452020167888899
1449452110492356608
1449452232487817216
1449452254155755524
1449452953207820289
1449452988804878338
1449453085504442376
1449453113455390721
1449453318259023872
1449453747873189893
1449453760837738496
1449453766307110916
1449453842261704704
1449453842437787656
1449453842622402560
1449453876894126080
1449454028438523904
1449454037947015168
1449454355149697025
1449454478646722562
1449454504676499459
1449454709165670401
1449454712902856712
1449454848982720512
1449454948903620608
1449455087693271041
1449455100577996800
1449455100687273992
1449455130437373960
1449455142227562499
1449455142605099012
1449455231255810048
1449455424932093952
1449455658449862660
1449456142816628743
1449456244046114820
1449456390293045260
1449456765511344147
1449456835455557633
1449457016339107847
1449457181762498562
1449457423773691905
1449457589234843652
1449457617328173056
1449457617672224775
1449457617982558208
1449457618188050437
1449457618460708867
1449457619018534913
1449457630838153217
1449457652870832139
1449457780113514497
1449458579933736966
1449458599688818692
1449458622996623360
1449458672426434568
1449458709135040516
1449458821299150862
1449458875590221828
1449458888034689031
1449458948839464963
1449459038391988225
1449459086135898112
1449459416873324546
1449460083302313996
1449460094651994116
1449460133742923784
1449460133856153600
1449460133868736515
1449460243742736384
1449460561284976643
1449460635830415360
1449460934599184384
1449460936172052483
1449461226459836422
1449461228368277507
1449461230813450243
1449461245539672066
1449461295506395136
1449461329027284997
1449461374904635402
1449461392181022725
1449461397885161472
1449461580962439171
1449461867135389696
1449462036103147526
1449462278592638986
1449463468571172868
1449463544081108997
1449463640625762306
1449463830694727681
1449464280177274882
1449464481780731904
1449464522721333260
1449464526663999490
1449465056283009024
1449465162184986630
1449465166886801411
1449465166924554251
1449465166945402885
1449465167314501632
1449465167478079494
1449465167641600000
1449465167813689348
1449465168144916480
1449465168941912065
1449465169214468103
1449465171072757772
1449465172184211462
1449465172872114179
1449465191612157953
1449465204803358725
1449465208141844481
1449465226999607298
1449465337095856138
1449465417517387783
1449465506185027590
1449465534102261761
1449465569577668614
1449465583356030976
1449465728319606792
1449465754454315009
1449465766466633731
1449465778906959875
1449465922222129152
1449466211180417026
1449466314238697482
1449466579641585669
1449466813025243136
1449467130664132618
1449467208913068033
1449467243860054019
1449467466170699778
1449467473309339661
1449467539386519558
1449467575981809665
1449467603907448833
1449467629748596736
1449467922989166603
1449467931046420484
1449467938998718470
1449468206868013056
1449468320911081487
1449468438485815296
1449468941802385422
1449468941886164994
1449469078620581897
1449469112065871885
1449469502668910600
1449469915908431878
1449470200395358209
1449470669645926537
1449470748607844355
1449471141559611396
1449471527364222976
1449471764820635656
1449471923285540865
1449472297929256960
1449472427218673668
1449472716654981129
1449472719498645514
1449472728461987841
1449472729070149632
1449472954463621122
1449472954551521280
1449473111586377729
1449473471793205249
1449473572116762631
1449473629654110208
1449474483408957443
1449474565894131714
1449474701034622977
1449474777563926528
1449474813370646528
1449475035593420800
1449475233245798402
1449475399541563403
1449475427861475331
1449475946088652800
1449476361454821385
1449476509694054401
1449476590660956161
1449477726709112833
1449478026874474506
1449478198966857732
1449478289903521797
1449478328424009733
1449478394475778051
1449478401065115651
1449478446569168896
1449478632083177477
1449478930650447872
1449479040600051714
1449479193893408770
1449479356997423104
1449479419815337986
1449479766948683784
1449480246839889927
1449480267979104262
1449480268427915266
1449480270516604931
1449480273154904066
1449480276606869517
1449480336505667588
1449480347901730821
1449480454080548872
1449480483461554183
1449480484724088833
1449480576843538433
1449480584699551749
1449480672863784965
1449480782582620165
1449481145347985408
1449481190797455364
1449481263560151044
1449481493349380097
1449481895432097800
1449482109194752006
1449482783194288133
1449483310904877063
1449483452001112069
1449483866205573121
1449483979447541766
1449484039899987972
1449484302257885188
1449484397045063682
1449484415881543680
1449484496202567682
1449485081056264194
1449485282923982855
1449485299692630019
1449485331871449090
1449485359298093056
1449485836618137600
1449486104684531712
1449486244711485443
1449486250214404107
1449486304098586628
1449486313007329288
1449486566053777414
1449486586484125699
1449486661721726976
1449486747314704385
1449487014156398593
1449487085291728896
1449487467590062093
1449487816233193484
1449487816858214409
1449487817478901762
1449487817629847555
1449487817663340544
1449487819748089857
1449487842506379264
1449487885858742280
1449488045112180741
1449488094248513538
1449488478488698883
1449488609162272778
1449488693593612297
1449489088516665344
1449489521800884224
1449489589987594240
1449489607083560974
1449489854434267149
1449489889968410625
1449490172714930176
1449490756012490758
1449490836274618369
1449490920332840963
1449490923147124739
1449491011823046661
1449491243449425929
1449491300601012226
1449491358339813378
1449491418951659521
1449491591043895299
1449491597469564933
1449491597670948870
1449491708039815170
1449491892895293441
1449491936897863680
1449492142326493186
1449492548414676994
1449492611903991812
1449492849284820996
1449493604490256386
1449494426590515200
1449494590353035264
1449494798163976197
1449494917470949381
1449495343775764483
1449495365858779143
1449495365988855811
1449495367511420938
1449495372036968455
1449495372804599809
1449495376424325121
1449495384758398976
1449495802150150146
1449495905430814720
1449496262332465159
1449496308847239170
1449496467018821642
1449496624552681474
1449496629061500928
1449496787862147073
1449496908259540996
1449497330386878468
1449497660730249220
1449497772978225153
1449498485632520195
1449498667568750594
1449498906539315204
1449499061464309763
1449499140912599042
1449499392432431108
1449499392520560640
1449499693352894469
1449499779260628992
1449499856314064898
1449500399115718659
1449500399174520833
1449500522420002821
1449500593907712002
1449500803794866180
1449500858157305869
1449500970312998924
1449501047077195780
1449501056430399489
1449501158083604481
1449501335351484420
1449501427731140610
1449501928661082119
1449501941260701699
1449502076300451843
1449502160551616517
1449502167618961409
1449502279531483147
1449502907775258624
1449502915618615302
1449502915643674628
1449502915744333824
1449502915845001219
1449502916310671361
1449502916692217856
1449502917111660545
1449502970102665222
1449503092240797696
1449503178660225024
1449503228790513666
1449503283366797314
1449503306137620480
1449503323099385856
1449503663635013634
1449503862839185415
1449504023833452558
1449504193048420354
1449504433851846657
1449504903563554820
1449505147382472706
1449505263480934402
1449505342749036547
1449505432251219971
1449505510944870408
1449505559116402693
1449505900356685841
1449506069189902342
1449506250933239812
1449506317786353665
1449506346462744577
1449506610355843072
1449506767856193536
1449506953965805568
1449507168483434504
1449507262041522177
1449507391809200137
1449507507085484037
1449507508280860674
1449507508880617472
1449507510822572038
1449507675398496257
1449507799193505797
1449507833356197897
1449508150097350661
1449508210281369603
1449508280099692547
1449508281857286149
1449508282809323520
1449508429605654528
1449508516453130240
1449508778303447043
1449508850483269634
1449509080301805572
1449509085045481477
1449509104859242498
1449509159959994371
1449509323323973632
1449510244149706757
1449510466401734658
1449510466460524553
1449510467433480195
1449510467559378953
1449510469442555906
1449510469853667329
1449510471271387137
1449510471762075655
1449510472835866624
1449510491366252545
1449510558001102853
1449510596743999491
1449510608039288840
1449510897764941825
1449511010713309188
1449511185972408328
1449511664190033923
1449511767403544578
1449511942654074883
1449511990427197440
1449512285995737091
1449512394917433349
1449512564862291969
1449512677861203970
1449512691316531201
1449512803686043652
1449512806093508611
1449512981943947264
1449513190220521475
1449513318755016708
1449513557943586826
1449513655268253697
1449513747865870339
1449513777100062724
1449513838861246471
1449514033493721089
1449514240386256897
1449514250314129409
1449514260632121349
1449514983071625216
1449515175367909386
1449515205604544521
1449515791070777344
1449515989654179847
1449516105047945226
1449516219112042496
1449516273042444290
1449516444820049922
1449516686487560193
1449516768435662850
1449516949214535686
1449517094471667718
1449517265649537024
1449517428606742529
1449517517966282752
1449517826230923264
1449518015150579720
1449518015649927169
1449518016211795970
1449518024495620098
1449518041126084609
1449518079029825537
1449518214459928584
1449518715234623489
1449518858566619137
1449519013764141057
1449519167045050372
1449519273609678852
1449519282577199104
1449519546382143489
1449519920157495303
1449519924725129229
1449520047513223168
1449520121823830022
1449520360823693315
1449520380184461315
1449520449193447429
1449520455476396032
1449520504818192384
1449520531762520064
1449520730891296774
1449520763963334656
1449521040070152197
1449521790007476229
1449521790091284482
1449521790259138560
1449521796810747904
1449521805027315716
1449522027631624198
1449522154681376775
1449522170418315267
1449522237451776008
1449522488912789506
1449522531921186817
1449522596911869952
1449522892413231105
1449522942422011907
1449523048340721666
1449523075326828545
1449523433843351563
1449523491104043008
1449523539661365255
1449523750173491201
1449523753906495496
1449523843358347266
1449523916871983117
1449523970470912003
1449524050808557568
1449524061047033858
1449524310322950145
1449524420263952387
