1350964022015913984
1350967951759912962
1350972521869422592
1350977003458093059
1350977780759060481
1350985257911283724
1350990442536587264
1351000084666851329
1351004887350390788
1351005472975970309
1351008914498838528
1351013753345748995
1351016945978630147
1351031566319968258
1351052759752179712
1351054443320651778
1351062265475305473
1351066631921926148
1351082694969618436
1351093695672684550
1351107066014810114
1351122167098986498
1351129052233523200
1351129278524567560
1351131235226161155
1351131630866464773
1351135759772868610
1351136177076760577
1351138543989567493
1351144831943397379
1351144903410151427
1351148553222164486
1351151649612591104
1351155713452748803
1351158102016417792
1351170107909791756
1351173371095097349
1351176302485778433
1351182619476684801
1351183955479973890
1351183973712613384
1351184966181396482
1351187591157096450
1351188274962984960
1351190278435196932
1351191114531950596
1351191613347950593
1351196474453983233
1351196480212774917
1351198127626313735
1351203633044578304
1351203895108898817
1351205275592753160
1351206061974421516
1351206313930457088
1351209918808924162
1351212765642297344
1351212922115158031
1351213042370015243
1351213442330406914
1351213508898250760
1351215672576118790
1351216088567185412
1351216549445722113
1351218967550062596
1351220307147816962
1351220307521015808
1351220366476275715
1351220911031128065
1351224096948973575
1351224673275670529
1351225108782845959
1351226283997470722
1351227857893269514
1351227892001361920
1351229594129604614
1351232759272976385
1351232889581498368
1351233149263638528
1351234147843362816
1351237810179727363
1351239907713429505
1351242963460845568
1351246917624352774
1351247989281415168
1351248044847730688
1351249460232380417
1351251658861391874
1351252705625464839
1351254867269062660
1351256396151533568
1351258055468580870
1351258187278802944
1351258669032345603
1351261849539510277
1351262849184751626
1351265257646411784
1351265353473540096
1351266488741744643
1351268122028859392
1351269864028176385
1351270427386126344
1351275585096585216
1351275852307308548
1351276644741361670
1351276982336679938
1351277785860464645
1351279311265943555
1351280761073258499
1351280784016072709
1351281261986267137
1351283017600413697
1351283384186761217
1351286049914417153
1351287836604047360
1351287880656826368
1351287977280987141
1351289001722916864
1351291845188444163
1351297224542707713
1351299589589102594
1351303356078284808
1351303818881986564
1351304611672547332
1351304652130816034
1351305480828833792
1351307400058384384
1351314690585088002
