1454236607096111107
1454236607104659458
1454236607477792774
1454236608962650121
1454236608987688962
1454236610116165637
1454236610195689476
1454236610220814342
1454236611231633410
1454236611668029442
1454236612246716417
1454236612607553536
1454236614486421506
1454236617103847431
1454236626570334210
1454236629212835851
1454236634522734592
1454236656584757264
1454236682480459783
1454236683910668290
1454236704072617984
1454236751032115207
1454236768123895810
1454236825472667649
1454236859144368132
1454236930443468801
1454237069795024900
1454237145485426695
1454237153135931395
1454237274833661956
1454237362406391809
1454237402248122369
1454237907334619142
1454238000972455941
1454238016575311872
1454238037999771648
1454238152865075201
1454238326626652161
1454238368787669004
1454238452187373568
1454238846883880962
1454238878869692421
1454239123821056007
1454239123967934469
1454239124416876553
1454239262317035522
1454239375445856259
1454239397638021124
1454239489350643712
1454239508535316481
1454239508736716805
1454239523752366086
1454239531989831680
1454239597022654472
1454239615053934593
1454239899738165257
1454239942201200646
1454239962778390533
1454240057204912130
1454240063378886661
1454240158258245633
1454240308305203200
1454240382343057413
1454240445819670530
1454240633812492288
1454240670730838022
1454240745209090054
1454240821671309313
1454240888918577156
1454241137032499201
1454241137158393865
1454241144284532740
1454241305643692040
1454241346261192708
1454241380654583808
1454241414133452803
1454241640361562113
1454241640407703556
1454241640814497793
1454241644727963650
1454241891919220740
1454241911800225792
1454241950740013061
1454241962467471361
1454242276419510272
1454242277136773120
1454242285730861059
1454242372431265792
1454242552543002624
1454242564677197830
1454242567525130247
1454242814531878913
1454242898610958337
1454242898778550275
1454243012687630341
1454243252408836096
1454243347011444736
1454243474845360131
1454243528754745346
1454243581372284928
1454243619070697472
1454243717213265932
1454243791980875777
1454243861421862915
1454244044595503104
1454244156818300934
1454244156868542476
1454244156939780099
1454244157220921346
1454244157384314880
1454244157476651011
1454244157686534149
1454244158059651073
1454244158378446850
1454244158617493506
1454244158860939264
1454244164992917506
1454244180356648969
1454244182919364614
1454244189932228611
1454244190964097032
1454244318995222531
1454244324519071746
1454244359373733893
1454244408816189441
1454244422057668615
1454244431238819841
1454244508422459393
1454244610700681224
1454244673359425537
1454244733560229888
1454244848609923075
1454244864376377347
1454244886253916162
1454245090852053001
1454245259840524295
1454245384964935685
1454245415453405184
1454245471178870786
1454245472483356672
1454245475327021062
1454245603945369602
1454245688783552520
1454245893302013954
1454245933336580096
1454246187947765767
1454246327664222214
1454246434283393025
1454246512523763716
1454246560804528128
1454246606707036162
1454246669336317956
1454246681436958727
1454246751586508805
1454246778463686657
1454246845098692611
1454246885435248643
1454246911410593792
1454246962572582912
1454247192441536512
1454247344669700097
1454247380774182916
1454247480892219394
1454247490849546244
1454247924238454789
1454247931738050562
1454247932102856710
1454247947193884672
1454248091650035717
1454248185153609734
1454248400472453125
1454248554088763392
1454248641565241344
1454248667544760322
1454248750826901508
1454248808502681600
1454248813082943491
1454248889213718534
1454249132009431043
1454249169024081920
1454249190154985476
1454249190293340160
1454249197436297221
1454249201756422149
1454249208203005953
1454249217371766787
1454249237290618881
1454249286628253698
1454249350134120448
1454249603428139010
1454249657236967434
1454249943749865477
1454249944760655874
1454250232359923714
1454250280133046276
1454250339180298240
1454250583657955329
1454251071434633216
1454251089763635207
1454251157971427329
1454251177617641473
1454251203311792129
1454251227743768582
1454251273138544641
1454251308928495621
1454251353837088772
1454251383629168646
1454251384300261384
1454251454924001283
1454251455003586567
1454251694699728903
1454251706586476545
1454251706926174217
1454251707685216266
1454251709723725831
1454251710717706241
1454251710826758148
1454251711648841729
1454251711963467776
1454251713595166720
1454251714228359171
1454251724177346565
1454251726672957442
1454251735472492552
1454251746537181189
1454251783769968653
1454251789159735302
1454251793173684228
1454251835859025924
1454251877688922119
1454251908470878211
1454251982303137792
1454252161794195463
1454252164885487617
1454252247550939141
1454252258217111555
1454252336520613889
1454252394804432898
1454252407341338627
1454252499444043783
1454252524320563202
1454252644067909638
1454252675009241091
1454252692503732226
1454252911232536580
1454253000294379524
1454253001951092739
1454253200551387139
1454253203319672837
1454253248332845056
1454253565711618052
1454253719588163585
1454253739024527361
1454253905668313092
1454253923825594372
1454254195402579975
1454254215015043075
1454254223298908162
1454254223303000070
1454254223349190656
1454254378114764804
1454254771456647179
1454254808018395142
1454254937668476934
1454254941489532945
1454255002420137986
1454255140660199426
1454255144976084996
1454255235665481733
1454255240413425668
1454255408453808133
1454255481611079681
1454255481648680966
1454255481652924418
1454255481728344067
1454255481791385601
1454255531435102214
1454255608048271362
1454255681180213248
1454255695348523008
1454256083506241536
1454256195338792962
1454256221251416065
1454256243007123456
1454256292894322692
1454256302931251200
1454256306643165184
1454256415770611715
1454256468979507201
1454256473027104772
1454256608574312452
1454256694582784009
1454256705559306242
1454256739868717057
1454256739931488256
1454256739935604738
1454256745677742084
1454256748345315333
1454257021226680322
1454257059738890241
1454257138365259780
1454257623155490822
1454257714687848448
1454257755548753923
1454257956921483266
1454258052140523524
1454258136630632453
1454258338707935236
1454258433612414982
1454258482803249158
1454258785820631043
1454258884789538817
1454258950354915330
1454259043426451458
1454259256337866754
1454259256346116097
1454259256845287432
1454259257033969668
1454259257067462657
1454259257826844678
1454259258154004482
1454259267125579779
1454259289565155331
1454259309169238019
1454259506465148929
1454259572282101764
1454259762955173888
1454260132846710795
1454260146952151040
1454260165054803970
1454260192028336132
1454260229168893952
1454260304293072900
1454260394898251784
1454260399331762182
1454260567041101835
1454260596946321411
1454260613274800129
1454260613501313024
1454260683013513218
1454260757063999491
1454261263987625992
1454261277749088261
1454261725231030275
1454261736295604226
1454261772983046146
1454261773205446657
1454261779446616064
1454261781724028935
1454261785062674445
1454261790314057734
1454261938070884353
1454262093985681414
1454262096577929216
1454262200906960901
1454262278979784706
1454262280829480961
1454262296813834240
1454262522257752073
1454262627933335552
1454262845567381509
1454262906426699778
1454262990841147397
1454263030234042373
1454263265836605441
1454263274623676418
1454263278130057216
1454263450327138314
1454263568396922885
1454263587359412224
1454263672264667143
1454263690140717060
1454263696474132481
1454263715742683138
1454263737288962060
1454263800807440384
1454263852980445186
1454263859112513543
1454263929853599746
1454264136532205570
1454264141615599617
1454264289578008579
1454264298021261316
1454264403570872322
1454264489721876482
1454264729988435974
1454264839191334913
1454264888847699971
1454264891578073094
1454264902755962880
1454265053402763277
1454265115675615236
1454265173213126660
1454265219127992321
1454265547798065153
1454265547894427649
1454265584636547079
1454265810692804610
1454266324444659716
1454266391096344576
1454266434352291845
1454266625478303745
1454266626518536192
1454266634940604416
1454266806571454470
1454266806747598853
1454266808291184640
1454266808354148352
1454266808702324736
1454266808949563393
1454266809423630339
1454266809595543559
1454266811348836354
1454266811973656578
1454266821738180609
1454266826901368835
1454266837835952129
1454266849135407105
1454266970438787076
1454267012151058437
1454267024109043720
1454267368616566785
1454267368964706305
1454267378393624581
1454267496027103234
1454267523457851401
1454267549785464832
1454267561571278859
1454267697999589377
1454267698276405249
1454267723500830720
1454267880942587908
1454268004364079107
1454268188523438080
1454268262909370371
1454268639767498756
1454268702170521600
1454268756637716481
1454268835939307523
1454268993196470273
1454269023370231811
1454269322772242433
1454269369584848896
1454269434173042694
1454269452896411650
1454269496521281537
1454269507573358595
1454269562636181504
1454269720811630594
1454270080846471168
1454270263395332096
1454270515032379395
1454270581071745028
1454270581281591300
1454270582422315012
1454270593281441793
1454270659991781390
1454270669936545794
1454270672130039810
1454270752975310851
1454270777893785602
1454270792703873032
1454270812744265736
1454271130177613826
1454271224222203904
1454271399086993412
1454271680537317381
1454271712950882305
1454272086789214213
1454272199213428736
1454272278234112003
1454272321884200960
1454272464322809864
1454272479518679043
1454272718707249157
1454272721232171014
1454272808410877954
1454272834478432260
1454272992482058247
1454273391872069634
1454273422880612360
1454273562617995266
1454273776959561728
1454274091087761410
1454274151649189889
1454274243781398532
1454274247304613894
1454274355790327816
1454274356658556932
1454274357048446978
1454274358097100801
1454274364636073993
1454274367202996225
1454274377168695297
1454274414925819906
1454274418348281856
1454274587030691845
1454274650993725442
1454274743939522565
1454274767314374661
1454274810423517189
1454275032943931395
1454275290809655298
1454275595592929283
1454275654434820102
1454275658583101444
1454275981053681675
1454276125417345032
1454276569736810499
1454276784971788288
1454276872397676550
1454276952941109257
1454277153038770176
1454277264665812993
1454277363877941248
1454277448124747777
1454277569684123648
1454277845698625539
1454277927755993090
1454278079161982981
1454278130764591111
1454278130789588993
1454278130823221248
1454278130827505666
1454278131007766539
1454278226960859138
1454278298222186501
1454278355822563328
1454278365632946180
1454278404811919373
1454278595610828800
1454278615563177988
1454278848976064519
1454278885764321280
1454278964818612227
1454279074579460106
1454279084440178689
1454279131596673024
1454279228480970757
1454279345976008704
1454279429660856327
1454279462900494338
1454279722721058818
1454279767704883210
1454279970428268545
1454280144055521282
1454280341536002050
1454280371273601024
1454280494003204100
1454280509953953794
1454280859255640069
1454281534190522372
1454281534274347017
1454281555602444290
1454281677702840320
1454281906724356102
1454281907840208900
1454281908909580291
1454281909039738887
1454281911568945155
1454281913678450693
1454281915050041346
1454281915184214017
1454281958595440641
1454282035699363849
1454282068494540802
1454282078774824966
1454282126145298433
1454282335113859075
1454282392865288195
1454282422774870017
1454282459206590466
1454282556212449280
1454282818721300483
1454283010543656960
1454283164495450117
1454283393194205186
1454283552724504579
1454283717334249473
1454283740432289794
1454283914642612230
1454284116304678917
1454284195115716617
1454284281900109826
1454284386434646018
1454284422233174020
1454284422241402884
1454284462095835137
1454284469817466882
1454284504370122763
1454284685887119360
1454284817483272194
1454284871690596357
1454284930813472769
1454285039009615881
1454285115601915916
1454285132207116294
1454285338789224449
1454285465796890632
1454285687809888263
1454285737868791808
1454285995810201601
1454286197300285445
1454286325851566085
1454286365034749952
1454286439315689473
1454286795756158980
1454286864601567235
1454286938903650307
1454286938928713733
1454286964685946886
1454286999670726656
1454287074975092744
1454287273835606020
1454287307310305280
1454287391431200771
1454287766007787521
1454287945460957193
1454287950246817793
1454287958702534657
1454288197069021188
1454288281777152000
1454288403478966275
1454288504070885378
1454288506373672961
1454288852579934209
1454289104473100292
1454289429116370950
1454289455423098883
1454289455452327937
1454289455557320713
1454289455964119041
1454289456547123201
1454289456760909824
1454289457021001732
1454289463912407040
1454289472116375553
1454289536100421632
1454289549014626310
1454289599174348805
1454289707181883400
1454289958915624966
1454289972555624455
1454289977161011204
1454290081196527616
1454290219356680202
1454290255071391744
1454290713802252292
1454290802708992001
1454290893398216705
1454290926361210880
1454290964932136961
1454291006942183424
1454291126115049474
1454291671772979200
1454291737619451905
1454291971997151233
1454291972160557059
1454291978087288835
1454291980004040704
1454291982059192323
1454291990842167300
1454292148803842049
1454292450860802055
1454292516803596291
1454292645652611076
1454293031109210116
1454293046728839168
1454293136793030657
1454293180346667013
1454293236000960512
1454293641929838598
1454293642621841413
1454293659134791684
1454293932205121536
1454294374569975811
1454294496942960645
1454294504647835655
1454294666585726977
1454294740233375749
1454294905166176259
1454295072829280259
1454295100197154820
1454295165435265026
1454295181503582220
1454295249711419392
1454295364010450944
1454295769360437251
1454295824985427974
1454296382676901892
1454296898831933448
1454296911855427586
1454297005061148680
1454297005908389888
1454297005929295875
1454297006340395014
1454297007598702593
1454297008685174789
1454297010094231552
1454297074640502791
1454297816004800520
1454297818567434243
1454297901019144192
1454298000025694208
1454298017419386886
1454298225976905735
1454298243182047237
1454298275234865158
1454298515010555911
1454298740584505350
1454298856871665664
1454299043782447106
1454299497752793095
1454299928616845317
1454299959751286788
1454300568155877379
1454300668332757001
1454300780001890308
1454301540689321987
1454301585685757953
1454301930063335428
1454302038360272897
1454302038364360707
1454302048040755204
1454302068630593536
1454302118525816837
1454302256803704833
1454302313804402690
1454302695142141954
1454302821277487106
1454303125607682055
1454303145425768451
1454303213314789379
1454303463291097089
1454303968507711490
1454304013122482182
1454304497048723460
1454304556045803521
1454304556519727112
1454304562714750976
1454304581962305536
1454305043381903362
1454305813309403138
1454305818392793092
1454305893374382082
1454306318085410818
1454306550634405888
1454306644700057605
1454307071457849346
1454307305894420481
1454307346914611200
1454307356456652805
1454307460727152641
1454307574845612032
1454308754552340483
1454308966348075008
1454309417176940547
1454309474089504773
1454309839757197318
1454310663887724545
1454310758603448324
1454310813477519362
1454311234568851457
1454311241829085184
1454311483819630595
1454311491134320640
1454311629580120065
1454311967548743685
1454312106254344193
1454312106946400261
1454312108145840130
1454312121588723719
1454312439240134658
1454312661966102534
1454312672183431171
1454312776969510915
1454312859731701760
1454313346157535237
1454314468159238145
1454314695997931521
1454315142141841414
1454315924715196416
1454317137816797184
1454317137825259521
1454317137938374658
1454317145085579266
1454318573929836544
1454318689747148804
1454318731123904513
1454319234775912452
1454319316095090691
1454319450036088832
1454319669117169664
1454319875992834053
1454320115844005895
1454320410779074560
1454321546110160898
1454321763475668995
1454321976290512900
1454321978198867977
1454322803428188163
1454322976648740866
1454323299832324102
1454323635175391234
1454323966953328642
1454324083177385987
1454326006576291844
1454326433648549890
1454327205438365697
1454327206402953217
1454328466107686912
1454328645548494849
1454328714049687559
1454329882624892934
1454330742851481602
1454330979095506946
1454331129930997764
1454331768211914754
1454331896230555649
1454332489137197057
1454332510352158720
1454332575024140288
1454333616511664129
1454334755613384705
1454335257243635714
1454335266471170050
1454335935017934849
1454336257547513857
1454337781652762625
1454337848560193537
1454338036909674497
1454338319593189378
1454339346903928832
1454339678442774531
1454339801625280515
1454339933624279042
1454340276605145090
1454341551581278211
1454341568152879105
1454342306446778370
1454342307692433408
1454342310477500416
1454342777349705733
1454342863106547717
1454342881758515206
1454343401525100544
1454345002826481666
1454345100327329792
1454345809642860545
1454346171552518147
1454347258300968960
1454347840222756864
1454348926878896133
1454349641852592129
1454349646420135937
1454349815299645446
1454349853853720578
1454349891933773828
1454350507972218882
1454350531288354816
1454350710582153216
1454351845699293185
1454352190873686016
1454352456557764609
1454352855528349697
1454353224341671938
1454353628219666436
1454354113731436549
1454354185701445633
1454354393265016832
1454355206658002947
1454355213725405185
1454355631352295425
1454356144747532290
1454357406058749958
1454358547148460033
1454358838174441473
1454360245917175810
1454361177971208193
1454362137074323459
1454363334384488451
1454364546320191488
1454364869197766659
1454364953566056453
1454368419386728450
1454372504525434884
1454372510661709825
1454372512918290434
1454372754753409029
1454375308661084161
1454375318735704064
1454375725100937224
1454376278384017411
1454377535953850370
1454377536041861128
1454378280514097158
1454378289884237826
1454380058051760128
1454381310873583624
1454383361431154688
1454384342185168903
1454386616047386630
1454386879462260739
1454387602262462471
1454388561726279689
1454388636800229376
1454388638981230599
1454389480698355717
1454390099421052932
1454390280891809794
1454390478678360068
1454391207929466880
1454391376951447562
1454393899129217024
1454394721829335041
1454395550581809154
1454396434996891648
1454396441804214278
1454396954641944581
1454397157298028546
1454397668608806915
1454397855456808962
1454398253471092737
1454398285096030216
1454398423499780099
1454401286254645252
1454401378672070668
1454401443327209475
1454402305990791171
1454402709591887874
1454404853661413379
1454406476445986819
1454406635892400131
1454407333329752066
1454407716642885636
1454407735160688642
1454407795999117314
1454410148294836228
1454410252707848196
1454410253861376007
1454410270919495688
1454411258065793026
1454411639063814145
1454412014416187399
1454414037119340553
1454414869327974404
1454416794542743557
1454417148714045445
1454417803973251072
1454417806561214464
1454417808658518019
1454417811405787142
1454417818905157640
1454417855588483073
1454417864316932096
1454418395202527234
1454418566229364738
1454419065880129549
1454419656438079494
1454420282391896065
1454420317909262344
1454420317913468933
1454420328491405313
1454420455130075138
1454421463403048961
1454421576636518403
1454421696270716938
1454421909521764356
1454422689028796432
1454422690035535872
1454422834520940545
1454423481110704129
1454423619061362694
1454423824259108871
1454424092979994633
1454424103667093509
1454424691964354565
1454424814303776769
1454425179048878084
1454425219821604866
1454425351724011530
1454425371852541954
1454425922002632706
1454427208307650563
1454427615918321680
1454427625284382727
1454427643156238336
1454427867522076674
1454428523523940362
1454429064010342408
1454429125960163330
1454429275302490112
1454430175697985539
1454431427018346501
1454431480747335683
1454431567724613644
1454431617464750088
1454431618442072070
1454431789989105667
1454432538663940097
1454432901706051586
1454432903404814339
1454432905262997511
1454432910287704068
1454432912204460032
1454432914607857664
1454432933519970307
1454433620266037248
1454433734724313092
1454434021195268098
1454434021195325443
1454434534972276741
1454434577053798407
1454434626630569984
1454434939190104072
1454435245420392452
1454435417353330694
1454435417495769100
1454435448571371520
1454435607271198721
1454435669061758979
1454435687063769089
1454435812192489479
1454435874389770250
1454436623773573121
1454436676047032323
1454436687241793538
1454436739058069513
1454437437644713985
1454437591957139459
1454437667463106568
1454438440636981248
1454439674035032065
1454439804385497093
1454440108069900295
1454440114315268103
1454440450346008578
1454440451021283332
1454440452770476036
1454440453806313473
1454440458101395465
1454440470961086468
1454440472999563277
1454440650397597704
1454440702230863876
1454440942723903496
1454441381099970564
1454441386477039620
1454441760113967107
1454441968298340355
1454442672542949376
1454443361868333062
1454443593259786241
1454443850659885058
1454444036610220032
1454444225307815936
1454444225601363970
1454444331868241921
1454444872157614084
1454445232221683715
1454445327310680065
1454445453668458500
1454445464988774405
1454445483657662464
1454445587374432262
1454445641107578890
1454446148027043842
1454446454890770437
1454446508934373383
1454447003367321603
1454447366866624519
1454448002152615940
1454448003830345741
1454448004992315392
1454448010000228355
1454448012424404999
1454448012709830659
1454448021849223168
1454448034977361923
1454448036344696835
1454448129894453254
1454448252200239117
1454448284890767366
1454448372505583623
1454448417938280451
1454449191103705095
1454449259395391490
1454449313031999489
1454449706424143876
1454449777869996032
1454449867321921544
1454449910183510021
1454449965552451591
1454450220167794688
1454450554567004165
1454450692370878465
1454450888932741124
1454451027550298118
1454451214821769218
1454451359227449349
1454451387505340419
1454451427494047747
1454451440311848963
1454451627545477121
1454451775054958598
1454451775491043338
1454451775507947522
1454451775633829888
1454451806856257537
1454452039996559368
1454452257378824194
1454452451273285638
1454452721277288458
1454452881805885445
1454453045853622281
1454453060504330243
1454453285184696329
1454453300405968898
1454453304705048577
1454453430068682754
1454453490537967618
1454453505196965893
1454453602336968708
1454453799859507206
1454453820151541761
1454453904104730625
1454454294887948292
1454454307345022987
1454454339385298956
1454454374147629056
1454454451545247744
1454454468209217538
1454454474131476487
1454454677983072263
1454454988260790272
1454455032175161345
1454455085396750338
1454455245443043334
1454455391581085698
1454455417904435200
1454455551606366210
1454455551622934538
1454455551878909960
1454455551912448007
1454455552126246912
1454455552726110208
1454455552734597131
1454455553007230993
1454455581541113864
1454455592894959623
1454455613983969288
1454455735908249606
1454455801666359303
1454455842951024640
1454456098497368066
1454456145884614663
1454456271424266249
1454456277535543303
1454456539125846022
1454456556829876229
1454456893116715015
1454457238664486914
1454457261733171200
1454457391702020108
1454457423490691078
1454457673894842378
1454457945681391622
1454458092083683329
1454458295306100738
1454458345570684934
1454458656968396809
1454458855585468418
1454459046745059340
1454459061676675072
1454459072669884419
1454459153037017091
1454459156958695433
1454459324747628544
1454459369169596422
1454459480238870529
1454459552447991809
1454459569544089605
1454459729967730691
1454459902596763652
1454460005193854985
1454460073669955586
1454460218700615691
1454460331527397388
1454460583164530688
1454460600550105088
1454460834743132161
1454460834810408967
1454460912438550535
1454461064570081281
1454461218723225608
1454461241548754944
1454461501964791814
1454461589776592909
1454461603122929666
1454461706525151233
1454461800397754373
1454462040945332235
1454462420647399433
1454462503904231430
1454462576646148099
1454462708745605129
1454462761581252616
1454462939478597633
1454462989789192192
1454463102028697605
1454463102443999233
1454463103270207488
1454463103299571715
1454463104058859526
1454463109133864961
1454463113814843395
1454463115094118403
1454463116188610568
1454463117329641476
1454463120630550537
1454463131388948485
1454463133645475844
1454463206404001795
1454463207091879942
1454463272288149511
1454463352701288455
1454463352818655241
1454463383328235528
1454463429197062147
1454463470678724609
1454463664942026753
1454463681736101892
1454463731551940610
1454463759200792578
1454464144829206533
1454464193017651206
1454464232603504647
1454464286307192840
1454464430683590667
1454464608907972613
1454464674536251402
1454465037087567878
1454465108067987458
1454465117161238530
1454465822164914178
1454466214026174475
1454466315977048067
1454466779737174026
1454466874649899019
1454466874994040842
1454466919571017731
1454466952206815247
1454467006116290567
1454467087125020681
1454467092384727041
1454467209586257920
1454467411378311170
1454467551350738949
1454467629675003904
1454467643377922056
1454467773082578945
1454467881379328004
1454467893933051911
1454468132979068932
1454468138872016896
1454468144978870277
1454468256341893120
1454468405264797700
1454468664019795977
1454468664284024842
1454468753610219521
1454468845163487233
1454468845410918413
1454468859440869380
1454468997039132675
1454469123413614592
1454469126295015428
1454469479992373248
1454469769193787394
1454469883748626438
1454469894305685511
1454469949339152391
1454470295063040005
1454470420611149827
1454470424125796361
1454470572642119684
1454470649548738564
1454470650920267785
1454470652879118345
1454470705198903306
1454470708168364035
1454470800250077190
1454470901315997700
1454470901358026761
1454470975236591623
1454471339096563719
1454471528259600387
1454471616021336066
1454471837820329988
1454471907831476227
1454472157401010179
1454472334585253898
1454472341480685569
1454472403879346186
1454472499673149440
1454472565821476871
1454472884655636484
1454473165917376519
1454473166022012929
1454473166215057413
1454473166424657922
1454473169838956552
1454473178223419396
1454473211501031429
1454473381596868610
1454473399124697099
1454473464916717572
1454473540133171201
1454473710564478987
1454473780114309129
1454473968476250119
1454474352540459009
1454474424367857669
1454474424804052996
1454474504533577730
1454474565581746184
1454474569809637383
1454474737770446850
1454474826190659592
1454474938686099463
1454474998450728971
1454475028477714434
1454475195255828486
1454475233251971074
1454475327783251971
1454475387275202563
1454475472578961419
1454475490182451208
1454475609351102464
1454475645103206403
1454475682604589063
1454475682675822598
1454475809180291089
1454475888142307334
1454475913068953608
1454476195714719745
1454476219462795266
1454476508479823873
1454476620471930881
1454476838378606597
1454477004166729729
1454477773112807432
1454477878045945857
1454478094669160450
1454478135546765320
1454478177363972100
1454478199690129416
1454478199832780803
1454478200893935622
1454478201111990272
1454478202357776385
1454478207453786116
1454478210138267654
1454478211077791750
1454478268237819905
1454478327759114243
1454478337196257284
1454478376677396484
1454478446768234496
1454478465474908177
1454478626129207304
1454478670953730062
1454478698854461442
1454478702847447041
1454478703090569220
1454478723894452232
1454479042476904448
1454479051637379073
1454479052367175685
1454479127981936640
1454479313634566149
1454479355082526725
1454479419943395339
1454479441363615745
1454479632896516096
1454479709119582208
1454479765474271235
1454479793588637696
1454479825238888448
1454480046752739328
1454480096648118276
1454480218324979718
1454480226197643267
1454480266773233670
1454480756680495104
1454481109681594372
1454481111262826508
1454481565346586628
1454481653947109383
1454481787078512649
1454481811560701960
1454481872319401989
1454482168986669057
1454482225802584064
1454482303825108998
1454482335605399553
1454482368123834370
1454482675193032709
1454482734311686145
1454482818629832709
1454483022548451332
1454483092056461318
1454483232775233538
1454483252744437765
1454483341474992129
1454483815074762761
1454484278562144266
1454484295058399238
1454484498259877900
1454484717894574081
1454484785288695821
1454484800107069449
1454485748980219904
1454485750712578048
1454485751937179652
1454485804265398275
1454485834220986377
1454486067013373954
1454486359754919948
1454486476834672648
1454486504135446533
1454486631268995072
1454486764580655117
1454486960936980482
1454487015983095816
1454487116877021185
1454487188180189190
1454487258896109576
1454487542783426562
1454487693497446409
1454487850167136263
1454488052018073609
1454488079285243905
1454488147849588740
1454488255081197571
1454488273687130112
1454488327894310915
1454488335246938122
1454488382390820864
1454488766362566657
1454488904887844865
1454489008663371785
1454489187139346445
1454489229816438787
1454489252595740677
1454489267258859525
1454489380559667207
1454489523774124034
1454489523786698755
1454489537984536581
1454489775558119427
1454489943481323532
1454490170632417288
1454490285589807110
1454490317978312704
1454490360797929473
1454490363100647426
1454490391475073031
1454490488371879945
1454490703694860288
1454490782165987329
1454490823563821064
1454490853683126273
1454490902983028738
1454490907294711811
1454490912969613313
1454490997841440771
1454491029940277248
1454491046105083909
1454491050576388101
1454491094314590213
1454491169220661250
1454491171170963459
1454491188095078404
1454491278721310732
1454491386099773453
1454491613498052608
1454491905459474433
1454492054805831682
1454492087525675008
1454492194094698501
1454492293164064775
1454492305172336647
1454492405303029762
1454492533061562369
1454492551239639048
1454492913006743552
1454492913694609415
1454492939183341573
1454493069957599234
1454493092065710081
1454493299352367109
1454493299549503489
1454493299679637509
1454493301172670466
1454493302028480520
1454493302586322955
1454493305161535492
1454493305882951681
1454493306717499397
1454493327793999874
1454493354243149826
1454493365521764359
1454493366885003273
1454493427735965697
1454493530139865090
1454493555095969798
1454493760608423954
1454493763422797824
1454493846843314181
1454494119091396613
1454494715764559872
1454495232687542279
1454495289218269189
1454495303369904136
1454495808427069441
1454495824939945991
1454495841960534020
1454496084055707650
1454496318089535496
1454496424264036358
1454496457860341760
1454496570288738304
1454496570326413312
1454496862908522501
1454497119218327555
1454497234746228738
1454497313179701249
1454497371765841927
1454497959979229191
1454497980803915776
1454498133296222209
1454498162513571844
1454498208600711169
1454498287596326921
1454498338603159558
1454498376939098114
1454498377903771648
1454498422535249926
1454498781622415363
1454498815944298499
1454498835124850697
1454498838769774593
1454499313418178567
1454499351250841600
1454499496830849025
1454499509136936965
1454499590267281408
1454499714947112963
1454499736283611139
1454499737512591360
1454499745540497410
1454499761709531137
1454499825601318923
1454499841770328066
1454499867791925248
1454500042169995264
1454500126651736067
1454500239046479877
1454500249343512581
1454500359221571585
1454500559453569027
1454500563215867904
1454500632765796354
1454500848386469890
1454500848709476354
1454500850592727042
1454500860722130953
1454500868569669637
1454500898013687810
1454500908562325505
1454500987125837829
1454501057669836805
1454501166650478596
1454501324368777228
1454501603545739265
1454501603759644675
1454501616539914240
1454502003019759620
1454502013643984897
1454502309531201537
1454502411566034951
1454502588028760069
1454502592994844680
1454502596580818946
1454502625597001732
1454502748758716416
1454502861665148937
1454503237105684485
1454503303811899403
1454503364855795717
1454503364952305668
1454503365052928006
1454503414138818568
1454503465095507980
1454503583097901060
1454503583588790272
1454503616618778629
1454503638361985027
1454503766229753858
1454503914460622851
1454504005623816198
1454504062859284483
1454504230081998851
1454504264802324482
1454504781880438786
1454504861358305280
1454505034218098688
1454505266012033026
1454505426062561291
1454505836328402944
1454505890258817035
1454505936442253316
1454505966137790464
1454505983896690689
1454506416962777101
1454506515822489610
1454506611775578121
1454506739085230085
1454506755317059592
1454506999761223694
1454507139792211969
1454507139926409218
1454507154065563662
1454507189494685703
1454507257782145026
1454507648791957504
1454507655498801159
1454507723488382979
1454508189471453192
1454508391435440132
1454508405851189255
1454508407369699332
1454508408590241803
1454508412180516869
1454508431407255554
1454508431788937220
1454508443184902145
1454508454794735620
1454508483903205381
1454508602421510146
1454508661347336195
1454508688857829382
1454508954436845569
1454508973852401672
1454509265985622019
1454509479047925769
1454509558756487180
1454509727048773637
1454509781520093191
1454509820120379396
1454509931604938754
1454510203748110337
1454510288972226566
1454510501644308484
1454511199991721985
1454511273811513345
1454511339066441731
1454511340601503745
1454511473552760834
1454511804735004673
1454511870967177217
1454512026722521092
1454512078761385989
1454512113607659524
1454512214648442881
1454512261754654727
1454512339399622660
1454512662855962628
1454513210346905605
1454513513150533632
1454513712094535686
1454513724933410816
1454513923856736256
1454514238228025346
1454514502343413760
1454514524858593285
1454514689640001540
1454515200221229061
1454515265455144966
1454515378504228870
1454515577284874240
1454515824413270018
1454515919409930243
1454515948463935489
1454515948992483328
1454515949147623425
1454515949181149184
1454515949843931151
1454516052507992064
1454516308087869448
1454516524681662471
1454516579635548168
1454516842756595713
1454517009857892362
1454517061363851266
1454517216054022153
1454517413983277061
1454517453980061704
1454517486079119362
1454517594333974530
1454517684922568705
1454517701792120833
1454517825742295041
1454518050070441989
1454518464333312005
1454518716029448195
1454518782844624897
1454519020695158784
1454519046704087049
1454519221686349830
1454519722750316544
1454519722750455815
1454519722817384449
1454519723014643713
1454519729964584962
1454519734020476942
1454519787921543174
1454519788991041539
1454519816362991625
1454519860109533185
1454519914660761605
1454519996298797071
1454520475548327939
1454520502597345291
1454520683665534978
1454521016181567492
1454521162751528966
1454521262139707396
1454521526603104260
1454521690705338377
1454522349831659520
1454522445596172298
1454522605453680640
1454522660315176967
1454522932856868864
1454523061546405899
1454523223148843011
1454523502774607872
1454523503592493063
1454523503663738881
1454523504695541763
1454523505681313793
1454523507019296775
1454523524782120973
1454523526493483019
1454523721247506433
1454523753363279872
1454523769578475522
1454523806341500929
1454524001355710471
1454524081550897156
1454524161523531778
1454524427413168132
1454524575610544129
1454524710570561541
1454524770779865088
1454524813087809547
1454525442174640131
1454525672714653701
1454525706868776970
1454525831779430409
1454525936263745536
1454526023559794689
1454526266078470146
1454526608165978123
1454526892166496266
1454526974769180678
1454527033170530306
1454527122656006146
1454527142969032704
1454527185734283267
1454527272824623104
1454527328026038280
1454527524218687488
1454528024058204167
1454528158389186561
1454528182514855939
1454528530818035719
1454528530872668165
1454528531128479744
1454528732195180556
1454528782346375172
1454528872582721541
1454529084009197578
1454529555012767746
1454529569063530498
1454529818901483526
1454529927412334598
1454530093578170368
1454530544012705794
1454530625885593604
1454530632021946369
1454530792374349830
1454530795612213255
1454530808207888389
1454530902663569420
1454531047249498114
1454531047765549071
1454531047824183305
1454531047840837633
1454531048025513989
1454531048390418435
1454531049229258756
1454531153004740614
1454531173783384067
1454531266058067969
1454531267895173125
1454531270139158534
1454531536380993548
1454531840891572231
1454531855773011970
1454531981077893124
1454532040586629131
1454532041723293696
1454532093212569601
1454532128012603398
1454532132483780618
1454532139689578498
1454532242479321089
1454532271445209088
1454532368572747785
1454532511552479238
1454532609787277318
1454532720827174916
1454532893859094532
1454532976293728258
1454533037857849348
1454533282658402314
1454533386022887433
1454533389210595331
1454533563794214915
1454533563865464835
1454533563962077185
1454533568110157824
1454533570911895556
1454533572908535817
1454533577434144773
1454533625844846597
1454533815549009924
1454533889108623365
1454534260551979010
1454534346870861833
1454534531592114185
1454534546792255488
1454534558993485832
1454534787503325187
1454534822244782082
1454534848673165314
1454535550522691586
1454535568256237571
1454535577294888961
1454535982263541761
1454536283674447876
1454536776299819010
1454536944558485509
1454537144182185985
1454537299769823234
1454537339657601028
1454537588019118080
1454537830877868036
1454537866604843011
1454537903804198913
1454538077737717760
1454538116560216075
1454538219354267662
1454538416809447432
1454538558098784256
1454538599765094411
1454538602214400000
1454538602658942977
1454538621936152583
1454538677640642560
1454538869618184198
1454538973645361158
1454539385630830605
1454539589352402947
1454539732680069121
1454539855719960576
1454539868021866500
1454539989883121666
1454540079951613955
1454540127120723968
1454540470596640768
1454541113788862471
1454541131509690371
1454541696625119235
1454541768930873344
1454542237254160388
1454542372054896646
1454542466753994758
1454542483992481792
1454542623679582217
1454542880635301890
1454543298908106760
1454543308903047176
1454543630199316482
1454543630367088647
1454543637833043969
1454543896441016321
1454544174859051012
1454544454359175174
1454544700321509381
1454545292959883271
1454545490637254658
1454545544114851852
1454546146743906313
1454546146811006976
1454546147830292484
1454546148035751939
1454546148232884226
1454546157196255244
1454546330643218432
1454546371353190400
1454546373538312197
1454546599250640900
1454546801969836036
1454546969859330050
1454546977698586627
1454547416976437248
1454547489743380495
1454547602347905027
1454547695763398656
1454547745470128149
1454547963636854786
1454548106574434305
1454548235477872641
1454548246945320968
1454548339857498115
1454548663405985794
1454548967195398154
1454549105137504256
1454549360398802944
1454549782047834117
1454549883147497473
1454549921789583361
1454550030958972929
1454550066170142727
1454550662117793803
1454550836365901826
1454551019040526342
1454551231834198017
1454551441868136450
1454551463678599174
1454551547451518980
1454551634785210369
1454551642905395202
1454551720055517191
1454551907880538115
1454551992492347399
1454552147346051072
1454552214140194817
1454552268594888712
1454552438262882310
1454552438287986689
1454552570907799555
1454552705557573633
1454553115101966345
1454553160685690885
1454553395042394116
1454553697799716865
1454553698294591488
1454553698336600064
1454553699901067265
1454553700261928961
1454553700496670723
1454553701675241472
1454553702296076289
1454553719538868228
1454553729785544708
1454553756075544579
1454553814078533633
1454553822433533952
1454554024297050123
1454554373569355776
1454554440023818241
1454554873240846338
1454555036164427778
1454555153881714688
1454555206646210560
1454555280285519882
1454555613657190406
1454555734335705098
1454556213161590788
1454556345785634823
1454556531823943683
1454556583694905353
1454556718730465280
1454556723025416202
1454557088231968771
1454557478327365633
1454557479094923267
1454557550280597513
1454557651002699783
1454557674302058496
1454557740253134849
1454557881362231302
1454557975117541380
1454558111080005640
1454558162250395650
1454558208899620865
1454558729651855361
1454558729714556931
1454558729756676100
1454558762296135680
1454558982685687809
1454559630235951119
1454559742605549570
1454559805679423490
1454559946104786950
1454560070126219279
1454560768544886794
1454560908466917381
1454561141858848770
1454561179477716998
1454561246368473096
1454561281722265604
1454561616721113090
1454561652683296777
1454561919751315465
1454562032422957072
1454562613006790659
1454562736009011202
1454562893060616195
1454563259508531208
1454563589369565192
1454563762954858500
1454564635777114114
1454564686305939457
1454564912685060098
1454564953050988549
1454565013063090176
1454565021292269572
1454565021573390338
1454565025289474056
1454565272862461957
1454565789852438533
1454565842671316997
1454566127850463235
1454566253683687427
1454566342351220739
1454566494021488644
1454566718001532928
1454566781998276617
1454567290607915021
1454567489711611906
1454567656070303747
1454568079120379910
1454568159856394243
1454568233957212176
1454568777262194691
1454568796145000449
1454568798397288456
1454568798552535040
1454568799152263174
1454568800976769031
1454568804462301184
1454568817372372992
1454568828470448132
1454569167697367046
1454569221489373185
1454569816904413189
1454569912928669697
1454570374075650052
1454570466522316800
1454570954609152002
1454571103859339269
1454571257433841664
1454571321678082052
1454571333501788162
1454571544492007428
1454571567564959749
1454571590738399233
1454571636246687746
1454571638268170241
1454571685471006724
1454571693184225280
1454571708472565765
1454571718719254528
1454571819680288775
1454571825237610496
1454571915796942851
1454572030532087811
1454572058482987024
1454572060412309504
1454572083279712261
1454572321944055810
1454572443796918273
1454572458787356676
1454572536235233289
1454572564169244678
1454572564961972224
1454572696361127939
1454572762463342593
1454573009319170054
1454573100859891726
1454573158090960896
1454573165384974337
1454573195370156044
1454573275946704901
1454573301670584329
1454573414186995716
1454573431148609536
1454573455924514819
1454573469820203011
1454573478938648578
1454573596274221057
1454573604868276229
1454573695125569541
1454573829259411459
1454573829368336391
1454573858183434242
1454573892996042753
1454573908212912128
1454574006322012167
1454574008456912900
1454574108386029573
1454574139285594129
1454574149230284802
1454574178431082502
1454574226569039874
1454574313508585481
1454574351324352513
1454574402465587210
1454574423596355585
1454574551287828480
1454574568987844613
1454574714412797958
1454574746033475590
1454574756330627075
1454574921070391299
1454574955551764481
1454574961062973445
1454575007489839107
1454575010035732485
1454575055778709506
1454575174183899136
1454575308770844676
1454575453356716033
1454575456489967617
1454575657724387335
1454575665089429505
1454575682797772800
1454575831343321093
1454575849211105292
1454575935592665095
1454575953334751235
1454575970107670534
1454575973157023745
1454576114551214081
1454576321737093120
1454576345732812800
1454576347100160003
1454576347204968451
1454576347850883072
1454576357837615105
1454576411327541251
1454576525014151175
1454576613291593736
1454576690961817600
1454576766782255111
1454576771165134856
1454576849355370496
1454576904292519941
1454577146236649474
1454577334632136704
1454577400692412417
1454577406237413380
1454577409022365703
1454577604141338624
1454577951559745537
1454577987572088832
1454578097811075074
1454578319719124993
1454578355664080904
1454578359120314369
1454578647344504836
1454578739958861826
1454578862311059460
1454578862583541763
1454578928505475081
1454579116716535813
1454579277110841348
1454579626378944517
1454579735133052928
1454580016633815040
1454580112620498945
1454580120799174661
1454580172947034113
1454580204135976962
1454580307190026240
1454580372377939973
1454580372457414658
1454580419257643010
1454580598690009092
1454580704461926402
1454580826625114116
1454580884649222146
1454580888835080196
1454580925745057795
1454580931474464768
1454580958611578886
1454581091365539844
1454581250363101188
1454581274354520066
1454581378947895301
1454581451068936197
1454581538734190604
1454581673111261192
1454581726114578433
1454581811065999360
1454581903781138435
1454581924970876929
1454582213538983939
1454582275266412545
1454582275341959169
1454582849147789312
1454582939652698113
1454583017134034946
1454583032657035267
1454583054995910656
1454583120431394817
1454583146431668232
1454583251843096576
1454583303378542593
1454583307052670982
1454583633180643330
1454583767805403136
1454583895769468930
1454583897375707141
1454583897447038976
1454583899200401414
1454583899749642242
1454583900215201792
1454583901431558144
1454583903801520132
1454583935648911366
1454583976920850444
1454584005446283265
1454584071342936072
1454584073733779471
1454584130545532928
1454584511354785793
1454584514659946500
1454584608540999683
1454584798530482182
1454584852293033994
1454585007243202564
1454585055397961730
1454585117607960585
1454585162503761921
1454585303704997888
1454585435687116803
1454585499843190790
1454585506038263810
1454586488960831492
1454587104084865026
1454587225459593227
1454587318170374146
1454587588132622338
1454587669346914305
1454587675801964545
1454587679509827586
1454587827841232896
1454587918073335809
1454588506412552200
1454588685245108226
1454588828975575042
1454588829306851331
1454588917240541187
1454588928699162626
1454588928703352834
1454589246069788672
1454589343696293888
1454589452735627268
1454589471647805440
1454589989858299907
1454590194854813703
1454590210201821186
1454590295623061506
1454590310357606400
1454590354590732288
1454590734556966912
1454590834490417159
1454590955345039369
1454591194063908869
1454591235432321037
1454591310950801408
1454591400348045325
1454591445340278787
1454591445818617856
1454591446049181696
1454591446435053576
1454591446552440832
1454591447265595399
1454591462067277826
1454591464248381446
1454591613263482885
1454591698386882561
1454591759284006912
1454591806134439937
1454591821275824129
1454591891639398401
1454591915911892993
1454592080525897734
1454592109181161480
1454592166353940481
1454592331085238275
1454592401192988672
1454592412521799682
1454592573226590215
1454592575059410951
1454592577001426946
1454592785915408387
1454592961187090435
1454593117789753348
1454593151633592324
1454593257816662017
1454593385042489348
1454593530509156355
1454593601606926336
1454593679767719938
1454593713183854598
1454593857459523586
1454593874614161418
1454593915026350081
1454593961927090178
1454593961989840899
1454594001919782923
1454594027815374856
1454594030709379072
1454594032865202178
1454594096379535367
1454594473304932354
1454594635666542595
1454594676556763137
1454594691781959681
1454594726955528198
1454594797751218176
1454594834153369601
1454595038558756866
1454595099657125888
1454595220377530370
1454595238366826499
1454595248378761219
1454595294147002377
1454595314934075393
1454595602688380929
1454595823761829889
1454596009892347904
1454596146043752454
1454596264541184009
1454596441163194369
1454596478383665155
1454596981783810048
1454597195794194432
1454597373225807878
1454597505602129922
1454597559729725447
1454597570110627848
1454597686695444480
1454597687400144899
1454597696199790603
1454597714931499009
1454597785181990916
1454597785966321665
1454597797882253329
1454597949145616389
1454598065990643718
1454598510653972483
1454598562659147780
1454598865202651140
1454598933301248001
1454598957246603270
