1454237069182701570
1454238907747475458
1454239246244622340
1454239573651955720
1454239650562912259
1454240033611911171
1454240395215392779
1454243812218441729
1454244621047980038
1454245191611822083
1454245909257195526
1454246646955581443
1454246782607712256
1454247378966437888
1454247734387609609
1454248385226104835
1454248406910656523
1454248757076189186
1454248883886907399
1454249068067233795
1454249231146000394
1454249265690259461
1454249993615945731
1454250556734820352
1454251722755485698
1454252004679766018
1454253839490633734
1454254485837164548
1454255833471193090
1454257517173690377
1454257535267999747
1454257552385052672
1454257640968708099
1454257860163080194
1454258216825724929
1454258226837475328
1454259211232292865
1454259258040610822
1454259901023219712
1454260555410198529
1454260562683211780
1454260575547052034
1454261971407286277
1454262385766699013
1454262751556214785
1454262841830215683
1454263039772008449
1454263873050136578
1454264373527121926
1454265518676971522
1454265562700333060
1454266230072827910
1454266667366768649
1454267284328001539
1454267450648764417
1454267715519016961
1454269725828165641
1454270091567124481
1454271122422124550
1454271586727571458
1454272077658271745
1454274357899902983
1454275192285380608
1454275668443910149
1454276276936654848
1454276447795703808
1454277460539940869
1454277823439462403
1454277846109769729
1454278140302331905
1454278869293453315
1454278939166269449
1454280011029041154
1454280474730254338
1454280612764864515
1454281335875506179
1454283005032386564
1454283170409504772
1454283682899013632
1454284108717252608
1454284215131033601
1454284595822739461
1454285410809548803
1454285451339124744
1454285459408949249
1454285522499555332
1454285523523194880
1454285781581844482
1454287224292446211
1454287539578286083
1454287656704163846
1454288348059688961
1454288781931159552
1454289226451890179
1454290400043102211
1454290915951001601
1454291876975190016
1454292001638260739
1454292183708848129
1454292402584309760
1454295206392631297
1454295456993972226
1454295936897851399
1454296701007765507
1454299888892645379
1454299988205490181
1454300780391927808
1454303313936228353
1454303763989032961
1454305079843037185
1454305170003746817
1454305718547451904
1454307130538876933
1454307777531236352
1454307817616289793
1454307854282809348
1454308866297114624
1454311239387992066
1454311241036361728
1454313250364006403
1454313370421694465
1454317032590217216
1454319020241469440
1454320533290594310
1454326101229154304
1454331539211395072
1454332265941676036
1454332350293229574
1454335491101405184
1454343833404252164
1454345121022070791
1454346891634872320
1454348311079624704
1454350428867600385
1454370442974842882
1454370754703728642
1454376416821268488
1454376924562796545
1454377693328416771
1454383292489342979
1454385730998919174
1454393085736140800
1454396695840657411
1454397406024544258
1454397782152843275
1454401171230236676
1454402775681490946
1454403358391930882
1454408007966670853
1454412337520287745
1454412714227474438
1454412768103342091
1454414090454003713
1454414220242694151
1454415956806144001
1454416178080886786
1454416350537998338
1454416836607586304
1454417762345013250
1454417806787706883
1454417807857176578
1454418192806330370
1454418575570178052
1454418584285982722
1454419698112684033
1454421089073967104
1454421543182798849
1454422617624956934
1454422928271953921
1454423065090306049
1454423686023352325
1454424961691570178
1454425236292751363
1454425772987494403
1454426117599682563
1454426327101095943
1454426551961989123
1454426771139477508
1454426886071885826
1454427425878720515
1454427910354395141
1454428957395374082
1454428957865086981
1454429648150925313
1454430251757588484
1454430561737523207
1454430834610475012
1454430866894110723
1454430871520436228
1454431075955052554
1454431696355475459
1454431938719199236
1454432309986398216
1454432332501372934
1454432530350940164
1454432956475453441
1454433147278475273
1454433178496602116
1454433317080616964
1454433803833946115
1454433817910026245
1454434017118412801
1454434401610129412
1454434463530864648
1454435000129048579
1454435075714691075
1454435280317030414
1454435829842055169
1454435920271355906
1454436136156344325
1454436539035959302
1454436751326523394
1454437581920161801
1454438025270906885
1454438236579930119
1454439742116925444
1454440069427781638
1454440361682743300
1454440373921660930
1454440520785223682
1454440522085384192
1454441835905101835
1454441845711376384
1454442333001424899
1454442985685409795
1454443044359507972
1454443375797567490
1454443445628686337
1454444115140255746
1454444598718341127
1454444953451601927
1454445483594698765
1454445621738291209
1454445869588230146
1454447425746255880
1454447908313567233
1454448001552891909
1454448041885409295
1454448445318631429
1454448740601892873
1454449080973864965
1454450784234520577
1454451106038390793
1454451410024767491
1454451697003204609
1454452133256904717
1454452308260032512
1454452429089501194
1454452435510906883
1454452439155888132
1454452609176285185
1454453225508253701
1454453467494428677
1454454136846573575
1454454334884773889
1454454384323137541
1454454488895561734
1454455310098305035
1454455960316043267
1454455992704540673
1454458183439712261
1454458448020754439
1454458590249447426
1454459001001943040
1454459022371926019
1454459224646369289
1454459337888444426
1454460317552058380
1454460318277582858
1454461631577169932
1454461788070764557
1454462321519206411
1454462994298118153
1454463108215451656
1454463638731960327
1454464087304384515
1454464354796154883
1454465478739517448
1454465526831489030
1454465641893728265
1454466873819553799
1454466913237676034
1454468252793442308
1454468395596795906
1454468663696834576
1454468773310779395
1454468905095815168
1454469123455467524
1454469356088332289
1454469701174800392
1454469982818086913
1454471727384182786
1454472775427579908
1454473286570610688
1454473490728370187
1454475750623617035
1454476175204622353
1454477042544689156
1454477959209918469
1454478200554225669
1454478202823315456
1454478326781857795
1454478713605795841
1454479230587346945
1454479294269382657
1454479502722183174
1454479598260002828
1454480617349996544
1454481384467095554
1454482213052030982
1454482232526180358
1454483110104420353
1454483775707025413
1454485553022488579
1454486098944708608
1454486289261207554
1454486734889172998
1454487215543922689
1454487350914994185
1454487909336326147
1454488160314871812
1454488179352870912
1454488739779162112
1454489576429420545
1454489637393768449
1454490089942302721
1454490321279148038
1454491821975949318
1454491834554667011
1454493128266768389
1454493451924430848
1454495527375183872
1454495713165930500
1454496369020919813
1454497301867769860
1454497702121598982
1454497719586787341
1454498145665171461
1454498159493894150
1454498835271757825
1454499603546583041
1454500162462785547
1454500618077417475
1454500850156679176
1454500850232004621
1454504256317255683
1454504267587276802
1454505614919536647
1454505975071842309
1454506313401217024
1454506702473150473
1454507462594289675
1454510374246567939
1454510839877312517
1454512075477291009
1454513589868453896
1454513683241914368
1454515399874199552
1454517406827782159
1454518043107790852
1454518633015750665
1454519031910879243
1454519411692482566
1454520247881449473
1454521007344168966
1454521545376813064
1454522826472427521
1454523869545603080
1454524128287813634
1454524283699359746
1454524441715748865
1454524768196177928
1454525610508828673
1454525822954577922
1454525863714828292
1454526069214781446
1454526394290118656
1454526618383405059
1454527031392149509
1454527224158298121
1454528987368144899
1454529705403629572
1454530609599102978
1454531805810417667
1454533216962953219
1454533728743665669
1454534710286159879
1454535639463038980
1454536150228602886
1454536688928235524
1454537456112619526
1454537461292576769
1454537560018018307
1454537988638134278
1454538329601445888
1454538601111429124
1454538826198790147
1454541027172302857
1454541087347986437
1454541140535955458
1454542649495638020
1454543248698052613
1454543279547093007
1454544370804264962
1454544550417076242
1454544893141995527
1454546491859734532
1454547416154361857
1454549538052653058
1454550021962145797
1454551660982853638
1454552413323644930
1454552798968823808
1454552963788251149
1454553698638647298
1454553876535947273
1454554527076659217
1454555218151047168
1454555296630775809
1454555297096388612
1454556129564889089
1454556241150111748
1454556685712900099
1454556701793861638
1454556735985815561
1454557897418022917
1454559952027234304
1454561626460463105
1454562105101668354
1454562544689946627
1454562651283935232
1454563649708703745
1454564638746681351
1454564863129178112
1454568735252037638
1454570323203043335
1454571730446528518
1454571883559637002
1454573613915410435
1454575057028751364
1454576781780918274
1454577006658703360
1454577617408086021
1454578798972882944
1454579671010615303
1454579890401865734
1454580218069389318
1454581168750399490
1454583903142825984
1454583978187321352
1454584247960879107
1454584695274950656
1454584697057529856
1454587158040285187
1454587345076899842
1454588137187991556
1454589542154055690
1454591445906698248
1454591812891561984
1454595992226045953
1454596039722274819
1454596174862815232
1454598576076730371
