1442641338558820355
1442643176905482247
1442644144942460930
1442644198335856640
1442644205382340613
1442647795723382787
1442648908216274946
1442648993700499463
1442649525370376195
1442649583574818816
1442649595805306889
1442649665078501379
1442649726646693892
1442649861246136322
1442650028527570944
1442650686269890568
1442651383887548419
1442651431866150914
1442651510924533762
1442651582521282563
1442651676838670336
1442652366180868100
1442654234495930372
1442656376032010249
1442656979877519366
1442657284899971074
1442658107772055554
1442658583594872833
1442661606400331776
1442662859972956162
1442663283215974404
1442665485372432385
1442670676570148867
1442671163843489796
1442671255816183808
1442672848619950080
1442674143091204100
1442675463344754692
1442677149111144457
1442680170251489286
1442681219817381891
1442683044935110657
1442684074070528012
1442684522458386432
1442686842533556225
1442687604626006017
1442690867832270849
1442701942241759233
1442709985042083842
1442715163375853569
1442716551539531785
1442724718554107905
1442725299754569728
1442727685403381761
1442727709205991432
1442729698249752577
1442730321317924864
1442747742695141377
1442747757488390144
1442747761984671748
1442747803562921989
1442747815730556933
1442748486139658240
1442748508365332482
1442758392964079618
1442759290033426432
1442759298216566785
1442761052760969218
1442766886719029249
1442772029313257472
1442775239256154112
1442779217687625728
1442782074394587136
1442788454492872708
1442789127154454532
1442791071080124422
1442793774581796865
1442793778390216707
1442794160721903624
1442794233597882372
1442796682257870851
1442796996285321217
1442799224391966720
1442801557540646914
1442803025995763715
1442804867274264577
1442804954243215361
1442805568347983874
1442805652452225027
1442806539245522945
1442806603338731520
1442808989910290435
1442810428002820098
1442810766739058694
1442811320995360769
1442812339397529605
1442812919297761281
1442820736348041219
1442821085679001602
1442821142193086467
1442821452462534657
1442821550298836997
1442822871886270471
1442823915831762945
1442824336356921344
1442825268272508940
1442827961896357889
1442830044624261126
1442831187274313735
1442832598129119248
1442832983313068036
1442833015739240454
1442833079119265793
1442833343897350146
1442833847444512772
1442833858748026881
1442834422802309130
1442834447724863490
1442834644664307714
1442834879855710214
1442836516036915200
1442837007424708609
1442837078211977222
1442837079457767432
1442837083131891712
1442837083169693704
1442838648865632259
1442839269626818566
1442840784525479939
1442841205616828419
1442842632338747400
1442843329310437376
1442843377008062464
1442843394703769605
1442844338753609736
1442844594362884106
1442844750395084806
1442845405650329600
1442846082443227141
1442846281114820610
1442846698523484166
1442848057016606725
1442849041671458835
1442849204238536710
1442849352700108814
1442850094773063683
1442851813741432836
1442852499497623552
1442852557819457547
1442852598671941633
1442852845468913680
1442854123821490186
1442854637183381508
1442855943520325636
1442856811007258626
1442856864845344771
1442858590780497923
1442858947707383964
1442859160123715586
1442859311714029571
1442859515481780236
1442859652207763457
1442859826866888717
1442860004449554432
1442861011564998657
1442861827143225346
1442864179258564609
1442864285747580929
1442864535619002373
1442864841249726464
1442866071262748672
1442866171196231692
1442866694179811332
1442867268732416003
1442867538916823050
1442867552376426500
1442867668600561664
1442867940404068357
1442867992057032710
1442867999023763463
1442869961785954311
1442870233207689223
1442871137025728519
1442872689899749386
1442876237291003909
1442876444162478084
1442877679967956994
1442878027868868615
1442878772194185224
1442878950397595648
1442879279013023751
1442879528884391944
1442879538896117761
1442880540529631242
1442880553389264898
1442881795616169984
1442881813865631744
1442881933411643401
1442882621801959429
1442882645290070020
1442883416312123394
1442883736194928649
1442883748756955137
1442884291587821569
1442884589626798087
1442885562357075974
1442886328517943296
1442886342078251015
1442887125427376135
1442888005761462280
1442888194320580614
1442888510164246540
1442888928051142656
1442888991607459840
1442890856529227780
1442891704995045380
1442891950445629449
1442892201084612612
1442892871800033288
1442893215351197696
1442893537264078854
1442893746014543875
1442893867490033671
1442894342213885961
1442894483427717121
1442896045411762177
1442897036467060736
1442897101260681216
1442897109938696200
1442897657450483713
1442897731115098121
1442898620206911490
1442898718601011204
1442899871984349187
1442900126465359878
1442900450202689536
1442902434955759618
1442902917405495303
1442903998353211394
1442904988875845633
1442906563321028610
1442907016679198720
1442908156166754304
1442909356995923970
1442909722756071441
1442910012582469632
1442910841465020416
1442912182434336770
1442912276051234824
1442913287121760256
1442914155233644544
1442914302826991616
1442914338151358471
1442914987198930944
1442915335699533824
1442915513487671305
1442915656895111168
1442915884083810305
1442915976584990720
1442916005332717571
1442916329246265346
1442916565008019458
1442916757769842691
1442917297325178880
1442917908586266629
1442918788920274952
1442918924891222016
1442919435195408385
1442919917481648129
1442920803255812100
1442922855168024579
1442923062031093766
1442923104582262788
1442923130125647873
1442924331428843522
1442924590284476423
1442924889371938817
1442925246177153026
1442926121197072385
1442926355608322050
1442927093143130113
1442927152874147841
1442927434022604800
1442927849749430279
1442928344463380492
1442928655131283457
1442929750293372931
1442929856103124993
1442931709280862210
1442932183811846147
1442932960756318210
1442933835952312325
1442933964780412929
1442935894399283207
1442938498713939968
1442938949924581376
1442939687836913667
1442939923607158786
1442940116503130112
1442941977025122308
1442945535325847554
1442945847029755907
1442946106770411523
1442947091785940998
1442948855130066945
1442948866341441536
1442948872624508929
1442950479248453635
1442950554779488258
1442950647968452610
1442951148055384065
1442952255179669508
1442952390764732417
1442953508500639751
1442954485777666050
1442955860934729728
1442955996041785345
1442957369890127873
1442959293418852353
1442959574135414784
1442960022758068231
1442962050511106054
1442962862188625929
1442963225474109440
1442964054671347713
1442964502991888387
1442964963346173955
1442965557129711616
1442965813913272329
1442966287915773954
1442966543512580096
1442967156925239296
1442967196578181124
1442967295622410247
1442968488532791301
1442968683807191040
1442970220931420162
1442971303577673737
1442971528102957056
1442972772632727554
1442973327832739848
1442973562898288655
1442974273790877701
1442975071124037632
1442975702123302916
1442977428884779014
1442977558937554948
1442977775992938496
1442977868905164800
1442979917432459271
1442980888627879938
1442982963482820617
1442983580959916032
1442984604479098880
1442985693882503168
1442987323864408066
1442987839658942466
1442988726913691649
1442988822938128392
1442992034067927043
1442992125319188483
1442993215435689987
1442994921972011013
1442995853514481664
1442997238851153923
1442997364755730433
1442998330137710599
1442998523402887175
1442999031526010881
1443001012554452992
1443002557119537153
