1275217053935427585
1275217125712502784
1275217150052052996
1275217251407466496
1275217462959779841
1275217570703052805
1275217579112570887
1275217670418444291
1275217708016193538
1275217761870938112
1275217766279241728
1275217886425030656
1275217958638403584
1275218041756946432
1275218272984731649
1275218350981947392
1275218384922333188
1275218478023221248
1275218495467409411
1275218532897378304
1275218651289751557
1275218654146310152
1275218693035786240
1275218737814265858
1275218786409500677
1275218852922736640
1275218861177085952
1275219063355170816
1275219112252395523
1275219190987792386
1275219244653953024
1275219353378660353
1275219380713000962
1275219425067745280
1275219452867592192
1275219468789207040
1275219469187588098
1275219495460712452
1275219518902673409
1275219522820157442
1275219525668126720
1275219546002075649
1275219578835161091
1275219597805916162
1275219752978350081
1275219814747975683
1275219965063421952
1275220125629767684
1275220238418747396
1275220297864613890
1275220369742454791
1275220518698876934
1275220519139368963
1275220556699373568
1275220556875522049
1275220580619386880
1275220745870811136
1275220793769762818
1275220831073861632
1275220844512456711
1275220889349640192
1275220890813370368
1275220902389714944
1275221068064722944
1275221192669040640
1275221200462020609
1275221270758637571
1275221293474799616
1275221313133727751
1275221337213190145
1275221408977686528
1275221448110587904
1275221475897806848
1275221492247166978
1275221504373018626
1275221508625965059
1275221702184763396
1275221753392959488
1275221753728507905
1275221805607923712
1275221820770263040
1275221839208472579
1275221949191512065
1275221974260895744
1275222034847424513
1275222049598984192
1275222199167787011
1275222206075883520
1275222281799839744
1275222324090978307
1275222343959359488
1275222354742988800
1275222408585191425
1275222591096205313
1275222659228368896
1275222662655225856
1275222692325720064
1275222758339817477
1275222759778455552
1275222828082778114
1275222892633096192
1275222894449172481
1275222930427961345
1275223054348681216
1275223070077222918
1275223110283931650
1275223112125239296
1275223125547012097
1275223184703401986
1275223190533550080
1275223233864835072
1275223245743165441
1275223280249638920
1275223375661731843
1275223377964412929
1275223407030829056
1275223558541770759
1275223589067862018
1275223657221181446
1275223663013396481
1275223765639671808
1275223879603163136
1275223886829891584
1275224073556185088
1275224126790283265
1275224212257550339
1275224230574071809
1275224284819054593
1275224377710252032
1275224551278825472
1275224551312568321
1275224570052608001
1275224591904968704
1275224633072025608
1275224738982506496
1275224805172752384
1275224863943335938
1275225076477169665
1275225135121907716
1275225246077980675
1275225448641900552
1275225490605907969
1275225558796861442
1275225696890236929
1275225737432313858
1275225900926275590
1275225960024084480
1275226119449522178
1275226236592295939
1275226328388841472
1275226352686444544
1275226382201753601
1275226405853413376
1275226563060121606
1275226592634175488
1275226616780804105
1275226680005742592
1275226794938044416
1275226813434920962
1275226900596654085
1275226943810613249
1275227033648402433
1275227041747677185
1275227122437623809
1275227165647405056
1275227346245693440
1275227358195322880
1275227402067730434
1275227458959224836
1275227550407688193
1275227631009619970
1275227694368788483
1275227868893757441
1275227980793556996
1275228158535622656
1275228200189284352
1275228414337789953
1275228487306170369
1275228508336390145
1275228537964937217
1275228562510012417
1275228643988516869
1275228817288724483
1275229165449609220
1275229187238838273
1275229206356660226
1275229262082183171
1275229304754929667
1275229322928889858
1275229407821598724
1275229529175359489
1275229556354539520
1275229568161452032
1275229727427629056
1275229767520976896
1275229872168763392
1275229941018345472
1275230041476038665
1275230085197463553
1275230187962216450
1275230288252211207
1275230370695348231
1275230392895799296
1275230395529822208
1275230491650785280
1275230494641336321
1275230588950269953
1275230627684659201
1275230664980389888
1275230716209528832
1275230787647025152
1275230866130829312
1275230882291466240
1275230948888645635
1275231027842166785
1275231172663152640
1275231212597055489
1275231226090139648
1275231236068433920
1275231259971608577
1275231317286891520
1275231455245938688
1275231646426501121
1275231661819641856
1275231815389851648
1275231837309284353
1275231977373868032
1275231986014191616
1275232154612649985
1275232179044450304
1275232266000781314
1275232304240132096
1275232306551193600
1275232439208574976
1275232656939266049
1275232733518860289
1275232750145081344
1275232792981504002
1275232915190951938
1275232972153683974
1275233014147145734
1275233021495566336
1275233084611362816
1275233185685811208
1275233229860229121
1275233303688294401
1275233319224070144
1275233366888140800
1275233527433498624
1275233540892999681
1275233584660561924
1275233606743609347
1275233636749582337
1275233672267005953
1275233680831787009
1275233758820646912
1275233921731563520
1275233950487764992
1275234058029748225
1275234117735665664
1275234192574611456
1275234284580884486
1275234328830783489
1275234361726599171
1275234478105993219
1275234560884736003
1275234617667141634
1275234618971754496
1275234670683344897
1275234703147237376
1275234723766378496
1275234728115871745
1275234754623877125
1275234757241122817
1275234815428775936
1275234844075753472
1275234863822655488
1275234868964835329
1275234882864779271
1275234951055781888
1275234957422735360
1275235024430866433
1275235060463988736
1275235256082280449
1275235319290507264
1275235361833312257
1275235479521198080
1275235542448422913
1275235558374154247
1275235690213707777
1275235710350614528
1275235787869691904
1275235792592482305
1275235860607369217
1275235893037670402
1275235993201844225
1275236011006722049
1275236095102500864
1275236173129158658
1275236176262238208
1275236194528497664
1275236377035247618
1275236599735910405
1275236765486534657
1275236780606971904
1275236811607101443
1275237100225466370
1275237194597351424
1275237202708926464
1275237252210229249
1275237294090395649
1275237361845141505
1275237369935953921
1275237423056916480
1275237461757702144
1275237545488658433
1275237675654688769
1275237747305975809
1275237837605085189
1275238010808926213
1275238066664484864
1275238136465981440
1275238154270904321
1275238161510211584
1275238438460166146
1275238448077639683
1275238484937256960
1275238487118303232
1275238815997865984
1275238851762622465
1275238964438450176
1275239003902685184
1275239015986454528
1275239026858045440
1275239060303491077
1275239061905686528
1275239076548018179
1275239143543635968
1275239343142117378
1275239459148218369
1275239507399454720
1275239517599956992
1275239580451536896
1275239591923134464
1275239592417988608
1275239611594391555
1275239683752996864
1275239698013868033
1275239904381931520
1275239915366817792
1275239921171775491
1275240061836066816
1275240134431080449
1275240156862259202
1275240207072272385
1275240282821464064
1275240290723512320
1275240707607969793
1275240868572733443
1275240950705598466
1275241246362132481
1275241301726855169
1275241418945105926
1275241561694011392
1275241562470060033
1275241605205823490
1275241722877022209
1275241762991353859
1275241821782900741
1275241882495463424
1275241921913466886
1275242012695035904
1275242076892995585
1275242621443719169
1275242700992806912
1275242763710316544
1275242861961916416
1275242926436737025
1275242941280378887
1275243132863594498
1275243306855866368
1275243357745405952
1275243369397182464
1275243370575810561
1275243458563846144
1275243529057513472
1275243560514789376
1275243617209266177
1275243672385343500
1275243705084055553
1275243722070949896
1275243938539077632
1275244179845722112
1275244263123681282
1275244314134806528
1275244391612002304
1275244435207528460
1275244596516306945
1275244623808659456
1275244626463596544
1275244710089633792
1275244720319594496
1275244794432958468
1275244801508675584
1275244858093993984
1275244959906566145
1275245050302271488
1275245155495415809
1275245203725651970
1275245209224445952
1275245289838911488
1275245308700753920
1275245385477500928
1275245394642034694
1275245394683998214
1275245696757661696
1275245909031432192
1275245954707283969
1275246026283155456
1275246292374106114
1275246296643915784
1275246307217719298
1275246393049911298
1275246413312675841
1275246520787513345
1275246560511692800
1275246614303686656
1275246640316723201
1275246640794865664
1275246691566968835
1275246717005451264
1275246817198956545
1275246972119724032
1275246979153629186
1275247152726499329
1275247192475828225
1275247257865129988
1275247268065611776
1275247296159125504
1275247414899859456
1275247652935020550
1275247682018324480
1275247702926921729
1275247716604362753
1275247848653758467
1275247851061293057
1275247930224623618
1275248190552506370
1275248206386003974
1275248216225861633
1275248288825040896
1275248294856404993
1275248385491120129
1275248556308340738
1275248585471397888
1275248864170311684
1275248965408169985
1275249023155425282
1275249283625897985
1275249332065837060
1275249352160751619
1275249388538023938
1275249426261573637
1275249454245982209
1275249465734152194
1275249521375744000
1275249716968775680
1275249784580964353
1275249921852084224
1275249980190732288
1275250142518665216
1275250203075977216
1275250251507564551
1275250319363117058
1275250319526592512
1275250378225917954
1275250416956125185
1275250437013286914
1275250545649954816
1275250718916648962
1275250726810378241
1275250733231812609
1275250735127711745
1275250783311847429
1275250888274296832
1275250965512425474
1275250975398191104
1275251014011105282
1275251081854009346
1275251114133327875
1275251131292188673
1275251143346659334
1275251170496458753
1275251215992000512
1275251432967593986
1275251444627750912
1275251472222093312
1275251480770076674
1275251535950360576
1275251597745049600
1275251626907963397
1275251696390885376
1275251719027470336
1275251742800785409
1275251787973513216
1275251790167117825
1275251858131599360
1275251933478035461
1275252016110096384
1275252040856408065
1275252043373064192
1275252180560330759
1275252199103266818
1275252218556559366
1275252389805776896
1275252453408149509
1275252502213033985
1275252507653136384
1275252526158352385
1275252528700162048
1275252601290985472
1275252733176688643
1275252969039151105
1275253152380567552
1275253343410061314
1275253422514737163
1275253465929912322
1275253473832034312
1275253594518958080
1275253596054003713
1275253704292261888
1275253735862800386
1275253795904278528
1275253872211230721
1275253992591941632
1275254098305130498
1275254291209601024
1275254292476289025
1275254352215752709
1275254381647101952
1275254385858285569
1275254590510858240
1275254611050475520
1275254750204907522
1275254776327032832
1275254875316682753
1275254977271861248
1275254991612190720
1275255140254199811
1275255269098950656
1275255325025873920
1275255361612759041
1275255503585792000
1275255599601721344
1275255689338925069
1275255723988041728
1275255728350035969
1275255749258760198
1275255782968360960
1275255786311241728
1275255817521041413
1275255886131453952
1275258260833083394
1275258282932932609
1275258402491510784
1275258435542626306
1275258469730463744
1275258573438758912
1275258708730228737
1275258873755172865
1275258918156095492
1275259267214385153
1275259366338371584
1275259419484467200
1275259453378527232
1275259502854647808
1275259527475212288
1275259538485252097
1275259576892432385
1275259684665114624
1275259684694474755
1275259695654211584
1275259701228457986
1275259746539507715
1275260091479003136
1275260279014731777
1275260366688313346
1275260388821663750
1275260472258899968
1275260607734976513
1275260657194225667
1275260843744202752
1275260880238841858
1275261720391487488
1275261759331414017
1275261808408961025
1275261870333661184
1275261945378201602
1275262185955119104
1275262301612969985
1275262424837488641
1275262540923183105
1275262908306468864
1275262911720669184
1275263019690401795
1275263071502643203
1275263137298743296
1275263211831468033
1275263345994711041
1275263369847635970
1275263443633868800
1275263446733422592
1275263675386015747
1275263699515633664
1275263704087629825
1275263747112787972
1275264001446993922
1275264060158873605
1275264110066896896
1275264197140586496
1275264263263793153
1275264398291017728
1275264648498089985
1275265065869074439
1275265117798699010
1275265132361388032
1275265241107103745
1275265604774223878
1275265652345974784
1275265784995106817
1275265874677694464
1275265997134577667
1275266011302957057
1275266057092071425
1275266224751067137
1275266304031817731
1275266393697648640
1275266489923309568
1275266696132153344
1275266779086979072
1275266995278225415
1275267086273691649
1275267088261750784
1275267161150365696
1275267175939481601
1275267285012434945
1275267472703266816
1275267493125373958
1275267677351804928
1275268022001942529
1275268082970300416
1275268180701822982
1275268312499437568
1275268390228299777
1275268510105702401
1275268645992742912
1275268823520772096
1275269147811893248
1275269322735267841
1275269343086075904
1275269343744602117
1275269537089421314
1275269603313299457
1275269746494185474
1275269747437903881
1275269755524517888
1275269776479268864
1275269799233404929
1275269806334316546
1275269837871341574
1275269849946550272
1275269922961186817
1275270138313482240
1275270463996989441
1275270583702429696
1275270892021518337
1275270922484641792
1275270951861727237
1275271104861478912
1275271217398849537
1275271300869652480
1275271488933896196
1275271679573405696
1275272010348797958
1275272178670407680
1275272294449975296
1275272577032863744
1275272586117726209
1275272735149756416
1275272757945741323
1275272765575233536
1275272951412207617
1275273400664109057
1275273415746818049
1275273431026671616
1275273448374308866
1275273820081983489
1275273952819122176
1275273965221666825
1275274035623067649
1275274065339654144
1275274247401766914
1275274283271573506
1275274339529654272
1275274430311170048
1275275018415595526
1275275028913930240
1275275262532476928
1275275517856530432
1275275595543384067
1275275698354216960
1275275809075404808
1275276065338990592
1275276138697416704
1275276349238841344
1275276829071458305
1275277171460902913
1275277202364432384
1275277238330671104
1275277496213213184
1275277631865458688
1275277662441930753
1275277828850843649
1275278190940995584
1275278232884056064
1275278542297800709
1275278840928010241
1275279091063816199
1275279235368787968
1275279236027363329
1275279268537348099
1275279395486420992
1275279585010159617
1275279746746789888
1275279820092510210
1275280381139435521
1275280766893723649
1275281553615192066
1275281893857116162
1275281993610268674
1275282026422206468
1275282337891319813
1275282494464626689
1275283016219267073
1275283058405629952
1275283126923571200
1275283885031665664
1275284002933522432
1275284028955000837
1275284274434859010
1275284494380130305
1275284743177809921
1275284942545727493
1275285426798985216
1275285630382231553
1275285730898653184
1275285888621314055
1275287134468014080
1275287141975838724
1275287736136728577
1275288125376528384
1275288398983462919
1275288536510595073
1275289346120310792
1275289426063577088
1275290272239423489
1275290325850951681
1275290360474939394
1275290495845953537
1275290657360351237
1275291867710664705
1275292068299055104
1275292506624843776
1275293104397058049
1275293340779581440
1275293346521649152
1275293523521257472
1275293616349593601
1275294850498400267
1275294916978126848
1275294957423808512
1275294969939533824
1275295526586511360
1275295723693768707
1275295831692804096
1275296508091473923
1275296815529840649
1275296915735920640
1275296964440207360
1275297127514746885
1275297531564560385
1275297630587949058
1275297872838361088
1275297876457984001
1275298019513118722
1275298377631248384
1275298419091943424
1275298535165001728
1275298704979890176
1275298944487063552
1275299203745558529
1275299565508472837
1275300197376110597
1275300627724275713
1275301168235847681
1275301189417152518
1275301620310577152
1275301773075456002
1275302070787203073
1275302372600922112
1275303958781648896
1275304388979032064
1275304578699886598
1275305372463620096
1275306331495378946
1275306661809397761
1275306916638601218
1275307049761550337
1275307544458788864
1275307631935197184
1275308884685729792
1275309052491333632
1275309146250887169
1275309579014979590
1275310168084025344
1275310259247222784
1275310368408186881
1275311044504817664
1275311263959179265
1275311435606896641
1275311436529643521
1275311646584553472
1275311896766427139
1275312273591017472
1275313699096535040
1275313821469552648
1275313958782742528
1275314004748099584
1275314316753993729
1275314537693143043
1275314751539744768
1275315149243469825
1275315382753034240
1275315543202050054
1275315631508815873
1275315985684344832
1275316150877016066
1275316231529250817
1275316824310153218
1275316891830099968
1275317130226012160
1275317401714900993
1275317784646422528
1275318114125844488
1275318824217313293
1275318826146697216
1275320805480697856
1275321063686254593
1275321141196972033
1275321269811109888
1275321753959628801
1275321870632587267
1275322462633369602
1275322716166463488
1275322741185318913
1275322970907521025
1275325039768985607
1275325049839460352
1275325092143251459
1275325998179942400
1275326039560982528
1275326046825525248
1275326054689800192
1275326509549596672
1275327080927027205
1275327087113580546
1275327089491808257
1275327091408601089
1275327095242178560
1275327099885293568
1275327103895035912
1275327109632835591
1275327111306399744
1275327346309029892
1275328445254418432
1275328984952311812
1275329123699707909
1275330285144616960
1275330665811267584
1275332231851098115
1275332627743080449
1275334044717387776
1275334123331227648
1275334191819956225
1275335223979507712
1275336764853571584
1275336860508786688
1275337093095526400
1275337285895102465
1275337447795232768
1275338795299360768
1275339710030925828
1275340354125008898
1275340593149902848
1275342391449473025
1275342921273880576
1275343869434101760
1275345375369531393
1275346503813521409
1275347409862868993
1275347746698874880
1275349862595297280
1275350369590218753
1275353030028902400
1275353231489720320
1275354149975207936
1275355480026755072
1275356979574308864
1275357927482802177
1275358879887560704
1275359490012065793
1275359768882929665
1275361584190304256
1275361713928441856
1275362639108100099
1275363321013768196
1275363382430924800
1275363617207209987
1275364275448696832
1275364425852227585
1275364697915691008
1275364937095880704
1275367367095332865
1275367493549338624
1275368000833519616
1275368152940130304
1275368311396732930
1275369467615248385
1275369635903410176
1275369665796157440
1275369796264173574
1275370229338648576
1275370734416728065
1275370760467603463
1275371197413425153
1275371385926430722
1275371855126450178
1275372004674322434
1275373091099680768
1275373204857663488
1275373388903546880
1275373439717695489
1275373475725787137
1275373890559238145
1275373946360279040
1275374031060062208
1275374062873776128
1275374210605613057
1275374280436563969
1275374301827522560
1275374317140877312
1275374594103414786
1275374616467341319
1275375011239321600
1275375988944310277
1275376015276224512
1275376185783001094
1275376636045787142
1275376762717900800
1275376811103436803
1275376935581908992
1275377079840890880
1275377276041990144
1275377406614933506
1275377796576141312
1275378135517855745
1275378274600960000
1275378281852911616
1275378306137849856
1275378354674438144
1275378525915287555
1275378702906425345
1275378795755773952
1275378824864120832
1275378912416206850
1275379078615437317
1275379185033326592
1275379252070842370
1275379289823862791
1275379486977130496
1275379518321106944
1275379561367326722
1275379645001666561
1275379986447437825
1275380230987952128
1275380307617894401
1275380530754867205
1275380622849179650
1275381086823108608
1275381597970157571
1275382190076047367
1275382270484983808
1275382324105023488
1275382562119180288
1275382650656653312
1275382820404420608
1275382840054726657
1275382859864387587
1275382889761443840
1275382930131607552
1275383137892282368
1275383280003690496
1275383459410776064
1275383484278886406
1275383881642934278
1275383884935462913
1275383907442135041
1275384284719742978
1275384622776369153
1275384719220375552
1275385056505270276
1275385504121475072
1275385893856129024
1275385986881650688
1275386211931246592
1275386251869290496
1275386407599693824
1275386663158636545
1275386887319011332
1275387099441778689
1275387120702668800
1275387172426842112
1275387304870371328
1275387343986360320
1275387618851774465
1275387636484640772
1275387675961417728
1275387696974893056
1275387790864326657
1275388106913480704
1275388202115665920
1275388326359502848
1275388399143260160
1275388502302130178
1275388622376706048
1275388821094510592
1275388911263649793
1275388929315930112
1275388938400776193
1275389018172203008
1275389068667469824
1275389158085754882
1275389477830172672
1275389751210770432
1275389909629644801
1275389921025540096
1275390061601796096
1275390199179157506
1275390360265646080
1275390455388217347
1275390528755060745
1275390568961642496
1275390647965323264
1275390679615787008
1275390688876736512
1275390703670038531
1275390721265225729
1275391305288495105
1275391419696451588
1275391988058198018
1275392041200091136
1275392173823987713
1275392281869254656
1275392295416877062
1275392349196242945
1275392358834671618
1275392393714339849
1275392427654774785
1275392497368403968
1275392720622796800
1275392740247953410
1275392760254803969
1275392797017808901
1275392807621050369
1275392959211593728
1275393215890427904
1275393394098032640
1275393425878085632
1275393459663376384
1275393669420453888
1275394065606066176
1275394087072477184
1275394144232407042
1275394204554985472
1275394232266735616
1275394248746156032
1275394306786955265
1275394332292517888
1275394479789412353
1275394672307798017
1275394828176678912
1275394911819481091
1275395106208694277
1275395168590577666
1275395277046808576
1275395387667501057
1275395394428702720
1275395439194300417
1275395693537091584
1275395772515786752
1275395928610963461
1275395964707262465
1275395973263634438
1275396292160692227
1275396371852546048
1275396401674018816
1275396989207875585
1275397129629044736
1275397278157717506
1275397465315913728
1275397521288896512
1275397538443669505
1275397923816091650
1275397992695173122
1275398064421953537
1275398109586219010
1275398197129760774
1275398200556351489
1275398275798052864
1275398334937804800
1275398357914136576
1275398375475744770
1275398536247611398
1275398571630759937
1275398680665894912
1275398835976765448
1275398880314753031
1275398961453547521
1275398976188153856
1275399042151985152
1275399050938986500
1275399250017497101
1275399260339666945
1275399474647642113
1275399558340755457
1275399784610836480
1275399923828248578
1275399951791673345
1275400029742784512
1275400052962480130
1275400065897635841
1275400102597853184
1275400150031220736
1275400176602095616
1275400201893826566
1275400273331130368
1275400281522671617
1275400373029736449
1275400378901807104
1275400434111447042
1275400613296312320
1275400614445539329
1275400725112279040
1275400729197412352
1275400783085867010
1275400861989158914
1275400963847831552
1275400967635316737
1275401083674931202
1275401389339029512
1275401609900625920
1275401615751725056
1275401715295178752
1275401756344750081
1275401773776359424
1275401834073600000
1275402100349046784
1275402137154043904
1275402261229907974
1275402293572141058
1275402328812683264
1275402339902541824
1275402352653189121
1275402359103991810
1275402405144932353
1275402430579200000
1275402478251540480
1275402673018331138
1275402676759678977
1275402687618650113
1275402786738446338
1275402791784271873
1275402883559829506
1275402966967693312
1275403114103832578
1275403151676489734
1275403180482969600
1275403188162699265
1275403210686181378
1275403229065510912
1275403416504762370
1275403502009884675
1275403526496288768
1275403577624801280
1275403647741026307
1275403661984882689
1275403875797929984
1275403893250363392
1275403992743456770
1275404016651046912
1275404028663529472
1275404119755370498
1275404166387679232
1275404357765419009
1275404374387367936
1275404496072585218
1275404516045852672
1275404678717718530
1275404912806047745
1275404936688304129
1275404965150949377
1275405236060991489
1275405239928131584
1275405271683268609
1275405346123759616
1275405392747679744
1275405413169725441
1275405597140234240
1275405649883660290
1275405664072982540
1275405736886099975
1275405746604085248
1275405782067134467
1275405877571399681
1275405880113184768
1275405882520633345
1275405903102124033
1275405939223429121
1275405983016267778
1275406008764887043
1275406020551086086
1275406049688924164
1275406097441083392
1275406232300511234
1275406248679112704
1275406259181826048
1275406360591687683
1275406367889788930
1275406664116690947
1275406943822270466
1275407022725439490
1275407061975785476
1275407141638201346
1275407358315958275
1275407375848165376
1275407376531759104
1275407376632492034
1275407469217484802
1275407573295005696
1275407573894782978
1275407583549980674
1275407585072513030
1275407615720382465
1275407621906972672
1275407630853341190
1275407649929138178
1275407927839514624
1275407960953565185
1275408017874472960
1275408080860336128
1275408150217273344
1275408194135883777
1275408238536790021
1275408367582949377
1275408400688525317
1275408502945652737
1275408627801755649
1275408669358915585
1275408683082661889
1275408704171585537
1275408748341874689
1275408853258076160
1275408989086515200
1275409033390891008
1275409082237755401
1275409266434879489
1275409347225497600
1275409520777297920
1275409597784825856
1275409614897647618
1275409631452565504
1275409636024295424
1275409684791427076
1275409771953180673
1275409928124010497
1275409956104286208
1275410070705233921
1275410219057795072
1275410243388952578
1275410288100114433
1275410341695033344
1275410383650594816
1275410392160915459
1275410413740388352
1275410476738977792
1275410491687481345
1275410497173688320
1275410538097491969
1275410542329507842
1275410575149936641
1275410631445958656
1275410710844059650
1275410744524365825
1275410778598899714
1275410778963705856
1275410947331559425
1275410952272437249
1275410976070946818
1275411005900718080
1275411018072625153
1275411021373542405
1275411081662529536
1275411114554204163
1275411326412693504
1275411453953130496
1275411539198128130
1275411550552162306
1275411565148241920
1275411581841571842
1275411644793982977
1275411662791573504
1275411673499631616
1275411829066530818
1275411997660766208
1275412030762233859
1275412100182167552
1275412116573478914
1275412167228088320
1275412377253666816
1275412479682711553
1275412507558129664
1275412520950513667
1275412591423229952
1275412625048862721
1275412745790328832
1275412759430066179
1275412835045191683
1275412898496548871
1275412947859394560
1275413044810653704
1275413144291196928
1275413158723813376
1275413299870306304
1275413421031292929
1275413568897404929
1275413606167908354
1275413609414381573
1275413632927531009
1275413655874605056
1275413682265055234
1275413683485564928
1275413706663477248
1275413726129262592
1275413740452708352
1275413764339310592
1275413809767858176
1275413907943895041
1275414002449952768
1275414035597492226
1275414043914797057
1275414082565419008
1275414272135368704
1275414318499213313
1275414542277885953
1275414580848660480
1275414598909394944
1275414623823560705
1275414645113790464
1275414687719571456
1275414760775917568
1275414813112401920
1275414905869479936
1275414976409239552
1275415009795944449
1275415053936795655
1275415101139554306
1275415269687595009
1275415295931355139
1275415318043791361
1275415452445966342
1275415642229874688
1275415744315035648
1275415868449738753
1275415898317377538
1275415912645083139
1275415952918753281
1275416046615363584
1275416063417647104
1275416183227981824
1275416369564188672
1275416386358181889
1275416405610029056
1275416429467140096
1275416450463870978
1275416497624670210
1275416509112868865
1275416774960459776
1275416783307104258
1275416838415974400
1275416865951670272
1275416898793070592
1275416925338730497
1275416962332594177
1275417070004432899
1275417070008774657
1275417070490972160
1275417125348401153
1275417144264663040
1275417188237824000
1275417258639208450
1275417372808171521
1275417410829508609
1275417572029194242
1275417592753278977
1275417643563048965
1275417657618182144
1275417688953651201
1275417822575894529
1275417824324919296
1275417826208161793
1275417884953640960
1275417890058113025
1275417984354451457
1275418006169026561
1275418069142327298
1275418150385958912
1275418231474475008
1275418288311451648
1275418288508542977
1275418319806439430
1275418360021475329
1275418371132137475
1275418579891040256
1275418640804982784
1275418687055499264
1275418722967027712
1275418750163058688
1275418809709494276
1275419083245268992
1275419118984970245
1275419138576584704
1275419178049167361
1275419233946603525
1275419281887580160
1275419288153841665
1275419296915771392
1275419324258365440
1275419330172370945
1275419364787879938
1275419412393340928
1275419424468668416
1275419478507966464
1275419670284206082
1275419712369963008
1275419783484321792
1275419920755548162
1275419931413184512
1275420205552975873
1275420273886613507
1275420275576840193
1275420278898790400
1275420399690412033
1275420574416805889
1275420594495016960
1275420639072071680
1275420716465348609
1275420745607393281
1275420875433472001
1275420997122998272
1275421049182699527
1275421093122183168
1275421109949628416
1275421155894099969
1275421164144406530
1275421173883506689
1275421182687313920
1275421208465604609
1275421240300384258
1275421249586565122
1275421268846817285
1275421361431883781
1275421529115852800
1275421536699252736
1275421549785481218
1275421605972361216
1275421646782939136
1275421751523061760
1275421774000373766
1275421970046353408
1275421985082953730
1275421985183535106
1275422032113664002
1275422061406695424
1275422169179328513
1275422212196044801
1275422249382825986
1275422254097203208
1275422271620947972
1275422342777384968
1275422357826482177
1275422485790457856
1275422491830366209
1275422492572647427
1275422775927279617
1275422856260792320
1275422874933891073
1275422923013197824
1275423054718472192
1275423121672192000
1275423287246495745
1275423295832121344
1275423574782861312
1275423597142704128
1275423608333045768
1275423663001612289
1275423705020104705
1275423795843563520
1275424031391563776
1275424043525722115
1275424146005143554
1275424177764302851
1275424194654875648
1275424449920188416
1275424602697719811
1275424608926273537
1275424648394670081
1275424665469681666
1275424727037853696
1275424874022961152
1275424883422478337
1275424954549444608
1275425200146956290
1275425223224033282
1275425226088644609
1275425279121514497
1275425436126924800
1275425457022947328
1275425527059435520
1275425642180259840
1275425649935691777
1275425833285496832
1275425866844078080
1275425889526837248
1275426140044345344
1275426196692631553
1275426245212332032
1275426292821876736
1275426316632969216
1275426329677254656
1275426378394075136
1275426532815564805
1275426770783744001
1275426830997245956
1275426844406317056
1275426908998688769
1275426996915486720
1275427020277780482
1275427054029205506
1275427067140718593
1275427088590417923
1275427163743936512
1275427173172723712
1275427240654917632
1275427300159500289
1275427357025853440
1275427379964514304
1275427442132484096
1275427557966581760
1275427592280121346
1275427605483851777
1275427835411337217
1275427877589221376
1275427985617715201
1275428313947869185
1275428395791208455
1275428400220401665
1275428418365075461
1275428473486499842
1275428478368780288
1275428578490908672
1275428662574223360
1275428791800803329
1275428877595181056
1275429061892935680
1275429108898574339
1275429139613392896
1275429163554529282
1275429170152181760
1275429219863015426
1275429285055135745
1275429317007327232
1275429385726758918
1275429415846137856
1275429471324188677
1275429579142955008
1275429620754657282
1275429735783432192
1275429769954439169
1275429792289038336
1275429806247759872
1275429869590056960
1275429873763454977
1275429960145043456
1275429981913518080
1275429987303161858
1275430062158946310
1275430082346127362
1275430216123535363
1275430410156154880
1275430448685031425
1275430492968562688
1275430514686640128
1275430527248543744
1275430542629113856
1275430545447583744
1275430570621833218
1275430665971011585
1275430739170000902
1275430885769216000
1275430891318280192
1275430896162791424
1275430970192265216
1275430993529356293
1275431095064920066
1275431148286590979
1275431161850822657
1275431278578450432
1275431301605199873
1275431491447730177
1275431630241435655
1275431789574729729
1275431922877988869
1275431990381228032
1275432036153647110
1275432169465212937
1275432169943388161
1275432189514207237
1275432235295027200
1275432245482844160
1275432275946201089
1275432290886221824
1275432312138850315
1275432319445237760
1275432320451907584
1275432362084630529
1275432390547161088
1275432541735051264
1275432631467982848
1275432707321991170
1275432755283853320
1275432788859203584
1275432826045947904
1275432960402116608
1275432985475665922
1275433064957698050
1275433241751752705
1275433274123452416
1275433349696413696
1275433377907331079
1275433389429002242
1275433400330059777
1275433458559524865
1275433628802088962
1275433651325583360
1275433728295219201
1275433755671515137
1275433815112953857
1275433838567657472
1275433905747824640
1275433912236249089
1275433931072892933
1275433947384516610
1275433992364359685
1275434020273360896
1275434094311215104
1275434103878213638
1275434318911860736
1275434475808124930
1275434509630988292
1275434592695021568
1275434641856491522
1275434658411339785
1275434670918791170
1275434695770030091
1275434729680957440
1275434734349246465
1275434775533121540
1275434833544491008
1275434865882587144
1275434895423139844
1275434962137657345
1275434969955876864
1275435100524576769
1275435184339300358
1275435222775914501
1275435253079797760
1275435407149158402
1275435501873270785
1275435649416302594
1275435774243004418
1275435914550902784
1275435948893863936
1275435953457213442
1275435963389366272
1275435988701949952
1275436008121626624
1275436366201892865
1275436445453283329
1275436511576510464
1275436518622953474
1275436572658110466
1275436699317919744
1275436731567730695
1275436733161541632
1275436787909853185
1275436833300758534
1275436869761654785
1275436992721874944
1275437025282281472
1275437134627745793
1275437181738213379
1275437317663027200
1275437355659227138
1275437359434088450
1275437406624165889
1275437408549404672
1275437471426179073
1275437597746032641
1275437806253248512
1275437951434907648
1275438009786068992
1275438030845644801
1275438110495485952
1275438116757598209
1275438127004278785
1275438187641368576
1275438223079043074
1275438252464328705
1275438317840904192
1275438368654942210
1275438461001048065
1275438582736408577
1275438774537748483
1275438790069239808
1275438903319654401
1275439180806361088
1275439187190112259
1275439213962391552
1275439289476583425
1275439292458733569
1275439302055362569
1275439350080135169
1275439370502168577
1275439390781607936
1275439512961708033
1275439531492167680
1275439591080644610
1275439632784609284
1275439768852033536
1275439885298495488
1275440008313241600
1275440080295825417
1275440123610447873
1275440341877833728
1275440347884093440
1275440431883378688
1275440454645846016
1275440471670546432
1275440485268480001
1275440533930795008
1275440567858524162
1275440607490486273
1275440687182254083
1275440751753588737
1275440763069853696
1275440927557824512
1275441016644853763
1275441093962694658
1275441104381304834
1275441125096976384
1275441299659751424
1275441303027773441
1275441320677355527
1275441412369080325
1275441424918437888
1275441430480031744
1275441460163129344
1275441472788021248
1275441518480744452
1275441629294325761
1275441710156222465
1275441789843849217
1275441839256907778
1275441865756532736
1275441869233635328
1275441873394348032
1275442003342319616
1275442014419484674
1275442186620776449
1275442256925753344
1275442262487429122
1275442285350551554
1275442414493167616
1275442479198662656
1275442580587610112
1275442702784450562
1275442731842592768
1275442861819834368
1275442927964049408
1275443015037759488
1275443029537521665
1275443111766851587
1275443119962521601
1275443209389305862
1275443329186988038
1275443481930903552
1275443497139687424
1275443499530358785
1275443547034882048
1275443561496932352
1275443668644540416
1275443721220222978
1275443746235187202
1275443758968868865
1275443885884370945
1275443915580030976
1275443944738836480
1275443981455773696
1275444083637366784
1275444099236028417
1275444181863809024
1275444331726245897
1275444391046344706
1275444555345571841
1275444564401086464
1275444631560314882
1275444709725364225
1275444721435897856
1275444785650692098
1275444806592770049
1275444835474800646
1275444969281478657
1275445074575257600
1275445150601211905
1275445164039786498
1275445254896750592
1275445281010577410
1275445325105229825
1275445379345969153
1275445393464061959
1275445573496172544
1275445654890745861
1275445656048427008
1275445800458321921
1275445991697559552
1275446066066804744
1275446189723287554
1275446260250501121
1275446291179335681
1275446413313191937
1275446652766060547
1275446668968648705
1275446669341896714
1275446700467826688
1275446719178616833
1275446753156726784
1275446826833899520
1275446896585138178
1275446911214874625
1275446955947118593
1275446966818754564
1275447245450522628
1275447277297917952
1275447366980530176
1275447520626384896
1275447862009053186
1275447938282487809
1275448085653499906
1275448172727250945
1275448295272247296
1275448459156271104
1275448493277016064
1275448657311985664
1275448700391747586
1275448705353564164
1275448948317057030
1275448948824522763
1275449029376139270
1275449063786205185
1275449096375988230
1275449114302398465
1275449269596512257
1275449277767020553
1275449394788069380
1275449572353929218
1275449724305240066
1275449746040082440
1275449785202257921
1275449827845787650
1275449862583013383
1275449986235301891
1275450088752476166
1275450173397712897
1275450294856380420
1275450442235785224
1275450478998913030
1275450641066819586
1275450740018827267
1275450768426823683
1275450847418187793
1275450860076535809
1275450888220364802
1275450890497867778
1275450963227111426
1275451001097486340
1275451043690708992
1275451045284589568
1275451166638276617
1275451186489909253
1275451280266113027
1275451281415405571
1275451291666231296
1275451313371766786
1275451336016883715
1275451380346417154
1275451420683075586
1275451509870755847
1275451592464977922
1275451638203875329
1275451810069667842
1275452044363493380
1275452087279599617
1275452138601115650
1275452295128289284
1275452314745102337
1275452365290663938
1275452403580461056
1275452417434193920
1275452448665001984
1275452524435091456
1275452539144556546
1275452569289019392
1275452573747560454
1275452585680330754
1275452622741188609
1275452646631993348
1275452909459607554
1275452960718249984
1275452965164216320
1275452979714224139
1275452980846661636
1275452996382412800
1275453057443041282
1275453066007900163
1275453206772867074
1275453210270953473
1275453343993704451
1275453402038669313
1275453445915344900
1275453450692616193
1275453485035646978
1275453500395106305
1275453575750025218
1275453578270765060
1275453587246600199
1275453608914325512
1275453680234270721
1275453762421682177
1275453777760251907
1275453814573686787
1275453908844900355
1275453994257707017
1275454035949125632
1275454213103861761
1275454282117111809
1275454310323634177
1275454327386075147
1275454518981885953
1275454682224185346
1275454700712873984
1275454745222643713
1275454819562446849
1275454855436525570
1275454943801905154
1275455146202296321
1275455157476589572
1275455249445056513
1275455274208292865
1275455296115220480
1275455296198946817
1275455304076013569
1275455426830544896
1275455438478139392
1275455449236598787
1275455619512725505
1275455873733689350
1275455916599459840
1275455937344442369
1275455977261723648
1275456030550315008
1275456150356365313
1275456272813326345
1275456284192579584
1275456416204062720
1275456427201572866
1275456437108592640
1275456483484893184
1275456734195257347
1275456735482974208
1275456748460085250
1275456922645172227
1275456929553240065
1275457000776675330
1275457047790682113
1275457117286268928
1275457180792164352
1275457238493208576
1275457294830931968
1275457416843284482
1275457527207964673
1275457635064700928
1275457688768372747
1275457784444784642
1275457821962907650
1275457863171715073
1275458000765870080
1275458187018330113
1275458201211691008
1275458227648581632
1275458253573545984
1275458358020104192
1275458391796674560
1275458419147902977
1275458539587170305
1275458551239106560
1275458599725064193
1275458622932353025
1275458648752492544
1275458722144362496
1275458757758156800
1275458763693187072
1275458784610181120
1275458800661794816
1275458908111474688
1275458953044824070
1275458995210387458
1275459077053825024
1275459128891256832
1275459225439870976
1275459523839475712
1275459527945728003
1275459530848116741
1275459591036448769
1275459626402791425
1275459758858948610
1275459793495429120
1275459990082338819
1275459991378333697
1275460007002206210
1275460053034848257
1275460120575725570
1275460192575139840
1275460245733675013
1275460381679509506
1275461011991126016
1275461045855928322
1275461164470874112
1275461313888686081
1275461521141895169
1275461658899603456
1275461723714129920
1275461807566708736
1275461815909134338
1275461933416800256
1275462112517722112
1275462189189652492
1275462199025307650
1275462237243801602
1275462299604733953
1275462332701868033
1275462350401929216
1275462405787537410
1275462498624442370
1275462518589124608
1275462531398676481
1275462673203900416
1275462706175320064
1275462739318759425
1275462750060281857
1275462822462455808
1275462869254094848
1275463044542402560
1275463143142166535
1275463181494878208
1275463277997436929
1275463329515925504
1275463329725759493
1275463353138393092
1275463433270571008
1275463470549479424
1275463532683890689
1275463542796410880
1275463552812408836
1275463629643579392
1275463670227701761
1275463717090668546
1275463721192742912
1275463805670211594
1275463881389797377
1275463906178338816
1275463926944276481
1275464120968585221
1275464171413540864
1275464404402872323
1275464431460368385
1275464499118649346
1275464518605422593
1275464557541146624
1275464563350278145
1275464567964012544
1275464594924933120
1275464642278690820
1275464781340827650
1275464803461607429
1275464854061670401
1275464888853422082
1275465008722391041
1275465025679843329
1275465026753585153
1275465067190988802
1275465165962706945
1275465246019407873
1275465391821684736
1275465468468498434
1275465472029286400
1275465504300425221
1275465518980501504
1275465554472710144
1275465791484428288
1275465921965043712
1275465957918617603
1275466023303553024
1275466050310737924
1275466127846637568
1275466301511696385
1275466306029006850
1275466311037042689
1275466521226162178
1275466711404290054
1275466720757587969
1275466738793156608
1275466771772968961
1275466777821052928
1275466827016089602
1275466933958258688
1275467086106517504
1275467104985264128
1275467139797995521
1275467252486361091
1275467649175126018
1275467673808310273
1275467708029644802
1275467737830174721
1275467779878068226
1275467793274634243
1275467864003264513
1275467867236925441
1275467871674683392
1275467968382631939
1275468078189621254
1275468341742841858
1275468346151112705
1275468512610443266
1275468569837527042
1275468577097777152
1275468644194160643
1275468674464268289
1275468676016361472
1275468715971227648
1275468724334743552
1275468733214068738
1275468756744048641
1275468827841748992
1275468851292102656
1275468854425260035
1275468931495591937
1275468941717102592
1275468963141517312
1275469026651766790
1275469116959227906
1275469155718881280
1275469252301029377
1275469287713640448
1275469331606974466
1275469441892061185
1275469454831497218
1275469486112550916
1275469521235726336
1275469633412386818
1275469733031280641
1275469742124478469
1275469770037616642
1275469799729123353
1275469827285684224
1275469859904684033
1275469997230481408
1275470115971137544
1275470303951556608
1275470357978374144
1275470551109242880
1275470618306187264
1275470793942630405
1275470829359374336
1275470956677472256
1275470990676549637
1275471027439616000
1275471051108032512
1275471055709245440
1275471123174625282
1275471189016797186
1275471214463471616
1275471489295319045
1275471561961746436
1275471609286070272
1275471692551401472
1275471848537493505
1275471905164845056
1275472048752648197
1275472090758549504
1275472210585624582
1275472240457515008
1275472245977120771
1275472251626930179
1275472306983391233
1275472559815954432
1275472563100160000
1275472694306365443
1275472818948509697
1275472825835565056
1275472834324762626
1275472867380076548
1275472914280787970
1275472954067951620
1275473060452282368
1275473200613404673
1275473207059984386
1275473294469271553
1275473422529724417
1275473443971088384
1275473492016877568
1275473538590412801
1275473557389217792
1275473593145733120
1275473609654493184
1275473694895140864
1275473696883433472
1275473697407750148
1275473745914859522
1275473770099232769
1275473939477782529
1275474023753924611
1275474157615091718
1275474215324573697
1275474386582200322
1275474390260514823
1275474595496280074
1275474708264296448
1275474776048513025
1275474856902082562
1275475018630168576
1275475039886942208
1275475059898036224
1275475124502888450
1275475125215866880
1275475143666606080
1275475189124468737
1275475202973917192
1275475388936880128
1275475422868910080
1275475550421815298
1275475672496996353
1275475687093264384
1275475717501997056
1275475794412867586
1275475960574414849
1275475978010140672
1275475984364515328
1275476074860814338
1275476231081938945
1275476471721623552
1275476483771899906
1275476491938279424
1275476526243479554
1275476528726511617
1275476533906456577
1275476667608293377
1275476683458596864
1275476719852535810
1275476891634368513
1275476939793403907
1275476976053227521
1275477171633631232
1275477196312850434
1275477297559212035
1275477314281902081
1275477719447412737
1275477745494102017
1275477747930980352
1275477889346084864
1275477918358085639
1275477934044852224
1275478019088551938
1275478074562355201
1275478599345352704
1275478641250643971
1275478963733880832
1275479070839648258
1275479326474067968
1275479439158185989
1275479511400951809
1275479580812419074
1275479681509318657
1275479782193614848
1275479796940705794
1275479850426535937
1275480002369409025
1275480002763644930
1275480009612894209
1275480016369958912
1275480074314276865
1275480090026086403
1275480239569809415
1275480273308782592
1275480354745470976
1275480410739429378
1275480459200401415
1275480471258923009
1275480486740135936
1275480558378901508
1275480740180959235
1275480744878657536
1275480761810944005
1275480762674970626
1275480838650630147
1275480867545243650
1275480890567778305
1275480898713124865
1275480929369194496
1275480933387436033
1275481077872766977
1275481158298591234
1275481315538874369
1275481344328564741
1275481474473566208
1275481504060186626
1275481575577321473
1275481694943010816
1275481821321531393
1275481933582086145
1275481933842186240
1275481968017375233
1275482053002305544
1275482085965398017
1275482111802130432
1275482230199062528
1275482369697423362
1275482392191471616
1275482429260795904
1275482438349852673
1275482445731807239
1275482729304424448
1275482737365966849
1275482776888766464
1275482821981765632
1275482946422616065
1275482993805733888
1275483012235476992
1275483024227012609
1275483068443226114
1275483134499401728
1275483214879043586
1275483229634486274
1275483294914805760
1275483295745269760
1275483455141425153
1275483697203068928
1275483881781841921
1275483927000616961
1275484009636802561
1275484090087747586
1275484447899598850
1275484467117854720
1275484514572263425
1275484520792424448
1275484535153623041
1275484639839338504
1275484651688091651
1275484744847941633
1275484792918814726
1275484828486549504
1275485039371980800
1275485062696448000
1275485403747954688
1275485408705511424
1275485590872633352
1275485604143398915
1275485629552484353
1275485768442679308
1275485772657778693
1275485825757859846
1275485909924802561
1275485969744121859
1275486520955342851
1275486817131864065
1275486828028669953
1275486879341780992
1275486893837291521
1275486988955680768
1275487086230081537
1275487128030494727
1275487192433950722
1275487210280812546
1275487267109380097
1275487290241015816
1275487312554713089
1275487384050774022
1275487441831501824
1275487477097250816
1275487494390403072
1275487655745261569
1275487750872072193
1275487775148646401
1275487787177959429
1275487799236419585
1275487868916506625
1275487984545120258
1275488023363440640
1275488163671224320
1275488332852715520
1275488402851483650
1275488470031532035
1275488661572812800
1275488763637125120
1275488795488481282
1275488803701116929
1275488809531117573
1275488815180926977
1275488879450128384
1275488915248615424
1275488951386718209
1275489595338166275
1275489895650385920
1275490008506552321
1275490065188175878
1275490066215972865
1275490105218813952
1275490164907872261
1275490230469099527
1275490242036891654
1275490486166437894
1275490700147081216
1275490701594308616
1275490910147575808
1275490945249705986
1275491189752561665
1275491324653953026
1275491386868011009
1275491574236004356
1275491589859745799
1275491644880683009
1275491860950155264
1275491889081352192
1275491997348966401
1275492045206048768
1275492069440655360
1275492125988306949
1275492181093081089
1275492184670830592
1275492194493837318
1275492527940960257
1275492532726771719
1275492573788938241
1275492854882852866
1275492898776256512
1275492907919818754
1275492973791318021
1275493113822351361
1275493143924936704
1275493244412067842
1275493408757493761
1275493501086699521
1275493554446614530
1275493613657612288
1275493685233364993
1275493761662046209
1275493948899934216
1275494018085007363
1275494032131710982
1275494037395591171
1275494136536326150
1275494652066463744
1275494659419181056
1275494773185445888
1275494817615826944
1275494853082824704
1275494871625859072
1275494986776285186
1275494991071252480
1275494991368990722
1275495042015268867
1275495045429440514
1275495078086299648
1275495119505022978
1275495133065158664
1275495238052782083
1275495250665013248
1275495283087101959
1275495338963582977
1275495348740521985
1275495391660826627
1275495402167570440
1275495592744099845
1275495647412736001
1275495714412474369
1275495836554846209
1275495916997402630
1275495975193378816
1275495981350608903
1275496046014201856
1275496156227829761
1275496355461345280
1275496426311688193
1275496453100703744
1275496468187680769
1275496471832465408
1275496622156394496
1275496708898775040
1275496728997707778
1275496755132588035
1275496775382642688
1275496890407309318
1275496904437174282
1275496939535114244
1275497021097611264
1275497058485624834
1275497160767877120
1275497215075717120
1275497223342735367
1275497291189817344
1275497348483948545
1275497479329452034
1275497497335681025
1275497525445828608
1275497630194380806
1275497668018614272
1275497721760284674
1275497739439280129
1275497903834923010
1275497995220348929
1275497996667375616
1275498052485292032
1275498067123482625
1275498141790371843
1275498328961232897
1275498354693353477
1275498398968418304
1275498437774098442
1275498465120968704
1275498475472457728
1275498546490466304
1275498624668110849
1275498945402241025
1275498988423151616
1275499002159489026
1275499068794560513
1275499130744430592
1275499179524198400
1275499242803650560
1275499584505208832
1275499735814754304
1275499792236449794
1275499943336296453
1275500020238815232
1275500033295646720
1275500167744106497
1275500174723502085
1275500175973396481
1275500291291561993
1275500384027578369
1275500385759907840
1275500430018125824
1275500442257162242
1275500498070667264
1275500674680328196
1275500700982796288
1275500755051597825
1275500775678992384
1275500799775383554
1275500853013753858
1275500859280044032
1275500862572564480
1275500908667944962
1275500988703674369
1275501495769759749
1275501565705674758
1275501593157394435
1275501678394040321
1275501697331322881
1275501771079761922
1275502086852149259
1275502096532545537
1275502136944668672
1275502147338199040
1275502277399371776
1275502305622753282
1275502307136942080
1275502364544376832
1275502852732063746
1275502940044890113
1275502997225779203
1275503003727003663
1275503068055035906
1275503162544336900
1275503271327739904
1275503285294768130
1275503293448491014
1275503368790839297
1275503472872488962
1275503501414711297
1275503554271285249
1275503651277156354
1275503663608295425
1275503668364795906
1275503895599439873
1275503933339906048
1275503977141096450
1275504057008914433
1275504127435571205
1275504164282523653
1275504319777984517
1275504469619458049
1275504660132933634
1275504668106342401
1275504687739998208
1275504690675974147
1275504818036105224
1275504836214226944
1275504879063138310
1275505009094950912
1275505282618142723
1275505507931951104
1275505508913418242
1275505556212584454
1275505700790206464
1275505761750323205
1275505776627535880
1275505863227211776
1275505881455702017
1275506101228900352
1275506365319073792
1275506408205815808
1275506471770480640
1275506633364377601
1275506775475847168
1275506833101389829
1275506981374230528
1275507007118868480
1275507008305799169
1275507241655980033
1275507362623819777
1275507425307537409
1275507452923064320
1275507455720636417
1275507519683788810
1275507536595161088
1275507580916416514
1275507737032568846
1275507759954440198
1275507932315234304
1275508080596434944
1275508119720919042
1275508191279882240
1275508203531403265
1275508207784468482
1275508282564714496
1275508284041187329
1275508537704222723
1275508558268899328
1275508564996440064
1275508583690579968
1275508595619180544
1275508809805504512
1275508842588180481
1275508907235041282
1275508957793128449
1275508991037243398
1275509009701834758
1275509036079775745
1275509167705513984
1275509187125096450
1275509188849029120
1275509421414719488
1275509520547155969
1275509555586371584
1275509644211912705
1275509671047168004
1275509738252447744
1275509971397083136
1275510005131882497
1275510055329304576
1275510947474542592
1275511052084621313
1275511066185924609
1275511192790994945
1275511195060129792
1275511244397711361
1275511396839706624
1275511428632412160
1275511442100363264
1275511442226249728
1275511442658099200
1275511442985402371
1275511470172889089
1275511810951712775
1275511864584216576
1275511899111727108
1275511937917427713
1275512061297070083
1275512275244376067
1275512335218638857
1275512501422211074
1275512750295388160
1275512752723894272
1275513013374726145
1275513113794789376
1275513234880159745
1275513244912947200
1275513296343519240
1275513321937080322
1275513422344597505
1275513464845459459
1275513469580840968
1275513666306260993
1275513712556814336
1275513879322394624
1275513958418563079
1275513966261940225
1275513973782298630
1275513995714342916
1275514177340223488
1275514213100814339
1275514340620238849
1275514415102791680
1275514444068671489
1275514472698961922
1275514567037239301
1275514597118816259
1275514634351583233
1275514846138818562
1275514873431175168
1275514892326522881
1275515064272015362
1275515077295312897
1275515112347045888
1275515223441629186
1275515237635104770
1275515286179938305
1275515293322948609
1275515312176279553
1275515326084648961
1275515404702670849
1275515442707169281
1275515522231214080
1275515696282247168
1275515761407254534
1275515873093091336
1275516081394892802
1275516096188166151
1275516130199842818
1275516223141404674
1275516266837684225
1275516285502324736
1275516326400983041
1275516362614603778
1275516387918671872
1275516474862559232
1275516575999766533
1275516578306633733
1275516656664666116
1275516764223397891
1275516777838063617
1275516834893217792
1275516905386893318
1275516961603170305
1275517095493742597
1275517146479628294
1275517171800649728
1275517179417550849
1275517387442466816
1275517646943981571
1275517660982280192
1275517721124515842
1275517816775618563
1275517958954123272
1275518020836823040
1275518435850674176
1275518534840352777
1275518606030356486
1275518615207493634
1275518703107481602
1275518975816990720
1275518995714633728
1275518996058566656
1275519006137606144
1275519042464473091
1275519079194013697
1275519262455664645
1275519404579659778
1275519413459042305
1275519429380583425
1275519507646144512
1275519538621222912
1275519555155177474
1275519662055460865
1275519761951133697
1275519811204907008
1275519823607463936
1275520104776810496
1275520144031322113
1275520259890479106
1275520312428449794
1275520327443980290
1275520623884763136
1275521014584225793
1275521090064986115
1275521440637431808
1275521457188155392
1275521508157227008
1275521525236580354
1275521590432878593
1275521613866381313
1275521839771668482
1275522008248389633
1275522011456995329
1275522240445059079
1275522708302938112
1275522730813730817
1275522790892994560
1275523036482080768
1275523129260064768
1275523348009824257
1275523444994707456
1275523540775833601
1275523550594686976
1275523643733401609
1275523662020558853
1275523898159792129
1275523964522151940
1275524161847214080
1275524260241575936
1275524588630409227
1275524763247656961
1275524805484298242
1275524822521479170
1275524903417020416
1275525051153035266
1275525084682346498
1275525147819212803
1275525150033805314
1275525221068550144
1275525294292697088
1275525451956486144
1275525454645071873
1275525673344544770
1275525743263600641
1275525769117270017
1275525806106857472
1275525825778135042
1275526055281987587
1275526124643254273
1275526233187631105
1275526299839352835
1275526343208427523
1275526387714138112
1275526395339431936
1275526542316179457
1275526542651686912
1275526648868286467
1275526692489101313
1275526815768104961
1275526856947707908
1275527003895205889
1275527052721033216
1275527110518603777
1275527124724613120
1275527143594823680
1275527271047102464
1275527335807238145
1275527480946970624
1275527571275419648
1275527910691143682
1275527939560370176
1275527939916881920
1275527945835081728
1275527991494430724
1275528409200934913
1275528482043420678
1275528495293177856
1275528586670141440
1275528593309720578
1275528594379411457
1275528700629401600
1275528780866629634
1275528781629992960
1275528910814527489
1275529082525155329
1275529166461509634
1275529362851467269
1275529402256896000
1275529404635021320
1275529541377761282
1275529616548036614
1275529644863873025
1275529871222063104
1275530356918308870
1275530627694186497
1275530728978046976
1275530733050789888
1275530746103562241
1275530959757160448
1275530961661222912
1275530998902652929
1275531210744139776
1275531247524229120
1275531281443454978
1275531330227494914
1275531340113313792
1275531400448479232
1275531460133507077
1275531485181870080
1275531487589302272
1275531582791733250
1275531807379918852
1275531826312941570
1275531903647600645
1275531927714496513
1275531949902385154
1275531993489555457
1275532032358178819
1275532145629573122
1275532169243492353
1275532173387407360
1275532176390488064
1275532179947257862
1275532274830913538
1275532443416698880
1275532446516330496
1275532486181879808
1275532570227347456
1275532605866336257
1275532607888019457
1275532882178703365
1275532891452321793
1275533033236545537
1275533136005173249
1275533148823027712
1275533178170519552
1275533398774251521
1275533577657163778
1275533601380204544
1275533648054439936
1275533935339077632
1275534017736081408
1275534062963298306
1275534094043095054
1275534185881571329
1275534261228048391
1275534311672995844
1275534417520472065
1275534661595389962
1275534696752074752
1275534718444941312
1275534737281613826
1275534832374775812
1275534879741050880
1275534965057429512
1275535010687303681
1275535091314425857
1275535195450507265
1275535676960882690
1275535762453344267
1275535882527870980
1275535928296120320
1275536123532464128
1275536131350769665
1275536172790484993
1275536174426267648
1275536356987613185
1275536430324998144
1275536695451099137
1275536713834795008
1275536715919261700
1275536721384521729
1275536725406887942
1275536866335309825
1275536870013894657
1275536905879289857
1275536927291293697
1275536929220632576
1275536957549010949
1275537026289471488
1275537147450331139
1275537167587119107
1275537227028869122
1275537322315059200
1275537362517458945
1275537391357513730
1275537413994151936
1275537431429656578
1275537581879500802
1275537670480027648
1275537688641310720
1275537782937718786
1275537865892491264
1275537882716004354
1275537933643235329
1275538148232216578
1275538168046137345
1275538172227678208
1275538259096023041
1275538443217571847
1275538629339820032
1275538736743317506
1275538829332697094
1275539009478033409
1275539240923869187
1275539461703598082
1275539630578962437
1275539680084271104
1275539711956836359
1275539765182464001
1275539875958272005
1275539915221196800
1275539938260459520
1275540116262526977
1275540409851273224
1275540491002675200
1275540561831878656
1275540644338032640
1275540974601670656
1275541025990291462
1275541401024028672
1275541447463317510
1275541641818931200
1275541642037133314
1275541749218390022
1275541761599864838
1275541804964876288
1275541838242463745
1275541973663977472
1275542040743481346
1275542067985494017
1275542097114927106
1275542227025002506
1275542284633694208
1275542517044391938
1275542618152321025
1275542769369579521
1275542806648455170
1275542859039604736
1275542948948643841
1275542975632871424
1275543029152206848
1275543055668396032
1275543121615618048
1275543297184972803
1275543387547066370
1275543688043802626
1275543814082568194
1275544011474964482
1275544020136218631
1275544077505908741
1275544110099836938
1275544169830850568
1275544173458972672
1275544184787795969
1275544214697377792
1275544230065307648
1275544296633090053
1275544435921522690
1275544575197827072
1275544586216144896
1275544601332461573
1275544624178835458
1275544669129256965
1275544712318005250
1275544766177042432
1275544791346970625
1275544970695409666
1275545015360589825
1275545114992095232
1275545204632817664
1275545342315048961
1275545343271280640
1275545415635447808
1275545680791113729
1275545774445780992
1275545937138659328
1275546007129018369
1275546110610804739
1275546167468789760
1275546413989052417
1275546639793618948
1275546641387397120
1275546673834389504
1275546718994608138
1275546739865530371
1275546763047440386
1275546789148532738
1275546803858014213
1275546927090860036
1275547004035379201
1275547006950408192
1275547097778053121
1275547303558987777
1275547479359000577
1275547494877925378
1275547598577979400
1275547699148922881
1275547784335237129
1275547887569645575
1275548086186782725
1275548090385252354
1275548155946426374
1275548250154598405
1275548470594633728
1275548521576398849
1275548521916174351
1275548892701110274
1275548915132178432
1275548946232991745
1275549080983408640
1275549124335722496
1275549191314509826
1275549192916742144
1275549392846704646
1275549461507461125
1275549576456474624
1275549646543355906
1275549725081600000
1275549893642371075
1275549950630400000
1275550013712719872
1275550017726668800
1275550255459766274
1275550372048834565
1275550469956534273
1275550496443576322
1275550524788690951
1275550577469112323
1275550598683865088
1275550693101895692
1275550750614196231
1275550766648958978
1275550942872641538
1275551015262138369
1275551038175612928
1275551189137076225
1275551300063825920
1275551307961696257
1275551381596798979
1275551388970311681
1275551422948560897
1275551532973527040
1275551534311452672
1275551585838514176
1275551600992555013
1275551704197615627
1275551730055462912
1275552027360268295
1275552041079918593
1275552128375885824
1275552349680021504
1275552462057996288
1275552538213994496
1275552540265009154
1275552572225527808
1275552589560664065
1275552625245786113
1275552646838079491
1275552728777920513
1275552729759449094
1275552756779155464
1275552890892009472
1275552965743476738
1275552987407097856
1275553116428140551
1275553248032821248
1275553287878717441
1275553313174491139
1275553316160835586
1275553340773072896
1275553564736344067
1275553607505588232
1275553624689688578
1275553707963359238
1275553826653835264
1275553855292530688
1275553869930651650
1275553920866287616
1275554000750985217
1275554024285224961
1275554097773588480
1275554190643912705
1275554190711013378
1275554227868311553
1275554237515288577
1275554265818423297
1275554547881164801
1275554608975355904
1275554720397000706
1275554730786381824
1275554741930655745
1275554748121448448
1275554791620517889
1275555017852964864
1275555050061008900
1275555304349093890
1275555346048864256
1275555414785110016
1275555423131754498
1275555445520900096
1275555483055767552
1275555574504214529
1275555687335149574
1275555898191216641
1275555909427769346
1275555922719449093
1275556043502780416
1275556120254394369
1275556126420021248
1275556126566858757
1275556150646378496
1275556209005932544
1275556292032106498
1275556385724473344
1275556455329009664
1275556474412990465
1275556552062242821
1275556588154224640
1275556707343773696
1275556725261766656
1275556741346811905
1275556848440094720
1275556909567836160
1275556937598480391
1275556954941927432
1275556975942799360
1275557078434820096
1275557154183876609
1275557297385807872
1275557305527001090
1275557467317993472
1275557497504436225
1275557686294261761
1275557727058702336
1275557766405541894
1275557783245651969
1275557806226235392
1275558085420089347
1275558092869185537
1275558153120342018
1275558223983116295
1275558257826938880
1275558311430103045
1275558347987714048
1275558427557801985
1275558507480317954
1275558538044157952
1275558604939067399
1275558627340947457
1275558634760568835
1275558664011681797
1275558716251746304
1275558780240101376
1275558807360409606
1275558838494781441
1275558859172651009
1275558879288602624
1275558903145775104
1275558907507851270
1275558962633617408
1275559052974723072
1275559058553147392
1275559132565852160
1275559256746582018
1275559258780729346
1275559328368525312
1275559438171156480
1275559511017820160
1275559511730933761
1275559521205850118
1275559678152507398
1275559779432357889
1275559860751552512
1275559868435398659
1275559870872289280
1275559993127972864
1275560137139331077
1275560182664265737
1275560182987227139
1275560191342317569
1275560327183323138
1275560415104315394
1275560470297161729
1275560553654767618
1275560561804226560
1275560881578029057
1275560919276367872
1275560986871726081
1275561014176763905
1275561018526257161
1275561043004198912
1275561087585464320
1275561196108812288
1275561339335913474
1275561344734040065
1275561383728472064
1275561490498674694
1275561546345787398
1275561599139487744
1275561655959764993
1275561700322938881
1275561737924861952
1275561740659548164
1275561805549625346
1275561925032792065
1275562137168023554
1275562144558350338
1275562146617798664
1275562308866056193
1275562335944482816
1275562336271695873
1275562359516512266
1275562499178364931
1275562720209895424
1275562727923159041
1275562749209255936
1275562767714594816
1275562780116938753
1275562958333063169
1275563147810799616
1275563189258854400
1275563254748794880
1275563275787415552
1275563279759421443
1275563283261599747
1275563493710839814
1275563637185413121
1275563657825521670
1275563702511640579
1275563720115195906
1275563768618143745
1275563838168064000
1275563977406373893
1275563988802248706
1275563995420856321
1275564007852847105
1275564033672970240
1275564043584012288
1275564112127410177
1275564130792083459
1275564278662279180
1275564428294008834
1275564439903916033
1275564589413994497
1275564601896243204
1275564605289271296
1275564606967222277
1275564649283543041
1275564714769166336
1275564786659491840
1275564856859602944
1275564877789134850
1275564879852830720
1275564885921992706
1275564896135065601
1275564968142831616
1275565208845631488
1275565216529551360
1275565229833945093
1275565279829950470
1275565296364007430
1275565323991879680
1275565335035490305
1275565354044006400
1275565400487534599
1275565476781973504
1275565480334540802
1275565521631621126
1275565831397801987
1275565847629701120
1275565895897747465
1275565916349247493
1275565988549988353
1275566064114585601
1275566103167741952
1275566261406257158
1275566290804117504
1275566295916961792
1275566337104936967
1275566343711064071
1275566363399139331
1275566422681321472
1275566433301381125
1275566494395424768
1275566554122539008
1275566641095544832
1275566658204192769
1275566665892315137
1275566700549885954
1275566702869327872
1275566781831282691
1275566811485003777
1275566847606358017
1275566923141480448
1275566931207163911
1275566935669907456
1275567006755033088
1275567104494833665
1275567143858442240
1275567157305389059
1275567157796093954
1275567204227067912
1275567238393757698
1275567354005635072
1275567426361491458
1275567509333295111
1275567651981529089
1275567743434194950
1275567828423315456
1275567832080609280
1275567839492128768
1275567853299814402
1275567877060526080
1275568264207269900
1275568422110343168
1275568443325132800
1275568513256697856
1275568569074552832
1275568694924660738
1275568714130296837
1275568878190551040
1275568882833600513
1275568889544486914
1275569081954041856
1275569256504197122
1275569341619146753
1275569424783859712
1275569429405990912
1275569465703510017
1275569576785465346
1275569665037807616
1275569696625041410
1275569730447867906
1275569901013524480
1275569941245235201
1275570021163507712
1275570281176879106
1275570340777861123
1275570412089487362
1275570441059479552
1275570579895181318
1275570589898506240
1275570613529255938
1275570652880175110
1275570910079188992
1275570983051591688
1275571040714993665
1275571069588582400
1275571150031110154
1275571165331931139
1275571291127496706
1275571381175025666
1275571432290992130
1275571556417232896
1275571558958989312
1275571565887881217
1275571635538604035
1275571661023174657
1275571688680427521
1275571768783233025
1275571827805388801
1275571840329617418
1275571845757100037
1275571847652835328
1275571856767168512
1275571860479107079
1275571863201161217
1275571975407239169
1275572366496718848
1275572384632918016
1275572578820685824
1275572858593345536
1275573056040247296
1275573205269467138
1275573214094254080
1275573270524370947
1275573404804972545
1275573449331822594
1275573529979826177
1275573606475595777
1275573641632251907
1275573751640395781
1275573769147486211
1275573977428230146
1275574028363870208
1275574085217587200
1275574341401526279
1275574470321766401
1275574553390067712
1275574576475496454
1275574582108446721
1275574923969380354
1275574995440119809
1275575124654202880
1275575181273153539
1275575209253355527
1275575270662115335
1275575319018246147
1275575469031686144
1275575576766697473
1275575620622331904
1275575750180007936
1275575775266291715
1275575825979580417
1275576109124501506
1275576138589507585
1275576199260123136
1275576204649803777
1275576207887798272
1275576362556932096
1275576385088753665
1275576401400344577
1275576488864161798
1275576594132762624
1275576634775449600
1275576667579318272
1275576728740560898
1275576745694040064
1275576808189104129
1275576810932240385
1275576883694927874
1275576981019668481
1275577017367478272
1275577090126106624
1275577098221039616
1275577103203827720
1275577125052059650
1275577171327750150
1275577185613602818
1275577189162004481
1275577199895228422
1275577221713985539
1275577236494704642
1275577258636242944
1275577336268808193
1275577345043283968
1275577352223895552
1275577391637823488
1275577409761349634
1275577416509992961
1275577450056110081
1275577475242823680
1275577523544436737
1275577529202589699
1275577542745997313
1275577545379983363
1275577589298606082
1275577613512310785
1275577656868835328
1275577709343760384
1275577739375005696
1275577760941916161
1275577807142293506
1275577813203025924
1275578047211737088
1275578071463198721
1275578093797867525
1275578098377990145
1275578102048055297
1275578110180810752
1275578155554811906
1275578168628387841
1275578186789720070
1275578200672931847
1275578236676825089
1275578257275043841
1275578329265995776
1275578331317051392
1275578339009474560
1275578354209632256
1275578410035707906
1275578456433217537
1275578543997693953
1275578588289531904
1275578611924377601
1275578721911660544
1275578741616455680
1275578792468250629
1275578827704598529
1275578877570670592
1275578902228938753
1275578907186597888
1275578929705881605
1275578949804965889
1275578961112772609
1275579006763634688
1275579063269232641
1275579144303149056
1275579150632456194
1275579198095208448
1275579227501481984
1275579243431432193
1275579260112179203
1275579280857206786
1275579319335579650
1275579387090546688
