1404227798169014272
1404227829781471234
1404227945825280010
1404228012246188038
1404228162091995137
1404228340278599687
1404228376810950663
1404229754442633219
1404230213685465090
1404230710261694469
1404231217659133954
1404231278220779520
1404231501076652042
1404232096042864643
1404232512499552257
1404232757501476866
1404233373330161672
1404234117173104646
1404235845381541890
1404236306776002560
1404236678382985216
1404238508575842312
1404238522136006656
1404239773556957187
1404240622098210821
1404241138849038336
1404241274052435978
1404241281958694912
1404241353408716802
1404241517854744578
1404241824148033540
1404241881651896324
1404241941588590593
1404242029765402624
1404242891183202304
1404242906010034183
1404243127292993538
1404243801703698439
1404244561887731713
1404244814955229191
1404244834311868421
1404244920248963073
1404245888680275977
1404247503680249860
1404249816721461251
1404250612557045762
1404252309174034440
1404252589756198913
1404252613219127302
1404254435266764801
1404254646319865863
1404254770953605120
1404254773486964741
1404255508287078401
1404255821370888197
1404256518971826176
1404257795332087809
1404258110609543168
1404258528014049283
1404258775347994625
1404259772422049793
1404260242385408008
1404260311423721479
1404260407599116289
1404260457557499904
1404260488381452295
1404261117128552453
1404261372444217348
1404262735668551684
1404262746292723716
1404262871228424198
1404264893956689922
1404265326599184384
1404266334020685824
1404266883667406851
1404266950377738240
1404267353974751235
1404267735702515718
1404268111403040768
1404268323077038083
1404268614736306181
1404269209417289728
1404269311422763009
1404269795751731210
1404270842356379650
1404271029820833797
1404271080689307648
1404271086863372290
1404271101862158337
1404272384073293828
1404272504332603392
1404272966242910217
1404273189618860036
1404275765865287680
1404276067108634628
1404276101074067457
1404276140072710147
1404276688033300481
1404277877990989825
1404279833157328896
1404281481036509186
1404282387392040966
1404282411190456321
1404283351868055558
1404284747115896839
1404285564065619968
1404286467300593664
1404286667087822851
1404287025335914496
1404287175869579265
1404287480010924033
1404288193328037891
1404288285825015815
1404288319643598849
1404289102606962691
1404291616475582465
1404291977080885251
1404295300429271040
1404295464091107329
1404295695230701568
1404295921018490882
1404297434235293697
1404299194580586498
1404300281609867272
1404300654252806146
1404301693949468672
1404302515496271877
1404304040314425348
1404304253712318465
1404306728439668736
1404307108972093440
1404310595726458880
1404310839792963584
1404311284154314754
1404311439532298245
1404311676246233089
1404311947479289859
1404311975455195140
1404312499571376129
1404312524892381184
1404313054674882568
1404313198296240128
1404313788401295365
1404314790923747328
1404315089461813250
1404318076221411330
1404332474222747648
1404333975712186377
1404344824736612357
1404345491077337089
1404347877774618627
1404355427295445001
1404357818799509506
1404360413836423175
1404382183381508101
1404382620910247939
1404382904915054595
1404383541845282819
1404385577336705024
1404388490683506693
1404389754351804418
1404392269084610564
1404393181354074114
1404394025898201091
1404394731870752771
1404394731971416065
1404397469988012033
1404398064979255296
1404399487293038592
1404399661629284354
1404400150420901888
1404400732275630090
1404400966015782913
1404401513276059659
1404402324324466690
1404403045329473540
1404403425056538625
1404403512050524165
1404403714329305096
1404404734069460993
1404405796654493702
1404405900404613124
1404406019418210304
1404406594587275267
1404407970658721800
1404407982050398214
1404409663794389007
1404410327421358089
1404412228833583104
1404412673417175044
1404412744388972549
1404412869551263750
1404412880808710146
1404413215291936771
1404413234522771457
1404413415213481992
1404413446850899972
1404414002583715840
1404414215243419654
1404414829796892677
1404415658872475658
1404416834816851968
1404417209997348864
1404418462768721924
1404418806513086464
1404418890516643847
1404419171614609419
1404419239906320395
1404419317064781824
1404419323955908616
1404419848667549702
1404420146249318405
1404421347493699586
1404421590146760705
1404422722952863747
1404422780628709380
1404422983431622657
1404423375133442052
1404423387825336320
1404424232692588546
1404424240955379722
1404424304553598982
1404424670665920516
1404425320506200066
1404425944031535107
1404426196096622594
1404428290681716737
1404428935622967311
1404428993114353664
1404429046268768259
1404429474821775363
1404429499333234692
1404429529754521603
1404429752031711245
1404429843245248521
1404430971064172548
1404431498795704326
1404431702924083203
1404431819441901569
1404431978200551428
1404432405432258571
1404432442581213195
1404432570528501763
1404432963820036101
1404433073492660224
1404433575588646913
1404433590461550596
1404433676033835010
1404433850130915328
1404433882099953671
1404433925129256965
1404434841458851842
1404435176554483721
1404435180677472260
1404435379839803392
1404435411531878402
1404435725928615944
1404435954392305665
1404436073023954952
1404436084520624136
1404436281539674116
1404436380030222342
1404436671559520258
1404436780632444930
1404436872722518017
1404436972719030272
1404437167309471744
1404437326038810628
1404437681208242176
1404437990005411843
1404438246151630856
1404438585466671108
1404438795085307907
1404439018213945344
1404439770911195137
1404440091699843075
1404440236466319365
1404440274034638850
1404440283526447107
1404440447712436225
1404441879593226242
1404442237199650816
1404442629538992137
1404443100945264643
1404443652693258240
1404443782121144322
1404444750124621826
1404444816608538630
1404445249200590854
1404446230487486464
1404446276373073929
1404446715466371076
1404448121850114048
1404448665612214278
1404448978750652420
1404449137408581632
1404449482000023560
1404449969327816712
1404450203265028102
1404450554517000197
1404450574976925697
1404450912958038027
1404450917408198661
1404451063940403201
1404451073734156289
1404451252239536128
1404451258216427521
1404451277896044549
1404451341737480192
1404451482431262720
1404451707875123209
1404451746513141763
1404451755304402951
1404451835130396672
1404452251469549570
1404452321568952326
1404452357992243200
1404452365676187649
1404453228167806992
1404453652799148035
1404453971662499850
1404454168039919618
1404454203343441926
1404454694530039824
1404454738301702145
1404455103499845645
1404455685681815564
1404456750443552774
1404456882266251266
1404456897004986370
1404456934514692098
1404456960917970946
1404457118757908481
1404457132150329344
1404457153096675328
1404457206775484416
1404457363231305728
1404457367400587275
1404457445943033866
1404457598854836229
1404458055484514305
1404458116637507585
1404458145196433412
1404458615851847688
1404458845649395713
1404459060536225793
1404459255730782210
1404459404481675266
1404459437558046726
1404459679376347143
1404460062886744065
1404460147422937089
1404460289664294913
1404460299772579842
1404460316113588229
1404460708713185284
1404460767647309827
1404461040771895298
1404461289322209280
1404461667711426562
1404461693825032194
1404461819826098183
1404461843561598990
1404461957453860865
1404461968262680582
1404461989271937028
1404462037443485702
1404462116409597956
1404462946512670720
1404462998496944134
1404463900620374020
1404464424690368512
1404464856842051586
1404465170164953090
1404465385064255494
1404465732138717189
1404466213762252802
1404467871812657155
1404467918604210185
1404467950770397187
1404469135074021377
1404469662629380099
1404470598991024134
1404471079930716161
1404471091578294278
1404472397399535622
1404472421122445312
1404472513980157966
1404472609799090177
1404472851890159624
1404472945783803911
1404473129263579146
1404473140273717258
1404473152680476684
1404473211300028420
1404473527500263430
1404473584467255305
1404473749131481089
1404473783591870471
1404474253207031821
1404474304746639362
1404474486515191809
1404474601061629955
1404474824173424644
1404474859074244611
1404474964141555714
1404475027806900227
1404475248926461953
1404475553101590537
1404475577600446465
1404475708592857089
1404476248399794177
1404476295996653576
1404476302057422855
1404476716098150404
1404477159784206340
1404478276756807692
1404478367785799681
1404478374395924480
1404478647155707912
1404478752764174337
1404478841972797456
1404478877431369734
1404479255610810373
1404479627188387847
1404481265806495744
1404481308164640768
1404482560311312385
1404482691739832326
1404482842499899396
1404483410714824706
1404483777498431490
1404484035435454464
1404484098228432898
1404484222967029765
1404484278445019138
1404484319356325888
1404484640417665027
1404484705072857095
1404484827450118144
1404484937168850954
1404485044534661121
1404485332335222784
1404485533905063944
1404485789174616070
1404486068745998338
1404486210974781441
1404486482073636866
1404486673849892864
1404486723904618497
1404487168052060166
1404487543626862592
1404488094309552138
1404488139398320140
1404488194712752129
1404489130210467849
1404489217154109450
1404489220727750663
1404489396284542980
1404489471232516101
1404489765173481479
1404489857573982217
1404489902327218184
1404489955766800384
1404491004351295494
1404491094050607104
1404491331834101764
1404491835368673282
1404491881732448264
1404491942063316999
1404491953283100672
1404491983486398469
1404492031775416329
1404492208649216004
1404492279205842946
1404492978199089161
1404493131400294401
1404493132901801984
1404493228519440385
1404493322467647491
1404493356235825153
1404493411672113154
1404493547089301505
1404494848816652290
1404495133492584451
1404495344050872322
1404495533205512194
1404495808364429312
1404495925066731522
1404495946516516874
1404496797591126021
1404496921818021903
1404497106203824133
1404497309212327940
1404497906934104065
1404498403757862922
1404499009327280130
1404499716939911169
1404499955465785346
1404500078874828801
1404500086961418246
1404500832498995201
1404501571640217601
1404501860107665409
1404501945071583234
1404502363835191313
1404502601551560707
1404503152397783042
1404503176993247233
1404503427137351681
1404503659262709760
1404503672298643460
1404503933616328709
1404504043720900610
1404504331265708032
1404504542918680579
1404505205165731847
1404505215051702276
1404505479397711880
1404505680996937729
1404505884408037378
1404505892087861251
1404506243348283392
1404506298587172867
1404508121637208064
1404508862359744524
1404508965862576130
1404509016546553857
1404509051279622144
1404509125191606276
1404509235057147904
1404509258763411464
1404509957433741313
1404510195519213572
1404510395419799557
1404510460511146000
1404510859473399809
1404511111676928007
1404511803724505096
1404512214741049346
1404512402775941129
1404512471977807875
1404512540705660932
1404512609416716292
1404512676391403523
1404512744272011264
1404512792430927874
1404512810353184768
1404512857505648644
1404512875415232512
1404512941114900485
1404513186284441607
1404513374864564231
1404513504430903301
1404513980391976960
1404514488850825217
1404515357155631110
1404515828738007041
1404516481912786947
1404516753363943429
1404516804114931717
1404517014568271874
1404517735590158339
1404517861377425415
1404518086531858433
1404518136704126979
1404518312487305216
1404518328903901188
1404518336428453895
1404519171841531911
1404519613610725378
1404519629108789250
1404519711363284996
1404519743479070726
1404519805198258181
1404519918159253506
1404520185810333696
1404520422448807939
1404520694575157256
1404521277499523076
1404521371091320839
1404522525191806979
1404522667613564935
1404523432440733696
1404524224077762565
1404524527225380867
1404525243746689029
1404525742407421953
1404526565476782081
1404526752513331207
1404527712941846538
1404527777580294145
1404527877593391112
1404528464212987920
1404528504654516225
1404528579149500423
1404530009793040387
1404530068500762633
1404530128915517442
1404530597511450624
1404530889745436681
1404530917440372743
1404531144427663360
1404531619109564416
1404531941790130184
1404532342853619715
1404532854932004867
1404533679762849795
1404533776303235081
1404534293087535107
1404534471697833988
1404534493826928640
1404534679928254468
1404536409323618309
1404536504496631813
1404536769975029769
1404536881623207939
1404537049437331460
1404537646836174849
1404538328876294146
1404538372014678022
1404538568903639040
1404538648624865292
1404538729012858881
1404539156248858624
1404539239811928068
1404539789777555468
1404540400451338242
1404540525089329162
1404540588855283713
1404540985070309378
1404541142188896256
1404541223151575047
1404541852586553349
1404542412173754375
1404543999646515204
1404544110686580743
1404544178248306689
1404544178290372613
1404544684685418498
1404544926969384961
1404545948370583553
1404546206102085634
1404546470162812930
1404546854679941121
1404546915413397504
1404547307404763144
1404548197347909638
1404549439587553292
1404550107035586563
1404550284043599879
1404550325948882946
1404550711636025346
1404551668478394369
1404552040118894600
1404552046020333570
1404552903495454722
1404553365443559429
1404553511770247172
1404554115754123267
1404554489198256131
1404555487958515712
1404556038590799873
1404556078013091845
1404556147760173064
1404556559930232837
1404556697486741504
1404558303682646019
1404558982371479554
1404559212315922432
1404559365953179648
1404559618118934538
1404559727787393026
1404559996134776834
1404560075360964613
1404560322837483520
1404560455624974345
1404560577943543809
1404561228622671874
1404561605287890945
1404562528240377857
1404563069397876739
1404563350994960384
1404563379008724993
1404563435011063811
1404563559883935748
1404563705245884417
1404563739509207041
1404564679427604481
1404564700243714048
1404564956687880202
1404565252163919878
1404565484868091912
1404565519857065993
1404566380704419843
1404567887973597185
1404568214839992326
1404568716839424002
1404569115331866627
1404569458321068033
1404569567301705729
1404569734490820609
1404569774726787077
1404570324344127488
1404570767824625665
1404570797130326018
1404571236705787910
1404571908129972229
1404574444484505601
1404574565100048386
1404574975466606592
1404575436043063296
1404575669497962498
1404576151075385352
1404577706172469249
1404577949592997888
1404578443614896129
1404578452980834312
1404578472337551363
1404579010613481474
1404579421105709056
1404580006286790663
1404580045742559235
1404580146275815426
1404580995521814530
1404581067449905153
1404581548452683778
1404581746708987904
1404581926187458562
1404582271735173125
1404582374290165760
1404583017939615752
1404583068292222979
1404583329546981378
1404583769798066177
1404583963486654464
1404584628879511554
1404584651834937347
1404584694319136771
1404584715496087554
1404584783385182210
1404585106367561730
1404585747978596353
1404586415560740870
1404586626559455235
1404586783459971075
1404586793832419338
1404586966801321984
1404586971301748736
1404587224189054977
1404587515068227588
1404588860198297606
