1335373387250601984
1335373387787624448
1335373388156563457
1335373388399841280
1335373388504850434
1335373388773208067
1335373388882223105
1335373389318373376
1335373389494702081
1335373389779918848
1335373390601805824
1335373391205810176
1335373391327424512
1335373391444942858
1335373413712531457
1335373416149504001
1335373416577249280
1335373423309164544
1335373456658092033
1335373478648827909
1335373527453753344
1335373531991986176
1335373558491570176
1335373567257681922
1335373574228627456
1335373683314089985
1335373706743472131
1335373720878247936
1335373825635209216
1335373846807900161
1335373852486946817
1335373895080292353
1335373895919042560
1335374027045498885
1335374118280175617
1335374126786207745
1335374213872459776
1335374257598193665
1335374281841250304
1335374284122894337
1335374298291326976
1335374358466859009
1335374555687362562
1335374645814505473
1335374645965377536
1335374770548969472
1335374787523305472
1335374811841826816
1335374835782922240
1335374841017376768
1335374908365434881
1335375162787688448
1335375288566472707
1335375346774855681
1335375359576068101
1335375423870480386
1335375541730488320
1335375642074869760
1335375677806301192
1335375706675666950
1335375757871374336
1335375891547951109
1335376008426479623
1335376321896124416
1335376329861107712
1335376360206905345
1335376431304634371
1335376452242583552
1335376503757033472
1335376527777656832
1335376530436988929
1335376561416138752
1335376578860212226
1335376603547832320
1335376658682023936
1335376659399118851
1335376810448711680
1335376879319126016
1335376933002108929
1335376942552518656
1335377100761526273
1335377162426327043
1335377166788407296
1335377262766481408
1335377315690373120
1335377420883517441
1335377476378374145
1335377489233932290
1335377660394999813
1335377852028612608
1335377917161865218
1335377945070854144
1335377946190749696
1335377947574857729
1335378045964857345
1335378076306468864
1335378365403033600
1335378420377784320
1335378420507742208
1335378428367949824
1335378553924284418
1335378593074061313
1335378613437390849
1335378778105802752
1335378786175619078
1335378895302963202
1335378915741769733
1335379037531693056
1335379141097504772
1335379452931477505
1335379537375408128
1335379584708128768
1335379628224090113
1335379629889245184
1335379679608512512
1335380105225494528
1335380188163690500
1335380217842577408
1335380250650415104
1335380327913676800
1335380384549203969
1335380385614553090
1335380406615633920
1335380417940217858
1335380446570373120
1335380523632500737
1335380835642601473
1335380852906274821
1335380936960053249
1335380937052364802
1335380937647874052
1335380938017046531
1335380938251927552
1335380938579120130
1335380938751152130
1335380964269301760
1335380976340447233
1335381029461307393
1335381080661258242
1335381152220123136
1335381163670691842
1335381194951847937
1335381218209259522
1335381221212368897
1335381269987938304
1335381322882289665
1335381412879298560
1335381445834121216
1335381521331609600
1335381626516279297
1335381792724045826
1335381953697226752
1335382069116100611
1335382163424948224
1335382195469430792
1335382195586756609
1335382210086662145
1335382242219216898
1335382345441038337
1335382406384193537
1335382525976465411
1335382529604538368
1335382683996876800
1335382861252349952
1335382906794102784
1335382950305820672
1335383021164355584
1335383301545144321
1335383328820748288
1335383339138682894
1335383416318124033
1335383453639057410
1335383453647294466
1335383453836046343
1335383461364961281
1335383463231361024
1335383466482020352
1335383723081023490
1335383908310011905
1335383970805116928
1335383978262601728
1335384149423697921
1335384214162825216
1335384289890938880
1335384411509055488
1335384460137795591
1335384469629513728
1335384521047470080
1335384522603507712
1335384533269622791
1335384711661715458
1335384711791865857
1335384711867330561
1335384855400484864
1335385223408836614
1335385419140239367
1335385466929958913
1335385526673813506
1335385529467228160
1335385616276619265
1335385621272137728
1335385733704650752
1335385779418386432
1335385835705933824
1335385890819104769
1335385981986492421
1335386010834907139
1335386064396181505
1335386222072537089
1335386263017246720
1335386351374577664
1335386473005244416
1335386473424584704
1335386787376746498
1335386982546018305
1335387052905558016
1335387063462604800
1335387215229227010
1335387228516708354
1335387239233302531
1335387341087678466
1335387480091193347
1335387499888324608
1335387509132554240
1335387571367587840
1335387586957807616
1335387642242899968
1335387706801729540
1335387762359414785
1335387856148123649
1335387856941019136
1335387898976362504
1335387953464532997
1335387977036402688
1335388263121518593
1335388283568844800
1335388305328902144
1335388320235282432
1335388326518386689
1335388328493940738
1335388368868356096
1335388395892256769
1335388486652755969
1335388486803681283
1335388486837276673
1335388487231672321
1335388487655178241
1335388487701315586
1335388489014255616
1335388489324511232
1335388489777623041
1335388490339672064
1335388490347868160
1335388490909904897
1335388498346602496
1335388511650934784
1335388535109672961
1335388547889688588
1335388548896264192
1335388559524704256
1335388570803113984
1335388580210995200
1335388595214053378
1335388659269464066
1335388660951343105
1335388672699621378
1335388686737952769
1335388749744771072
1335388810390212609
1335388907106656258
1335388917676134400
1335388918062039042
1335388920817729536
1335389030918344704
1335389035477528577
1335389064997048320
1335389131246100485
1335389318102310913
1335389338587324419
1335389354576007169
1335389377489481730
1335389399077572610
1335389409244565505
1335389414156083202
1335389565415256065
1335389567839420418
1335389690879422464
1335389696512450561
1335389725146943493
1335389795992948736
1335389846710460416
1335389881271525382
1335389908769275906
1335389911067865093
1335389926087667715
1335389934123950081
1335389937584267266
1335389944957849601
1335389996598046731
1335390003019603968
1335390063828430849
1335390064377937921
1335390247715278848
1335390248449110018
1335390273447276544
1335390275670335491
1335390304841723904
1335390313825832960
1335390363314491394
1335390399741956096
1335390561235189760
1335390579572793344
1335390589047635968
1335390601076883457
1335390610732281856
1335390657356070916
1335390667036626944
1335390673508454401
1335390684296175619
1335390845378424833
1335390860146401280
1335390878165131264
1335391003285606401
1335391003428020227
1335391021887320064
1335391030871388160
1335391079311532032
1335391097032413186
1335391099595132934
1335391111280410624
1335391134470823939
1335391152980234242
1335391195644764160
1335391226447736833
1335391230977585157
1335391255040122880
1335391278171873280
1335391317682253824
1335391355774885888
1335391377795010561
1335391398741217281
1335391410313457665
1335391425102483456
1335391473252982786
1335391506585280512
1335391516332679169
1335391519734452228
1335391549396377601
1335391604593598473
1335391608477528064
1335391656850452481
1335391726547181568
1335391779173130248
1335391817160921090
1335391837159211008
1335391839889879040
1335391856780185600
1335391891068633089
1335391931761889281
1335391947536654336
1335392016969191424
1335392057125384195
1335392062691270662
1335392117112381443
1335392119687499776
1335392154626220033
1335392188318928899
1335392225623232514
1335392246020136965
1335392261589397504
1335392261622927360
1335392274943889408
1335392275384381443
1335392315742035969
1335392365004140544
1335392371933126657
1335392372218339331
1335392481324699648
1335392509179129857
1335392517936836608
1335392542297223168
1335392585729323008
1335392585754546177
1335392587281272839
1335392661952487425
1335392706579681282
1335392828180946966
1335392860099784704
1335392861609730048
1335392863866286080
1335392872846147586
1335392907520458754
1335392914130743296
1335392928601149440
1335392991578640384
1335393024008916997
1335393074961391622
1335393106582188032
1335393131752198144
1335393158339837953
1335393175616286720
1335393193999937536
1335393245388439552
1335393277705482240
1335393298194763778
1335393332659445760
1335393346257379330
1335393346379014144
1335393417099157510
1335393417271107584
1335393467162247169
1335393508048429057
1335393519913996289
1335393527610617856
1335393528722157570
1335393532237000705
1335393568182165504
1335393619654692866
1335393626336206850
1335393641410379777
1335393647509049347
1335393723207671813
1335393730728087554
1335393834423955456
1335393873087127553
1335393901579030533
1335393978947137537
1335394020755955715
1335394046072774658
1335394071339261952
1335394080285552641
1335394096551251968
1335394102813151232
1335394137932181505
1335394155229552642
1335394214029393922
1335394281348100096
1335394317779628035
1335394378936967170
1335394397278642176
1335394404354449409
1335394453553614849
1335394523795632129
1335394526559576065
1335394619127980033
1335394629244555264
1335394633350787072
1335394639768129536
1335394647464697856
1335394791283036162
1335394821037580290
1335394854684286976
1335394860774400003
1335394919683338242
1335394949626531840
1335394980551122944
1335395000885121024
1335395044321337344
1335395049278828544
1335395053305536514
1335395125040738304
1335395156347002880
1335395161774428160
1335395262567682049
1335395279235792896
1335395362442534913
1335395413889716224
1335395498656673792
1335395520701997059
1335395522794893312
1335395539618328576
1335395541614780416
1335395643804839936
1335395822528303106
1335395850118451200
1335395880535531520
1335395921429991427
1335395938005700608
1335395959191138304
1335396036374827009
1335396036928475136
1335396037599490048
1335396037691727873
1335396037700198400
1335396037767405573
1335396037796610049
1335396037800898560
1335396037813547009
1335396038547361794
1335396078456197121
1335396079261519874
1335396083090931712
1335396093920747523
1335396099436240896
1335396117484195840
1335396139722412032
1335396139781169152
1335396140414423040
1335396211633733634
1335396288213508101
1335396289916280834
1335396292470693889
1335396307876388864
1335396316189519874
1335396357553582080
1335396358954561536
1335396363954216960
1335396400738275329
1335396494979944450
1335396535761207296
1335396559458955265
1335396645190717441
1335396668934483977
1335396721942167552
1335396734273421313
1335396849247801345
1335396854498922496
1335396985885569025
1335396993493913600
1335397006467010562
1335397033683914761
1335397059810254848
1335397073978535936
1335397122594775040
1335397148280713227
1335397179368775680
1335397193209978881
1335397284809498626
1335397292547903488
1335397308943527936
1335397313615962112
1335397330409967616
1335397339721322497
1335397342384697345
1335397374621958145
1335397396709257216
1335397414010826755
1335397498521673728
1335397552003362816
1335397575474745345
1335397586941972481
1335397604541177858
1335397650401619980
1335397698942414856
1335397712154533893
1335397722912944128
1335397747814330370
1335397785693249536
1335397861190758401
1335397938349047808
1335398060080287745
1335398079088840704
1335398097233571840
1335398159405735936
1335398166095663104
1335398177474818056
1335398239462363136
1335398242029334528
1335398289785692160
1335398312497668097
1335398371792719874
1335398398225223680
1335398453954940928
1335398459617157120
1335398477832974336
1335398492383178754
1335398507889487872
1335398523093839872
1335398537601933315
1335398552986587137
1335398552999178240
1335398553020198912
1335398555444539392
1335398579444342786
1335398580144779264
1335398585102336000
1335398657772941313
1335398683874111494
1335398684255809538
1335398689926500355
1335398718959480833
1335398786458394625
1335398814203719680
1335398855844642816
1335398857358848007
1335398904427405312
1335398974388363264
1335398986748977152
1335398990528045056
1335399021360394243
1335399028427792385
1335399032437551107
1335399056475103237
1335399064142278657
1335399121725878272
1335399221856497664
1335399241435516929
1335399314303180800
1335399338533597185
1335399377385316354
1335399382158602240
1335399571313356800
1335399581232713730
1335399595929563137
1335399611398230022
1335399646559170563
1335399671741771776
1335399804785057793
1335399811407699969
1335399811412074497
1335399811546112001
1335399834082144259
1335399851417329664
1335399895080067073
1335399922875568128
1335399956836802560
1335399979473580034
1335399996259094529
1335400040852951045
1335400076664049664
1335400167936319488
1335400187196534790
1335400326178992128
1335400328678830083
1335400566219010049
1335400566265176065
1335400612196999169
1335400695567147010
1335400698629021698
1335400698708680704
1335400705113337857
1335400707030212608
1335400803633270784
1335400823761887232
1335400847094804483
1335400872004648962
1335400917030625281
1335400962706444288
1335401033053339648
1335401069548023808
1335401069736648705
1335401100707463168
1335401185377988609
1335401203048517632
1335401289753141252
1335401346200203264
1335401409366388738
1335401463296618497
1335401542023692288
1335401672953257984
1335401698479706114
1335401702615355400
1335401828192841728
1335401829769695232
1335401882777493504
1335401925588611074
1335401975635066881
1335402017649389568
1335402022435246081
1335402194007437313
1335402211698864130
1335402221681471488
1335402264400441344
1335402266254249987
1335402293798309889
1335402323825266689
1335402394537119745
1335402452124721154
1335402452464644096
1335402506101383168
1335402559134109696
1335402673231826944
1335402696011026432
1335402720245641218
1335402727849951233
1335402769281413120
1335402811308335104
1335402828274274309
1335402841591123968
1335402850483138561
1335402852215369729
1335402855608496129
1335402859739947008
1335402871295098881
1335402917893967872
1335402931038904320
1335402998802092038
1335403015541501953
1335403088446820353
1335403100450992128
1335403139730694144
1335403175776559104
1335403376285106178
1335403442940989441
1335403535362629632
1335403586143068163
1335403586218385411
1335403586553925632
1335403586558160896
1335403586948313090
1335403587367792641
1335403587371847682
1335403587757699074
1335403587954909184
1335403588118597633
1335403588261011459
1335403588357537799
1335403588659646466
1335403589238288387
1335403589674610690
1335403605336199169
1335403608133804039
1335403621270220801
1335403638991228928
1335403721816215552
1335403729147686912
1335403735644852226
1335403736294977538
1335403804561293312
1335403854851166209
1335403870038728704
1335403908139806720
1335403925265133573
1335403938510745600
1335404008442228737
1335404060422365189
1335404076302012416
1335404095323185153
1335404119142625282
1335404146225254405
1335404207722156035
1335404216957997057
1335404219986284544
1335404315666767872
1335404326785847300
1335404380544090114
1335404429441441792
1335404476165881862
1335404616528392192
1335404618105425921
1335404625038544896
1335404681842085889
1335404807666864128
1335404869935648771
1335404882099113984
1335404964634628096
1335404980681859074
1335405071090249729
1335405118557138944
1335405182952349697
1335405228007583745
1335405312434692096
1335405317828407298
1335405355409362946
1335405413378924545
1335405423675977735
1335405454332211200
1335405468177620993
1335405471826632704
1335405540827045888
1335405556979408897
1335405565753831425
1335405575052668928
1335405599580831747
1335405627569475584
1335405687137050625
1335405689070637056
1335405726995525632
1335405738030637057
1335405806041268225
1335405885099655169
1335406065324847106
1335406097927188482
1335406158928990208
1335406164448710657
1335406182241083394
1335406208694497280
1335406333126823937
1335406345969934336
1335406419764457472
1335406446025076737
1335406504392929280
1335406601264652290
1335406606192930821
1335406695862964234
1335406758953693185
1335406774128697344
1335406816704880641
1335406928143527936
1335406932149084160
1335406979662147588
1335407170423312389
1335407180628045824
1335407197136822273
1335407361079582720
1335407361142493187
1335407438703583232
1335407453190594561
1335407484375166976
1335407500636504066
1335407553296162816
1335407660133474304
1335407680979152897
1335407683952787457
1335407742069202945
1335407864525905920
1335407901360287746
1335408097188306946
1335408101130981377
1335408109095972865
1335408137889861633
1335408149952524288
1335408158764883968
1335408179702767616
1335408245763141632
1335408285407653888
1335408374003929089
1335408388348502017
1335408402684665857
1335408619282640896
1335408619345612800
1335408631274233858
1335408826531667968
1335408848497225729
1335408871041536001
1335408874673860610
1335408984023511041
1335409269592698882
1335409276454645762
1335409281903030272
1335409309891571717
1335409366015492096
1335409366573469696
1335409368091779074
1335409440711991296
1335409494394728449
1335409552410488833
1335409625982709760
1335409740613120000
1335409862453366792
1335409916094320643
1335409917977534468
1335409953016786944
1335410003063148544
1335410021543407618
1335410035678130176
1335410053596246021
1335410062093914112
1335410121409769474
1335410128858836995
1335410145854070787
1335410172391378944
1335410193883144192
1335410226229612544
1335410288284348416
1335410292864524288
1335410431897325569
1335410443330973696
1335410521902886913
1335410564391198721
1335410599161839616
1335410629281107969
1335410689633120260
1335410727264407552
1335410730229772288
1335410734302449670
1335410810080915457
1335410858676064256
1335410866028605440
1335410879693721600
1335410895283896322
1335410912627486721
1335410950887845888
1335411040809521152
1335411052742316032
1335411097671700485
1335411135898656770
1335411135898677248
1335411135902674950
1335411136221519873
1335411137001578501
1335411146078216193
1335411147500089344
1335411147848249346
1335411148896792577
1335411159667781632
1335411165887807490
1335411201031942144
1335411302953611265
1335411375321968641
1335411383060623362
1335411456049897473
1335411466107838464
1335411552778776579
1335411593392295937
1335411609674592256
1335411611113299969
1335411742827044865
1335411745628753921
1335411819805089793
1335411823240155136
1335411902512435201
1335411918295748615
1335411921953181697
1335411948696051713
1335411989200429057
1335412012759838720
1335412030233317376
1335412044066156544
1335412047425789952
1335412133283000320
1335412254376783874
1335412350011236352
1335412424237862912
1335412564235341824
1335412609525407749
1335412663304790016
1335412693973479424
1335412899922251777
1335412950362951680
1335413063671971840
1335413083473317889
1335413099034255360
1335413100682518528
1335413161332154368
1335413187072716802
1335413276147118081
1335413358036660226
1335413386570592257
1335413538014326784
1335413546440593408
1335413569916203008
1335413588002033665
1335413629399797761
1335413632981721094
1335413652573175811
1335413660030824449
1335413824472698880
1335413898112081920
1335413918110461952
1335413947244179457
1335413963878789120
1335413989866553345
1335414014365605888
1335414088160092161
1335414160520323072
1335414191612682240
1335414284277456896
1335414338723717120
1335414347514793985
1335414403324317699
1335414428125302784
1335414429270228992
1335414727263084545
1335414909035814914
1335414910868664321
1335414910902267905
1335414910948311040
1335414913863446529
1335414919215247360
1335414955697434625
1335414985875464192
1335415076841549824
1335415162493431808
1335415202553057281
1335415226108243969
1335415256261128194
1335415368991428609
1335415408837455872
1335415425052491784
1335415429683060738
1335415677247574018
1335415745946083329
1335415830562000897
1335415895993311234
1335415924892049414
1335415941585199105
1335416153922015233
1335416169046700032
1335416177082970112
1335416206371786752
1335416382339620866
1335416391634219011
1335416570298785793
1335416790143348736
1335416791024152581
1335416878634848262
1335416883454095360
1335416912218628097
1335416941901737984
1335417000143818752
1335417004359114752
1335417030858649600
1335417055441510402
1335417118918139904
1335417212966998016
1335417256491282435
1335417285935247361
1335417328650121221
1335417356743479296
1335417444903489539
1335417501702705155
1335417539703222272
1335417577825312769
1335417786429018112
1335417998816010245
1335418016180277249
1335418066444828676
1335418110803894275
1335418126918365184
1335418377410654209
1335418387409809409
1335418575138512896
1335418635125477376
1335418668671324162
1335418686560215040
1335418686723731458
1335418686757212163
1335418686895697920
1335418687394697216
1335418687814328322
1335418687969488897
1335418688183398402
1335418688967561224
1335418688980176897
1335418689408159745
1335418689580052487
1335418690162966529
1335418691312185344
1335418691358511105
1335418691480072202
1335418692134465537
1335418704369246208
1335418705119948803
1335418706017521664
1335418706399293441
1335418716587139073
1335418723939872774
1335418737118339072
1335418779929620480
1335418781510881281
1335418783654154245
1335418801362526208
1335418836028252162
1335418864700588034
1335418893758681088
1335418902474473472
1335418927925477376
1335418965728899073
1335418975950434304
1335418998310236160
1335419248089444352
1335419277390696449
1335419326153650176
1335419331912536066
1335419414053859328
1335419416423632901
1335419441207635969
1335419450477178880
1335419472346222595
1335419520094179328
1335419577346318336
1335419739594747906
1335419814710562817
1335419834306338816
1335419839050084352
1335419858192904192
1335419890392559617
1335419906888671232
1335419944482131968
1335419953978150913
1335420200578060288
1335420210640195584
1335420278394908675
1335420364751454208
1335420519877906435
1335420526794194944
1335420582372859905
1335420593261330432
1335420616250281984
1335420738472468480
1335420756218548224
1335420771875782657
1335420786031529986
1335420823625224192
1335420837021696001
1335420849977917444
1335421044987809795
1335421147899256832
1335421164831825921
1335421202542678019
1335421205684379654
1335421251507146753
1335421277138546688
1335421282037317632
1335421298286219270
1335421422739439617
1335421429936840707
1335421605980286977
1335421705196621827
1335421705574117378
1335421719079755776
1335421743742283776
1335421784267567105
1335421823949877248
1335421841230372864
1335422110827606019
1335422276108509185
1335422326683348992
1335422333381570561
1335422336972034050
1335422424087552005
1335422460565590018
1335422691344445440
1335422804259291139
1335422982316052486
1335422989089824768
1335423066088730625
1335423100889026565
1335423215594835968
1335423236402659328
1335423247748222977
1335423345089712129
1335423424278118400
1335423434482970624
1335423458109313025
1335423486622392321
1335423520474480640
1335423718831616000
1335423725836136454
1335423825824149505
1335423906354778112
1335423923106836481
1335423970544209920
1335424066816258048
1335424109640093698
1335424342235226112
1335424345758371840
1335424373080158208
1335424376389431296
1335424451182276609
1335424588084256769
1335424631298256896
1335424669416099840
1335424739167244289
1335424786931937287
1335424791264817153
1335424794112610304
1335424881551413248
1335424941001469952
1335424943090245632
1335424949994070017
1335424953668300802
1335424960559525888
1335424963512332289
1335424990594932737
1335425052083367936
1335425059633176576
1335425122442899456
1335425130609184769
1335425158102728705
1335425167778959363
1335425171210063872
1335425176607936512
1335425199643258881
1335425208321269762
1335425231356272642
1335425299044044803
1335425345336438784
1335425480359612417
1335425664661544960
1335425702955544576
1335425707271340032
1335425850909421569
1335425934959099904
1335425987639701504
1335426051548217345
1335426110407004162
1335426223539965953
1335426235380461570
1335426235414032384
1335426235459981312
1335426236391313410
1335426236487782401
1335426236663943176
1335426236693291010
1335426237108346881
1335426249733320704
1335426252228988928
1335426271099166720
1335426271715741696
1335426283325407239
1335426288170004482
1335426332658966528
1335426462606888962
1335426708640583688
1335426778815410177
1335426809697988609
1335426849405423619
1335426918137483265
1335427013256032257
1335427019270737920
1335427023624400901
1335427035230064640
1335427048521801730
1335427098786336774
1335427123553718272
1335427126863032320
1335427220521664520
1335427258123743232
1335427279476944897
1335427328487411712
1335427329607278592
1335427334258782208
1335427386029076480
1335427432996872194
1335427493793329153
1335427494090997762
1335427606783668225
1335427803672686592
1335427824455442432
1335427938741673984
1335428043754631168
1335428106241208320
1335428122154450945
1335428264114974720
1335428337129275392
1335428380922015746
1335428616314892288
1335428752101150720
1335428752176685057
1335428752294068225
1335428752994488320
1335428805645627393
1335428840118685697
1335428861006405632
1335428893021335559
1335428928136208384
1335428997644230656
1335429019102302208
1335429043605401600
1335429160785735682
1335429166787932160
1335429202229800961
1335429219774500869
1335429247696068608
1335429377408921600
1335429391782854657
1335429408673333248
1335429411177369600
1335429459806064640
1335429549346017280
1335429720955969536
1335429882550112256
1335429902506614784
1335429991207669761
1335430010262392833
1335430010304389120
1335430010446831617
1335430065996361729
1335430195415695361
1335430230194987008
1335430262080102400
1335430320364134401
1335430531157266433
1335430678565904386
1335430706625974272
1335430744928358402
1335430853082669057
1335430861223723008
1335431268624961543
1335431336736206849
1335431549840486400
1335431552881229824
1335431552906432512
1335431604705976322
1335431704207626240
1335431800634617856
1335431803679682560
1335431862949466112
1335431944629268480
1335431945610801152
1335431950945955840
1335432008265330688
1335432204260872192
1335432210124595201
1335432513372770306
1335432527012491265
1335432532817571847
1335432542271414272
1335432565126279168
1335432804822237191
1335433030442344449
1335433194787667968
1335433266489384960
1335433295257952261
1335433298802139139
1335433303105671172
1335433402233843716
1335433498799194112
1335433588188340230
1335433588754538496
1335433619414847489
1335433704915800066
1335433716999581699
1335433785136046086
1335433785161121792
1335433786012692485
1335433786310467584
1335433787665211392
1335433787669241856
1335433787778338819
1335433788285968384
1335433788545908738
1335433788759785472
1335433798834655237
1335433804450689024
1335433805600075778
1335433841306185728
1335433842249900032
1335433921161379842
1335434037448507394
1335434107153690624
1335434112467922947
1335434155535032327
1335434164393238529
1335434243011452930
1335434288683245568
1335434292336472065
1335434342915600386
1335434473098264577
1335434532993064960
1335434586382331904
1335434599216898050
1335434719916331008
1335434723229904900
1335434947105075201
1335435015086288897
1335435030441709568
1335435039019036672
1335435127522902016
1335435197253365761
1335435212247818242
1335435237959081985
1335435243462021120
1335435257567453185
1335435289683243009
1335435478435291136
1335435546500292608
1335435642226921474
1335435701572145153
1335435703648460803
1335435743603412992
1335435848712474625
1335435940743925764
1335436000378621952
1335436145287688192
1335436207367614464
1335436210496532480
1335436222383198208
1335436237193113601
1335436256180719618
1335436301764616194
1335436301894471680
1335436301894516737
1335436342331891713
1335436380365840387
1335436482971115521
1335436593344208898
1335436620561002496
1335436805173231616
1335436810760155137
1335436825490407424
1335436862702292996
1335436931849728004
1335436999495454721
1335437080571371520
1335437206387888130
1335437236108660737
1335437293776117760
1335437401766977536
1335437440769814534
1335437560097759232
1335437560114339840
1335437560135512064
1335437631136657409
1335437654041784322
1335437905788104704
1335437987484758018
1335438305433948160
1335438372806995971
1335438425663664130
1335438818313449472
1335438818372042756
1335438818443292675
1335438818514649088
1335438818518810626
1335438820548939777
1335438825435389952
1335438825624129537
1335438861699264512
1335438917554876416
1335438984302927874
1335438998970408962
1335439292001226754
1335439573371908097
1335439595014598656
1335439757573320704
1335439776015499264
1335439787549814786
1335439839580315650
1335439935252406272
1335440006425444353
1335440026826575875
1335440057818181632
1335440308411183104
1335440344402444292
1335440359921504256
1335440457774620673
1335440476200038401
1335440649001328641
1335440669859401728
1335440675639156737
1335440700582793216
1335440716302979074
1335440749689790465
1335440849262538759
1335440883802460168
1335440953344024576
1335441160135913472
1335441186966814726
1335441272430063617
1335441334803558401
1335441335055212544
1335441335130591233
1335441335210434561
1335441335403204610
1335441335470321666
1335441335751487488
1335441335852085248
1335441365841436673
1335441466966089729
1335441615930986497
1335441621387780097
1335441651213492224
1335441664593293312
1335441732142510081
1335441754049441792
1335441770059063297
1335441787901632512
1335441858818940929
1335442131209613314
1335442191750193152
1335442359702548484
1335442379550101504
1335442383283089408
1335442465520816128
1335442567823908864
1335442640159055872
1335442689572052993
1335442838838972417
1335442903930449921
1335442910028980224
1335442994128846851
1335443016144793600
1335443096507736064
1335443174962176005
1335443266062479360
1335443371087769602
1335443484245954560
1335443567821676544
1335443581662765062
1335443614562861057
1335443671609577480
1335443673186791424
1335443804174823425
1335443810353078272
1335443833341976578
1335443842351452160
1335443851633291268
1335443851658448899
1335443858969284608
1335443858981785600
1335443989105762305
1335444026640699393
1335444154789277698
1335444278189944832
1335444313619226624
1335444318191054848
1335444542296891392
1335444582755160064
1335444604661817345
1335444606482313216
1335444621652971520
1335444708366041088
1335444938239209472
1335445109756801025
1335445267118776321
1335445381992288256
1335445476817121280
1335445527991709696
1335445643989561350
1335445649672835073
1335445658245992449
1335445707432464384
1335445707923263488
1335445851221659648
1335445866484740096
1335445868871376897
1335445869156556800
1335445995140878337
1335446085163225088
1335446105669197824
1335446172526387202
1335446210073726977
1335446247398846465
1335446368140337153
1335446377451704320
1335446408267264000
1335446490727108609
1335446525825179648
1335446545261584384
1335446812694614022
1335446878553591809
1335446907678838785
1335447285145231361
1335447306259345408
1335447326316441600
1335447338157010951
1335447379605135361
1335447398978449408
1335447415080488960
1335447449146695680
1335447457103106049
1335447503827836929
1335447549164085248
1335447626469105671
1335447636753657866
1335447666768003073
1335447818958303233
1335447891335245826
1335447946435784705
1335447958918225920
1335447967562665986
1335448052107259910
1335448125381611522
1335448154356019200
1335448286061322240
1335448334908223488
1335448484468690945
1335448543683817472
1335448709102964736
1335448829680889859
1335448858965536768
1335448877239922689
1335448885192364038
1335448885372858370
1335448886358392835
1335448886425489408
1335448886777946113
1335448887058788354
1335448887088308224
1335448887214030851
1335448887285477376
1335448901013352448
1335448906742820864
1335448991564173313
1335448993648799750
1335449009905864704
1335449018168606721
1335449136728928257
1335449171713810432
1335449230144655361
1335449242253586432
1335449299480539138
1335449316576653312
1335449320825511937
1335449359509565441
1335449395475542022
1335449397522362368
1335449513360691201
1335449525033512961
1335449655132499968
1335449704239263748
1335449772468137984
1335449887832477696
1335449892999766019
1335449898414530560
1335449922401865728
1335450143127003136
1335450255547052033
1335450273477582848
1335450344063721472
1335450373276962816
1335450418428727296
1335450474045186048
1335450489027256320
1335450585051635713
1335450683777163264
1335450876782268417
1335450898844143617
1335450997469159426
1335451036048367618
1335451054331277312
1335451087571136512
1335451113819082753
1335451225110671364
1335451271071997952
1335451276059021315
1335451401476923392
1335451411396620288
1335451558557921283
1335451623452274689
1335451630247043073
1335451652858449920
1335451841572823040
1335451847902060545
1335451916994813952
1335451937291063296
1335451943037231104
1335451991577772032
1335452009458069504
1335452106426290176
1335452394847690752
1335452445615546369
1335452485817950213
1335452500262932480
1335452607675031553
1335452659571015681
1335452662477836289
1335452706140540929
1335452778471288832
1335452807726567424
1335453066737274881
1335453216985804800
1335453267057381376
1335453375677280261
1335453673305026560
1335453842725511171
1335453923885330433
1335454096124497920
1335454195885936640
1335454397405474817
1335454488526729216
1335454578876276736
1335454659687878656
1335454752268836871
1335454835152306178
1335454851405291522
1335454884825505792
1335454900411453440
1335455076404629504
1335455166485700608
1335455251739111424
1335455416076136448
1335455668183044097
1335455717977960448
1335455840946556929
1335455962942070785
1335456067367669761
1335456107863494657
1335456173164785664
1335456190805970944
1335456206182371328
1335456208384356353
1335456276080439297
1335456310071058432
1335456361778438144
1335456392090710016
1335456434339844097
1335456434553839616
1335456435581411334
1335456436428664838
1335456437951221760
1335456463226015744
1335456544184434689
1335456642159153152
1335456661142712320
1335456695842009089
1335456873412227077
1335457009458696192
1335457216669814790
1335457251675541505
1335457264547868672
1335457273737605123
1335457335469346818
1335457463156486144
1335457605943177216
1335457674931027968
1335457701325922306
1335457718115688448
1335457816547631106
1335457841633775616
1335457922915168257
1335457945103044608
1335458116826259456
1335458131233579008
1335458416374861824
1335458440702005248
1335458520804675584
1335458699280695296
1335458724773826560
1335458897566556167
1335458930294546432
1335458945746472960
1335458950930702339
1335458951060582400
1335458951157014528
1335459206317694976
1335459294867701760
1335459600993296391
1335459634744709124
1335459687114960898
1335459704915496967
1335459730890829826
1335460111117148160
1335460376792748032
1335460408379969536
1335460439069765635
1335460469855952896
1335460548339707904
1335460555742617601
1335460647375491072
1335460838891802626
1335460869417922560
1335461160594763779
1335461398592311296
1335461476346236928
1335461476505505792
1335461690578616321
1335461723143192579
1335461828726382592
1335461922637041666
1335462205677056001
1335462210663895043
1335462338208690176
1335462472799707136
1335462477618950145
1335462550490783744
1335462583076225025
1335462725904961536
1335462844587003904
1335463105976012800
1335463272536035328
1335463346972336128
1335463552102977536
1335463732441444352
1335463732520964097
1335463768294367232
1335463924901146626
1335463947726557186
1335463984133255169
1335463984447823877
1335463984871387139
1335463986456915969
1335463986918092806
1335463986939240450
1335463987203338241
1335464002214825986
1335464053528006656
1335464064118644736
1335464074444849157
1335464160646361089
1335464236080893964
1335464262601375744
1335464332533100544
1335464353869352962
1335464652009074688
1335464702227394560
1335464814424911873
1335465076745265152
1335465081178443779
1335465085800738816
1335465118776373248
1335465161088446465
1335465242730651651
1335465345205866497
1335465379720798208
1335465382555963393
1335465494141399040
1335465497056440321
1335465533026734080
1335465589175967744
1335465601368723456
1335465865374912513
1335466106887221248
1335466222750732290
1335466374903185409
1335466463407218688
1335466500807946240
1335466501889880064
1335466518260269056
1335466673541943296
1335466769314541569
1335466872230338560
1335467054204416001
1335467169522573312
1335467221804584960
1335467298946215937
1335467444333244416
1335467502705373185
1335467535219757056
1335467693600698368
1335467987193749505
1335468090683838466
1335468245088874496
1335468653911945221
1335469089972604930
1335469123481034758
1335469314229624833
1335469322693709825
1335469376326299649
1335469802392084487
1335470010039492608
1335470067052638208
1335470076376526851
1335470082726768640
1335470087885746176
1335470190050516992
1335470197583601665
1335470389334405120
1335470395810480134
1335470522923094022
1335470645149380608
1335470763365830656
1335470862120722434
1335470914939580418
1335470999291260929
1335471264543215617
1335471285548277763
1335471338916622337
1335471418750824448
1335471446831742976
1335471534778019840
1335471536057139200
1335471652168216576
1335471674158796805
1335471998013763585
1335472026073636865
1335472161012772868
1335472392207020032
1335472446170927105
1335472532561006592
1335472772173139970
1335472961952894976
1335472980361682946
1335472995993849864
1335473028222742528
1335473032278777856
1335473249954766848
1335473353868505089
1335473411749867523
1335473642419916800
1335473653442441221
1335473683058610182
1335473897731461121
1335474050760548354
1335474270865076230
1335474302309683200
1335474388553109507
1335474388884307968
1335474429141258242
1335474433272721409
1335474454391091200
1335474560024580098
1335474686893973506
1335474782914142213
1335475534164336641
1335475823332249600
1335475863777931264
1335475879913246722
1335476071324594176
1335476071693692928
1335476713694879744
1335476800298881029
1335477103094063104
1335477522784464896
1335478003057430528
1335478185128042496
1335478433606856705
1335478585382072320
1335478609662914561
1335478962156351490
1335479083522813952
1335479231489470464
1335479335600365569
1335479398166790146
1335479963961712640
1335480068739641345
1335480095725613062
1335480096317001729
1335480147072462848
1335480229570154496
1335480236704731136
1335480258502381568
1335480293101359109
1335480820748922881
1335481254347681792
1335481611664691200
1335481750047367168
1335481870260191232
1335481920902340609
1335481920982036482
1335482320392957956
1335482323232550912
1335482361992130562
1335482683544252417
1335482740364488705
1335482753127772161
1335482787709718528
1335482793451794432
1335482820068831234
1335482858677411840
1335482914226761728
1335483458337050624
1335483528772005889
1335483606475677697
1335483666592624643
1335483875867418624
1335484001201643520
1335484128645484545
1335484268781346817
1335484368429715456
1335484413656920070
1335484454199054336
1335484620033327107
1335484844000862211
1335484871838478336
1335486633466982401
1335486634909896704
1335487093880074241
1335487277116645378
1335487333383061504
1335487661210001408
1335487722081882115
1335487772401000449
1335487796610539521
1335487891774951425
1335488273582489600
1335488436745220097
1335488907652202499
1335488944906133505
1335489313937747968
1335489370279702528
1335489401615474688
1335490408428683267
1335490570769358848
1335491408925315073
1335491741437321217
1335492092139692034
1335492265502859264
1335492722904350722
1335492741451698177
1335492818115194880
1335492913091006464
1335493186161152007
1335493672394080257
1335493790082150401
1335493860550709249
1335494059016794112
1335494184115945474
1335494216189943809
1335494375657320448
1335494456917848064
1335494520532766720
1335494800959791104
1335495625815838720
1335495697991229442
1335496005647785984
1335496035481874432
1335496143095164929
1335496144118484992
1335496175047208960
1335496262578302976
1335496762757238784
1335497136369246214
1335497308981637120
1335497340426153986
1335497514900889602
1335497719608184832
1335497739824582659
1335497756220207105
1335498171393298433
1335498567948120065
1335498725171458048
1335498942235234304
1335499216345587712
1335499216395907073
1335499330220929026
1335499418280325122
1335500124508786688
1335500191558987777
1335500635907780608
1335500644753485825
1335500791415771136
1335500901071589376
1335501327452016640
1335501733020139521
1335501878411599872
1335502319329423360
1335502328682713088
1335502333833310211
1335502342901338117
1335502351331971074
1335502495775264769
1335503376134500357
1335503689449172993
1335504464653000704
1335505507759521793
1335506696492429312
1335507557637644288
1335507847787012096
1335507898999386114
1335507973339279360
1335508062313050115
1335508106160316416
1335508179350786050
1335508216441163776
1335508319553916928
1335508379272441856
1335509265151356928
1335509283673264133
1335509288614199298
1335509289209753600
1335509290585473028
1335509301578915840
1335509302493188098
1335509525785436160
1335509534559907840
1335509872067145729
1335510551972212736
1335511744333053954
1335511796044730371
1335511887585419265
1335511915775356928
1335512310631313408
1335512423273381888
1335512749435219969
1335513971802189828
1335514158985523202
1335516163716108288
1335516845680459777
1335518621846687744
1335518730110038022
1335519348912435201
1335519852266655744
1335519982713704448
1335520611108593664
1335520766159417344
1335520771226042369
1335520774149472258
1335521177524195328
1335522162585767936
1335522212217057282
1335522217875156994
1335523471380635648
1335524031576084486
1335524280008904705
1335524383276769282
1335524387617828866
1335524387840126976
1335524387995463680
1335524388314128389
1335524424796278786
1335524468551266305
1335524634033348608
1335524708356382724
1335524844490944513
1335524975831343105
1335524978272428032
1335525407525904384
1335526230045708288
1335526523466641409
1335526525551128577
1335526788831842304
1335527204894220289
1335527662475833344
1335529374662082561
1335529467989594112
1335529703541772288
1335529837008711681
1335530294938636289
1335530483933978625
1335532075508756481
1335532949165518849
1335532997559398400
1335534251249455105
1335534669794828288
1335535133844144128
1335535469787029505
1335535632240799744
1335535707033653253
1335536054418481152
1335536467913879557
1335536810118746113
1335537909605265414
1335537958481432577
1335539150079090689
1335539481701707779
1335539486013485060
1335539486541848582
1335539487653449728
1335539487661809664
1335539488404082689
1335539489314201600
1335539511904841730
1335539556758773760
1335539605324623872
1335539682189451264
1335541629197950977
1335541633035751424
1335541998229590017
1335542159362187264
1335542961111781376
1335543256684249094
1335543529880301568
1335543554115067904
1335544045368696834
1335544212360671239
1335544297442177024
1335544514979659778
1335544550828466176
1335544787907321857
1335544791740846080
1335545648804978688
1335545750319730688
1335547414309179396
1335547418629304326
1335547656081448960
1335547659113926656
1335547662964322304
1335547921811578880
1335548062098313217
1335548072672288769
1335548076493312001
1335548080230440960
1335548084483481601
1335548088686170113
1335548092817563648
1335548472448012288
1335549227049623553
1335549283962073089
1335549311686361088
1335550037032579072
1335550855450419200
1335550857245495297
1335551279431639042
1335551519232552960
1335551941355528197
1335552364988788737
1335552479749165061
1335552590759616517
1335552605750226944
1335553926825971717
1335554181525106688
1335554244901003264
1335554581397430272
1335554582043357192
1335554583695941632
1335554583779659776
1335554584702373888
1335554584933240835
1335554585285554177
1335554586287828992
1335554587386929155
1335554632639254529
1335554648858562560
1335554689623003137
1335554693750263813
1335554731914227713
1335554824096591872
1335554833135394816
1335554982867832832
1335555084751613954
1335555169522749444
1335555588122701827
1335556551885479939
1335556659897315329
1335556895831109633
1335556927984726017
1335557010956439552
1335557098231349250
1335557195342225408
1335557210970206210
1335557796084002820
1335558341872001026
1335558494527791104
1335558728171532288
1335558860619255809
1335558992001716225
1335559000730034176
1335559614386016256
1335559785664688128
1335560369356627973
1335560872840757252
1335561582567419904
1335562131375177730
1335562132125958147
1335562132944015361
1335562319561154560
1335562725049692160
1335562753876975619
1335563137085562881
1335563254634930176
1335563354786689025
1335563555458985985
1335563768546418688
1335563879217328130
1335564019915059206
1335564111917289472
1335564185187573764
1335564359972556803
1335565150888357888
1335565156730998786
1335565629756219392
1335565719568781313
1335566167323369474
1335566765024108546
1335566822049923073
1335566827183812608
1335567022470684677
1335567064644333569
1335567146651426822
1335567591696289793
1335568128831590400
1335568241557692417
1335568767380844556
1335569416071897088
1335569681143500802
1335569684272320512
1335569685199409158
1335569755495936000
1335569910722940928
1335569980180459520
1335570055090872320
1335570105636433920
1335570435950272520
1335570815123861505
1335570939547807744
1335571171945795587
1335571427026735104
1335571481254834176
1335571546665086978
1335572197742694400
1335572222707175425
1335572351866560517
1335572557228019714
1335572628640202752
1335572700702666753
1335572705974898689
1335573012993757188
1335573455547355137
1335573456033783810
1335573466909716480
1335573728227446785
1335573793457246209
1335574456346021890
1335574547517505540
1335574713876221954
1335574714182295552
1335574727218384896
1335574805580378112
1335574826824560640
1335575082287042563
1335575096082264064
1335575435149791233
1335575729002573827
1335575872284352512
1335576081789759489
1335576116204097536
1335576157241176064
1335576410786689024
1335577083263770625
1335577230701981696
1335577231196790786
1335577231230308354
1335577231356293120
1335577232132218880
1335577247437217793
1335577253212729344
1335577590422188032
1335577734051852290
1335578059202826244
1335578496370872321
1335578519628369921
1335578747551035392
1335578781013118981
1335579356312309763
1335579747217240064
1335579747321987073
1335579757237383168
1335579790422790145
1335579908496445440
1335579998602883072
1335580071046864896
1335580119109410817
1335580201208700928
1335580250399391750
1335580333811634177
1335580401704853505
1335580498924548097
1335580579421675521
1335580643766509568
1335580757079830531
1335581012907192320
1335581020914143233
1335581233590439940
1335581366319190016
1335581765084323841
1335581810491752448
1335581957539827716
1335582108782374913
1335582119599480833
1335582263644479488
1335582263791165442
1335582405130924037
1335582572139704321
1335582770110853122
1335582780156211202
1335582959500484615
1335582974969049088
1335583140430016512
1335583522220699650
1335583636062662656
1335583714571587585
1335583771421270019
1335583789389545478
1335583940304920578
1335584045414150147
1335584220677365761
1335584285458219010
1335584477981016066
1335584574261366786
1335584577331617795
1335584781740851200
1335584782059761666
1335584782684655616
1335584783318069254
1335584783410327555
1335584784152662017
1335584784194605056
1335584784916094976
1335584785188737025
1335584785473953792
1335584785973043201
1335584786677690368
1335584787604492288
1335584836279541760
1335584871574614017
1335584914150989826
1335584919888797696
1335584956945469441
1335584982828511233
1335585032333914117
1335585103402196994
1335585105423835136
1335585326019047424
1335585414946705409
1335585426455867392
1335585799841017859
1335585903654432770
1335585996319154179
1335586039050723332
1335586139714052098
1335586168365342722
1335586335827091458
1335586712437874689
1335586793643642880
1335587025542635521
1335587075404554241
1335587126079995906
1335587266375405569
1335587295198515201
1335587297106882563
1335587315662659584
1335587374601003008
1335587463478341654
1335587607556845568
1335587696731971585
1335587764486561793
1335587800150786048
1335587978182266880
1335588384367140865
1335588516110217217
1335588555096285185
1335588564814458880
1335588574008315904
1335588646397894656
1335588914929803265
1335588984681074689
1335589016670973960
1335589142273658883
1335589181473624066
1335589222498111490
1335589615634272258
1335589688158134273
1335589739764834314
1335589802012381184
1335589813689335809
1335589813735444481
1335589827715141634
1335589867183616004
1335589897911078915
1335590046653706240
1335590089750163461
1335590132079005705
1335590191269105666
1335590198932017153
1335590447511711748
1335590458135896064
1335590826370600960
1335590858813534208
1335590865293594624
1335590933681876993
1335590941302910978
1335590994377641984
1335591052003209216
1335591071863083008
1335591296635990018
1335591311253102592
1335591419738804229
1335591456350687232
1335591501167022084
1335591698005520385
1335591757002625026
1335592106526613505
1335592225909051393
1335592229549658113
1335592330708049920
1335592331169304578
1335592337133756417
1335592351784443905
1335592351864139776
1335592410785734657
1335592474811752449
1335592515618168838
1335592581741350912
1335592622665072641
1335592750754967552
1335592768140242944
1335593032469581830
1335593162778300419
1335593172454449152
1335593263420600321
1335593284824158208
1335593287957286913
1335593325227864065
1335593336841760770
1335593336908890113
1335593516072747010
1335593588739121154
1335593588898619393
1335593599774453761
1335593615536504832
1335593764102889472
1335593797997256704
1335593839898353675
1335594058312462337
1335594231705051147
1335594253355913227
1335594425536352256
1335594599079759875
1335594647700336642
1335594846581530624
1335594846598254593
1335594846669557764
1335594846686486529
1335594883432632320
1335594950298382336
1335595098365521921
1335595115109371904
1335595298878599168
1335595335855435779
1335595354042068993
1335595556840886282
1335595587505451009
1335595774193840129
1335595783354273793
1335595952896417792
1335596104788762624
1335596104906313728
1335596105028005889
1335596166738825223
1335596286981136389
1335596381638103042
1335596500399902721
1335596703643291652
1335596953422454784
1335596962507354112
1335597134339600396
1335597158628814851
1335597349004042246
1335597363226808322
1335597363302256642
1335597365135339525
1335597366209024002
1335597544425070593
1335597624150405120
1335597786771943426
1335597863980699649
1335597866518245378
1335597896255803395
1335597906439639041
1335598194122780674
1335598208530198528
1335598286716203009
1335598311978446850
1335598358296223744
1335598418518036483
1335598430069157889
1335598566950187014
1335598621597855745
1335598718591115266
1335598775813992448
1335598776069787650
1335598785251119115
1335598843149291522
1335598957154738179
1335598971516030978
1335599008526561280
1335599021461803020
1335599094035832832
1335599105658204160
1335599218006786049
1335599259073327105
1335599259685675012
1335599308939341826
1335599338433748994
1335599427386478593
1335599595456507905
1335599636082409472
1335599651400142849
1335599704034467844
1335599801287794692
1335599824603734018
1335599869742829569
1335599879851130883
1335599880002277378
1335599880799195136
1335599881352663043
1335599881591922690
1335599881847640065
1335599882535497728
1335599883114471424
1335599884020281353
1335599885349912580
1335599887765942276
1335599888365617153
1335599889263288320
1335599900201979907
1335600003138678785
1335600018615541761
1335600045304008704
1335600045664694276
1335600151956688897
1335600190804340742
1335600233452023809
1335600239097483264
1335600336753598465
1335600338980790275
1335600384690315264
1335600396295933953
1335600782708776964
1335600864715792390
1335600894319202304
1335601053828481024
1335601314609442816
1335601458159505409
1335601801786220546
1335601935945228291
1335601987820335105
1335602239075995652
1335602470140129284
1335602565036322816
1335602597466673154
1335602644702912513
1335602899997446145
1335603000396681218
1335603059066630151
1335603065987207170
1335603115127664641
1335603159486623744
1335603229829324801
1335603272497950721
1335603350142914566
1335603471853228034
1335603538437808128
1335603584470233088
1335603597325836291
1335603654938808321
1335603655018311684
1335603655077220353
1335603681090097154
1335603699121606657
1335603747054002176
1335603806411902985
1335603809050038278
1335603821603659777
1335603855053230087
1335603856307261443
1335604007600001024
1335604037736140802
1335604179277123592
1335604183244935172
1335604236294500354
1335604507947003906
1335604686066511873
1335604718173872128
1335604912932216832
1335604921807364096
1335604926039220225
1335604985233543169
1335605024328736769
1335605097653481477
1335605127881875458
1335605164636434433
1335605202179792896
1335605276406210560
1335605396006981634
1335605483735044100
1335605662987022340
1335605840913510405
1335605997008777218
1335606315851206657
1335606392342933517
1335606458604384257
1335606583133290496
1335606617392472066
1335606643426471937
1335606650984570882
1335606657842343936
1335606739010539524
1335606796048797696
1335606928005869568
1335607038840172544
1335607068041113604
1335607208994873344
1335607253563543555
1335607301789593600
1335607307103776768
1335607319300886529
1335607429455867906
1335607430424784897
1335607430798045186
1335607431024545796
1335607431129411589
1335607431443976193
1335607431523536896
1335607431699845121
1335607447608840196
1335607452008652801
1335607468290871297
1335607507541254145
1335607512905682946
1335607528823156748
1335607540952920071
1335607582103392257
1335607681487396872
1335607704635797515
1335607710574755845
1335607765889409029
1335607844964589568
1335607849175683078
1335607890732789762
1335607930847186945
1335608038594650112
1335608057846435842
1335608194752684033
1335608263522586626
1335608282120073224
1335608350675963905
1335608379927105536
1335608601260351494
1335608939619053569
1335608941829558273
1335608950750760961
1335609091457048576
1335609284642680833
1335609297900855296
1335609324517928968
1335609341429202957
1335609435746672642
1335609460987924480
1335609489463119873
1335609550087524357
1335609685748150275
1335609719143141379
1335609860742918147
1335609946067570694
1335609946113716230
1335610075906514944
1335610076648919047
1335610227287273478
1335610245742256131
1335610292395528196
1335610294861750281
1335610428794220553
1335610517654622209
1335610663545282572
1335610700970913793
1335610806491295744
1335610900263260161
1335610900284321794
1335610936804118543
1335611135509184512
1335611204304252929
1335611204400640003
1335611204555796480
1335611204597936130
1335611204673261575
1335611271060680706
1335611318766882817
1335611578427826185
1335611592889806857
1335611705519443968
1335611876873564163
1335611951473446915
1335611965503393793
1335611965562097665
1335611971836764160
1335611986982227968
1335612058365292548
1335612061397766144
1335612392571510788
1335612462817751044
1335612918533140480
1335612926871408641
1335612985788805125
1335613146728370182
1335613188818145282
1335613255436288000
1335613349808238594
1335613416170405890
1335613473682763781
1335613615643234305
1335613667467997190
1335613720865591297
1335613815333875713
1335613821990424577
1335613977859125248
1335614003201126401
1335614178309124099
1335614222148001799
1335614671286640643
1335614682695163905
1335614739930550272
1335614749829001220
1335614794443972608
1335614814786351105
1335614823611117568
1335614847971708937
1335614906943488002
1335614979198824448
1335614979580563458
1335614979916132357
1335614980465414144
1335614980700377097
1335614980750766081
1335614982482849793
1335614983166599168
1335614983334473728
1335614983443451904
1335614983925862402
1335614984722804736
1335614984936517633
1335614985335140363
1335614985335173125
1335614985490161665
1335614985762791424
1335614985775419394
1335615002040958976
1335615035578736641
1335615041970769921
1335615046274134016
1335615126431404033
1335615134488662019
1335615155149877252
1335615219658334213
1335615224892837892
1335615231381315586
1335615282383994882
1335615284342829056
1335615292588892161
1335615311672975361
1335615381054976000
1335615384146178048
1335615397371015170
1335615456590311425
1335615482796261378
1335615483010142208
1335615495299608576
1335615575058489344
1335615633879429122
1335615743338176512
1335615762753495042
1335615983931674626
1335616027812638725
1335616117495246851
1335616150974160896
1335616237766725632
1335616469745295361
1335616489366274049
1335616639736434692
1335616656610119687
1335616663044169732
1335616679229972482
1335616703246573572
1335616747098042369
1335616752751820800
1335616832733130756
1335616863888412675
1335616905609146369
1335617062148816897
1335617072232095747
1335617146144104451
1335617243921719303
1335617256143908864
1335617382610579456
1335617385177473025
1335617400356687874
1335617466559426569
1335617495898726405
1335617606800257025
1335617653164154880
1335617699330875393
1335617845934350343
1335617899038470146
1335617930223038471
1335617943808446465
1335617947793059841
1335617999353630724
1335618021038190594
1335618034124398593
1335618035160330243
1335618040864583680
1335618063782199296
1335618189447860229
1335618349993259008
1335618466947207175
1335618500711354369
1335618512174403584
1335618516892913666
1335618643145748481
1335618696195284994
1335618754311544832
1335618977809174530
1335618978081751040
1335619017352957953
1335619062450143233
1335619100840701959
1335619103868866564
1335619116653273098
1335619162131972097
1335619309914165249
1335619313638780928
1335619355372085259
1335619359268540421
1335619360405254144
1335619387064258561
1335619450876407813
1335619514688561152
1335619548544970752
1335619549786480647
1335619559399809027
1335619617855856641
1335619672759263239
1335619701737656327
1335619708381396993
1335619855639146497
1335619984941330437
1335620012359475200
1335620012376084480
1335620012531277826
1335620012535472129
1335620042575196160
1335620044248723457
1335620049210503168
1335620073839599622
1335620152474234885
1335620264143548426
1335620591970238465
1335620701655617536
1335620767401332737
1335620886150320128
1335621009295069185
1335621019109769216
1335621075581849600
1335621271921577985
1335621341836238849
1335621348304019457
1335621407150125058
1335621552788762624
1335621559474659330
1335621561492058113
1335621581213556737
1335621746586750978
1335621936412495878
1335622110425845761
1335622124086718464
1335622156370239492
1335622189899509760
1335622208484421634
1335622292152446978
1335622308744982528
1335622516396630017
1335622528899842048
1335622528992088064
1335622529054953472
1335622529466163200
1335622529545859073
1335622529671639051
1335622529768026118
1335622530044895233
1335622530246340620
1335622530690854912
1335622530833522688
1335622531043082240
1335622531164692482
1335622531370209280
1335622531378786304
1335622549225541636
1335622551389827076
1335622622336307200
1335622692892864513
1335622764133150721
1335622780830756865
1335622837265182720
1335622893452062721
1335622915094700048
1335622916571099138
1335622917057548289
1335622931548839936
1335622968974651393
1335622983667355654
1335623028584144896
1335623032392572929
1335623062566227968
1335623165326716928
1335623224915181574
1335623227046043648
1335623243718422530
1335623258570452994
1335623275305717762
1335623283493007360
1335623441521762310
1335623602989883400
1335623670023110659
1335623688281088004
1335623716017942541
1335623737937424387
1335623796947116042
1335623860503371778
1335623883563565056
1335623959316983816
1335623986252812288
1335624015474528257
1335624033191284738
1335624042133458945
1335624130566217730
1335624187147399170
1335624234333163521
1335624238053650434
1335624347231383553
1335624563397455873
1335624575468638213
1335624646213824514
1335624718729191426
1335624783673896960
1335624795761864704
1335624805241004033
1335624810429345792
1335624890368614408
1335625045553528833
1335625045918375936
1335625064272760832
1335625070941704198
1335625115581763584
1335625171550359556
1335625297325031425
1335625355667890177
1335625398386909189
1335625673445150720
1335625695326855174
1335625747210317825
1335625750242856960
1335625835433390083
1335625886071066627
1335625960884940800
1335625972624715777
1335626296722800640
1335626303781752832
1335626303903567874
1335626318331908103
1335626335847403530
1335626367577149442
1335626374355308553
1335626503703261185
1335626665288998915
1335626795505344512
1335626846159986696
1335626901092700163
1335627031141363718
1335627035063033859
1335627081292472320
1335627129283895296
1335627173869330432
1335627376206745603
1335627516095000581
1335627524290703360
1335627578632237064
1335627657791168518
1335627849550753794
1335627859688386562
1335627883637829633
1335627953837907970
1335628006795173891
1335628119802142721
1335628120544534531
1335628128987848704
1335628187741474816
1335628224521441280
1335628436455481344
1335628555535847424
1335628724776132611
1335628769214730241
1335628820494217216
1335628835602243584
1335628900710326273
1335628956054282240
1335628987981307906
1335629072223916033
1335629145728925697
1335629158181969926
1335629211776679936
1335629308170276864
1335629318219849729
1335629528383836161
1335629576840622081
1335629596075700230
1335629806566780931
1335629811088289795
1335629898635997186
1335629989065052161
1335630047105884160
1335630078579888130
1335630078592446464
1335630079393583104
1335630079616036868
1335630079917916167
1335630080307957763
1335630081243246592
1335630081683755008
1335630082191151110
1335630083197861889
1335630083772571652
1335630084816871424
1335630085056045058
1335630085777481728
1335630094170091521
1335630094476464130
1335630117410844674
1335630128165085185
1335630136918630402
1335630173979328515
1335630174801584141
1335630182774956041
1335630219273768961
1335630243705597952
1335630334533242881
1335630346801401857
1335630406486462466
1335630410299084804
1335630413562339330
1335630478766850048
1335630479068983297
1335630483007352834
1335630486983544833
1335630491039490050
1335630495535804417
1335630499855917059
1335630511318978564
1335630518423982080
1335630620245053440
1335630649261252613
1335630675836366860
1335630683109265408
1335630864101863433
1335630908465049600
1335630969953525762
1335630991705198602
1335631123272130560
1335631128754069505
1335631150543474692
1335631331343147015
1335631353468039172
1335631384942178305
1335631462813589506
1335631475920736256
1335631485756387330
1335631507889790976
1335631525447159811
1335631642044608514
1335631647438467076
1335631810785644546
1335631830360453127
1335631853479485440
1335631867639459855
1335631913541885955
1335631979283353600
1335632078541623297
1335632113916399616
1335632140013346821
1335632151652560899
1335632243289677825
1335632249870569474
1335632333681016832
1335632441130831880
1335632593585385474
1335632595397144576
1335632629358616580
1335632656327839746
1335632707691421705
1335632740532809729
1335632848611549186
1335632903754158084
1335632908246192129
1335632927388913670
1335632933705691144
1335633047023136768
1335633090501369861
1335633104090914816
1335633412816687106
1335633442713853952
1335633448913022977
1335633563668992002
1335633586175832065
1335633617905741824
1335633645789458438
1335633653599232000
1335633673790566400
1335633693688254464
1335633853554241540
1335633853612924929
1335633853667364865
1335633854107951106
1335633894457012225
1335633989625806848
1335634068894052353
1335634105355042819
1335634113349431298
1335634158866079750
1335634195151007744
1335634225433878529
1335634328844382209
1335634375371874304
1335634449040433153
1335634504740958208
1335634512785666053
1335634552472170502
1335634823793283076
1335634882198986755
1335634894697992193
1335635068170231808
1335635111887261698
1335635111904088064
1335635111925190656
1335635112172642305
1335635133446184962
1335635149363376128
1335635215197286400
1335635270356455425
1335635297602777088
1335635303776698369
1335635375956451328
1335635499948630016
1335635501957541888
1335635522899898368
1335635561202249729
1335635575668432899
1335635605213114370
1335635654135443457
1335635657901797377
1335635752399466496
1335635887154225155
1335635948995031040
1335635966778814467
1335636062773841921
1335636502164860932
1335636525745381376
1335636578157219840
1335636732239355912
1335636735296999424
1335636766011879435
1335636919053643777
1335636951534161920
1335636965153095684
1335637079871590404
1335637116378882049
1335637180371316746
1335637180874518528
1335637190836105219
1335637202383085571
1335637220603158531
1335637254136598530
1335637293886021636
1335637301733384193
1335637323619373061
1335637380989071361
1335637465613234176
1335637465797980179
1335637539949060100
1335637546391531520
1335637628419416069
1335637628448694277
1335637629233205254
1335637629254000650
1335637629358858242
1335637629564555267
1335637629879128067
1335637630369689600
1335637648543715328
1335637695029112832
1335637708400680971
1335637714004217857
1335637772158308352
1335637772875554816
1335637796971802625
1335637921488113667
1335638129236193280
1335638131958185984
1335638132084142081
1335638140183306244
1335638193522298887
1335638204427292672
1335638211377262592
1335638236455120896
1335638330566852609
1335638349294530563
1335638392449740821
1335638634209284098
1335638686222983181
1335638687409958912
1335638717298511872
1335638765495152641
1335638779080695810
1335638804191854592
1335638815164207104
1335638832151228417
1335638927995244545
1335638937281421312
1335638964968038400
1335639056001196034
1335639109990232065
1335639150385655809
1335639220250152965
1335639268346056704
1335639410906435589
1335639503856312320
1335639781309636609
1335639847441104899
1335639856119238665
1335639910791962624
1335640123916996609
1335640144913846290
1335640144968216578
1335640144976760832
1335640145026973697
1335640145048055809
1335640145052102657
1335640150215438336
1335640285272010753
1335640401575895040
1335640410484563986
1335640508224442370
1335640617649664001
1335640722985377798
1335640799137173504
1335640878421983232
1335640947237871619
1335641190784503808
1335641219280625665
1335641220048097289
1335641279489662976
1335641384192237569
1335641403444039681
1335641403452497920
1335641416261795841
1335641418627510272
1335641444913176576
1335641481789526022
1335641558176178177
1335641603223003139
1335641641126940678
1335641677143420930
1335641698261557248
1335641785763237889
1335641797918330882
1335641836862509062
1335641867334127616
1335642006278836225
1335642030211469313
1335642033088679936
1335642169667936257
1335642279831367681
1335642409947045889
1335642661722664964
1335642703636262912
1335642853045923845
1335642931533852674
1335642956297068546
1335643053227454470
1335643229815853057
1335643325701959685
1335643662156443649
1335643669634805760
1335643716619399174
1335643786844758016
1335643806784499713
1335643813851918337
1335643838518599680
1335643959733972994
1335643982911721474
1335644047512363008
1335644053317279744
1335644088180363268
1335644203704086543
1335644288147927043
1335644310801362947
1335644369613893634
1335644382779813888
1335644429164683269
1335644459044917249
1335644595938582530
1335644630537428993
1335644658978836481
1335644685214363649
1335644704340406274
1335644801186795524
1335644875539312640
1335644880119492610
1335644926516846592
1335644960599777286
1335645031936499714
1335645110579712004
1335645173775261703
1335645178116259842
1335645178556796929
1335645179575902208
1335645180590923777
1335645181169729537
1335645181710901256
1335645182272958465
1335645182356639746
1335645182625198080
1335645182952345601
1335645183212482566
1335645183497523201
1335645183510122496
1335645183518650370
1335645183879204864
1335645184198017025
1335645184575594496
1335645185296896000
1335645206020988928
1335645226837434371
1335645227521073153
1335645227755814916
1335645228129259520
1335645247729262592
1335645250191233025
1335645254985379843
1335645261675237377
1335645263785046016
1335645343527079936
1335645397117767682
1335645413542596613
1335645430693113856
1335645439052361729
1335645476910141448
1335645506119331841
1335645521990610946
1335645523458527237
1335645525035667456
1335645533264736258
1335645574545207297
1335645591775416320
1335645681776795652
1335645879022223362
1335645959959744512
1335645976845897728
1335645999180746752
1335646009263788034
1335646052213460994
1335646079375831040
1335646138398101518
1335646164948054018
1335646181683294213
1335646217171312642
1335646328383279107
1335646329830322178
1335646398935691265
1335646432225677313
1335646436848005126
1335646446498955264
1335646466422034436
1335646469328613379
1335646471820091395
1335646585846263809
1335646662367309825
1335646679983329281
1335646689558990848
1335646698996109314
1335646860422295553
1335646977514672130
1335646981956366336
1335647008380645379
1335647008963457025
1335647029633183744
1335647033118642178
1335647101963952129
1335647177973051393
1335647200345534467
1335647213918285827
1335647297108123654
1335647337717223424
1335647353001431045
1335647406076006401
1335647424258449410
1335647443174780930
1335647518089154565
1335647604806447108
1335647632224636930
1335647710188359681
1335647747278594055
1335647780044500998
1335647855407755266
1335647898500014087
1335647946449113088
1335647983145193474
1335647995573006336
1335648045359276032
1335648127248842752
1335648198203863041
1335648259587657737
1335648311630385153
1335648366353502209
1335648413078200323
1335648434456584197
1335648453985148929
1335648473526530051
1335648533626707969
1335648576177729536
1335648807263068160
1335648820403822606
1335648862178930688
1335648953027624960
1335648953048580096
1335648953077940224
1335648953266626562
1335648988071079941
1335649013161345025
1335649020321148931
1335649059542065156
1335649077216817157
1335649202785972232
1335649288609701889
1335649398139842560
1335649398915657729
1335649474178236418
1335649619670409217
1335649624699256832
1335649691921494017
1335649712666394624
1335649783541796865
1335650034864566273
1335650102778744832
1335650143157301263
1335650211293622274
1335650211385884672
1335650211432189954
1335650211507576833
1335650212476407808
1335650284803121156
1335650285667160064
1335650472586252288
1335650527108063237
1335650570632359936
1335650579478171648
1335650649221066753
1335650663083241476
1335650697459740673
1335650773875605505
1335650787721097219
1335650818301833217
1335650848051843072
1335651008840654852
1335651071734243328
1335651119649845248
1335651135047274497
1335651149660053504
1335651187949973505
1335651198444040194
1335651224482410498
1335651305449205765
1335651405219078145
1335651527231479808
1335651596101828608
1335651609380995072
1335651634316099589
1335651721234661376
1335651721306132480
1335651721314447361
1335651771872505856
1335651789102845952
1335651893184434181
1335652000026021893
1335652066115596288
1335652098801688576
1335652107949658114
1335652124311646220
1335652125909499904
1335652130062036993
1335652132234665988
1335652170759344128
1335652178040655873
1335652180179755011
1335652310639325184
1335652415500996608
1335652424133079041
1335652532035661825
1335652549186228225
1335652569574559744
1335652586947399680
1335652588231028737
1335652612755120131
1335652687426285573
1335652727871827971
1335652727897157638
1335652727905546244
1335652728270417920
1335652728777928705
1335652729012826112
1335652729016840192
1335652729679532033
1335652730015154176
1335652742933704704
1335652809853693952
1335652820897333248
1335652841764040706
1335652932922961920
1335653014326177795
1335653047117238281
1335653068625481733
1335653122719559685
1335653231431544832
1335653255578345472
1335653345424445442
1335653475674427419
1335653537762697218
1335653540451258384
1335653677055537152
1335653704909934592
1335653820685111296
1335653841425948672
1335653964533166086
1335653994258178049
1335653994497265665
1335654086620794880
1335654195056304133
1335654384722579458
1335654431883468802
1335654610405507072
1335654747966042112
1335654757550202888
1335655134727041024
1335655138610987008
1335655152175505409
1335655173792944136
1335655244487790592
1335655244512985089
1335655244521463808
1335655244554911745
1335655244567621634
1335655244676665345
1335655248828968961
1335655252360634368
1335655257284734979
1335655306131623937
1335655477259198468
1335655549334151177
1335655639788498944
1335655671329656834
1335655779785977866
1335655795472670721
1335655934853607429
1335655936892018689
1335655941237313537
1335655946043867137
1335656201451933697
1335656265134075904
1335656265637367817
1335656280824946689
1335656328258334724
1335656329562660865
1335656436249079816
1335656502791720966
1335656503227846663
1335656507032137733
1335656522626584578
1335656556352987136
1335656626720813058
1335656691870928898
1335656799396114453
1335656826487123968
1335656986927652864
1335656989511340034
1335657123347357700
1335657201520742402
1335657257837719552
1335657258898829312
1335657272123527168
1335657386200223745
1335657399131127808
1335657455263625222
1335657487199047685
1335657499412860931
1335657629243367428
1335657682099908609
1335657774643032067
1335657804007403523
1335657905555693572
1335657954461224962
1335657973163716608
1335658007699607552
1335658082597265408
1335658098783096834
1335658101362610177
1335658130823409678
1335658154504368130
1335658202604724225
1335658246980431876
1335658252705689601
1335658336402944000
1335658363527569408
1335658509438865408
1335658513226493955
1335658555400220673
1335658768013676546
1335658777580859393
1335658914495401985
1335658914990485505
1335658942672875526
1335658954530156545
1335659019571253253
1335659039309574150
1335659084662657031
1335659104799485953
1335659153885315072
1335659173288288260
1335659178195562497
1335659276887592964
1335659279110561799
1335659325268893697
1335659450284257280
1335659503304503300
1335659667511529477
1335659834289565697
1335659855194058760
1335659856905302017
1335659987612413953
1335660018105020419
1335660103165489155
1335660194467082240
1335660277631569922
1335660277883314176
1335660278327865344
1335660278411911168
1335660278583873544
1335660278642429952
1335660278852227074
1335660279477096449
1335660279745667072
1335660280378843136
1335660280538251266
1335660281247121409
1335660281758773249
1335660281914138626
1335660282341941255
1335660283847557122
1335660323576160260
1335660331323056130
1335660336154816519
1335660343742394369
1335660351245979650
1335660375866552320
1335660391880216576
1335660413220950017
1335660516157624324
1335660566271176724
1335660586714198017
1335660603080200192
1335660695363477504
1335660841224515588
1335660841593659392
1335660842457632777
1335660924863205377
1335661048402206720
1335661160083959812
1335661219764707328
1335661303097155587
1335661305424982017
1335661334982250508
1335661343966441476
1335661381719351297
1335661397485621253
1335661577022939136
1335661602155204608
1335661793390198785
1335661841087946752
1335661876232015884
1335661878874259456
1335662208785805324
1335662246064697345
1335662297134452737
1335662497404219393
1335662542513790977
1335662613485608960
1335662651318427649
1335662754221289472
1335662790653005824
1335662794520354820
1335662814535487493
1335662815089188865
1335662820634091521
1335662851701215239
1335662858269548547
1335662883418624002
1335662916536840193
1335662967732498433
1335662970517524485
1335663041048875010
1335663402904145921
1335663647587250178
1335663680399216640
1335663713014050816
1335663850495111171
1335663901212626951
1335664040140541960
1335664052526190592
1335664052790579203
1335664066686312448
1335664117437374466
1335664143316213768
1335664218201337856
1335664508849823745
1335664555947667456
1335664566613594112
1335664667918647296
1335664697950023680
1335664731361832962
1335664768489807872
1335664780183531520
1335664874056278017
1335664920025853957
1335664938984083460
1335664943220150272
1335664944793047041
1335664991555342337
1335665087848202240
1335665111021793287
1335665219197145092
1335665260523450368
1335665310859325440
1335665310867795971
1335665310968541185
1335665346787893251
1335665351011553283
1335665378463264774
1335665417491189762
1335665565390811136
1335665599926689796
1335665693874786308
1335665717811752960
1335665744697315331
1335665746878271490
1335665777396027395
1335665963669270542
1335666130330013696
1335666301331771392
1335666319232995335
1335666468638388224
1335666537265508352
1335666636481843200
1335666751590330368
1335666854635954179
1335667040712085504
1335667050497368071
1335667058147733506
1335667065496039424
1335667130256257027
1335667279330234371
1335667301949919232
1335667380308111362
1335667449203748867
1335667518229401600
1335667568405860359
1335667596759162880
1335667801269399554
1335667827282333696
1335667827328479234
1335667827345293314
1335667827378798592
1335667827517243393
1335667827542351872
1335667827580096512
1335667827831783425
1335667828171661314
1335667828213485568
1335667828263882752
1335667828603514882
1335667828658110466
1335667828846809088
1335667855614939139
1335667902926753794
1335667938674831366
1335667978688471040
1335668055079317505
1335668079196598272
1335668099517919233
1335668103959744512
1335668343945105409
1335668424375230464
1335668474622791680
1335668512006803459
1335668563714199557
1335668632706158593
1335668703145254912
1335668780605771780
1335668838101299201
1335668883198533634
1335668894795669505
1335668927167229954
1335669085900824581
1335669180738269185
1335669292810055684
1335669336539860992
1335669502013476864
1335669647622819840
1335669736718397445
1335669861972787200
1335669864174903296
1335669937684307970
1335670019259322370
1335670208497741824
1335670208636313602
1335670213325574147
1335670314009849858
1335670343944470529
1335670343944572930
1335670343973920770
1335670373325533186
1335670385048760326
1335670402744401922
1335670440019316739
1335670667891585024
1335670676997476353
1335670686417887235
1335670732991426563
1335670768353619973
1335670979243241472
1335670992140521473
1335671017834942465
1335671036331905031
1335671248353964036
1335671270420086784
1335671369258868737
1335671493401989120
1335671602743181312
1335671616970379264
1335671650919059456
1335671748654673923
1335671892150263810
1335672052280246272
1335672214142717952
1335672323756593152
1335672420192178181
1335672442426064897
1335672507962183681
1335672515360940033
1335672587624435712
1335672693618831360
1335672697737527296
1335672731833077762
1335672873093099522
1335672898275713025
1335672929443598338
1335672941783232512
1335673007336005632
1335673085798871041
1335673112214577153
1335673112243761153
1335673157714325505
1335673172708872194
1335673303114059778
1335673559813918722
1335673635516919808
1335673702600613890
1335673776592343040
1335673782581616640
1335673813103677447
1335673973472960523
1335674034692886528
1335674095283781632
1335674114745491458
1335674131166212097
1335674226800545793
1335674668628500485
1335675195688964098
1335675377084112897
1335675377151213569
1335675377155358725
1335675377193250819
1335675377214091265
1335675377461698561
1335675377621069825
1335675377881116672
1335675378032119815
1335675378170531842
1335675380187889664
1335675381005815812
1335675381563621376
1335675381945225217
1335675382670962694
1335675387385360387
1335675398995255301
1335675410470809602
1335675415411777539
1335675462417309696
1335675515915657216
1335675594588057602
1335675616495095809
1335675651119083521
1335675670232518658
1335675749471227905
1335675777233334272
1335675814323625984
1335675839271329794
1335675857713721348
1335675871475113986
1335675879859470337
1335675880883040258
1335675947429859332
1335676165604790272
1335676376989364224
1335676538080153602
1335676540751912963
1335676648432275458
1335676707743948801
1335676788958060544
1335676857396703233
1335676943866400775
1335676984953876483
1335677015056408581
1335677120702451717
1335677133746806789
1335677261576609802
1335677351410032640
1335677530997743617
1335677628313825280
1335677650266894336
1335677690263838722
1335677691471798275
1335677755841765376
1335677814452981763
1335677871965278208
1335678145509294082
1335678228791500801
1335678276115656704
1335678276149399558
1335678397243039744
1335678436292108291
1335678444965867520
1335678448950534144
1335678531293097985
1335678538456829952
1335678584992772096
1335678647248809986
1335678656232951811
1335678747593338881
1335678821983350784
1335678839016579072
1335678857991614464
1335678916862865410
1335678987759136771
1335679038275416065
1335679067245449218
1335679152003878915
1335679152272371712
1335679152465186816
1335679152528052224
1335679343482245120
1335679444237815809
1335679454740434946
1335679497325035520
1335679540115345408
1335679644767490049
1335679655404208130
1335679671711752198
1335679751554560000
1335679764162633730
1335679847629111296
1335679853585166338
1335679935147544581
1335680030190526476
1335680060125310976
1335680223770255361
1335680307136241666
1335680307589238785
1335680382554042372
1335680382730170368
1335680393463222273
1335680410378911744
1335680410488074249
1335680410555211779
1335680464804253699
1335680486509662210
1335680487826788352
1335680537734877186
1335680572560199685
1335680707402862595
1335680803397832705
1335680931802329091
1335681053718097922
1335681067592740864
1335681100476272641
1335681227454468097
1335681392643100673
1335681589045587969
1335681611753541640
1335681634805243904
1335681692410011657
1335681696218443777
1335681722042757120
1335681725083623425
1335681854989602816
1335681949118189576
1335682044454711300
1335682060304982017
1335682117808828419
1335682228156682240
1335682232636243970
1335682280342368256
1335682338496204800
1335682365134401536
1335682601873502210
1335682648488853504
1335682707406254080
1335682715442532353
1335682715618828288
1335682776121663490
1335682787672670209
1335682814918815745
1335682838562213895
1335682839757676545
1335682888910721038
1335682917255753731
1335682926827155461
1335682926864949250
1335682927124836352
1335682927867387906
1335682927905017858
1335682927909212160
1335682928232202240
1335682941788282880
1335682971458736136
1335682976324186113
1335683135221223425
1335683150400401410
1335683194704678912
1335683315173560329
1335683504043126784
1335683644392759296
1335683648218132480
1335683653104439298
1335683708007968768
1335683749514768388
1335683821518327809
1335683933657313284
1335684016985403392
1335684130311340032
1335684185411862531
1335684194555617282
1335684197369856001
1335684274184400896
1335684297043415044
1335684386826694659
1335684418976026626
1335684442845818882
1335684447660892163
1335684474013683715
1335684567215136768
1335684644310749194
1335684762573434881
1335684788217266177
1335684876167626752
1335684883801206784
1335684967695839234
1335685017905852416
1335685073920794626
1335685091440422917
1335685219706306560
1335685230838112256
1335685281169764355
1335685321611235329
1335685348194578433
1335685457720578049
1335685529740988418
1335685614361055232
1335685626230960133
1335685695206285313
1335685733114204161
1335685889209618435
1335685914023038976
1335685951994159104
1335686124384251911
1335686210723844097
1335686255007436803
1335686304449880064
1335686359957315587
1335686407109685249
1335686473450991616
1335686660810547201
1335686688807428097
1335686701671395335
1335686701759533057
1335686701868466177
1335686701901991936
1335686713642016769
1335686828498808832
1335686929740808192
1335686932873895936
1335686953501663232
1335687054118645760
1335687097752104965
1335687219881922563
1335687232565473280
1335687320167723009
1335687346289840129
1335687356460855296
1335687494671749121
1335687501894340608
1335687649110134785
1335687663483949057
1335687905734377472
1335688043014082564
1335688086760484864
1335688144293912580
1335688225906626566
1335688248119734276
1335688288951275522
1335688467326570505
1335688564609347589
1335688667218624512
1335688791139479553
1335688797305102337
1335688966775791616
1335689120312676354
1335689142408241154
1335689149383368713
1335689171042787328
1335689225790865408
1335689287912845312
1335689338655547395
1335689477742792705
1335689626284150787
1335689651529650176
1335689976739139588
1335689981768110086
1335689990529974273
1335690286924705796
1335690309926326281
1335690387801817088
1335690389622231042
1335690402779815944
1335690476515512320
1335690476607975431
1335690476612014081
1335690476633030656
1335690477136392194
1335690477887127552
1335690478205988864
1335690478994518016
1335690480021950466
1335690480156282880
1335690480445583360
1335690480668073986
1335690480697262080
1335690481565503488
1335690483561984000
1335690490411438082
1335690497365512193
1335690500171575296
1335690512515284992
1335690512574132224
1335690580739977220
1335690596162428930
1335690608321576962
1335690683399741441
1335690753662599170
1335690776542588931
1335690831148298240
1335690934416154625
1335690937524051968
1335690949444448261
1335690980280950785
1335691015110483976
1335691141329657864
1335691276306571267
1335691308376199168
1335691365917798403
1335691378223964167
1335691425321717771
1335691483437920256
1335691527373336577
1335691657426046976
1335691735188422657
1335691735293448193
1335691781200023552
1335691797377540109
1335691873697079297
1335691968505147397
1335691969222336515
1335691971365580815
1335692075912859651
1335692077489745920
1335692246037843968
1335692249041133568
1335692254464315395
1335692266141343744
1335692555565068299
1335692624481689600
1335692741662003200
1335692765318029321
1335692883324768257
1335692974542508032
1335692987305762824
1335692993374785536
1335693026342166529
1335693044046323712
1335693071313408000
1335693103701905422
1335693169527119872
1335693378537877508
1335693380651782149
1335693382392410112
1335693382476238857
1335693385533968385
1335693386276364288
1335693386595115021
1335693389950545920
1335693390088966144
1335693390210535424
1335693393989611521
1335693394035740682
1335693394052526091
1335693398267850753
1335693398267863047
1335693468459397121
1335693485685391362
1335693572977225731
1335693650412654592
1335693683807629313
1335693707320897536
1335693708419854337
1335693721162174465
1335693763784683523
1335693837541511173
1335693855170191363
1335694004713828359
1335694130991648768
1335694133726425090
1335694135743934467
1335694138969366529
1335694251582111746
1335694251607330816
1335694251649236994
1335694274705428486
1335694361233924101
1335694430309855238
1335694786649600001
1335694801543553025
1335695006464663557
1335695053197553669
1335695125620658181
1335695128946601984
1335695141391233026
1335695155710599170
1335695325864943616
1335695409612787716
1335695428050972674
1335695472833523713
1335695509852467206
1335695647056551936
1335695699929948165
1335695927894450177
1335695985125756930
1335696125328764936
1335696141359312897
1335696150284873728
1335696150771462144
1335696154034626562
1335696171390603269
1335696228470779904
1335696251925524487
1335696330832961538
1335696346104410122
1335696527180910599
1335696541080817668
1335696571795525632
1335696768068030464
1335696775148167170
1335696778407145472
1335696780474937347
1335696973031202829
1335697004303966208
1335697015070744577
1335697053897330689
1335697298676998149
1335697318146764800
1335697447264239616
1335697524317958144
1335697602445070337
1335697870473793540
1335697901796864001
1335697939679756288
1335697960965992456
1335698010790092808
1335698026350997505
1335698026468356099
1335698027038744576
1335698027336540161
1335698027390988288
1335698028221530113
1335698041806917633
1335698042201247751
1335698044126425089
1335698053064400896
1335698079014645761
1335698104482484224
1335698116650168324
1335698146337431558
1335698168349077505
1335698170672766980
1335698250855108608
1335698293683224577
1335698349006196739
1335698516790767616
1335698529889603585
1335698540106895360
1335698571702784001
1335698797234692097
1335698801127026690
1335698847050457088
1335698886489419778
1335698908580876291
1335698938641313793
1335698948368064512
1335699037748543489
1335699108653191168
1335699232188231686
1335699319366803456
1335699347082629120
1335699536359030784
1335699565396320261
1335699628616904704
1335699661361999876
1335699674448101376
1335699709076377600
1335699793897635841
1335699833806610434
1335699836579028992
1335699897694228483
1335699936432828417
1335699982712619008
1335700336514912259
1335700464269193219
1335700468564168707
1335700554597720072
1335700555633725443
1335700559551205376
1335700560285143047
1335700563879718912
1335700568145358848
1335700572238999554
1335700576412250112
1335700654178922499
1335700776891584516
1335700884592975875
1335700912548040708
1335701141087203335
1335701185169276928
1335701250810073090
1335701410374180864
1335701418985058306
1335701429973995522
1335701468905500672
1335701549603909634
1335701641958453253
1335701666243481600
1335701749559070722
1335701801245532160
1335701801539088384
1335701807268589571
1335701814453432320
1335701860896817154
1335701898637189122
1335701942044160001
1335701943642169350
1335702016891490314
1335702163012669443
1335702191689101315
1335702210689327109
1335702283124961283
1335702420798763008
1335702628588720132
1335702629897342977
1335702659014275072
1335702674726133766
1335702702190338054
1335702705638092800
1335702715561877504
1335702722998382595
1335702728878813186
1335702767038590979
1335702807928856577
1335702821811998721
1335702847552446469
1335702906520080384
1335702928485732355
1335702930381565952
1335703101572079617
1335703143481565187
1335703151320707078
1335703173898629124
1335703174238396416
1335703196761808897
1335703355797118976
1335703379763453954
1335703520251666434
1335703671213092865
1335703702594793473
1335703730331725825
1335703826289012736
1335703856068644866
1335703894987591680
1335703896971489282
1335704033412190211
1335704073878822912
1335704143097303040
1335704168355532802
1335704192015618049
1335704197564657665
1335704203122126850
1335704237603512320
1335704242657652743
1335704294692106242
1335704310383058944
1335704381140815872
1335704435125850116
1335704674264035331
1335704704177893385
1335704742358560768
1335705147553550337
1335705244186062849
1335705279036583940
1335705295327289345
1335705393499090945
1335705465506893825
1335705513963634690
1335705520947150848
1335705531093278720
1335705576500731905
1335705576685367298
1335705576848977920
1335705576974774280
1335705576987217920
1335705577943527424
1335705578195259392
1335705578828664834
1335705579168419843
1335705579424243730
1335705579575193602
1335705579818536960
1335705580082614272
1335705580095205376
1335705580489613315
1335705581177483266
1335705581739528194
1335705587909357573
1335705591348523009
1335705604849954818
1335705624756297736
1335705631018381313
1335705674374909952
1335705691584126976
1335705711444156416
1335705719883100160
1335705736551292928
1335705746265272320
1335705753773072387
1335705758068056072
1335705758781087748
1335705764451717121
1335705773431787520
1335705776330072065
1335705789076549634
1335705811167956993
1335705828100370432
1335705828138110978
1335705831128641539
1335705847452868608
1335706193822674946
1335706589542670337
1335706699924062209
1335706834901094406
1335707086089576449
1335707093446299649
1335707187344257029
1335707190552891395
1335707233729081344
1335707281938391042
1335707373101604871
1335707392445714432
1335707403556425728
1335707404072259587
1335707412150554628
1335707516215422979
1335707648453451780
1335707742670086152
1335707879433703429
1335707891874009088
1335707913424429061
1335707930612600832
1335708092709814273
1335708092818804736
1335708102172307457
1335708106333032451
1335708126507634691
1335708247081226249
1335708303876186114
1335708319114272768
1335708478116143105
1335708502417956865
1335708623205437442
1335708730491605001
1335708732257411076
1335708973127720960
1335709039674585088
1335709070020501506
1335709101146460163
1335709260836171778
1335709266062143488
1335709271527448577
1335709285192507393
1335709351013724165
1335709351051481091
1335709362053066753
1335709433268236290
1335709602634149890
1335709602671964166
1335709636230582275
1335709643767738371
1335709732774940672
1335709998903664640
1335710113416376320
1335710132102180867
1335710201991864320
1335710419395207172
1335710436617039883
1335710609275555842
1335710609392902144
1335710609409777665
1335710609430732800
1335710648471326721
1335710668058714117
1335710721867476995
1335710733796052997
1335710753920323596
1335710822304256000
1335710951547531269
1335711056715542531
1335711218267545611
1335711242070052864
1335711321342545920
1335711351843385345
1335711380444491776
1335711435335356417
1335711877637296129
1335711928166060032
1335711981928665090
1335712076464074768
1335712122060242945
1335712184811188224
1335712190444183552
1335712257871917059
1335712277245259776
1335712896714760200
1335712903945625602
1335712930835337217
1335713041762177025
1335713064662908928
1335713098951487489
1335713125811806211
1335713125849473025
1335713125866278914
1335713126113812481
1335713126159806464
1335713126222848001
1335713126495309824
1335713126839246850
1335713127208509442
1335713161538904067
1335713189699391492
1335713190529826817
1335713254946074631
1335713267214393346
1335713274868985858
1335713351637331977
1335713536564207616
1335713570101800961
1335713597150867457
1335713653560135680
1335713675081109510
1335713692210499584
1335713748020027392
1335713750599471105
1335713772422406144
1335713773311684610
1335713840038879232
1335713880908054528
1335714013792112660
1335714016916697088
1335714384362913792
1335714420446687232
1335714468790210561
1335714508652724224
1335714522963841027
1335714625975947264
1335714645701611520
1335714647182245888
1335714648528543745
1335714706955309057
1335715017988182023
1335715048782786561
1335715075815055362
1335715177874984966
1335715259785633806
1335715279406428160
1335715328437968896
1335715402580598784
1335715422658846721
1335715447086387205
1335715508553965570
1335715699050745856
1335715711126294533
1335715774502199296
1335715817170800647
1335715824569466883
1335715826259927040
1335715854554714114
1335715864193212417
1335715870950232065
1335716001426546690
1335716170578743299
1335716203550142470
1335716234084700160
1335716900928675841
1335716905689214978
1335716924609671175
1335716982558240773
1335717020353130502
1335717118428459011
1335717152523866116
1335717202205478915
1335717299274346498
1335717342341378048
1335717481315438594
1335717518154080256
1335717595459227650
1335717721108078595
1335717731740626945
1335717899592486915
1335718260092887043
1335718302707015683
1335718344507469825
1335718406755115009
1335718469900378115
1335718515798646785
1335718623101530123
1335718677086343173
1335718778785525762
1335718804295446529
1335719051084042244
1335719165726924800
1335719180318994432
1335719233095954437
1335719280487358471
1335719287965831168
1335719355691261954
1335719383054823425
1335719415095193604
1335719470166372358
1335719603729678339
1335720031989223426
1335720033088118785
1335720055531823110
1335720091422502916
1335720104554868736
1335720179691470848
1335720180132016135
1335720186285092867
1335720190970114050
1335720191880204290
1335720324067975168
1335720409262682113
1335720675592478720
1335720675630342160
1335720675659689986
1335720676905414659
1335720676938932227
1335720677060567040
1335720677383364608
1335720677492441089
1335720677605662722
1335720677630910465
1335720677677002755
1335720678004178944
1335720678092230656
1335720678255816704
1335720678301974528
1335720678444552193
1335720678729912322
1335720678897618944
1335720679195467779
1335720679556182016
1335720680227131393
1335720680705433600
1335720681099542528
1335720682106179584
1335720700154265600
1335720730407936000
1335720734895845378
1335720736376442881
1335720793565659136
1335720819670937601
1335720844417495047
1335720969453842433
1335720983261536258
1335721063842365440
1335721268411314183
1335721295527501824
1335721328175763456
1335721412783431680
1335721439325020160
1335721541775089671
1335721768535912454
1335721791768195072
1335721866300960768
1335721942893137929
1335722099286175745
1335722122161872897
1335722192110284800
1335722325711450113
1335722418854264834
1335722436587712513
1335722437200101378
1335722585905131523
1335722602044792835
1335722661645701120
1335722743178752000
1335722749050830848
1335722929821261825
1335722937031118853
1335722952868864000
1335723003485843457
1335723192246267905
1335723192380313601
1335723234566795264
1335723285397577729
1335723437399171084
1335723542382596099
1335723554105602050
1335723556005531653
1335723635399659520
1335723682061283328
1335723795366244360
1335723825443454976
1335723881064255488
1335723973011779585
1335724073809301505
1335724164783673346
1335724168722014208
1335724177010139137
1335724185889411074
1335724245884817414
1335724251886870529
1335724328944422912
1335724384431038464
1335724408888041473
1335724450432446465
1335724450533187585
1335724521001775104
1335724569781563393
1335724698823495680
1335724875768598531
1335724920572006401
1335724941292040192
1335724943431110657
1335725205595987968
1335725255856361472
1335725276991528965
1335725278136569857
1335725320880709638
1335725323846103040
1335725351813648387
1335725479358132225
1335725548279095300
1335725563651256328
1335725596144332800
1335725645804892160
1335725708807712770
1335725784653246465
1335725829465272323
1335725851292422145
1335725855734181890
1335725872867766274
1335726006976585740
1335726009170071552
1335726377425907715
1335726452550078465
1335726544136728576
1335726715822354434
1335726891785990149
1335726963399471110
1335726967975522304
1335727036749459464
1335727077992124427
1335727130743689216
1335727215795908611
1335727220342595584
1335727357047558145
1335727367432630272
1335727430531645440
1335727462177759232
1335727577651142656
1335727619476635648
1335727627034910722
1335727670106189825
1335727672887037952
1335727740868317186
1335727837194711047
1335727924025036801
1335727972066660353
1335727986440597509
1335728017436536833
1335728225260015619
1335728225381535744
1335728225696223232
1335728225738051585
1335728225826332675
1335728226073600000
1335728226136596481
1335728226224758786
1335728226501611525
1335728226648244224
1335728237499002880
1335728237574545411
1335728246235820033
1335728264657166337
1335728274786439168
1335728284437504002
1335728360098557954
1335728378154942465
1335728468571660290
1335728734909968384
1335728760696557570
1335728781370281986
1335729017056530436
1335729017136111616
1335729069086879749
1335729515750973440
1335729609472667650
1335729918626369538
1335729968161169408
1335730031818137601
1335730032593997826
1335730183345741824
1335730274555072517
1335730287364497416
1335730305433538562
1335730318440091648
1335730322986606593
1335730427261235201
1335730635575455744
1335730635856621568
1335730741876023296
1335730750826680321
1335730756107329539
1335730767226429445
1335730993802698753
1335731008474394627
1335731184584704001
1335731331813281793
1335731346765983745
1335731512411504640
1335731538206527497
1335731622210056192
1335731782994587651
1335731789906763777
1335731922727817216
1335732000225972224
1335732000284536832
1335732111345668097
1335732172955688961
1335732373498056705
1335732419396313093
1335732609947721729
1335732722665328648
1335732947371106304
1335733006959513612
1335733182063263745
1335733413156892674
1335733463459241987
1335733510242496515
1335733683098103808
1335733942071271424
1335733947901247488
1335734006772453376
1335734135005057027
1335734151115321354
1335734215350972420
1335734247903129601
1335734338416234496
1335734389116985351
1335734435455483904
1335734479239917568
1335734516753821706
1335734516808208385
1335734575268556802
1335734639567187976
1335734674933604359
1335735253005074432
1335735255425294336
1335735341588877312
1335735519125397506
1335735638243598336
