1335373397317079040
1335373521766260736
1335374870335664129
1335375040100110339
1335375266126950402
1335375652241936384
1335376043188908038
1335376068769935360
1335376079641604097
1335376680140083201
1335377758470483972
1335378179326767107
1335378849320857602
1335379134416097283
1335379238099300353
1335379433868439562
1335379537132216327
1335379574172110855
1335379646259621894
1335381156917891075
1335382188586577920
1335382228906496000
1335383062650216451
1335385462844911616
1335385825878700034
1335385901166448640
1335385991205490688
1335386208629886977
1335386310148755456
1335386321024659460
1335387467587989506
1335387806462595078
1335387849877843968
1335388089422917632
1335388102316208128
1335388217726689280
1335388537051557888
1335388873401262081
1335389143271153666
1335389493520719873
1335389674815295488
1335389880407375872
1335389993083211776
1335390080253440000
1335390317042864128
1335390508907077633
1335390936294191104
1335391184617922560
1335392646026682369
1335393646691168261
1335394912561475585
1335395305416749057
1335395682769907717
1335395720900341761
1335395807034548224
1335395902975070210
1335395971937787904
1335396791601123329
1335398511785947137
1335398677758816261
1335399092353183750
1335400750369951745
1335401370082570240
1335401830147297280
1335402674678878209
1335403587975962625
1335403624818745344
1335403631311548416
1335404340199231488
1335404351829860354
1335405758947745792
1335407139649708032
1335412553518821378
1335414708254482433
1335417219254259713
1335421891549519874
1335422040770277376
1335427100036227072
1335427313488498688
1335427465880154112
1335429136228085760
1335432235990867968
1335432534986002432
1335433786125819906
1335435006332854273
1335435049584500736
1335440733080330240
1335441468895408131
1335441524247699462
1335441948128186368
1335444035616575488
1335445243857027072
1335446502806712321
1335447129695932416
1335452014654976000
1335455944940154880
1335456381252538368
1335457430189314049
1335459741150097414
1335459813740990464
1335459839846141952
1335461578695696386
1335461833147359232
1335462034176155648
1335462053423828993
1335463825924087808
1335463865602215938
1335463986507157509
1335464031256260609
1335464057403568128
1335464404788375552
1335464513504768001
1335464768304459777
1335465080645947393
1335465442945757184
1335465685091278848
1335466286399283200
1335466356314083328
1335466504305905666
1335466724171321345
1335466975678656514
1335467767571558401
1335468542796455937
1335470087357206528
1335470895725498369
1335471080031604736
1335471087665090560
1335471589220028416
1335473224818319360
1335473315989819393
1335473384298340353
1335473729275633667
1335473847345229824
1335473874117529605
1335473985916637185
1335474807668928513
1335475407793999873
1335476271283916800
1335476575131799552
1335476680316645376
1335476937981104128
1335477612907474947
1335478330792022016
1335478590163484673
1335479085905145856
1335479976632578048
1335480129489952768
1335480255214129162
1335480342275371008
1335480434432602112
1335480700506697728
1335481113226010628
1335481177193533441
1335481612058947586
1335481797166166017
1335482161986736128
1335482944752914432
1335484116855361536
1335484465490124800
1335484536591933442
1335484674353881088
1335485221928640512
1335485619003396101
1335485656651493376
1335485869747302400
1335485946540814337
1335486075066863616
1335486171074469888
1335486306550493184
1335486628425584641
1335486633349509120
1335486634750599169
1335487253397843969
1335487346280689664
1335487712221130753
1335488100336807937
1335488282398900224
1335488557704687617
1335488598951530496
1335488628479311872
1335488839608127488
1335488937079558144
1335488937960366081
1335488946277642240
1335489022567849984
1335489149974024192
1335489241237827584
1335489285429088256
1335489345566945280
1335489534927269888
1335489540870561799
1335489770101874689
1335489781883686913
1335489910061608960
1335490042320412674
1335490330221830144
1335490408378290184
1335491047313580034
1335491227085582336
1335491312263569409
1335491325467254784
1335492190416539648
1335492448991195136
1335492605254246400
1335492925040410628
1335492931583692800
1335493011078336513
1335493109241745408
1335493919170289664
1335493929484111877
1335494191212863488
1335494222292672512
1335494222389141506
1335494348037877760
1335494435375730688
1335494511682670596
1335494673255829510
1335494865589825536
1335494946305040384
1335494960028770307
1335495423532949505
1335495578889957376
1335495908650348546
1335495925893099520
1335495947934183425
1335495952128499712
1335496100921413632
1335496196413149184
1335496303313350656
1335496364575379456
1335496567927820288
1335496687817732096
1335496714615205888
1335496740674400257
1335497044585291776
1335497046497894401
1335497087539089408
1335497203079651328
1335497249984483328
1335497265922920448
1335497271916572672
1335497386240708608
1335497604386447360
1335497774045990913
1335497835815571456
1335497841108803585
1335497910755201025
1335497974189879296
1335498352222478337
1335498474545008642
1335498613875744769
1335498619735175168
1335498645840551938
1335498725402284032
1335498902133501952
1335499033884942336
1335499035663360001
1335499087379124224
1335499206006632448
1335499565664002049
1335500273092079617
1335500320730996736
1335500324023521280
1335500327991304193
1335500537043808256
1335501033527791616
1335501277091012608
1335501398767775744
1335501469919944705
1335501734840561665
1335501739177467904
1335501850968199168
1335501867963604998
1335501995134869506
1335502042337521664
1335502126676643840
1335502179193458688
1335502213477756929
1335502392280952832
1335502395493773312
1335502455619137538
1335502456244084736
1335502507678830592
1335502509910208513
1335503017899159554
1335503027801829381
1335503052720263169
1335503098836553728
1335503661548646401
1335503754074972162
1335503833133428741
1335504114118238208
1335504154320662529
1335504258398040064
1335504309908361217
1335504500728205312
1335504952454766593
1335505112874311681
1335505182180986880
1335505233858990083
1335505323252125698
1335505402000269312
1335505516953481216
1335505522523508736
1335505527816720385
1335505607068102656
1335505667428331520
1335505715314757638
1335505729105653760
1335505732511420416
1335506011134832642
1335506184778952704
1335506395005915136
1335506403755053058
1335506423372009472
1335506563444850690
1335506586870177798
1335506620286185473
1335506766239428610
1335506774405881856
1335506963476733957
1335507018065477633
1335507112089317376
1335507114664620033
1335507214925119489
1335507296022106113
1335507321099841536
1335507352548741120
1335507355115655170
1335507382504448000
1335507390641418242
1335507394185601024
1335507418676035584
1335507580249104389
1335507816539430914
1335507869349896194
1335507908499394560
1335507978833833987
1335508013743042563
1335508051764371461
1335508055019167744
1335508077680930819
1335508157578219522
1335508224007696385
1335508444695195651
1335508527260065794
1335508726795685889
1335508739143720963
1335508927878811648
1335509169307267073
1335509283031707651
1335509284939943938
1335509284973666304
1335509287125311488
1335509289977438209
1335509290526765058
1335509290598211584
1335509300521938945
1335509320356810753
1335509322684624897
1335509394071711746
1335509697911279617
1335509786406752259
1335509786574483459
1335510313798668290
1335510346833031169
1335510445898293249
1335510456077869056
1335511070962802688
1335511230753148928
1335511386764537856
1335511481572601856
1335511592138584065
1335511749764771841
1335511812335230977
1335511872880209920
1335511875979710465
1335511957080780802
1335511995366436864
1335512051687575552
1335512085342662656
1335512282323955714
1335512303735730176
1335512369762545665
1335512440050737153
1335512521701208064
1335512628572119040
1335513057716543489
1335513064733618177
1335513065555685376
1335513066704867330
1335513067820560384
1335513287459565570
1335513307718029315
1335513511368257538
1335513602741178372
1335513619736518657
1335514069533663232
1335514259300737025
1335514324547276800
1335514326329921538
1335514327600799744
1335514427534217216
1335514454897770499
1335514662243344386
1335514838097776642
1335515047855058944
1335515084026605569
1335515306886721537
1335515622248247296
1335515652984025089
1335515742142427137
1335515839496380416
1335515923000733698
1335516039099142145
1335516107332055042
1335516472966307841
1335516795617357824
1335516832447438848
1335516834104299521
1335516834439852034
1335516841075159040
1335516845294555142
1335517018330632192
1335517413580926979
1335517413589258240
1335517611052953602
1335517657282523136
1335517664157036545
1335517931858325507
1335517943443156995
1335518065036038145
1335518099492265984
1335518183546032130
1335518201963302912
1335518294380597249
1335518414899654656
1335518522479423488
1335518764012605440
1335518797126569984
1335518818471452672
1335518932023783427
1335518974575054849
1335519012550275072
1335519285393973248
1335519306302582785
1335519359750590464
1335519402935144449
1335519431531900930
1335519468420796417
1335519476884836352
1335519485436911620
1335519697815691265
1335519775297073152
1335519795400335361
1335519814215995392
1335519869543047169
1335519872277766144
1335520070001422336
1335520079669243906
1335520091266486272
1335520241535868930
1335520410276859905
1335520492451737600
1335520623318142976
1335520732156219392
1335520753970769920
1335520762187354112
1335521110620835840
1335521171417288705
1335521247585820672
1335521373104517121
1335521513265631232
1335521530151903232
1335521587613884417
1335521596417642496
1335521684607078403
1335521757856411649
1335521800520921088
1335521820523556864
1335521835086204933
1335522163588276225
1335522335194017793
1335522421789626370
1335522555776610307
1335522681828028416
1335522786723454978
1335522809272004608
1335522988268064771
1335523071868997632
1335523217734328320
1335523310415785988
1335523427856355328
1335523837706973184
1335524100404637697
1335524130725105665
1335524131874500608
1335524170764070913
1335524303299895298
1335524313819189249
1335524382165241857
1335524382828015618
1335524385814441988
1335524386229559296
1335524447923658752
1335524449949511685
1335524483269087232
1335524491028525058
1335524522364112897
1335524537656602625
1335524543629287424
1335524663334678528
1335524712689135617
1335524779663761408
1335524891748077568
1335524900526829570
1335525040281034758
1335525241469145088
1335525485925822465
1335525495077744646
1335525584554897408
1335525604444282880
1335525647050027008
1335525883977850882
1335525891829542912
1335526140853809152
1335526159258431491
1335526193270054912
1335526265315528704
1335526266078949376
1335526647173271552
1335526692589330432
1335527031640035328
1335527049604239367
1335527068319232005
1335527280311984128
1335527691307655171
1335527699834691584
1335527708013498368
1335527856164757504
1335527971935956992
1335528041431220224
1335528044677586946
1335528047580102661
1335528048184205313
1335528080782352389
1335528118036074498
1335528165146562560
1335528167575052288
1335528223241867265
1335528255940653056
1335528291982135296
1335528394189058048
1335528442864013312
1335528443958661121
1335528588867739650
1335528785857404928
1335528802622066688
1335528824314978304
1335528973296603136
1335528977469992960
1335529188900605952
1335529314595573763
1335529521475424256
1335529778527555584
1335529925919596544
1335530062729408514
1335530179674976258
1335530213783056387
1335530279373594624
1335530620848631808
1335530681892544519
1335530705460355073
1335530856358817793
1335530892798910464
1335531048252403712
1335531154942914561
1335531405728763906
1335531418269659137
1335531487417036800
1335531745492541440
1335531932600299521
1335531937537142787
1335531944923312128
1335531957174890497
1335532138280706049
1335532237903818757
1335532312872837123
1335532321462632449
1335532388978454528
1335532435333734403
1335532490019254274
1335532564963012611
1335532724816408576
1335532882660634624
1335532894601826304
1335532938461638656
1335532953070399489
1335533011744518146
1335533150001377285
1335533189608206336
1335533197166338049
1335533371766812672
1335533577145110529
1335533582442500097
1335533678055796736
1335533792648437760
1335533923154145281
1335534102003523587
1335534183893098496
1335534310951104513
1335534313513816065
1335534334732800001
1335534357222658049
1335534402290540546
1335534435199037447
1335534448696160259
1335534448838922240
1335534455486865409
1335534465716645890
1335534474935881728
1335534496846897152
1335534518665699328
1335534539922403328
1335534587796045825
1335534588601503744
1335534616179044352
1335534636865384449
1335534640455618560
1335534671745126401
1335534689260539904
1335534709011599360
1335534730264137729
1335534745514602496
1335534752435212288
1335534763491385346
1335534838321991681
1335534902830374912
1335535057302392832
1335535064290111488
1335535210411200512
1335535338798927872
1335535420474535936
1335535867990077440
1335536194688593920
1335536229794844672
1335536409655054338
1335536417536155648
1335536472485736450
1335536514093248512
1335536635396677632
1335536722898264065
1335536995590950918
1335537016486780941
1335537060959178752
1335537122015649792
1335537229071060993
1335537294242177024
1335537510118797314
1335537593467990018
1335537730193747969
1335537838541201408
1335538186882338817
1335538366306201600
1335538451761029120
1335538454218870784
1335538505829806082
1335538636281044993
1335538666165444608
1335538719370211328
1335538800907472899
1335538847397126144
1335539006772273159
1335539395018039298
1335539490081869825
1335539492086755328
1335539538261897216
1335539595132497922
1335539605467262977
1335539614438789125
1335539619635617793
1335539647557013515
1335539767094685696
1335539777345646593
1335539885344743425
1335539978919669761
1335539985290760192
1335539985383088129
1335540247455797248
1335540304267587589
1335540589580972032
1335540703494090756
1335540775879401475
1335540807038873600
1335540919970443264
1335541038979690496
1335541067953938432
1335541339941982208
1335541358614994944
1335541427896541184
1335541598512361472
1335541610491371520
1335541679827378176
1335541691982417920
1335541746608959490
1335541753349287936
1335542016713822209
1335542109223464961
1335542426644123649
1335542473985286144
1335542516263874560
1335542542079848449
1335542546425065477
1335542638821306374
1335542915553251328
1335543002903744516
1335543132809728000
1335543140023902208
1335543256566951937
1335543267790872576
1335543285549588480
1335543344538193920
1335543421403066368
1335543552680538112
1335543576151937024
1335543606078287874
1335543723699167232
1335544365314347010
1335544379038179328
1335544390375313409
1335544431718649862
1335544525889138689
1335544791694761985
1335544833818157056
1335544878030331905
1335544968509861888
1335545132440035331
1335545259321929728
1335545277801967618
1335545287155314689
1335545388229668864
1335545451018412032
1335545455615336450
1335545478235217920
1335545508413239296
1335545523089117184
1335545578701328384
1335545587123490816
1335545683584159745
1335545793932091392
1335545981681721344
1335546029953998848
1335546171557879809
1335546468543979520
1335546507538345984
1335546574802460672
1335546622210666498
1335546678057832455
1335546772320555010
1335546842411638784
1335546851530072064
1335546947315363841
1335547032237268994
1335547067675127808
1335547088541769728
1335547102877855744
1335547177565892610
1335547497092091905
1335547534920589312
1335547535650254853
1335547560610684928
1335547700360704002
1335547733655097349
1335547748159004678
1335547775245635584
1335547929159987202
1335547996084244480
1335548028149698562
1335548063193165825
1335548528031043584
1335548536365182981
1335549077090668544
1335549104253005826
1335549228437876736
1335549239565357056
1335549487536893952
1335549694794199042
1335549767951192066
1335549895424565248
1335549925384445954
1335550016186970113
1335550051402219526
1335550072814231553
1335550134848000000
1335550157807628288
1335550181736058882
1335550260521938946
1335550340624691203
1335550352247169024
1335550361747283968
1335550379455557634
1335550456970555394
1335550618056974336
1335550731752009729
1335550755202338816
1335550755592429568
1335550926061441024
1335550946961731586
1335551016998211584
1335551110199844864
1335551135931895809
1335551446637395968
1335551508935487488
1335551747075477505
1335551827086106628
1335551878072049664
1335552123438657538
1335552265646710785
1335552327156117504
1335552354918264833
1335552399201677312
1335552641154371586
1335552657243648003
1335552803360661504
1335553233545289728
1335553573346832384
1335553611456274432
1335553639121825793
1335553681769570304
1335553855673815041
1335553887705718784
1335553950146301952
1335553970203455488
1335554424547241985
1335554436702351364
1335554536082190336
1335554586816491521
1335554588934598656
1335554669662375939
1335554725106900993
1335554845332418560
1335554949640572929
1335555170659348482
1335555258723020805
1335555270018215936
1335555470107561984
1335555766787444736
1335555826451419138
1335555855849238531
1335555877428989953
1335555970085376000
1335556012745629696
1335556248033501190
1335556271009882113
1335556481496752129
1335556871730630656
1335556981491445762
1335557100697776129
1335557103222657029
1335557104451653636
1335557112202727424
1335557152593899521
1335557172005130242
1335557229408378880
1335557259162759168
1335557363919704064
1335557366918615040
1335557376984961024
1335557472258551809
1335557477446848513
1335557540176916480
1335557606216261633
1335557679197065216
1335557692442750976
1335557798919286790
1335557870230843392
1335558232509734912
1335558261270048769
1335558392048443394
1335558454623264768
1335558544876331008
1335558551302000641
1335558757519142912
1335558824493772800
1335558830617399297
1335558946317238280
1335558959319670785
1335559032267042817
1335559362971115522
1335559519032799234
1335559600477712387
1335559661580394498
1335559754555432963
1335559757734707200
1335559931341254659
1335560038996389890
1335560048827920384
1335560109188145154
1335560232655876097
1335560444820512769
1335560530862411781
1335560637309706243
1335561055481827328
1335561215096086528
1335561336755953665
1335561356301529089
1335561391160356864
1335561394251567105
1335561430993678337
1335561663857258496
1335561768740016128
1335561938496069633
1335562184110256129
1335562429108019200
1335562880461271040
1335562915018108929
1335562967925059584
1335563065740419072
1335563323136421895
1335563375917588481
1335563393605001216
1335563569207848961
1335563637969334272
1335563906228490240
1335563919696465921
1335563976344788992
1335564107026747392
1335564175154835457
1335564247804293120
1335564280696098816
1335564353161089026
1335564430306848769
1335564448019443713
1335564461437022210
1335564530034872322
1335564535382507521
1335564558728110081
1335564590328012800
1335564726030495744
1335564880489934848
1335564897430679553
1335564983439155200
1335565289870618625
1335565359877943296
1335565549112352768
1335565605714485250
1335565681048383494
1335565684844204034
1335565950704377858
1335566099988013058
1335566104417214464
1335566193781043201
1335566279793631232
1335566284092747776
1335566296109367297
1335566302572916737
1335566373972537346
1335566621881012224
1335566652834983936
1335566864550944768
1335566971497295874
1335566979500019713
1335567359063580672
1335567481679847424
1335568096245911553
1335568154546876416
1335568232825171969
1335568242266542082
1335568431115104256
1335568431366758401
1335568438820007941
1335568478934347776
1335568527416315904
1335568768358035456
1335568801048440833
1335568920946896898
1335568951309443072
1335569204628566018
1335569428881297413
1335569512649920512
1335569553741516802
1335569685820002304
1335569690366763008
1335569703796871169
1335569776513527808
1335569804384677891
1335569819425452032
1335569833778360320
1335569891655606275
1335569898920140801
1335570017224695813
1335570056697221120
1335570184434823173
1335570260980850689
1335570273224056832
1335570279003791360
1335570437372317697
1335570517982670848
1335570578527416320
1335570741715218436
1335570801735708674
1335570894257856512
1335570990429069312
1335571033500381184
1335571065561550849
1335571195358556160
1335571209443012610
1335571281266216961
1335571305261887489
1335571453941587974
1335571462321803266
1335571479585583105
1335571980297318401
1335571985708048387
1335572242265202693
1335572292433293312
1335572296371560451
1335572448918515714
1335572608042078209
1335572638169763840
1335572950729285632
1335573024905568263
1335573261573353474
1335573267231485953
1335573332285136898
1335573430104682497
1335573457459929088
1335573754051760128
1335573814130958338
1335573901192081408
1335573995014541315
1335574043609735168
1335574095736401921
1335574162908254209
1335574302444367874
1335574332416921600
1335574363677073408
1335574658167549957
1335574723644809217
1335574809808408579
1335574939185913857
1335574958743937026
1335575071511998466
1335575076494774272
1335575326609518596
1335575669208735744
1335575788255580162
1335575957051232262
1335575973929029632
1335576226686242816
1335576290825531392
1335576514482622464
1335576647983116294
1335576744284332032
1335576768405762050
1335576792921419776
1335576943840948226
1335576988002742280
1335577072421527553
1335577109792763906
1335577143712112641
1335577308556644352
1335577369273364481
1335577775718150145
1335577842386538498
1335577865212006406
1335577895729770496
1335577951165931521
1335578014739017728
1335578139070771202
1335578250060316673
1335578290665500674
1335578499919327238
1335579025297829891
1335579111352307712
1335579171054104576
1335579211210366977
1335579301610184704
1335579633388052482
1335579768641769473
1335579915643727873
1335579921608040449
1335580029414219784
1335580185672835075
1335580307123281921
1335580380406161408
1335580405840351233
1335580537864515587
1335580545129078784
1335580708425920513
1335580710405550081
1335580720203517953
1335580729594482688
1335580828596899845
1335581033006153729
1335581352058613760
1335581383683665922
1335581437710528512
1335581612541677569
1335581666056806403
1335581876485054464
1335581919631773696
1335582058538786816
1335582276936196096
1335582394192162820
1335582589848006657
1335582619950583808
1335582812955697152
1335582871193591808
1335582955788513282
1335582961891233792
1335583312593756164
1335583682921435137
1335583784230551555
1335584045565173761
1335584355046088710
1335584410339397632
1335584448142864389
1335584734508961793
1335584781652922377
1335584789525499904
1335584846253584384
1335584950549147648
1335584976411234306
1335584989212270597
1335585011190403073
1335585030115000323
1335585069302501376
1335585074906075137
1335585081604386817
1335585114382864397
1335585133311758336
1335585148025364480
1335585240589406211
1335585373670559746
1335585411729678336
1335585760263741442
1335586079529897985
1335586206483009541
1335586293296865282
1335586574512353281
1335586735959498753
1335586839563034625
1335586989761056771
1335587144602152962
1335587296834322435
1335587304178585604
1335587324709793792
1335587533816819716
1335587556566687744
1335587700024504323
1335587744244961289
1335587809915068417
1335587884477394946
1335587923270508544
1335587960419397632
1335588015847124994
1335588057022689282
1335588057135931398
1335588102262427648
1335588360388300806
1335588416277327873
1335588459357081601
1335588856922599424
1335588899494752257
1335589091732303874
1335589249840779264
1335589299518140417
1335589639713935363
1335589662354796544
1335589670726623232
1335589813555134465
1335589833146773507
1335589927711543296
1335589983604908032
1335590216237785089
1335590308147589120
1335590545750626304
1335590602264748035
1335590605406265344
1335590679003754496
1335590771576156162
1335591019728035842
1335591070290337796
1335591076690857985
1335591147020939264
1335591423513661441
1335591530032226307
1335591531256946688
1335591634361331718
1335591686794334208
1335591854117675008
1335592257571926017
1335592489911201799
1335592840139771906
1335593051650187268
1335593232563048456
1335593390637977607
1335593505452908550
1335593758340100098
1335593820357062657
1335593832163971076
1335594194094723079
1335594679329583107
1335594702872178689
1335594794207350786
1335594854114619392
1335594906417553415
1335595044947038217
1335595822596165632
1335596111172603905
1335596152767602689
1335596193729163264
1335596240525021185
1335596270166159360
1335596279410339842
1335596384700026880
1335596564849504258
1335596906446254080
1335597119705669636
1335597162810445824
1335597174181289985
1335597320369565696
1335597649567899649
1335597876693540865
1335598469931819010
1335598515569954817
1335598712123428864
1335598746286104578
1335598995951943680
1335599050763235328
1335599092056068098
1335599245458612224
1335599525474537473
1335599695520034819
1335599790730735616
1335599871999533058
1335599883378696192
1335599885387698177
1335599933219610624
1335599952496644106
1335599981525409792
1335599988244688899
1335600131920416771
1335600135389245442
1335600137754828800
1335600139717767169
1335600371570520064
1335600451639799809
1335600702870188032
1335600888266829825
1335601284641124352
1335601290445983745
1335601308095688705
1335601514287652867
1335601623335317512
1335601798485340161
1335601823630192640
1335601891498082305
1335601968627257344
1335602138492309505
1335602451471339522
1335602510631931906
1335602697542787073
1335602722041696260
1335602794213076992
1335602881156747266
1335603304647307264
1335603378655797248
1335603715877859330
1335603777357877248
1335603888335036418
1335603963673112577
1335604007658774530
1335604163103903749
1335604300421230593
1335604345845370880
1335604442679349249
1335604483624226817
1335604530575257607
1335604834469359619
1335604912953016320
1335604913108238336
1335604931282284577
1335604965906280449
1335604983518146560
1335605089973760003
1335605210878783492
1335605638207041536
1335605661086912514
1335606096619319296
1335606100431921155
1335606184993312770
1335606235681460224
1335606411062022146
1335606574484779008
1335606591341596673
1335606638275866624
1335607054707331072
1335607286396497923
1335607307720396800
1335607325877542914
1335607340880506881
1335607410891902977
1335607411374174212
1335607510926057472
1335607936484306948
1335607941727211521
1335608275145003012
1335608362403323904
1335608470528286721
1335608495538888704
1335608742688206849
1335608827928965121
1335608946753728513
1335609038608994311
1335609068048834560
1335609086457602049
1335609115767427072
1335609301881204736
1335610040724676608
1335610092180353029
1335610197843214338
1335610319989862400
1335610335949180929
1335610343008120834
1335610630359932928
1335610759976546304
1335611113153703942
1335611612997234688
1335611866446520324
1335612013955911680
1335612134273716234
1335612177542225930
1335612360762019840
1335612400356253698
1335612466110324739
1335612557281931264
1335612714517897217
1335612733786640384
1335613238835294208
1335613285320814594
1335613462400086016
1335613814943993858
1335613924343943170
1335614015058432006
1335614037124669444
1335614063431344134
1335614196327862274
1335614416436473858
1335614983120384002
1335615026858749954
1335615054541168642
1335615182891077632
1335615270702944262
1335615435279134724
1335615524529729550
1335615645849935878
1335615764657827844
1335615848699093005
1335616273271623680
1335616517904470022
1335616529153597440
1335616616139284488
1335616666835759106
1335616900273999873
1335617243514871809
1335617484351819777
1335617538315653134
1335617759984701443
1335617858269831176
1335618000767037440
1335618259488563201
1335618411821490179
1335618506151374852
1335618546114711552
1335618559716839425
1335618754332463119
1335618758598123522
1335618759378276352
1335618764130357251
1335619262455685132
1335620012346839040
1335620114041999365
1335620191611445259
1335620246590414848
1335620310645792769
1335620482540957701
1335620649793048579
1335620673167892480
1335620725919674370
1335620817942687748
1335621013237743621
1335621251725987844
1335621277957185542
1335621535151894532
1335621656706871297
1335621820578402306
1335622208878735361
1335622242491887625
1335622287144464395
1335622408640876546
1335622545702207488
1335622591348961280
1335622614199492608
1335622620033724416
1335622895725404160
1335623007725883394
1335623024821866496
1335623251494572035
1335623408948809734
1335623614134181890
1335623725509734402
1335623786713010178
1335623789321793540
1335623807516766213
1335624031224164353
1335624425174147074
1335624499224596495
1335624788367331328
1335624851797766149
1335625131050360833
1335625219994767360
1335625225300537345
1335625308481925121
1335625368754151425
1335625430699749376
1335625555639668736
1335625563264802818
1335625682379010057
1335625684631379972
1335625711307141121
1335626316318728196
1335626318017404928
1335626552499957760
1335626729965154305
1335626754581557249
1335626784189124608
1335626839872712705
1335626897779200007
1335626971078856704
1335627101563568128
1335627107691597835
1335627183256186881
1335627195386122241
1335627196828794880
1335627237152976897
1335627345802223617
1335627371702071300
1335627447606374402
1335627450915688448
1335627562249175043
1335627594008571906
1335627821629267973
1335627868274110466
1335627888939442184
1335628046385242121
1335628055495241729
1335628154392678401
1335628180292562946
1335628182364491778
1335628211401711616
1335628323209277442
1335628348853260291
1335628455212408832
1335628588213805065
1335628828098646020
1335629139517304833
1335629178033606658
1335629248762171401
1335629330089717761
1335629485161504774
1335629556112384008
1335629812417884165
1335630039703031810
1335630050197188608
1335630083776712705
1335630084393349120
1335630085722955782
1335630216899817473
1335630250097643520
1335630361116684289
1335630370654593026
1335630373364101121
1335630438501593095
1335630444373692416
1335630478976708611
1335630595670618114
1335630842849275904
1335631004925620224
1335631210698174465
1335631213097316354
1335631227492196372
1335631337252909056
1335631385302867968
1335631424251195394
1335631520925708290
1335631643604901899
1335631777898106880
1335631792783708160
1335631827894210563
1335631829953622022
1335631916410793986
1335632389171720202
1335632771755237377
1335633159904522240
1335633353123500032
1335633367367360512
1335633381510574082
1335633384345899013
1335633865776500736
1335633939403333632
1335634049788997632
1335634085583130624
1335634391339585536
1335634447530684423
1335634635850723330
1335635039216930821
1335635124067635210
1335635379274264583
1335635488724684806
1335635983895842816
1335636009120370690
1335636268739403778
1335636370178662402
1335636405201084417
1335636427686686722
1335636446053588999
1335636937584029696
1335637300219359234
1335637376891113474
1335637490322055169
1335637595854921731
1335637629203849218
1335637630097113089
1335637652691951617
1335637840328323073
1335637880287469570
1335637930803662848
1335638155295412224
1335638391065554949
1335638414138486796
1335638546540081152
1335638621311864833
1335638776610246656
1335638786412335105
1335638903349338115
1335638908143611906
1335639025118552065
1335639125744103424
1335639509032194050
1335639849186025473
1335639895260487695
1335639949064998912
1335640033433358338
1335640269199462400
1335640570258219010
1335640675254210564
1335640683709915139
1335641064724697091
1335641383445684225
1335641928092749826
1335642118086397952
1335642428339068929
1335642569401913346
1335642670673371139
1335643005563310080
1335643319733530625
1335643542312669186
1335643601137774594
1335643604065390594
1335643674336759810
1335643727713415168
1335643820390756353
1335643877919907846
1335644310604279815
1335644575927562240
1335645204611817472
1335645234580123649
1335645276858687490
1335645298920722446
1335645331208462336
1335645498636636160
1335645504856875025
1335645681990721538
1335646294711427077
1335646420033032194
1335646560797995016
1335647059723112451
1335647147912556551
1335647455417749504
1335647502608035842
1335647702550515712
1335647703838109700
1335647712147099650
1335647815352119298
1335647965734719490
1335648348326539265
1335648760144211969
1335648881242148865
1335648933759098883
1335648959000403970
1335648965187006466
1335649067385413636
1335649723584229376
1335649963628433410
1335650044062609410
1335650288401870848
1335650554828255237
1335650681911463936
1335651054604718081
1335651086447779841
1335651126503477248
1335651260700241923
1335651296947412993
1335652081760342018
1335652119584649232
1335652276388630532
1335652458304069634
1335652728115085313
1335652744535879681
1335652746444353550
1335652775477334027
1335652790765563905
1335653029106900998
1335653090180161536
1335653151391821828
1335653275014664195
1335653754830512128
1335653795238383618
1335653812795805696
1335653893959770121
1335654304657575943
1335654441492623361
1335654735328768000
1335654778475585551
1335654831311220743
1335655001620930567
1335655129043914756
1335655211386482695
1335655244525494274
1335655244685062150
1335655415615533057
1335655891203485698
1335655931842015234
1335656039119728641
1335656129045684224
1335656240622526471
1335656351230353408
1335656389222522880
1335656402585579522
1335656503261290496
1335656531732402177
1335657232348958724
1335657349084753924
1335657361218875393
1335657362829545474
1335657528294846470
1335657557298393089
1335657561840816129
1335657682196434946
1335658061751611392
1335658330849751041
1335658364169236482
1335658503655067649
1335658512895135747
1335658662799486977
1335658755166515201
1335658775987056642
1335658799668060163
1335658815589511168
1335658890894127105
1335659095987253250
1335659183316881410
1335659334152413184
1335659412241911809
1335659498309087236
1335659555963932673
1335659566449750017
1335659872503918601
1335659997552906242
1335660151622279173
1335660211269488645
1335660263681499139
1335660277811953664
1335660317574127618
1335660330308005895
1335660355733819394
1335660484712951814
1335660536801976324
1335660573007224838
1335660647305121793
1335660657220460548
1335660759712403458
1335660791450619904
1335660891128410114
1335660903870558209
1335660951157297154
1335660975916249089
1335661574653177859
1335661646761644036
1335661650922369027
1335661706165579782
1335661860897611777
1335661935094861825
1335662023875694601
1335662071476854784
1335662079118893077
1335662366793605120
1335662453858906112
1335662751373471746
1335662999340769284
1335663431844843527
1335663608987049988
1335663816173096961
1335664229261697025
1335664317400805381
1335664476436254724
1335664880486068226
1335665186154352640
1335665318186934274
1335665433291218944
1335665606180413441
1335665639080546307
1335665731627851776
1335665739186008064
1335665775949058052
1335665788963971073
1335665808215846913
1335665814310170630
1335666011811553286
1335666065947254784
1335666342658252800
1335666374014808064
1335666419082670080
1335666648594968579
1335666651505766400
1335666748843028484
1335666949443948544
1335667092348145665
1335667383101485058
1335667481399226368
1335667667957583873
1335667691181510656
1335667827932467200
1335667864951541760
1335667878981464065
1335667895871950848
1335668497993641987
1335668670517927937
1335668710787457029
1335668837128265729
1335668881613090817
1335668957077004289
1335669046176608256
1335669091269570561
1335669342760013824
1335669359734296577
1335669562931548160
1335669572100362241
1335669872597078017
1335669891198808066
1335669955409416194
1335670020530196481
1335670071633600518
1335670413389684738
1335670450840592399
1335670647301828611
1335670904634941442
1335671106041221121
1335671181454815232
1335671426356023298
1335671589292093441
1335671826324840448
1335671849473241090
1335671894461313024
1335672142197821440
1335672291045355522
1335672328387235843
1335672355595710464
1335672544628707329
1335672568855007232
1335672693551722502
1335672938767519746
1335673317286694913
1335673371099533317
1335673388384268288
1335673458131398661
1335673501295005698
1335673579392864256
1335673599039041538
1335673709324087297
1335673725597970433
1335673826349375493
1335673828769456128
1335673878903889920
1335674067165253642
1335674137801580547
1335674248736727042
1335674283197140995
1335674286380634117
1335674311269560320
1335674339426004994
1335674357406965760
1335674507101696005
1335674590593429506
1335674757572743172
1335674762178289665
1335674830029512704
1335675279319199745
1335675380515164162
1335675389037793282
1335675409191546880
1335675409812348928
1335675425499058179
1335675461934911488
1335675574883405835
1335675604637773828
1335675611159916545
1335675628666941443
1335675629048565766
1335675760175181825
1335675770212143104
1335675880908140550
1335676147670118400
1335676634960113669
1335676796075995139
1335676808965001225
1335676823758311433
1335677165912944645
1335677424273657861
1335677462018187267
1335677509833285634
1335677642134204419
1335677690477678595
1335677897818992640
1335678042501476354
1335678046314127366
1335678054052618241
1335678091071512576
1335678292611969027
1335678511672156163
1335678609030311939
1335678786235330560
1335678845958107144
1335678899947237377
1335679157095854082
1335679175810756614
1335679183545098243
1335679403716530177
1335679447706578945
1335679605668278275
1335679664937967616
1335679920245239825
1335679945125801987
1335680007604146182
1335680024687603712
1335680046195908608
1335680267592355842
1335680327734464513
1335680380385570817
1335680537961361410
1335680655649333252
1335680775434493958
1335680846125273090
1335680865268076545
1335680891235004418
1335681058541596673
1335681471361806338
1335681481180655626
1335681513057382401
1335681521974452229
1335681671367110664
1335681761423056898
1335681925701390340
1335681934916259848
1335681968097402884
1335682021872578563
1335682349468692480
1335682475314515968
1335682495682113539
1335682530834587649
1335682558248554500
1335682749336858625
1335682927531790350
1335682974050897921
1335682979545423877
1335683052278849541
1335683059480408068
1335683402180259841
1335683762609414149
1335683804992851970
1335683835846156288
1335683970789470214
1335684034161217539
1335684153061347336
1335684268069097484
1335684387464245249
1335684496247697415
1335684549112705025
1335684730453417985
1335684763898753025
1335684979343372292
1335685092765732864
1335685109450682372
1335685159920820224
1335685312299888640
1335685736700514306
1335686090594848768
1335686364541677570
1335686708889784320
1335686950666317834
1335686955095511045
1335687222885019652
1335687737568071680
1335687798033145856
1335687929637842944
1335688119480422403
1335688212220669962
1335688488533053449
1335688649875329026
1335688735212625922
1335688822336741376
1335689001886486529
1335689364685418497
1335689627152347137
1335689678389964802
1335689701005664264
1335689875559944198
1335689984746074114
1335690021471449089
1335690025724485632
1335690285494513666
1335690481594937345
1335690483608276993
1335690508954382343
1335690516722307081
1335690951415787521
1335691306329403398
1335691388013469696
1335691415486148609
1335691571606548484
1335691620843479041
1335691737885511680
1335692137359433730
1335692189003898890
1335692444437008386
1335692459477786627
1335692673865424898
1335692778467172353
1335692805696614400
1335692920964386824
1335693004116553730
1335693013700513797
1335693031454994432
1335693045807902724
1335693140825694209
1335693299496013824
1335693305384996870
1335693330756329474
1335693339308552195
1335693373089476608
1335693450503663617
1335693682167721986
1335693905023602688
1335693924518797317
1335693987836014594
1335694167171866632
1335694220473065474
1335694259333304323
1335694311002927113
1335694360852226048
1335694400127635464
1335694472806621187
1335694565974667274
1335694702142746629
1335694775555674112
1335695236476047362
1335695351160909828
1335695469155119104
1335695761359708160
1335695772394737664
1335696628951506944
1335696778029654017
1335696811391131648
1335696973857513472
1335697161066000391
1335697382802153476
1335697656560177153
1335697691532267523
1335697804954570759
1335697872344453122
1335698026833145857
1335698033598750721
1335698033737158657
1335698043493093379
1335698059842482176
1335698531282259973
1335699227398246406
1335699284826542080
1335699285904666624
1335699587156340738
1335699629976018949
1335699638607896580
1335699718526087170
1335699751149441025
1335700542966915078
1335700814778785799
1335700956957323267
1335701050918137857
1335701205738196998
1335701248922836996
1335701346264227840
1335701560194580482
1335701653127897107
1335701728583356417
1335701760908857346
1335701810200408066
1335701838683926529
1335701895575375879
1335702160785498112
1335703029308411906
1335703059620478976
1335703082718486529
1335703315397619715
1335703359693729793
1335703704448667650
1335703762275594249
1335703890776518660
1335704066152796160
1335704212785737731
1335704321615335424
1335704328846323717
1335704758196326401
1335705147486445571
1335705334283907074
1335705367695806466
1335705455935574017
1335705577461342213
1335705582137991171
1335705766360215556
1335705773880512514
1335705795531567107
1335705824308637696
1335705883758780419
1335706013274689546
1335706434445725696
1335706588645089282
1335706632928505856
1335706998004994052
1335707091722526727
1335707147229933572
1335707227966083074
1335707346463465472
1335707351391694849
1335707366592028680
1335707970076897283
1335708213971472386
1335708226369822720
1335708755544170496
1335708802168074248
1335708835395362816
1335708892530143242
1335709249771610113
1335709592647593986
1335709667511705606
1335709957065498628
1335710170060615687
1335710235554689025
1335710284766392323
1335710347400011779
1335710352160530432
1335710629404041216
1335710744797712384
1335710925580611593
1335710940612931587
1335711114680803333
1335711133282545670
1335711238811250688
1335712462595829761
1335712791295045633
1335712963966230531
1335713134166872065
1335713134271754240
1335713140978429953
1335713279608500228
1335713485557207040
1335713709478514694
1335713833843904512
1335713961963098115
1335714090946269187
1335714346152980480
1335714404470550530
1335714497789644809
1335715537205272582
1335715548852875264
1335715640410247172
1335716120016392194
1335716339953045504
1335716602529144832
1335716703649542154
1335716784054235137
1335716975067230210
1335717011595341827
1335717666871504899
1335717891732365314
1335718055058546688
1335718264601800711
1335718313243136001
1335718314614644737
1335718620702396421
1335718768589361152
1335718890186416133
1335718909639528448
1335719203282841602
1335719341590016002
1335719382941638657
1335719474851241985
1335719560859836423
1335719561249890306
1335719606795853824
1335719711720562692
1335719745396613120
1335719839462289420
1335719874300170244
1335719909800747016
1335719982773260297
1335720050670641155
1335720131142496257
1335720401033367554
1335720787534368770
1335720789006495747
1335721136617873409
1335721661023268866
1335721683794223105
1335721724185341952
1335721890514685952
1335723078077218817
1335723093692719105
1335723228564762625
1335723814513238021
1335723857907494913
1335724043106967552
1335724087952412673
1335724485861838849
1335724753701769219
1335724960506109957
1335725411519631362
1335725812750950406
1335726422241980416
1335726718682804227
1335727067380453378
1335727144136302596
1335727815648567296
1335727902005075970
1335728009983250436
1335728386149396482
1335728614185205760
1335728756917407745
1335729184346435586
1335729619178119169
1335730643192475649
1335731032419610625
1335732000964145153
1335732683884945409
1335732739056791553
1335732776503562240
1335732940177805312
1335733227454144519
1335733252045332482
1335733601770594305
1335733696465342464
1335734852705021952
1335735152765353985
1335735509788684288
1335735736092528640
