1384658137504911361
1384658139186810883
1384658142257090560
1384658185689071617
1384658187073245187
1384658254693904385
1384658264462397442
1384658315540668417
1384658411283881985
1384658493010022403
1384658550492913668
1384658566137667584
1384658576577282053
1384658630272765955
1384658641215578113
1384658682932301831
1384658704742686720
1384658763223810050
1384658828474585088
1384658870325366784
1384658978068701184
1384659032493887490
1384659120003895297
1384659123040661505
1384659131932549123
1384659151029252100
1384659172780879875
1384659179969908737
1384659332135014408
1384659339479224320
1384659395804647427
1384659417652662273
1384659437869314057
1384659440775876608
1384659448501706752
1384659569977266179
1384659691326910465
1384659702102036480
1384659719885893633
1384659818754027525
1384659820599463936
1384659842019774466
1384659885485436931
1384659954490032129
1384660032143384576
1384660101538193409
1384660131590311936
1384660174674305025
1384660240432566272
1384660336553365512
1384660447933108226
1384660477263888389
1384660484457123841
1384660535338221570
1384660567823196160
1384660653617532931
1384660674190745602
1384660730310451200
1384660786753294343
1384660852981260290
1384660945272717312
1384661031587307520
1384661198667489283
1384661227285188609
1384661232242864130
1384661430272724992
1384661472337408009
1384661496936996865
1384661497310289922
1384661608635453441
1384661660279836674
1384661687303868421
1384661757675909129
1384661759617904640
1384661761094262790
1384661812805873664
1384661853675077635
1384661911980150787
1384661912156352514
1384661925569646593
1384661957693906944
1384662029420662786
1384662078758297602
1384662085032947713
1384662108747534336
1384662200472768512
1384662241891557377
1384662255539834887
1384662279732482050
1384662381255659520
1384662387400261639
1384662412452827138
1384662416009609216
1384662431117496322
1384662436305797121
1384662458086866944
1384662482506207239
1384662499518210054
1384662523127943169
1384662539733176329
1384662552534306817
1384662557525479424
1384662677474226178
1384662851432878082
1384662907225522177
1384662957607596033
1384663015463784450
1384663046589661185
1384663074276261889
1384663093960138752
1384663159487844353
1384663163333922818
1384663219114020865
1384663275854602241
1384663282582179845
1384663286495469572
1384663311254437891
1384663328589598727
1384663421862486018
1384663499528450049
1384663554771591173
1384663655917182977
1384663679635972099
1384663680051257344
1384663682681122820
1384664047321243649
1384664222769033217
1384664300544012291
1384664306885726208
1384664450674970630
1384664466458038272
1384664480353865728
1384664526226927618
1384664609307697154
1384664640874061824
1384664664760635393
1384664730434998272
1384664736567070722
1384664763083460613
1384664774047375363
1384664934517252097
1384664966767292422
1384665008613777413
1384665161923977217
1384665170841067522
1384665202298400768
1384665266903306240
1384665268245389314
1384665288977883136
1384665382686953472
1384665421207556097
1384665536966049792
1384665588161605634
1384665596890124289
1384665620038496257
1384665686627213315
1384665686895513604
1384665687361269761
1384665687512125440
1384665688208510978
1384665776637022212
1384665806445760512
1384665882690048005
1384665898053742593
1384665952508383233
1384665957197619200
1384665975857946625
1384666003339161602
1384666131538096133
1384666241055477762
1384666484933373953
1384666493674270723
1384666514385776643
1384666626977636353
1384666641502547978
1384666651631788033
1384666731088646149
1384666750181126144
1384666843080794112
1384666897103400960
1384666991609397249
1384667063982112768
1384667228386246656
1384667279535771650
1384667282916401155
1384667293880360965
1384667469583945733
1384667681501110274
1384667689600397314
1384667797398212608
1384668011236401153
1384668033495572482
1384668073127415810
1384668167964921856
1384668190601515009
1384668203347976194
1384668203419279366
1384668233672896513
1384668260533211140
1384668333811843072
1384668376866328581
1384668425390284801
1384668492394340355
1384668523096588295
1384668571322703873
1384668761148596224
1384668764835356676
1384668804123435008
1384668864433299456
1384668893227241473
1384668986596540416
1384669102078406657
1384669145627865093
1384669151046868994
1384669196194402304
1384669408166129664
1384669461517639683
1384669622968934403
1384669731903377409
1384669816921989125
1384669840401633287
1384670008593338368
1384670055930159109
1384670064830525441
1384670079330160647
1384670171038687233
1384670205826244613
1384670339981008901
1384670356963725314
1384670380510547971
1384670402794987520
1384670417361809410
1384670483195564032
1384670524903759872
1384670720106668035
1384670808149274627
1384670868400271363
1384671045098016770
1384671049317593091
1384671117374283776
1384671253131370496
1384671280528564228
1384671493896900617
1384671588365135875
1384671611366821889
1384671668166086657
1384671695122927616
1384671726391513089
1384671839574794242
1384672183004315649
1384672444988993536
1384672450697433088
1384672457034960899
1384672469752193024
1384672475393441796
1384672514207588355
1384672518867402752
1384672627260858375
1384672682055196673
1384672718931570691
1384672723054497793
1384672829380104192
1384672888914128900
1384673016001531905
1384673056367448065
1384673061048406017
1384673140362645508
1384673240975511558
1384673353391165442
1384673383774887936
1384673468806045698
1384673506374393858
1384673512464424962
1384673529589813250
1384673578558316544
1384673633998626816
1384673690596544512
1384673713744924674
1384673717402353667
1384673760805105665
1384673855898259456
1384673881353510920
1384673890098688005
1384673985078640649
1384673991860920322
1384674165052133376
1384674257796538368
1384674280345059331
1384674285910908928
1384674345650372609
1384674476462419969
1384674593542217729
1384674607316230145
1384674616476672001
1384674713578967047
1384674746407739392
1384674873717428234
1384675201259118598
1384675324726755332
1384675371946106889
1384675418578505732
1384675422772805635
1384675501386706944
1384675550682357762
1384675624774737923
1384675644131454978
1384675922087972865
1384675950818902018
1384676050291015681
1384676063477964800
1384676114564583424
1384676161238802435
1384676230763589634
1384676233846431745
1384676243635941379
1384676275621617666
1384676298866495490
1384676312854503424
1384676322417520641
1384676418894827520
1384676434334167040
1384676442215170050
1384676473362128897
1384676610335465472
1384676639225831426
1384676647136342017
1384676747136876546
1384676818951749632
1384677011306733576
1384677043615543300
1384677076976930817
1384677160271716352
1384677193146638336
1384677465562431491
1384677473804292096
1384677531962396675
1384677549096198145
1384677749277736964
1384677753132306432
1384677833155481602
1384677875467554823
1384677958825218055
1384678003976904706
1384678022880632839
1384678038600888322
1384678048021286912
1384678086629789697
1384678277307150336
1384678415387828227
1384678480042991619
1384678521688166400
1384678613992214529
1384678629762899968
1384678643130114048
1384678753381588998
1384678773069656066
1384678868938862592
1384678879344877570
1384679019237494785
1384679085515882498
1384679154206089216
1384679161600557059
1384679293469564929
1384679371001171968
1384679400185253888
1384679439120879617
1384679662698340353
1384679665357426688
1384679665638559752
1384679693341839360
1384679701076234241
1384679752573898753
1384679771544633346
1384679882924466178
1384679887609503745
1384679928281640962
1384680176466808837
1384680227075416064
1384680534597537795
1384680545842565121
1384680574510637057
1384680653627736064
1384680656148602881
1384680705070936066
1384680711525969921
1384680760620294144
1384680786163609609
1384680787572834304
1384680797093994496
1384680845315878921
1384680897195220992
1384680951989641218
1384681098026835968
1384681160052256769
1384681183657615360
1384681226221596673
1384681301765238787
1384681464797749249
1384681599435001856
1384681643403841537
1384681822722928640
1384681838300499970
1384681857611091980
1384681865534132229
1384681957565554689
1384682026230484994
1384682056408576001
1384682068123144194
1384682126814158850
1384682199560110080
1384682340534861825
1384682440883572739
1384682451495174147
1384682552074637313
1384682636564631562
1384682657905364992
1384682694211248129
1384682719515451393
1384683020922335233
1384683165684432897
1384683178619772930
1384683179072757766
1384683253165080576
1384683343317450754
1384683376481869832
1384683519251779584
1384683565150048257
1384683665200930819
1384683681839783938
1384683697161572352
1384683720439910401
1384683757509255170
1384683780288483335
1384683791348912131
1384683881316724737
1384683888879063041
1384683892720996359
1384683932826980352
1384683998572646402
1384684044399431681
1384684290076778496
1384684340592926722
1384684421794648064
1384684604490092546
1384684614552326151
1384684730541617152
1384684826305961984
1384684826696036352
1384684868030849026
1384684908807864320
1384684927661219840
1384684947152293891
1384684985911857153
1384685007143309313
1384685020451909632
1384685054744465410
1384685095873925122
1384685125926064129
1384685158188687362
1384685162592718856
1384685274148507649
1384685582123679746
1384685604613599232
1384685829461774339
1384685857601474563
1384685915591880704
1384686131695001602
1384686218802122754
1384686360460681216
1384686437644349441
1384686527607889922
1384686558712827907
1384686559551709186
1384686593542299651
1384686599162716160
1384686636907307010
1384686667563372550
1384686746311479298
1384686804880838656
1384686867627581444
1384686975211294720
1384687043880656897
1384687145412141057
1384687255600701440
1384687337066700802
1384687481396793345
1384687669570121728
1384687749727461377
1384687814105784322
1384687864085164034
1384687916966875136
1384688005852667905
1384688155002089472
1384688217715351552
1384688245733212160
1384688246605717504
1384688255933853697
1384688265329090562
1384688336850219011
1384688337332568069
1384688337676423169
1384688339480027141
1384688370404712451
1384688381607698432
1384688473483927553
1384688537115799552
1384688627310075908
1384688672847532032
1384688724211077121
1384689111542505473
1384689147584073729
1384689187190935552
1384689202508533767
1384689203888394243
1384689221433237504
1384689235131879425
1384689269923618819
1384689530201157632
1384689587814027265
1384689594554269697
1384689673159720961
1384689845998587906
1384689909139705857
1384689912704872455
1384689969319583752
1384689981671759872
1384690055290228738
1384690074152022016
1384690267635212288
1384690285964414977
1384690416591724545
1384690486141722624
1384690534879580160
1384690671458656256
1384690750806450181
1384690843693506565
1384690852488953857
1384690852505669636
1384690853667561473
1384690969749164032
1384690984303407104
1384690987444867073
1384691070961913858
1384691140314685442
1384691202675597313
1384691268404617218
1384691385010475010
1384691396150444033
1384691420242587649
1384691432045305862
1384691443390951429
1384691535007072259
1384691577818320900
1384691590359302147
1384691637725581312
1384691786472374272
1384691825798262784
1384691939962937344
1384691960250839042
1384692167843713027
1384692177947799552
1384692194599182345
1384692308512317441
1384692401961308165
1384692402292772864
1384692449990283272
1384692452032921602
1384692501764841472
1384692713807884290
1384692727305080833
1384692979500204033
1384693012085751808
1384693202540765188
1384693239324848130
1384693399891189761
1384693471596974080
1384693668939018241
1384693707568451587
1384693949307277313
1384693966382247936
1384694044413022209
1384694101740769283
1384694120002822145
1384694264928604164
1384694428405747713
1384694458365747201
1384694551244312577
1384694632685113344
1384694788964995072
1384695127646539776
1384695175512002560
1384695217920610305
1384695220001026049
1384695230033760261
1384695236472066048
1384695273721630721
1384695280054976512
1384695321452810241
1384695331003277317
1384695362833760257
1384695426251730946
1384695491389165574
1384695531272822786
1384695716669542400
1384695717227286528
1384695796579381248
1384695812626649091
1384695816481386508
1384695828959334405
1384695868125847553
1384695883854405634
1384695886224232451
1384695886723260416
1384695892578611203
1384695899528564738
1384696027622559745
1384696119742062599
1384696137446273027
1384696203074576385
1384696241464950791
1384696300348874758
1384696308888444930
1384696330669510663
1384696363447988230
1384696369382895617
1384696410759733249
1384696411606953986
1384696452497149953
1384696520507854854
1384696527642402818
1384696667467915271
1384696739517669377
1384696761608978435
1384696770786119687
1384696924205367301
1384696990198648833
1384697074873208833
1384697215285878784
1384697485298372611
1384697503648473089
1384697546640068611
1384697791922855940
1384697824084910085
1384697881202995203
1384697897749520385
1384697932113498113
1384698042666868736
1384698100149891073
1384698100242173958
1384698240763895808
1384698242798166016
1384698404278841346
1384698619320745987
1384698627226996738
1384698705400500225
1384698806613135366
1384698879145353217
1384698902360776704
1384699041376837632
1384699101330251776
1384699171010228224
1384699204770177032
1384699205973909504
1384699419359170560
1384699448857595910
1384699485834645504
1384699620018819073
1384700064195612672
1384700078443700226
1384700087226540032
1384700265958449152
1384700290415439877
1384700361525665793
1384700436788092929
1384700440475017221
1384700551531728900
1384700616153382912
1384700618745470981
1384700641013125122
1384700694872080390
1384700790091173892
1384701016273207299
1384701134636568576
1384701328430088193
1384701439621074945
1384701452304613376
1384701482197454851
1384701587273224193
1384701712330633219
1384701768102260738
1384701807205785605
1384702017382146050
1384702041243754496
1384702041801510913
1384702167123206145
1384702203928121345
1384702297398259712
1384702386787299329
1384702533063544833
1384702553083027458
1384702680426160131
1384702718271496192
1384702914862665729
1384703219805343752
1384703222204583937
1384703267570081793
1384703319294283776
1384703407156613120
1384703435384233991
1384703448449441793
1384703499506683905
1384703617010184199
1384703703719026689
1384703839220162561
1384704013170614273
1384704152912211970
1384704174210826247
1384704304318226433
1384704568928448515
1384704576046108673
1384704651543654404
1384704692475899913
1384704721022226433
1384704798478512130
1384704858155061248
1384704919836499970
1384704944872333312
1384704949544701955
1384704986748162048
1384705246279127042
1384705529713512449
1384705589947809792
1384705700375453699
1384705701151313929
1384705720625549314
1384705853627015168
1384705868642533377
1384705921083977728
1384705952050450432
1384705956538421248
1384705966390788096
1384705974603239424
1384706041657663491
1384706150696984582
1384706315801485313
1384706316808200194
1384706343593025538
1384706510866034692
1384706639815757826
1384706681859366912
1384706741938663425
1384707019207217154
1384707211960754176
1384707236937748481
1384707251848597510
1384707412318433280
1384707413752832001
1384707527804338181
1384707552194215936
1384707720830455809
1384707861759074304
1384707874895671301
1384707905212006400
1384708107708911616
1384708190877720578
1384708295554965505
1384708320355831808
1384708542347849729
1384708575570927617
1384708861886566400
1384708878072434688
1384709086072160257
1384709129365823488
1384709325722165253
1384709328188420097
1384709399495811074
1384709543268081665
1384709581612490754
1384709679557877761
1384709777117388801
1384710182043897856
1384710231486312448
1384710244077608961
1384710268773715968
1384710444187897859
1384710468166688768
1384710469378838529
1384710475913465867
1384710500152496129
1384710561968140288
1384710606985510916
1384710627600609281
1384710742449049602
1384710851618291712
1384710912330936321
1384710986137997314
1384710986599305218
1384711016563499009
1384711396470968323
1384711484639436800
1384711582790426625
1384711585545994240
1384711626541174787
1384711636536209410
1384711652969353222
1384711878740430852
1384711893512773637
1384712005504864257
1384712064481042432
1384712078024380423
1384712082843652097
1384712125399109633
1384712209494904835
1384712228922970113
1384712229778567169
1384712237080850432
1384712288037449728
1384712337505099777
1384712380836425728
1384712431881031685
1384712495127056384
1384712585107415041
1384712773079293953
1384712836954402825
1384712836962820097
1384712945205227520
1384713025651986436
1384713209458868225
1384713233605476352
1384713262973980676
1384713326454734859
1384713474358530049
1384713509121019906
1384713650527739905
1384713764625285121
1384713818983616512
1384714263831404544
1384714286220685315
1384714313223528449
1384714659022835712
1384715339305455616
1384715541034815488
1384715721704361986
1384715739416993792
1384715743661539329
1384715758446555145
1384716072197267457
1384716348207554563
1384716349365174275
1384716390041587712
1384716439421177858
1384716606979334144
1384717063969726465
1384717354005929984
1384717437808041989
1384717460906053632
1384717698089816064
1384717710525931521
1384717713591898112
1384717741521768453
1384717821263896576
1384718020510105600
1384718047722704896
1384718192493355015
1384718272331931648
1384718506609025025
1384718534840918017
1384718536535384065
1384718538116673536
1384718538967982087
1384718621809725441
1384718641984413697
1384718904208076801
1384718961112141825
1384719232559108096
1384719324783517696
1384719468467834883
1384719637846298625
1384719807984062465
1384719864149991425
1384719981389172737
1384720023181221891
1384720047474675713
1384720372726108163
1384720391566938112
1384720591706640384
1384720623792951297
1384720944351096834
1384721164740743169
1384721375869427713
1384721425433509891
1384721552982347776
1384721598423392256
1384722272783589378
1384722305029492739
1384722309995319296
1384722343033982977
1384722757792026624
1384723433636904960
1384723439441809408
1384723490436173827
1384723546266607616
1384723568076992512
1384723689644642308
1384723801083105283
1384723973129318401
1384724010647314437
1384724047037091840
1384724354609598469
1384724730155081728
1384724782424498177
1384725003380432898
1384725133814870016
1384725377843609600
1384726173805072384
1384726235008225281
1384726298598297600
1384726299814604805
1384726454957744130
1384726456291442688
1384726495323725824
1384726588009459712
1384727110888181760
1384727167154761731
1384727343135080448
1384727411166793729
1384727697952329730
1384727984649691136
1384728490881204225
1384728601107513345
1384728601606688769
1384728603682816000
1384728656837324801
1384728658338885632
1384728682665758723
1384728829835554817
1384728975646277633
1384729156240433152
1384729563587035140
1384729962788368384
1384730439705931777
1384730617405968387
1384730921182679041
1384731117941444612
1384731279158087680
1384731635879448576
1384731787339894784
1384731881867038722
1384732047034523649
1384732247291572224
1384732418914103296
1384732612732805121
1384732864571400192
1384732909035261955
1384733271569883137
1384733380181381120
1384733634654056452
1384733721652301826
1384733752757268482
1384733789394542593
1384733878120747008
1384734061189636101
1384734158816169986
1384734781800337409
1384734856769310721
1384735417652715520
1384735486749577217
1384735550301777920
1384735899351650304
1384735904380727296
1384736562471129089
1384736925349679107
1384737196796743682
1384737981903278080
1384738384745312257
1384738438159556610
1384738627150696449
1384738678778515458
1384739397233479682
1384739599176642561
1384739969785282561
1384740021106888704
1384740350745620480
1384740392717983747
1384740440969150469
1384741184413782016
1384741185059762177
1384741531056181248
1384741737571180545
1384741753274748928
1384742485994315778
1384742497818189825
1384742561957482497
1384743361299484674
1384743392219967490
1384743536625602560
1384743726036267008
1384743797066719232
1384745303245524993
1384745759719964675
1384746171357409281
1384746465495601152
1384746750477578240
1384748737709359106
1384748737902305280
1384748738506264582
1384748793279782912
1384748799814475776
1384749124562657282
1384750235101057024
1384752374049296385
1384753361023537152
1384755355767431172
1384755784278491138
1384755961672486916
1384756285208371207
1384756337595371522
1384757162329640967
1384757649129054208
1384758071315079169
1384759026781757442
1384759759937675265
1384760059029188609
1384760143804604416
1384760967234531328
1384763374517510144
1384763649122881541
1384763837010821121
1384763998495780865
1384764029151895552
1384764068779724802
1384764077336104960
1384764082675404801
1384764126812119041
1384764701482131457
1384764924560293888
1384766350371942403
1384766556945719296
1384766967840747521
1384767635020304384
1384768719092699136
1384769381759176706
1384770050691932160
1384770074356166656
1384770721377890305
1384772366144782336
1384772511007744000
1384773839469617152
1384773904951091203
1384773910974062594
1384773925326970883
1384774190293790722
1384774337492815873
1384774694461755395
1384774703936638976
1384774722710347776
1384774727386943490
1384774733435125762
1384776209901539329
1384776994836172800
1384777007452631041
1384777033725714434
1384777043716497409
1384777051194920960
1384777771130540032
1384778937302192129
1384781200158461953
1384781464215109632
1384782708254126081
1384782783097212929
1384784271097962498
1384785090652278785
1384786483387670531
1384786556859396099
1384787414087049217
1384788453943021568
1384789288815054848
1384790164929662976
1384790257665642497
1384791730629844992
1384792482182045697
1384793360158924801
1384793720239820805
1384793789798273024
1384794036502994946
1384794350991724544
1384794467400658944
1384795271968825345
1384795388075462657
1384795787817889793
1384796549042032642
1384796965087715330
1384797801641566208
1384797807446425602
1384797814853574658
1384799567917588480
1384800643932622853
1384801096800014340
1384801582806601728
1384802073276002305
1384802206394863616
1384802754816790529
1384803013420883968
1384803111630303235
1384803151023284229
1384803157272899585
1384803391436591109
1384804035945959424
1384804542802546695
1384804890996772866
1384805167380508675
1384805299874418690
1384805366563749889
1384805781812482048
1384807502844465156
1384807554161709057
1384807933628895233
1384808206548049920
1384809133581291522
1384809137427554305
1384809139868606464
1384809147678355457
1384809157069623296
1384809167962136582
1384809443045650434
1384809495323451399
1384809548037427200
1384809548578492416
1384810205695905793
1384810304270385152
1384810390660567041
1384810674124066816
1384811094036807684
1384811546627481600
1384811648477769733
1384811694929719300
1384812011167567873
1384812143845969920
1384812515331350531
1384812533098237958
1384812677051133960
1384813019520241669
1384813055406714881
1384813072062328832
1384813433221095427
1384814165144055809
1384814211545669632
1384814225772716033
1384814265786380289
1384815106765201408
1384815569212526601
1384816071828512769
1384816115868528642
1384816209036730368
1384816228825509888
1384816626265120770
1384816683139874817
1384816683911716867
1384816828103512065
1384816892200751105
1384817055602446337
1384817940067930114
1384817940273373184
1384818035928797186
1384818092983922689
1384818239335665664
1384818252715540482
1384818420437372928
1384819198350692360
1384819275756621825
1384819374528344066
1384819662085570560
1384819818356875268
1384820011122974720
1384820446214905857
1384820456541261824
1384820457099120644
1384820694618361857
1384820925351276544
1384821266369155072
1384821383256018947
1384821843694178308
1384821846839803905
1384822172426907649
1384822244665401344
1384822740692078597
1384822793900937218
1384822821356937217
1384822839035920387
1384822973165604866
1384822973257818112
1384823281342091266
1384823324497354753
1384823406852464642
1384823751347429376
1384823804493455361
1384823814501158913
1384823843601084419
1384823904389275650
1384823907593637888
1384823979991396354
1384824132622299136
1384824239572852736
1384824241179152391
1384824309147897856
1384824351732740098
1384824483496792067
1384824483857387530
1384824537787899904
1384824755635765249
1384824802016436227
1384825395338530816
1384825410815463425
1384825449507921920
1384825490129801216
1384825501127258112
1384825557586640900
1384825561755922439
1384825655141994499
1384825780295946240
1384825820263469057
1384825899367993351
1384826021120204803
1384826192679866370
1384826280353357824
1384826367120973824
1384826525661421569
1384826571077337088
1384826614207373315
1384826721967427584
1384826748194332677
1384826822458810368
1384826859368685568
1384826941530906628
1384827088792920064
1384827493534756866
1384827508353286145
1384827630453678080
1384827645343457280
1384827671012646912
1384827736133406722
1384828006259101698
1384828024282091520
1384828029365538816
1384828073640529922
1384828090497617922
1384828164371795969
1384828292579139585
1384828534699528192
1384828626261135362
1384828662126612480
1384828752203505664
1384828768074805250
1384828793173553152
1384828837050077191
1384828896990965760
1384828981673873408
1384829032395595777
1384829047734218752
1384829081615839233
1384829229469163520
1384829234263306241
1384829352001560579
1384829367541538817
1384829385388199937
1384829500261810177
1384829768269398019
1384829869196988418
1384830010909990913
1384830142548168704
1384830181299347456
1384830380667199488
1384830523315425298
1384830617465012224
1384830713980198912
1384830731516534784
1384830879000899587
1384830925700276226
1384830956452917249
1384831025872842753
1384831028259442696
1384831094609043457
1384831240923197440
1384831253103448066
1384831283449171969
1384831322275950593
1384831363539419137
1384831437921193986
1384831512353333254
1384831782508322824
1384831782890127362
1384831783011762176
1384831828478017536
1384832021403418627
1384832187250380805
1384832426074116099
1384832429282705409
1384832433015738368
1384832477982826497
1384832754601414658
1384832780434030602
1384832852748013568
1384833079240450050
1384833149792817154
1384833272878977024
1384834046149074944
1384834104785612800
1384834152147603456
1384834297979457537
1384834355839782912
1384834413230497794
1384834535410577408
1384834539370041344
1384834561813647364
1384834888185139204
1384834968300445697
1384834969168646144
1384835007911444481
1384835101733924866
1384835125792362498
1384835170432425986
1384835285935173636
1384835307095404545
1384835333855006721
1384835569377628164
1384835570996817921
1384835722532818944
1384835790497267713
1384835796751065088
1384835878439292933
1384835887352225795
1384836211186016258
1384836247588327431
1384836333126914050
1384836411489128448
1384836559661318145
1384836594880892928
1384836646089134080
1384836739936788481
1384836778876616705
1384836799567175680
1384836923051724804
1384836979729354756
1384836981423853570
1384837051464527872
1384837146104770565
1384837192804192263
1384837266632323074
1384837448656642048
1384837473239437313
1384837490713022466
1384837498329829377
1384837593410514945
1384837667112767489
1384837820385267713
1384837944830218242
1384837974844706818
1384838085536518146
1384838152427278338
1384838205900533761
1384838261105991681
1384838487631876098
1384838668494557195
1384838864964050952
1384839079250972672
1384839110762942464
1384839146490011648
1384839181734658048
1384839324504571904
1384839331727110146
1384839331836092425
1384839336093421569
1384839336475217924
1384839338161233922
1384839339771846657
1384839379038973955
1384839477672222720
1384839513277599744
1384839532865114116
1384839729301053440
1384839730823581699
1384839821538074624
1384839885996109825
1384840154905468934
1384840274191454210
1384840550550056960
1384840552844304389
1384840778749468678
1384840982164873216
1384841055355482113
1384841111890538496
1384841187710877696
1384841319873499137
1384841443185934336
1384841596034764801
1384841605497114631
1384841878344982530
1384841920267051016
1384841995206766595
1384842364276072451
1384842415253688320
1384842417753534466
1384842438683025412
1384842533142999044
1384842567192391680
1384842585487953922
1384842627200266246
1384842666240843782
1384842678433730562
1384842741922861059
1384842819123224580
1384842851859771392
1384842972320215041
1384842989105815553
1384843106428674050
1384843143678418944
1384843162942857221
1384843217682767878
1384843250218029058
1384843263551676417
1384843321483354112
1384843439943163909
1384843504988393472
1384843524210888704
1384843553956847616
1384843603126722561
1384843666553032706
1384843741677096960
1384843752670433281
1384843901438201856
1384844073882853380
1384844244683214850
1384844406507835392
1384844910835257345
1384845000492654596
1384845012505186314
1384845106658881543
1384845113013243904
1384845276163330048
1384845319402369031
1384845329929998337
1384845361056002049
1384845406379597826
1384845409143693312
1384845495064006657
1384845631341072385
1384845650228043776
1384846157810184194
1384846595439697924
1384846625273749506
1384846663836127233
1384846761089437699
1384846828970127369
1384846881889660928
1384846930380005376
1384846968804057088
1384846975456235526
1384847060474556422
1384847101419479042
1384847201680117768
1384847226195828736
1384847235159142408
1384847273432072193
1384847276376473606
1384847277768986625
1384847331363799040
1384847420597616646
1384847478739152898
1384847533172736003
1384847737494065155
1384847740790874115
1384847744985178117
1384847750513233921
1384847799376822272
1384847984572182528
1384848000770523137
1384848068810584071
1384848114398416899
1384848139115507714
1384848139224449028
1384848142106079232
1384848211517616128
1384848464060854272
1384848541252734982
1384848541554774017
1384848624769806336
1384848648417255424
1384848792340602882
1384848800003543045
1384848875387752448
1384849163129704449
1384849174148132867
1384849217047433218
1384849271208480769
1384849362698768384
1384849390238588928
1384849462405763073
1384849494802452486
1384849518877974537
1384849536309411842
1384849639543906306
1384849692945702915
1384849770615738371
1384849859761647618
1384849931278692357
1384850164091920384
1384850326201802754
1384850366911684608
1384850376457850880
1384850428597309440
1384850452861407234
1384850622692925441
1384850655664230400
1384850719182884866
1384850721556869122
1384850803568041987
1384850858425393153
1384850956672716803
1384850968433541123
1384851014361227264
1384851219299110912
1384851234880897026
1384851326501376002
1384851365189623809
1384851438027870210
1384851483397664769
1384851503719108608
1384851567589867520
1384851750998446088
1384851889058107393
1384851925624053763
1384852001461264389
1384852173620666370
1384852193564577797
1384852234966601728
1384852336011513859
1384852510746234890
1384852787406704641
1384852793794641928
1384852795363401731
1384852815777079296
1384852859611721728
1384852872475693058
1384852898799132672
1384853213967523844
1384853308867760128
1384853368129064960
1384853399385092096
1384853482553892864
1384853528674455553
1384853888109514754
1384854076626722823
1384854179018153988
1384854186395906052
1384854191244464132
1384854220009099271
1384854374304845831
1384854425437671433
1384854432039555076
1384854438502801411
1384854446685949953
1384854547806441478
1384854587706941441
1384854595655159808
1384854595785019399
1384854653821669380
1384854665980956673
1384854682494021633
1384854682892312577
1384854721517785091
1384854732078989316
1384854832675270656
1384854879559163905
1384854906624950274
1384854946936459268
1384855044126875648
1384855069854781442
1384855116835131398
1384855128038125576
1384855218605658112
1384855345324072961
1384855348377526273
1384855434226458624
1384855621011394562
1384855765882740740
1384855969713303552
1384855975186796548
1384855978806550531
1384855991410384897
1384856050747289602
1384856143990767622
1384856207333199874
1384856258050732032
1384856275100618752
1384856416805085184
1384856468961300482
1384856516700876801
1384856692563890178
1384856741372993536
1384856776642867200
1384856807533916163
1384856836759855107
1384856897652760579
1384856947187326980
1384856947229216768
1384856955290796032
1384856995883323392
1384857273017765890
1384857464177405955
1384857474549915651
1384857480103071749
1384857526529925121
1384857549590208512
1384857637053816836
1384857728447774721
1384857750619009024
1384857750878961664
1384857859096293389
1384857869292556288
1384857876792029184
1384857902519881735
1384857985835536384
1384858006253416448
1384858049240764418
1384858059021893632
1384858128584384515
1384858147941191681
1384858207009529857
1384858232150233091
1384858294326550528
1384858306498502657
1384858309933535234
1384858447993319425
1384858465718476801
1384858560102817794
1384858577911832576
1384858605854285826
1384858611973820419
1384858747219189766
1384858748431253504
1384858767041474565
1384858802684575744
1384858817859657730
1384858832761880577
1384859104267677697
1384859167672971266
1384859297792864257
1384859309616545793
1384859404814716929
1384859461462921216
1384859519759572993
1384859535211438089
1384859693768716289
1384859715453083648
1384859731060273153
1384859868037849093
1384859876329938946
1384860076754747394
1384860146929635330
1384860218891268103
1384860279830425603
1384860343290171397
1384860382402076673
1384860446524690436
1384860485691092992
1384860573691691010
1384860722039906308
1384860732781699076
1384860754252345350
1384860931277135876
1384860965146185730
1384860990744014848
1384861211897077761
1384861233896116228
1384861340490141696
1384861421314494465
1384861444219539461
1384861495587184641
1384861532312547329
1384861584019927041
1384861688302817280
1384861716228415492
1384861755646611463
1384861843777331200
1384861892343214083
1384861934953144321
1384861980197011456
1384861981417558018
1384861982080204801
1384861982478651394
1384861982612983813
1384861982621413377
1384861982764027906
1384861983053258752
1384861989617508354
1384861990301179909
1384861993958617088
1384861995476869121
1384862023062892549
1384862104088350721
1384862130428649474
1384862140541161472
1384862400139124737
1384862421140004871
1384862441004224514
1384862461778669568
1384862587981029379
1384862589809827842
1384862733330534401
1384862775277723660
1384862788263333889
1384862900620234752
1384862949060268034
1384863051015393285
1384863059580268547
1384863218921873409
1384863247745040384
1384863249099902979
1384863293777526784
1384863327273291776
1384863375381913604
1384863401734721537
1384863460215885827
1384863524351062017
1384863629632319493
1384863654928162816
1384863854405038082
1384863901603479555
1384863962450337798
1384863984432648194
1384864017148219395
1384864199260704769
1384864390906892294
1384864391485693953
1384864507911188491
1384864678958993414
1384864709963395072
1384864728007200769
1384864914796384260
1384864956802387974
1384865004374138883
1384865112209731584
1384865195433025539
1384865484429008902
1384865547033190400
1384865572987486211
1384865624090886154
1384865789363240961
1384865798431383563
1384865839388762115
1384865866177728513
1384865952236556293
1384865958842544129
1384866027775868930
1384866066585858049
1384866279920656386
1384866517779628037
1384866528584208386
1384866580077682693
1384866580685852674
1384866599316955140
1384866625317490697
1384866761837744144
1384866777868509185
1384866778774376451
1384866800467431427
1384866867731484674
1384866972693929985
1384867132954062848
1384867227212603394
1384867333093593088
1384867346930708485
1384867349577224192
1384867375665885189
1384867410088452098
1384867439532560387
1384867477843283971
1384867481571966986
1384867566955413506
1384867723247763457
1384867739374870529
1384868033391480833
1384868050860662790
1384868057043116034
1384868063502274563
1384868112328269824
1384868343451164676
1384868385289383939
1384868578927710210
1384868639485140992
1384868839683502081
1384868869832159233
1384868981933215744
1384869046907248642
1384869049847406595
1384869050015170561
1384869228457639937
1384869275878502403
1384869295113506820
1384869531307241473
1384869532112539651
1384869540299894786
1384869540421541893
1384869598269411332
1384869601012555776
1384869603109523461
1384869704788025347
1384869720197849094
1384869750015201281
1384869774430253059
1384869788434972675
1384869842747072512
1384869909088321537
1384869921130270722
1384870043498991618
1384870054572052484
1384870538066153474
1384870569536016386
1384870574686711808
1384870579266801672
1384870748666351617
1384870866463379459
1384871093207449601
1384871146684829696
1384871473421209600
1384871483974078464
1384871527552782336
1384871613947076610
1384871636474736644
1384871704745369606
1384871718246887427
1384871741407830016
1384871801784868864
1384871827042938881
1384871882277720075
1384871983100354562
1384872046551724045
1384872046707023875
1384872055489900546
1384872071780577283
1384872130081394690
1384872172133433348
1384872198498832384
1384872397216567297
1384872398651068416
1384872399422824449
1384872455030902790
1384872466930180096
1384872502137085952
1384872535179857926
1384872554398199808
1384872571326324738
1384872614712287236
1384872615991336963
1384872677052145664
1384872708333318145
1384872737169186816
1384872753178808323
1384872775131750404
1384872804961636356
1384872829661876229
1384872854215344131
1384872863765864448
1384872901577515010
1384872977544749056
1384873088052039682
1384873178170859520
1384873305350578176
1384873305568464898
1384873305811808256
1384873305874714628
1384873317929259010
1384873335109083136
1384873385503588352
1384873455171117056
1384873685794840576
1384873717168287750
1384873798504230917
1384873849951502336
1384873942683373573
1384873999923130369
1384874175534407685
1384874209772544003
1384874229368246273
1384874267637166081
1384874394745544706
1384874395693457411
1384874439595200517
1384874496268582914
1384874587373150208
1384874593488445441
1384874629437837323
1384874662694432773
1384874671452168194
1384874751471071241
1384874771444338693
1384874774598389760
1384874788041150464
1384874852855734274
1384874879833477122
1384874921793368067
1384874937089933312
1384874945298194432
1384875039284240384
1384875149334388736
1384875212936728581
1384875254896545794
1384875301759500288
1384875328766681089
1384875579137200132
1384875651845525508
1384875801624055810
1384875819382845450
1384875891352690692
1384875959879405568
1384876096739553284
1384876175701520385
1384876205938298881
1384876432476737537
1384876482867105792
1384876509056339968
1384876576504877057
1384876597849862145
1384876712886996993
1384876865400233984
1384877060787691522
1384877077623619590
1384877081067089927
1384877082866458637
1384877093121675271
1384877093838852099
1384877106665037828
1384877191448702981
1384877259547361282
1384877402334146563
1384877437754957830
1384877515752316931
1384877574627676160
1384877603660738561
1384877658228596737
1384877749093941251
1384877790630187009
1384877920007692292
1384877939662143495
1384877954426093579
1384877970695798784
1384878084667629572
1384878274183057408
1384878350242562048
1384878425274523651
1384878444069130240
1384878496703520773
1384878506794967041
1384878517394022401
1384878542853451779
1384878553804705793
1384878567696343042
1384878591368962048
1384878750228156418
1384878797095374852
1384878845464129540
1384879107239030785
1384879143683301379
1384879191536160769
1384879341977341953
1384879355424395265
1384879403793010690
1384879413410607107
1384879503743328259
1384879562467708929
1384879586958364674
1384879596169043970
1384879596538155009
1384879652737536000
1384879656097157126
1384879712305025024
1384879734539132928
1384879755955249155
1384880097652531200
1384880103507873792
1384880103969153031
1384880126052155394
1384880355728052226
1384880459776135172
1384880545734275075
1384880708834013185
1384880747794796545
1384880857236844548
1384880968377540611
1384881005899747334
1384881042927017984
1384881079258161153
1384881155200200704
1384881225761005572
1384881320141131779
1384881341402128384
1384881523988602882
1384881564513980417
1384881605878104065
1384881695908896768
1384881712774225920
1384881788124811264
1384881860451475457
1384882011614162950
1384882061513723909
1384882061719257090
1384882112797581314
1384882113166684162
1384882118258528264
1384882182720827393
1384882213318238211
1384882395468423168
1384882711530201090
1384882809702129664
1384882920763101190
1384882956670492675
1384882994058514432
1384883003818643464
1384883006737879041
1384883082713518082
1384883274640674816
1384883287412334592
1384883324745834499
1384883447689269248
1384883460997795843
1384883545106169857
1384883556858613760
1384883640123994112
1384883727562596352
1384883814955163649
1384883847347769346
1384883958652014603
1384884033243553794
1384884345190682624
1384884636828930051
1384884670115028992
1384884715732324357
1384884739086163977
1384884824448671745
1384884925581742081
1384884950479028226
1384884999887982596
1384885012135358468
1384885172630343680
1384885316134318080
1384885340884852736
1384885433545510918
1384885484451663873
1384885550767874048
1384885560100204545
1384885595336495104
1384885759233114118
1384885773766377477
1384885851738488832
1384885874983411713
1384885888270876682
1384885902225313792
1384886034337566721
1384886050309410816
1384886122837422081
1384886190671806465
1384886308196257794
1384886313187528707
1384886353574436864
1384886480187924481
1384886546126548993
1384886640167038976
1384886665483784194
1384886811391057921
1384886886175436808
1384886900289327104
1384886901837021187
1384886947022319623
1384886948087705604
1384887115020972032
1384887266875740167
1384887340380872704
1384887346609500167
1384887432433262598
1384887445062406148
1384887487898730502
1384887509348323330
1384887555968094209
1384887641364221952
1384887898978279424
1384887966665949184
1384887987054514176
1384888004381138945
1384888023951855623
1384888035049881600
1384888039642652672
1384888067169914883
1384888135847456770
1384888157120999428
1384888181976444928
1384888290374045704
1384888311144226817
1384888353796108291
1384888357516455936
1384888369042313216
1384888369415602178
1384888404568018949
1384888404584787970
1384888417599774725
1384888419483099138
1384888470812901377
1384888471207174151
1384888484784128001
1384888560038391814
1384888569030979584
1384888606595108864
1384888626312531976
1384888700736311296
1384888715277914114
1384888762308644865
1384888820630528003
1384888839114797058
1384888922426200064
1384889007381823492
1384889045508050948
1384889082711531521
1384889143067561995
1384889207378771969
1384889210423947264
1384889237300994051
1384889242757877764
1384889248122392576
1384889252236963843
1384889344410865666
1384889437168054284
1384889506327846913
1384889524719861760
1384889539735408651
1384889582282592256
1384889681146429446
1384889766546755590
1384889776772460546
1384889795239886864
1384889796380741633
1384889799186784259
1384889871999934465
1384889905432735752
1384889913552801795
1384889993341120512
1384890230566699008
1384890332903510026
1384890339530510341
1384890478630473730
1384890493369085961
1384890571362295808
1384890643453992964
1384890732515844099
1384890735774797828
1384890883301154817
1384890932881920001
1384891014809362446
1384891072610963456
1384891078789275652
1384891186540863488
1384891198989639689
1384891220934205442
1384891330950844417
1384891360893972485
1384891365788721152
1384891388735729665
1384891468993675264
1384891479424897026
1384891484328153094
1384891503915552768
1384891507887509508
1384891543761338369
1384891545199972357
1384891595196178438
1384891621616111620
1384891644122697729
1384891770622955524
1384891970905124868
1384892032607571968
1384892181589098505
1384892224354328586
1384892234684944385
1384892251160170502
1384892318868725763
1384892448443404289
1384892455846350850
1384892512746213377
1384892583885918211
1384892612688105473
1384892712210550788
1384892872055480326
1384892919706947584
1384892928141807618
1384892934441644034
1384892958357458950
1384893011377655812
1384893018814271488
1384893048371417094
1384893074703278083
1384893094768873477
1384893153044574209
1384893169746292740
1384893206068871172
1384893248926257161
1384893276252213249
1384893276654874625
1384893305813716993
1384893316609855490
1384893403440242688
1384893407840161793
1384893432171270145
1384893437921480709
1384893444552859648
1384893482821734401
1384893501003997186
1384893514786516993
1384893539482488832
1384893555127341063
1384893617202991106
1384893658286149635
1384893665953337345
1384893668067201026
1384893778784399363
1384893866000650243
1384893932983685125
1384894042413096962
1384894046376710150
1384894058980646916
1384894203822551041
1384894205273821197
1384894222202019842
1384894225431633923
1384894238215835648
1384894245937500161
1384894286664278022
1384894295786803203
1384894315034447873
1384894333023924232
1384894456005070850
1384894471700164609
1384894644522307591
1384894695889801225
1384894728345464833
1384894810981535746
1384894838965948417
1384894841721606146
1384894958038130689
1384894999037349888
1384895037855748096
1384895163772854275
1384895213869621252
1384895234107129856
1384895257830174722
1384895398884618240
1384895424289517568
1384895910245765124
1384895954122379268
1384896066659758088
1384896079771144198
1384896097836048388
1384896146699689984
1384896189125074945
1384896292787302400
1384896320855584770
1384896376975372288
1384896477139505157
1384896543380152326
1384896553471578115
1384896620190384128
1384896683931222017
1384896705548718080
1384896726918701063
1384896802760036352
1384896963938852868
1384897011091222532
1384897130352029698
1384897222354079748
1384897222488334344
1384897223079735305
1384897224514150401
1384897227764666368
1384897235033464835
1384897276657688578
1384897279073701888
1384897281971851264
1384897323017326592
1384897348866908167
1384897463065133056
1384897512839000064
1384897531042271239
1384897588625825797
1384897738756829186
1384897741139161088
1384897898945531909
1384897960870400001
1384897964062257155
1384898036715896833
1384898078088511490
1384898144018698241
1384898161479725061
1384898203426992130
1384898261350330368
1384898307483475968
1384898330719834113
1384898441923420164
1384898481870020612
1384898482721460224
1384898488341864448
1384898603165044741
1384898605341884416
1384898687697096710
1384898719141793800
1384898893431848962
1384898956858208259
1384898971781537792
1384899023157485568
1384899053696299009
1384899063028584453
1384899292633223172
1384899322685411329
1384899493674557444
1384899519700164611
1384899596489527296
1384899728891125762
1384899729008381961
1384899732288458753
1384899732837961730
1384899734955991044
1384899735102820360
1384899736952582144
1384899751280250880
1384899768292364293
1384899888484392960
1384899934881820673
1384899943291367427
1384899979106570242
1384899981669113860
1384900001638277120
1384900007028006914
1384900030407000065
1384900173692907521
1384900175823613954
1384900241665703937
1384900283772325909
1384900297760325632
1384900567236071427
1384900595472117763
1384900732277739524
1384900782252756993
1384900882563801093
1384900912167129089
1384900974276497411
1384901030840840194
1384901117381861377
1384901125304983553
1384901163498287104
1384901311565598721
1384901323334864904
1384901379358138371
1384901450426429443
1384901488946913283
1384901616940294145
1384901756828766216
1384901803930750977
1384901897962893320
1384901936739196931
1384901993081327617
1384902174526910471
1384902175491563524
1384902180688343040
1384902352554049543
1384902460679065605
1384902507672002570
1384902508016029700
1384902625565581316
1384902661267394568
1384902698521309190
1384902706310090759
1384902710370131976
1384902783556538371
1384902906034393088
1384902939521818625
1384903001178091520
1384903016424386561
1384903086439813126
1384903104118861824
1384903211090329601
1384903211480457224
1384903238122721282
1384903446160084994
1384903469484625922
1384903504205127685
1384903504448290818
1384903591975063553
1384903689048047617
1384903724611641346
1384903818832449537
1384903823257391113
1384903928412885000
1384903958456635398
1384903962965549057
1384904007144067074
1384904150014742529
1384904173557276674
1384904286899949569
1384904368764461065
1384904405531697155
1384904435185422336
1384904561320734725
1384904741222862857
1384904833375875074
1384905293381963778
1384905347895283712
1384905381319741442
1384905524601360387
1384905526698459136
1384905634139807744
1384905707074510848
1384905834476544000
1384905846006681600
1384905885969956865
1384906033341083653
1384906039405989892
1384906118338682881
1384906139318595588
1384906152123805704
1384906235279990786
1384906261360168964
1384906308323840003
1384906480210653184
1384906563522027526
1384906581377273860
1384906621252419584
1384906621604741120
1384906730333671430
1384906845031124995
1384906915348635651
1384906955450429443
1384907031740616706
1384907193686843396
1384907279250644992
1384907280295071745
1384907280475312134
1384907309202169859
1384907402957541378
1384907415934672898
1384907424390393857
1384907429201207299
1384907447756804097
1384907468212477959
1384907502660243456
1384907506338643973
1384907514840592386
1384907520897163271
1384907527784128516
1384907530699116551
1384907531387015175
1384907561078562818
1384907565188931587
1384907649825878016
1384907790192361474
1384907970081853444
1384907972929892361
1384908094187188227
1384908103183908864
1384908123761152005
1384908151846232065
1384908166295703554
1384908220393791490
1384908257861459969
1384908288878419968
1384908346789187585
1384908369530601478
1384908397296988163
1384908434538106883
1384908437855813633
1384908472005926913
1384908542654746627
1384908547444645891
1384908736934944770
1384908790487789572
1384908817696165888
1384908926924300288
1384908939582746626
1384909088434364431
1384909090523160576
1384909147628527619
1384909281456234502
1384909342500179974
1384909561908404224
1384909606338637827
1384909685543817217
1384909795937894401
1384909810139795463
1384909811687600128
1384909836396245001
1384910005502103568
1384910067711967236
1384910151556214785
1384910185966313474
1384910208917512196
1384910321182285826
1384910419660361730
1384910477680160768
1384910494239166465
1384910528636760065
1384910549629218816
1384910596731199488
1384910802495365123
1384910803787304960
1384910838394462211
1384910904060481537
1384910966039719937
1384911054262595593
1384911184751693825
1384911220403277828
1384911294755745797
1384911437420769280
1384911573203013632
1384911720334901248
1384911869383696386
1384911938925256706
1384911970957201408
1384912101987258371
1384912137571667974
1384912296452009986
1384912442761916424
1384912450953285635
1384912489205358593
1384912604359974917
1384912606079725571
1384912706617200643
1384912803564298242
1384912959323967494
1384912993427861505
1384913007126384642
1384913045978324993
1384913084020580353
1384913121119252481
1384913131529515009
1384913145517547521
1384913231886626817
1384913365475237892
1384913381065383937
1384913407216865281
1384913419611090948
1384913478507507722
1384913494320066560
1384913498178736129
1384913670891769856
1384913684355555331
1384913744476651523
1384913821911830528
1384913828106932229
1384913959401267202
1384913974068645890
1384914041919922183
1384914061285015560
1384914069895929859
1384914140590903296
1384914141442449408
1384914215358636034
1384914220605714433
1384914250611798017
1384914322846064647
1384914390755991558
1384914394363187202
1384914801512620036
1384914828339425284
1384914830986027012
1384914831455576066
1384914831556452354
1384914832546144259
1384914832894222336
1384914833053683715
1384914833657667586
1384914834450354177
1384914834488057856
1384914837906460675
1384914917757706243
1384914928176336898
1384914937408073731
1384914963752439808
1384915009126424577
1384915021981966343
1384915080345755651
1384915115280109573
1384915118912380935
1384915158640865280
1384915198121758720
1384915231457955841
1384915287259164673
1384915349955612677
1384915418360516609
1384915498907938823
1384915534941143045
1384915554847313924
1384915614754541571
1384915641036120070
1384915661021925380
1384915867226497026
1384916053092929537
1384916096923410438
1384916100694020099
1384916166548807692
1384916388003864577
1384916417091358722
1384916442856972292
1384916449563709443
1384916542010363906
1384916611476361217
1384916636193497094
1384916810248728580
1384916845866725379
1384917035675697152
1384917071574753281
1384917111483600896
1384917122640486401
1384917136691372032
1384917268581298182
1384917395110866948
1384917483124142084
1384917493861527553
1384917737747722247
1384917782131793924
1384917825723289607
1384917901761785858
1384917908992757760
1384918122176655363
1384918213545414657
1384918294952620033
1384918341417111557
1384918428897656834
1384918603422740488
1384918653938900994
1384918698012651521
1384918783303749638
1384918819194474510
1384918911876014082
1384918916103876609
1384918986152988673
1384919039819059210
1384919042381733894
1384919073490882560
1384919350860259329
1384919405642100743
1384919419588055043
1384919443550228482
1384919488504733698
1384919563704356866
1384919580708065283
1384919647477186562
1384919686941450240
1384919717127852033
1384919765966282754
1384919792029687812
1384919853119725568
1384919862015713280
1384919884631617542
1384919889194983431
1384919897877225474
1384919966101745664
1384920155109658625
1384920277298171908
1384920338996375557
1384920422580375553
1384920591967326209
1384920734514962435
1384920776743309312
1384920869458391041
1384920872725647362
1384920903537004548
1384920928233136134
1384921173654482949
1384921254801596417
1384921277765402627
1384921407121936388
1384921462772051974
1384921559840829445
1384921564970356738
1384921615478181890
1384921682851282944
1384921705068519425
1384921706603626499
1384921783019651073
1384921791991369730
1384921816431579136
1384921819174653954
1384921853970599939
1384921869686644743
1384921874891776002
1384921876561080329
1384921912040689665
1384921915534544896
1384921917510111233
1384921942529032195
1384922025693794305
1384922232795897859
1384922379265081354
1384922380233969670
1384922380959686656
1384922441512898567
1384922461205053441
1384922847936647169
1384922897492455432
1384922939838107650
1384923071065333764
1384923072931708937
1384923080200499203
1384923258080874497
1384923302075019269
1384923358303858692
1384923636637786120
1384923654354522112
1384923775788060677
1384923888182824962
1384923955627274240
1384923969904644107
1384924031133102083
1384924112435482627
1384924174863544322
1384924220799467522
1384924311132254208
1384924359056314371
1384924499976540161
1384924511636762624
1384924731384664066
1384924786426580993
1384924820702470146
1384924822287831043
1384924823562948608
1384924828700979204
1384924878697021442
1384924895218479105
1384924895369256962
1384924912717008896
1384924919268585476
1384925240116064259
1384925315189903363
1384925472644022280
1384925485323390980
1384925516302622725
1384925574897020928
1384925585261084674
1384925625727717384
1384925645034119171
1384925649765273603
1384925674511667200
1384925702353563649
1384925798122065922
1384925816849580034
1384925889503301636
1384925932687929344
1384925983741038595
1384925989172649984
1384926030952116226
1384926077068398592
1384926162359668738
1384926303959363586
1384926376109740034
1384926409752252417
1384926478152962051
1384926606330941441
1384926681950007296
1384926772714692608
1384926838728822786
1384926953006931971
1384926953791180804
1384926979389075461
1384927121479450630
1384927128299376652
1384927153456885762
1384927196876263427
1384927367953633280
1384927385229971459
1384927411339501568
1384927415298891780
1384927436186562562
1384927506940243971
1384927605590212609
1384927690109620225
1384927765334528001
1384927791322382336
1384927984163885058
1384928088270704642
1384928312938713089
1384928318760292353
1384928372862619649
1384928519885672450
1384928552492097538
1384928619106082817
1384928684583292934
1384928721551958016
1384928833636388876
1384928978545397761
1384929004659032064
1384929011969798144
1384929056353886211
1384929154722902016
1384929472458207237
1384929514304704524
1384929549742448641
1384929565588561926
1384929704222896129
1384929773852495872
1384929833155764226
1384929927829495809
1384929928223801352
1384929929125527554
1384929929498959874
1384929932799791105
1384929933823258628
1384929934611730440
1384929935697924097
1384929936088076295
1384929937727967244
1384929972763115524
1384929980535218180
1384930011862417412
1384930104472657924
1384930275277348868
1384930300036325377
1384930411726483456
1384930431666171904
1384930493263667203
1384930551023407110
1384930654790508547
1384930667667103745
1384930823649079300
1384930925268684804
1384931042797162501
1384931044713979904
1384931070290845700
1384931186519248899
1384931187064336385
1384931208975503366
1384931282451406850
1384931328894902275
1384931337652604928
1384931553453744131
1384931727680942082
1384931744525127680
1384931958283669504
1384931972217245696
1384931981855793159
1384932003846447104
1384932040068452352
1384932104505643010
1384932118309089283
1384932253902548993
1384932255982829573
1384932318033367050
1384932398450753537
1384932444512587777
1384932474724171778
1384932539568214026
1384932599857037313
1384932785345998848
1384933141228531721
1384933290646413321
1384933324267868161
1384933342588645381
1384933398553276417
1384933498033692677
1384933717072822275
1384933718901641221
1384933825831133185
1384933888561123328
1384933924837670913
1384933958568263681
1384934078777073667
1384934382385995795
1384934393614045186
1384934424081489923
1384934736230027265
1384934761454522375
1384934846380789760
1384934875564756993
1384934922964586496
1384934958406553602
1384934961107640331
1384935015537053700
1384935376444399616
1384935391954931715
1384935394853244928
1384935456043905029
1384935491867381762
1384935503389200384
1384935695370838019
1384935718183702530
1384935745169858562
1384935902091358212
1384935953442263047
1384935959037415426
1384936188105080832
1384936203024224256
1384936219444920322
1384936231214125057
1384936277255106560
1384936332238098434
1384936608806354945
1384936786271645710
1384936802562281472
1384937055898198024
1384937276971552769
1384937373021184002
1384937409918427150
1384937477740261379
1384937477975257092
1384937478235164676
1384937478612791296
1384937478776184834
1384937478830927876
1384937479267000324
1384937479518789632
1384937480307236867
1384937496975482889
1384937582308511746
1384937729348317187
1384937804984201220
1384937897112088577
1384937983049093121
1384938082152112130
1384938207746433025
1384938257507553284
1384938353385164800
1384938484478083075
1384938534931505153
1384938618565931011
1384938743778447360
1384938835935694853
1384938945230815232
1384939024327102467
1384939148637843456
1384939362815823872
1384939408181407752
1384939525739356162
1384939543321878534
1384939674389602305
1384939708090830856
1384939826911268866
1384939870997594115
1384939922449125377
1384939992984670208
1384940075809705986
1384940081136508929
1384940178414919691
1384940202108542976
1384940229337944064
1384940252645711872
1384940371738832898
1384940465372418051
1384940497505071106
1384940510125699074
1384940541591310337
1384940612043091974
1384940637846396929
1384940695048294411
1384940718339330048
1384940743383523332
1384940806948245504
1384940867056775171
1384940893724086273
1384940950099832836
1384941005951180804
1384941028940132352
1384941081507291137
1384941097219153925
1384941158200233987
1384941158732812296
1384941211321081860
1384941252609822728
1384941252634763269
1384941337913577478
1384941382553505793
1384941392418545671
1384941395585163273
1384941432650227717
1384941532235640833
1384941729665724426
1384941749395763206
1384941756404412419
1384941776725856258
1384941986373849088
1384942286312812548
1384942291643686915
1384942296110620673
1384942348166172676
1384942441103507456
1384942476998369284
1384942611132256256
1384942657164677129
1384942703943770114
1384942757953818624
1384942846990602244
1384942883153891333
1384942956394827779
1384942988317634566
1384943036409552898
1384943204806627330
1384943351506554880
1384943410134585344
1384943480988913667
1384943672723132417
1384943769267544066
1384943777719193600
1384943812066398208
1384944007034331137
1384944055474397187
1384944083651764226
1384944333334454274
1384944531754393600
1384944546493128710
1384944548250587139
1384944741922578435
1384944971426549760
1384945027433082885
1384945028087304194
1384945028557017088
1384945029727272966
1384945030696210433
1384945032688541699
1384945032759754753
1384945041450352642
1384945142176563202
1384945212485738498
1384945288385867779
1384945311760719873
1384945389174988805
1384945440576126980
1384945480535265285
1384945531193946112
1384945540253851648
1384945646965297161
1384945684617605125
1384945716053876742
1384945761180323842
1384945801512820739
1384945906139766784
1384946067175874562
1384946183714623488
1384946205076172807
1384946212923715587
1384946231160475656
1384946316606853120
1384946330297151488
1384946356012425220
1384946465827663873
1384946545292988417
1384946547188801537
1384946547281088519
1384946588397735938
1384946708946329600
1384946713513938950
1384946931365994501
1384946956762505217
1384947004892237827
1384947157560696842
1384947300846428160
1384947313530097666
1384947487337820167
1384947531252129793
1384947536973242373
1384947544145371139
1384947608129523714
1384947715767943171
1384947842641506304
1384947926762459145
1384947939114725379
1384948044320358406
1384948049546469378
1384948065312944128
1384948138788724739
1384948165594554370
1384948196850470914
1384948218329436164
1384948263275610113
1384948307097698309
1384948346259914753
1384948391327711236
1384948400173555712
1384948432876363779
1384948514527006725
1384948642272972801
1384948703195189254
1384948718001131521
1384948737093537794
1384948760682418176
1384948769507188736
1384948802423984136
1384948802759667713
1384948848053850114
1384948851828830209
1384948954165620736
1384948965733437441
1384948972301717506
1384949317945921537
1384949323746713603
1384949544195182593
1384949568148738060
1384949569016975363
1384949570409480194
1384949618929242113
1384949754594041859
1384949791717797893
1384949890900504577
1384949993442775042
1384950060954398720
1384950280027000836
1384950325367431172
1384950345584058381
1384950393453547524
1384950579756244994
1384950589436698630
1384950625981636610
1384950704578736128
1384950751466868737
1384950760539103232
1384950877958590468
1384951041175793665
1384951158863802371
1384951276061052933
1384951318989639686
1384951419795558406
1384951570299826176
1384951762449321985
1384951772825980937
1384951822230642690
1384951827234529282
1384951882431582210
1384951920171884545
1384952037847273475
1384952047833911296
1384952272661225473
1384952373345464324
1384952386960101378
1384952414827069440
1384952478077161472
1384952492358787073
1384952518728458248
1384952579214434309
1384952580464279555
1384952612466876422
1384952663356420099
1384952723464990728
1384952839932416002
1384953191658364933
1384953216891330561
1384953231646801922
1384953437620744193
1384953483728666624
1384953539152289795
1384953656370466816
1384953835786051588
1384953907542167554
1384953934180241411
1384954130947624960
1384954239886237703
1384954252532068360
1384954259876323328
1384954292709249025
1384954451115528201
1384954544354902017
1384954600000790532
1384954603926691842
1384954658502946819
1384954725272113157
1384954730154184709
1384954785804267521
1384954903190282240
1384955098284052480
1384955099416498176
1384955107972952064
1384955119192756240
1384955442678452229
1384955486638940162
1384955579735609344
1384955621116719109
1384955789136343043
1384956145903808518
1384956202833039360
1384956228066058244
1384956233401217025
1384956364821254148
1384956469276196865
1384956587517820928
1384956593150832640
1384956623781875712
1384956758712635396
1384956819458625536
1384956931673137158
1384956959565258753
1384956974635397124
1384957020000952321
1384957097880719361
1384957156810805248
1384957244589158400
1384957278609149953
1384957347433435139
1384957396976652292
1384957405683982338
1384957670470344708
1384957673406349313
1384957673595150342
1384957715726864392
1384957749407092737
1384957752301207552
1384957967036989442
1384958043167858691
1384958141390000129
1384958172302123010
1384958175250616325
1384958258935439360
1384958272294342656
1384958325008306179
1384958384286453763
1384958545389670403
1384958708808134656
1384958886109663233
1384958902899552260
1384958946536984578
1384959008314953731
1384959171850915849
1384959175755714560
1384959210467860480
1384959235042185216
1384959251278348290
1384959267480997892
1384959295419305989
1384959296539070470
1384959388453117953
1384959403431014403
1384959426176618497
1384959539871637506
1384959616702894080
1384959767202906114
1384959772500369412
1384959832487235587
1384959867383910401
1384959896731406337
1384960005070327809
1384960127296409600
1384960127376134151
1384960127732699140
1384960127984353283
1384960127992803331
1384960128319774721
1384960128361721856
1384960128558923776
1384960128852664323
1384960130207215620
1384960134451908614
1384960135848624132
1384960188403359754
1384960197446279168
1384960233571819525
1384960244288212993
1384960244363706371
1384960341780713473
1384960376786149376
1384960384394727424
1384960390652702721
1384960407845195778
1384960411255164929
1384960459779022850
1384960499700355075
1384960606780932096
1384960640062787589
1384960707410735105
1384960760208674821
1384961000760299522
1384961049099657216
1384961118980947973
1384961296269987840
1384961320500477953
1384961336833101826
1384961385730355200
1384961458983915521
1384961655549972480
1384961729688481796
1384961736680296452
1384961805835964420
1384961866707963906
1384961976783278082
1384961999382188032
1384962210389241858
1384962388269621252
1384962462584344577
1384962558751395842
1384962699126259718
1384962748208099328
1384962800842383363
1384962940936261633
1384962964034363394
1384963009202823169
1384963262354231300
1384963320780832771
1384963323347750912
1384963332902465549
1384963360987435010
1384963385272455175
1384963390586691584
1384963424027873290
1384963518500425731
1384963535432736770
1384963581549105172
1384963650415333382
1384963862794022916
1384963924290899968
1384963941789483008
1384963941953064960
1384964045216915457
1384964081237508097
1384964121557413892
1384964153488646146
1384964200490012672
1384964204671688706
1384964243963981827
1384964352810303489
1384964442681716741
1384964476714242052
1384964559346208777
1384964643655987201
1384964689734553602
1384964782420332546
1384964809708474370
1384964841530699786
1384964867262754823
1384964869447897092
1384964914268319744
1384965027824865284
1384965286277918722
1384965311695261697
1384965421166735361
1384965422936694784
1384965922612514818
1384966049825763328
1384966108701237249
1384966372376072198
1384966407910268933
1384966436733456386
1384966440604798977
1384966447445774338
1384966521022291975
1384966662034706433
1384966766061834246
1384966831895728129
1384966879484252162
1384966901118513156
1384966940138033164
1384966974032302086
1384966996014600205
1384967051182231555
1384967157860249600
1384967165594509313
1384967504913707012
1384967556574875654
1384967580931264521
1384967606201901059
1384967622354247688
1384967676578209797
1384967676691423233
1384967676737560576
1384967678125817857
1384967747986149385
1384967760359329798
1384967870631890948
1384967909336928259
1384967937656770568
1384967940047577091
1384967952898957325
1384967990790303744
1384968032129269764
1384968118485803010
1384968150983249924
1384968164459614216
1384968205169569802
1384968433641693187
1384968494593232899
1384968512196722688
1384968535865237506
1384968555058315272
1384968611115188240
1384968613732433930
1384968719156269058
1384968756657598466
1384968991182106633
1384969343994322946
1384969345969922051
1384969367075622912
1384969561590702090
1384969748035874818
1384969748446912513
1384969815169933315
1384969938117570561
1384969984284168192
1384970022074920960
1384970042400546816
1384970118137106434
1384970455073890304
1384970509490794496
1384970704811143175
1384970713493348352
1384971074786504708
1384971074891288579
1384971091244892162
1384971123033612290
1384971175458181122
1384971238867677188
1384971275995648000
1384971316827201548
1384971320266477574
1384971473610289154
1384971477645135872
1384971713369284616
1384971714359136259
1384971719895666690
1384971776283881474
1384971802733129746
1384971855535263745
1384971861935656961
1384971951387590663
1384972130341826562
1384972173379571712
1384972311003082753
1384972351687827456
1384972458147651584
1384972478955638784
1384972519350972421
1384972539844304901
1384972579199352837
1384972588598824961
1384972630520967180
1384972691527061504
1384972756996050950
1384972763195232258
1384972879385747461
1384972919856680967
1384972937695006722
1384973015755149322
1384973070260178949
1384973214066032654
1384973288703729664
1384973423890272257
1384973596880211968
1384973618678009857
1384973683454881792
1384973883145588743
1384974165984301056
1384974187857600513
1384974370418958338
1384974393537925124
1384974397941993472
1384974478082445314
1384974526178541569
1384974548592959495
1384974553609342985
1384974692021309440
1384974693577416710
1384974931637817345
1384974934515007491
1384974949379678223
1384974951640403968
1384974960553299968
1384975040542912517
1384975043877392393
1384975050709811204
1384975158180564992
1384975226320998409
1384975227319296003
1384975227399012353
1384975230779731968
1384975231551475716
1384975232587288576
1384975233313083392
1384975233707302913
1384975240963534849
1384975249565962240
1384975282633908225
1384975283783192577
1384975325105254400
1384975475349544964
1384975478595989504
1384975495276683267
1384975542949191680
1384975573567643649
1384975593977040900
1384975686646046729
1384975759794638849
1384976090456858625
1384976110946066438
1384976267175399430
1384976294946000907
1384976303946964997
1384976460029497346
1384976680733773836
1384976892428697604
1384977106522750986
1384977164546854920
1384977165280817152
1384977225112596491
1384977255189856259
1384977289688010754
1384977292905099266
1384977371300782092
1384977599580065801
1384977610820788226
1384977664340021252
1384977743041818632
1384977743247462400
1384977788961271812
1384977840647639045
1384977902438129665
1384977989297975299
1384978257745829888
1384978355636875265
1384978588571738120
1384978634419605507
1384978846894723075
1384978883313811471
1384978921175855112
1384978970865766404
1384978972308557824
1384978982345523207
1384979272096526337
1384979453143621632
1384979473142059014
1384979495422210054
1384979504901201922
1384979547326668803
1384979774691553285
1384979836876296194
1384979928794296325
1384980043550674956
1384980253408440322
1384980312573235203
1384980384946036737
1384980481553444868
1384980494752813060
1384980582988455936
1384980600591945729
1384980637220802563
1384980650810347525
1384980661145120777
1384980748755783693
1384980763649748993
1384980785611034625
1384980960949702658
1384981054189154305
1384981084358815750
1384981097860239362
1384981110841507846
1384981220648538119
1384981279687561218
1384981325862559747
1384981529525370882
1384981595950551040
1384981869314428929
1384982222403407874
1384982411881107458
1384982443699146754
1384982463089348611
1384982540663115780
1384982641003438083
1384982667440140288
1384982668845142020
1384982719545937920
1384982756648759297
1384982807219515394
1384983057573289987
1384983116100640770
1384983173709369344
1384983212766765057
1384983236133146630
1384983265870852099
1384983277807755266
1384983373005967363
1384983386515722244
1384983480493297667
1384983509882785794
1384983531647078401
1384983577952243712
1384983829417451521
1384983851601174530
1384983923059564553
1384983968479596549
1384984034879709188
1384984045352849411
1384984049836511234
1384984161249792005
1384984208897191941
1384984300001628165
1384984435532107778
1384984514343096325
1384984533322371078
1384984613446197254
1384984682568245252
1384984789569134594
1384984849929416711
1384984864391417857
1384984968988958721
1384985079542427651
1384985301836341250
1384985314352107523
1384985736672423939
1384985798932672517
1384985845548163073
1384985903114842112
1384985937759834122
1384986037601148928
1384986144107028482
1384986176516497408
1384986229427539971
1384986244917219344
1384986247702228992
1384986317684199429
1384986401092026379
1384986423024132096
1384986425855250442
1384986463864033281
1384986551294119939
1384986579878531072
1384986599130230786
1384986618046652422
1384986641857716232
1384986787848900608
1384986831461273603
1384986839711424514
1384987059471925249
1384987082901295105
1384987160504328192
1384987314355675141
1384987340674932738
1384987418978394112
1384987506547040257
1384987508082155523
1384987543926628357
1384987567448379399
1384987610561589250
1384987623463264258
1384987630220333064
1384987766048628737
1384987780418256903
1384987824852766722
1384987854581944322
1384987862429577222
1384987947242598406
1384987986887122944
1384987991920218113
1384988238641827852
1384988253946851333
1384988339451924480
1384988342140424197
1384988414148235270
1384988426320203779
1384988435404967941
1384988499993145344
1384988529667842056
1384988581006123010
1384988643564167182
1384988662706933762
1384988698450796545
1384988750745374723
1384988820475633666
1384988868357890051
1384989189473701897
1384989327957143553
1384989355484274690
1384989439395569665
1384989468386529286
1384989537949077507
1384989644325015552
1384989655305687047
1384989675824222209
1384989857408331785
1384989885849800704
1384989889352146948
1384989975872167938
1384990034156158978
1384990051998781441
1384990085293170697
1384990132416221186
1384990167363055616
1384990215933157383
1384990326008565769
1384990326918680582
1384990328378253316
1384990331163271168
1384990331347865604
1384990332727615488
1384990339908395011
1384990352441020416
1384990354747887617
1384990360548564998
1384990373559291913
1384990408569233409
1384990437384019968
1384990438541697032
1384990469172645890
1384990474738536454
1384990557110509578
1384990568414158848
1384990578002255874
1384990752854380556
1384990756151103493
1384990809418776578
1384990902825934853
1384990936388800513
1384991027027750915
1384991048410177537
1384991227901358094
1384991344494530561
1384991452539850752
1384991479731351559
1384991484148060163
1384991585969057796
1384991633813516289
1384991667154046982
1384991671503441920
1384991693087420423
1384991717091385345
1384991903431671812
1384991918820663298
1384991922788442112
1384992071849844736
1384992117509038082
1384992257795821569
1384992429137448960
1384992451715375107
1384992481738170368
1384992508086718464
1384992516999626754
1384992549161537536
1384992723313340420
1384992794251563008
1384992806301745156
1384992842540539904
1384992842548793344
1384992842548981760
1384992842691534849
1384992842804719619
1384992862832582659
1384992950510309383
1384993105309577218
1384993136934522884
1384993152268918789
1384993201845678080
1384993343072096256
1384993532365217798
1384993556176281607
1384993587809632258
1384993635708588032
1384993648341889024
1384993688363933704
1384993699621343237
1384993712321802240
1384993763282636803
1384993910905360391
1384993944950484999
1384993955385856002
1384993962142875651
1384993965821333505
1384994029465706497
1384994064773304321
1384994101238534144
1384994122147237890
1384994139981422595
1384994173569298434
1384994352552767488
1384994354301915140
1384994362510258176
1384994376749879299
1384994454092750849
1384994468982673412
1384994502193160192
1384994756825071623
1384994804006850568
1384994811153846273
1384994839683608578
1384994876740231170
1384994905760600065
1384994961737801728
1384994965600804868
1384994987012730880
1384995086828589056
1384995090607837186
1384995098283364356
1384995120911720450
1384995125693145090
1384995193326391300
1384995225689546758
1384995239920873479
1384995377376604165
1384995397081485320
1384995456929996804
1384995476215410691
1384995509589454849
1384995546998394881
1384995625650040835
1384995706474225664
1384995762224906245
1384995778003886084
1384995821301665800
1384995840536813569
1384995914406846467
1384995966374264832
1384996000977362948
1384996048830144512
1384996155965194240
1384996191742697475
1384996215281041411
1384996257131794433
1384996313452982273
1384996374392020992
1384996681721188361
1384996855717769217
1384997047233884163
1384997078242185222
1384997123842846723
1384997127865131018
1384997181740945415
1384997196190334977
1384997329506295811
1384997367242440707
1384997436746309636
1384997440965722112
1384997574411800583
1384997590014566401
1384997736194396165
1384997761595097093
1384997763599974403
1384997789822824449
1384997790342844417
1384997838589939713
1384997877043314692
1384997877961957386
1384997885973045254
1384997952662523927
1384997974338572290
1384998053636149251
1384998084518756356
1384998113065279494
1384998263007371264
1384998338492256257
1384998400945446912
1384998404946808833
1384998543669202945
1384998633997733896
1384998640473808898
1384998661835399168
1384998728566775815
1384998853678665728
1384999034931322880
1384999097434873857
1384999145753227266
1384999160970162177
1384999173167239173
1384999186224066562
1384999202598670337
1384999377228468228
1384999481410785283
1384999487115079689
1384999530119065601
1384999595793551360
1384999619722158080
1384999644258840579
1384999659471622145
1384999672809500673
1384999820138528769
1384999939785252864
1384999959393624071
1384999981837398020
1384999994399264771
1385000025307103236
1385000043032236034
1385000154709864448
1385000186263506946
1385000237899657218
1385000384939372547
1385000392229072897
1385000401079001089
1385000401590702086
1385000415238950917
1385000566003277824
1385000643857985545
1385000654909890561
1385000728746409989
1385001003632807952
1385001034557399041
1385001147333763074
1385001147388219399
1385001210441347075
1385001223359766530
1385001234055192581
1385001257832796164
1385001283086700552
1385001314720133126
1385001317320568832
1385001382843932676
1385001650759380995
1385001693516075009
1385001754962563073
1385001932113293324
1385001949456740356
1385001988308492294
1385002027672035334
1385002275706396674
1385002289304330244
1385002450323755009
1385002491608190981
1385002577943830535
1385002670646202371
1385002684990767104
1385002822236884994
1385002858505019392
1385002991879692290
1385003059978375168
1385003119600410627
1385003193629872136
1385003294146371587
1385003320436219904
1385003443698417665
1385003479702380545
1385003536581267457
1385003592218779653
1385003597402943489
1385003693792190470
1385003698993176585
1385003699865411586
1385003705871781889
1385003767028977667
1385003966682050567
1385004073825587201
1385004078309203974
1385004139894218759
1385004149096472579
1385004316361170949
1385004317774598155
1385004344823664640
1385004390503829515
1385004393905463304
1385004537778429954
1385004562461888515
1385004573182599168
1385004589158739974
1385004602689478658
1385004738098470913
1385004744863846404
1385004794641846277
1385004806708895744
1385004887063375873
1385004897083478021
1385004925420199940
1385004932038791169
1385004932659568642
1385004933787922439
1385005083952357385
1385005113744535552
1385005173043568643
1385005180979134469
1385005194031734789
1385005204635070465
1385005326253150210
1385005343307091970
1385005429239939072
1385005430909378568
1385005432121569285
1385005472059691015
1385005479986860038
1385005496051003392
1385005513910497284
1385005515986583558
1385005571989020674
1385005590473285635
1385005660908175362
1385005664599253003
1385005810774908928
1385006048797413380
1385006066371633154
1385006148433100803
1385006184831258629
1385006204330594314
1385006277626105859
1385006342772035585
1385006372106944513
1385006392684302338
1385006399030181898
1385006443028525056
1385006476796776455
1385006560720588803
1385006596363784197
1385006615322144770
1385006684322648064
1385006820423573505
1385006841965449217
1385007105535586308
1385007179875430401
1385007246334205953
1385007278303154182
1385007291410288652
1385007424474685442
1385007595560243211
1385007672202776577
1385007687700828160
1385007737113808897
1385007755774369793
1385007788951318533
1385007792491278339
1385007941988732928
1385007942118772738
1385007944014704640
1385007965741240322
1385007981633445889
1385008076051423232
1385008121849040897
1385008252052705286
1385008280414703617
1385008437852098561
1385008516025536517
1385008598032556039
1385008616785207298
1385008634569138178
1385008639522611200
1385008817293910022
1385008824541749253
1385008827347636228
1385009048244953089
1385009084253024261
1385009213538246656
1385009539729301511
1385009592757723143
1385009626580758533
1385009710986932229
1385009750841217024
1385009790179586051
1385009932613955586
1385009941661032448
1385010243676123137
1385010494755332096
1385010502364012545
1385010651219824645
1385010680424763395
1385010746808061952
1385010756396138502
1385010989792301058
1385011313613680640
1385011343162593288
1385011575740895232
1385011614127116288
1385011672859959296
1385011716795224067
1385011716874965001
1385011716967239682
1385011716979757058
1385011717021880327
1385011725670522881
1385011753168384003
1385011837989761028
1385011854968336386
1385012172749672451
1385012300667670531
1385012326122852361
1385012394963968000
1385012449888415760
1385012566569725952
1385012658034851842
1385012794853105666
1385012845121839106
1385012846845644800
1385012882547613696
1385012976504164353
1385013135103381508
1385013259430813697
1385013388741386249
1385013460459823108
1385013576109371394
1385013643767603203
1385013650163961858
1385013772708982784
1385013774663442443
1385013780359352326
1385014047737880581
1385014123847720965
1385014137223254021
1385014169272037377
1385014198300823554
1385014219985367042
1385014233570578434
1385014285601021953
1385014292366364689
1385014309235970051
1385014312691974146
1385014484742324226
1385014573519056896
1385014589696393216
1385014610353340421
1385014655928750083
1385014677441220608
1385014702506393601
1385014735834427394
1385014853782355973
1385014969352310794
1385014974410526723
1385015017884487682
1385015045076230144
1385015081390456832
1385015102164934657
1385015190794772486
1385015209719439362
1385015228388331524
1385015263612047373
1385015483334897669
1385015491987714052
1385015542831005704
1385015589610135553
1385015622757765123
1385015637932707851
1385015811073581059
1385015977377738754
1385015980347334661
1385016034294382593
1385016034642513920
1385016289526157313
1385016464441282566
1385016498356326403
1385016556275519488
1385016560109109249
1385016622042255360
1385016748420866049
1385016801575112706
1385016804221734912
1385016877597044737
1385016978142793732
1385017005561065480
1385017061890412547
1385017077644337156
1385017091825315840
1385017166441984004
1385017173991641093
1385017232695119873
1385017249375870980
1385017336697065480
1385017350970351620
1385017418754535428
1385017425687625734
1385017546273927171
1385017640264077316
1385017668848209925
1385017736451985408
1385017749550862340
1385017851476529157
1385017926642651139
1385017927393550336
1385017955344338944
1385018008293183489
1385018008372793345
1385018022348394506
1385018052291567620
1385018097078317060
1385018180977020929
1385018223154843661
1385018335306424321
1385018369661878273
1385018508753448969
1385018526470221826
1385018548662190080
1385018570904641540
1385018593306415105
1385018656887906309
1385018692413661184
1385018709065052166
1385018852900225026
1385018915580006401
1385018919002513409
1385018947033047050
1385019054486953986
1385019101756723207
1385019117778915328
1385019134237347844
1385019173231865857
1385019195679727622
1385019339947061250
1385019537704198146
1385019605387710464
1385019639055454221
1385019729509855233
1385019783947636737
1385019801500884994
1385019888855658497
1385019957646348290
1385020133891055625
1385020146004238340
1385020174210895873
1385020231647744006
1385020357942337542
1385020375755526152
1385020390129520644
1385020433964093444
1385020448501547009
1385020489320501257
