1423433638906146817
1423433642777395201
1423433644966699009
1423433674805153799
1423433769827115009
1423433794787422208
1423433794934222851
1423433852928802818
1423433937003683844
1423434048270225408
1423434109913899009
1423434129895575558
1423434391284600835
1423434398385508354
1423434407944364039
1423434445399416842
1423434551762853893
1423434570360365057
1423434651432017920
1423434897272852480
1423434897314693121
1423434899164368898
1423435030379048967
1423435204350423041
1423435238554931209
1423435279973638146
1423435430469328901
1423435439197798401
1423435535339696129
1423435537822666752
1423435576003416070
1423435970192580610
1423435994397872133
1423436031148400641
1423436052455477258
1423436406861574146
1423436467825676291
1423436613032587272
1423436716598341632
1423436728396877824
1423436729629958144
1423436765268951044
1423436792565469190
1423436910245130242
1423436915102076930
1423437115715637252
1423437128541908993
1423437353524383754
1423437451343941635
1423437454619684868
1423438086558584832
1423438229303353344
1423438269044383744
1423438355719667713
1423438437131108352
1423438579355762689
1423438675560615939
1423438805835649029
1423438907824295936
1423438909850234880
1423438946453889030
1423439413644759041
1423439438747774978
1423439605311881225
1423439787709640704
1423440088738979844
1423440100621537285
1423440533855215618
1423440586401632259
1423440728877842433
1423440797173694470
1423440827230076928
1423441074496937987
1423441440265302018
1423441506971627529
1423441667705741313
1423441691755700224
1423441765009342464
1423442198494957570
1423442249342504961
1423442352019066881
1423442520672018433
1423442743288909830
1423442849413087233
1423443008826101761
1423443300682543106
1423443395930959874
1423443435730636800
1423443576437026821
1423443634553229317
1423443887218167812
1423444056840015872
1423444401351761921
1423444755548151820
1423444843783761926
1423445159690313735
1423445177839013895
1423445430466138113
1423445514633322500
1423445973829931008
1423446168986689539
1423446221583224835
1423446224947093507
1423446641433055232
1423446983063318533
1423447054299324420
1423447303407427588
1423447341013553153
1423447479723438080
1423447492666998787
1423448236006719489
1423448569382637569
1423448736190058501
1423448740111716364
1423448763281051654
1423448765340389385
1423448765768376322
1423448892734062597
1423449141326254080
1423449206031798272
1423449274986205187
1423449745016512518
1423449745226412035
1423449806354198532
1423449806727487488
1423450434182729728
1423450754543718401
1423451248477474825
1423451254680850436
1423451254760480768
1423451262914334721
1423451506263613451
1423451769988861959
1423451943830269956
1423452329915916289
1423452354179911680
1423452354259607554
1423452522681966597
1423453216197550082
1423453519588196353
1423453527087661058
1423453684374114316
1423453771305299969
1423453771468771329
1423453777751908354
1423454061760860162
1423454120900448261
1423454320809422849
1423454380813168642
1423454608215744517
1423454616985944065
1423454778294562817
1423454860205244418
1423454896930631680
1423455042762416131
1423455281195913219
1423455306697347076
1423455707022639107
1423455995188105219
1423456225140822019
1423456301221306371
1423456379482824713
1423456489704931330
1423456690830290947
1423456791187267584
1423456897236094984
1423456969977905156
1423457231408926720
1423457252812460034
1423457344399233026
1423457382630371330
1423457429250060289
1423457601510068225
1423457682703491072
1423457722155077635
1423458087567040514
1423458368950345731
1423458434389876736
1423458454069514241
1423458655941267458
1423458804377686016
1423458816327364619
1423458829489119233
1423459108192198661
1423459142874902528
1423459280561319938
1423459368914374657
1423460268995141633
1423460314364874752
1423460443230769152
1423460605399375876
1423460724031082502
1423460743224176640
1423460743421251584
1423461321136381954
1423461549851697153
1423461610815885315
1423461643376287744
1423461676620320773
1423462133887643655
1423462715205459970
1423463029476405255
1423463360906018818
1423463843007647746
1423464296231669761
1423464400002981888
1423465040955514882
1423465148598132736
1423465179916947461
1423465579898355718
1423465878088261633
1423466127007567874
1423466154929045504
1423466744325287936
1423466857579769859
1423467512122036226
1423467612332347394
1423467898807402503
1423468046090375168
1423468730458296323
1423468877489623044
1423469273528340481
1423469343267037185
1423470165447127041
1423470266357886983
1423470327091318785
1423470557023064072
1423470694659203077
1423470830005235715
1423471016442056706
1423471017360510984
1423471424228921349
1423471903499558913
1423472012035608584
1423472133712355330
1423472180390678528
1423472248309096454
1423472560306540544
1423472572491046913
1423472615239393284
1423472622826819584
1423472897243373568
1423472913919926278
1423472919527706630
1423473211291930632
1423473214756466689
1423473218573250569
1423473351331299331
1423473909500887042
1423473941688029184
1423473949720055808
1423474171070222336
1423474187927236617
1423474541351813121
1423474631969845252
1423475135798030338
1423475165648855044
1423476410782519308
1423476712436797441
1423476898022268928
1423477511745376257
1423477805132701696
1423477822853566471
1423478077871607819
1423478938089623553
1423478944284790787
1423478945240928257
1423479261512585217
1423479482405593090
1423479515066548227
1423479620146434052
1423479657480048649
1423479782486982658
1423480098515267587
1423480265314349057
1423480961765974024
1423481019034898433
1423481044217516032
1423481453778714624
1423481626596622339
1423482098283958280
1423482542905233409
1423482652489879553
1423482712288120836
1423482735033782273
1423483007231479810
1423483782783389697
1423483888337358850
1423483896956702720
1423483921568784387
1423483929781231616
1423484523166244865
1423484605970137093
1423484715328286721
1423484748773666823
1423485062859870208
1423485480084119553
1423485530923220995
1423485634874859528
1423485685336444928
1423487113681678340
1423487315851321348
1423487464195428353
1423487616012402688
1423488747878944769
1423488942586859520
1423490009148137473
1423490079901814784
1423490434903457795
1423490513349627908
1423490597520912386
1423491028691083264
1423491063877152776
1423491709959344133
1423491777298894856
1423492195152171008
1423492301117030400
1423492372302794752
1423492784523198465
1423493428135047178
1423493942352490496
1423493997608284160
1423494798103748613
1423494845973344258
1423494857440567296
1423495308093313027
1423495431443599360
1423495520711061508
1423495678135787524
1423495923427053573
1423496135080042499
1423496718516117505
1423497213406240769
1423497267110158337
1423497765091414018
1423497874323689475
1423497914987462657
1423498193023782912
1423498934639644673
1423499069641699332
1423499824901488641
1423500328188596226
1423500336938033158
1423501434532810752
1423501726833942528
1423502346034757633
1423502737367576581
1423503024392134657
1423503433135501319
1423503718369173504
1423503817954451457
1423504103058063364
1423504519858634753
1423504590683639809
1423504961019711490
1423505488386400264
1423505570196123656
1423505729462358017
1423505881103093760
1423506157642076164
1423506257000812547
1423506619426430977
1423506871118450691
1423507374522908672
1423507436368023552
1423507877155778562
1423508768940347393
1423509139028803584
1423509602902106114
1423511544927825920
1423511551370317832
1423511812272795653
1423512803663650816
1423514312296079365
1423514971292540932
1423515679198642181
1423515808492310531
1423515824325804036
1423516043281158145
1423516257207431171
1423521288749043717
1423524091789725702
1423524615536750595
1423527056529403905
1423527507215544325
1423528858016419851
1423530316245868552
1423530627660406789
1423531140531605505
1423532373413662722
1423532816738947073
1423533781558890497
1423535571679518723
1423536888670007298
1423538573765120003
1423539338768420864
1423539343461953537
1423539488932909057
1423540129268961281
1423540804795109380
1423540989340307456
1423543802606854148
1423543804334903298
1423543806792712197
1423544469983531008
1423544646559576064
1423545037145710595
1423545040429850624
1423545063288840193
1423545597294956545
1423546129795276803
1423546901320904708
1423547353085140993
1423547356763627523
1423547363982024705
1423547395649032194
1423547719956811777
1423548600110526465
1423548615860031489
1423548650219884544
1423549315788722180
1423549319936987138
1423549445677981696
1423549472726990849
1423549482730459136
1423549487025377280
1423549498182230016
1423550511853285377
1423551163220250626
1423551382964088834
1423551601944449027
1423551618772094979
1423551630167920643
1423551633594765314
1423551639261155328
1423552507285024770
1423554461402910720
1423554938244763648
1423558069850681345
1423558237736116226
1423559157140049922
1423559834029461511
1423561744258113538
1423562730481537025
1423567120290418696
1423568045700681730
1423569690262130693
1423571497076072450
1423572759720960002
1423573309287919616
1423573459578335232
1423574271742418947
1423574378164498433
1423576328842924035
1423577086057320448
1423577248163143683
1423579122639458309
1423580398467047424
1423581194390757378
1423581362062303232
1423581677041950721
1423582422055145472
1423583118729023489
1423583920562573316
1423585569221791744
1423585849619460100
1423586011486035970
1423586898916876289
1423587913653276679
1423588396279078916
1423590401273958402
1423591214163628032
1423591889559822337
1423591935852359680
1423592184310165512
1423592316938375168
1423592381040009218
1423592716831707140
1423592989784424454
1423593418018725888
1423594733314748418
1423594817448071168
1423595993992466432
1423596481605513227
1423596999413309443
1423597199628324866
1423597747551318020
1423598043492876288
1423598112241750024
1423598259688386560
1423598391200784387
1423598803257634819
1423599011332771841
1423599468059013127
1423599632588972034
1423599736133545991
1423599737433907205
1423599738201550852
1423599738520326146
1423599820120502273
1423599979474599937
1423600236920934404
1423600271310065664
1423600537614888960
1423600570569531394
1423600860031029250
1423600893648424960
1423601112695836672
1423602733408522244
1423603076682993666
1423603140738310153
1423603153409351681
1423603283457810443
1423603387644383237
1423603507907731458
1423603818923806722
1423603857276477441
1423603984036675589
1423604565010751490
1423604574074585096
1423604843659382784
1423605717722935299
1423605913584291841
1423605951110725632
1423605984870739969
1423606024611762184
1423606142173859841
1423606527747891200
1423607282751791104
1423607282751860745
1423607284601659398
1423607906226802692
1423608150754742275
1423608211266015233
1423608494142328837
1423608557514248195
1423608577806249988
1423608885345140736
1423609056023830528
1423609056170635266
1423609074613198850
1423609261574217731
1423609456412221447
1423609572137345025
1423609811007119362
1423609861716254720
1423610297949073408
1423610502433935368
1423610714011361282
1423611183114895363
1423611215104851976
1423611275137986563
1423611559142731779
1423611560950333444
1423611976987594755
1423612018242764803
1423612053403676672
1423612264381288451
1423612356568002562
1423612588160598023
1423612657521754120
1423612822093803521
1423613034904305667
1423613147555024898
1423613255981936646
1423613275263184897
1423613329940140036
1423613584790237187
1423613649193738240
1423613965146464256
1423614146021675013
1423614360430292992
1423614617222254593
1423614835879710721
1423614840271118338
1423614901004668933
1423614951382568968
1423615197357514758
1423615634399768579
1423615701118558211
1423615859034136578
1423616126794309632
1423616256930947072
1423616305517801473
1423616355912257542
1423616602935894022
1423616686503219200
1423617078154743811
1423617094717886465
1423617499447406600
1423617722898866181
1423617852540526593
1423617949131284484
1423618025312374784
1423618029145952258
1423618066005508096
1423618179167817731
1423618376463785993
1423618409389039619
1423618694102634499
1423618779163025408
1423619171791867911
1423619260006518784
1423619511161397250
1423619516974698496
1423619762811293699
1423620200155553792
1423620292400893954
1423620933240172546
1423621138433945609
1423621214136934411
1423621721630912516
1423621916083068929
1423621952602787841
1423622163270098948
1423622352013824002
1423622382267375620
1423622385421340677
1423622493332459524
1423622644247801863
1423622794571571200
1423623186218987520
1423623344398733317
1423623348127469568
1423623437134741504
1423623620396470272
1423623743553875971
1423623937292972032
1423624260518567939
1423624279980232707
1423624375400640515
1423624773649801218
1423625137363066883
1423625242690396163
1423625523591323650
1423625720971112449
1423625765178982402
1423625930237530116
1423626157707177986
1423626187818078218
1423626358496841732
1423626397948465157
1423626415929450496
1423626652198707200
1423626705906946048
1423627016541200388
1423627047952429057
1423627076884643843
1423627153774727169
1423627334331011078
1423627340500905989
1423627400634642436
1423627415411167245
1423627415662731266
1423627818190188546
1423627998301937668
1423628192678617089
1423628649467719682
1423629039172993029
1423629087235612674
1423629123784675329
1423629134996062214
1423629167107743751
1423629224884244488
1423629302638292993
1423629737608597510
1423629851269939206
1423629975693967362
1423629990965530625
1423630084758548482
1423630178828357634
1423630198692401152
1423630211321667584
1423630292796022789
1423630414766301190
1423630454830284805
1423630492310679556
1423630571637465096
1423630797706256386
1423630926140030983
1423630988362584066
1423631069807616006
1423631239672651777
1423631304332136450
1423631599011344389
1423631687091687427
1423631838011068417
1423631859376967683
1423632079271735299
1423632430120976391
1423632448600952839
1423632453705551877
1423632712770981893
1423632924172193798
1423633056703913984
1423633277575995393
1423633458035929093
1423633597567696904
1423633638013476872
1423633707030745092
1423633783778070536
1423633802627321859
1423633935116947461
1423634050812727305
1423634206912024584
1423634252025974786
1423634299631325185
1423634397799014410
1423634427993800704
1423634518620188672
1423634970854182917
1423634975849598980
1423635182654001155
1423635217110155264
1423635234290085893
1423635331379773443
1423635413281935360
1423635445100040193
1423635860105220098
1423635965759967237
1423635992632758274
1423636124539494406
1423636351791112198
1423636531714088962
1423636539326832644
1423636671527018498
1423636726875148291
1423636746118606853
1423636765458448387
1423636875038887940
1423636886631895041
1423637122465083399
1423637423263821825
1423637524983988225
1423637876206678021
1423638048940728320
1423638302381559817
1423638548691968006
1423638712026607619
1423638751914434569
1423639097759965187
1423639191355789313
1423639234771103752
1423639236528508933
1423639488534913029
1423639687390973961
1423639875283206144
1423640184441212931
1423640288694882315
1423640463861600258
1423640530513272841
1423640722385907715
1423640919606243328
1423640977181392898
1423641039445893125
1423641272338767872
1423641470280552452
1423641486621618176
1423641668801241095
1423641681736265730
1423642011995758599
1423642050537435136
1423642121551101953
1423642224034729987
1423642326459686912
1423642448568492033
1423642469984575489
1423642623932354569
1423642682409246732
1423642754303860738
1423642805184966656
1423643278738657288
1423643355804807173
1423643550517022722
1423643967351050241
1423644077891887110
1423644084909088776
1423644097844219907
1423644115430952965
1423644127024058372
1423644222167584776
1423644268204265478
1423644742945058821
1423644847114698756
1423644913200209926
1423644986227240962
1423645031492210689
1423645034554044416
1423645034625347585
1423645034725916673
1423645035128492042
1423645036722352129
1423645037724848129
1423645039687659521
1423645042607001605
1423645042791501828
1423645043496083459
1423645076371148800
1423645128208654337
1423645446715629568
1423645849452691465
1423645997109059592
1423646116592115715
1423646255520026625
1423646541391269891
1423646683041308683
1423646999023398914
1423647141139030028
1423647333162573825
1423647411688333312
1423647460854013961
1423647548657442816
1423647565862539270
1423647873258905600
1423648051751579650
1423648267850633221
1423648310200578051
1423648348066680833
1423648401242079238
1423648418937851905
1423648571509940228
1423648667458801665
1423648751948902401
1423648886053294080
1423649500850184196
1423649640054919168
1423649749564067849
1423649893625774080
1423649950764765190
1423650064929492994
1423650119564595200
1423650441993367556
1423650553184272388
1423650610042265604
1423650694138056710
1423650878695825415
1423651004181008385
1423651070534995977
1423651202148012039
1423651222796611588
1423651302819700744
1423651355890233347
1423651359761571848
1423651411368218628
1423651440015388676
1423651469685936129
1423651527248470018
1423651542113136643
1423651759239598082
1423652192578326534
1423652290184065026
1423652514239586305
1423652567884648448
1423652581382017028
1423652583349104643
1423652788463095808
1423652833233014786
1423652873099952129
1423652919199637511
1423653124452016131
1423653260854956034
1423653392736530443
1423653893276372996
1423653991343345668
1423654339034423299
1423654347104268295
1423654613262163969
1423654649559670792
1423654971732635655
1423655097830191106
1423655281985265666
1423655416379154432
1423655423110942726
1423655618456469505
1423655685603184640
1423655715785216010
1423655799818174471
1423655944211345413
1423655968684924939
1423656078039035908
1423656102948966404
1423656114760175618
1423656356695969792
1423656389319270404
1423656462711197701
1423656681477713922
1423656728571392017
1423656863413964803
1423657380374536192
1423657615070961669
1423657944730718209
1423658491365953537
1423658677551108098
1423658892135968773
1423658903850688520
1423659188333461507
1423659243937353730
1423659254670635013
1423659284802543619
1423659290150178816
1423659484581441543
1423659631423987720
1423659837787975681
1423659875029114889
1423660131452129285
1423660134581084165
1423660137936351237
1423660138326413312
1423660145179971588
1423660221738672131
1423660348029218822
1423660565327712258
1423660673888837638
1423660709020413956
1423660774556319747
1423660794705809409
1423660896065363971
1423661122696134658
1423661228153524226
1423661406117896196
1423661518869127172
1423661534962667521
1423661718417383431
1423661979546292231
1423662232731361282
1423662401917005827
1423662410322305025
1423662448981299205
1423662592531353605
1423662594028679172
1423662659317215232
1423662684986302469
1423662797116821506
1423662879107076097
1423662999638794243
1423663048326275073
1423663146263367684
1423663402849873925
1423663571502780429
1423663603866083329
1423663621511553033
1423663905935486977
1423663905998610434
1423663906019430400
1423663906040471554
1423663906069880835
1423663906099060736
1423663906120081409
1423663906203967492
1423663906233389064
1423663906292060165
1423663906367545355
1423663906409652234
1423663906979926021
1423663957135527947
1423663959908012034
1423664205857796097
1423664581457612801
1423665320636583939
1423665426475757568
1423665448025985036
1423665450785939458
1423665598429544449
1423665621447979013
1423665675868979220
1423665962386079744
1423665978081218565
1423665996951441414
1423666011199451141
1423666145790500874
1423666334164979715
1423666422639628290
1423666490872578049
1423666722381385734
1423666846952218624
1423666910558834698
1423667230202597378
1423667256903487492
1423667298926272513
1423667393943965699
1423667460012756998
1423667644994134016
1423667681530552323
1423667682210107396
1423667682553974785
1423667683854360584
1423667714124652548
1423667751374270464
1423667814993440771
1423668071814807552
1423668125367668741
1423668405559861250
1423668435897126914
1423668641762103302
1423668920456724483
1423668943844163584
1423668983715278849
1423669195070398468
1423669255246159874
1423669572817858569
1423669620557291523
1423669630309183493
1423669636768403456
1423669667021918208
1423669780503044100
1423669827898691586
1423670197605572614
1423670233072549897
1423670316845391875
1423670611885318145
1423670683213737995
1423670737408335878
1423670773194055685
1423671448661630982
1423671456232267782
1423671456395825152
1423671589950873600
1423671593780326406
1423671893815664640
1423671930394226690
1423672162313965574
1423672373174317061
1423672419462619139
1423672462424911876
1423672832471584769
1423673037346463745
1423673063804227585
1423673190761607171
1423673614377832449
1423673674645835784
1423673782267428866
1423673783169204224
1423673860566798339
1423674076166504453
1423674135297806339
1423674274032848899
1423674350599868417
1423674379616071681
1423674658667311108
1423674792830439425
1423675079792201729
1423675170636681218
1423675233676976131
1423675233714704387
1423675234704498693
1423675238693294082
1423675238697603077
1423675239737688067
1423675300475506694
1423675319777693696
1423675366108024840
1423675493417734151
1423675578125852672
1423675680529780738
1423676143702585351
1423676195426734084
1423676327132020740
1423676483113996290
1423676595789774850
1423676694137917447
1423676991874736137
1423677042378297349
1423677071952384001
1423677085709656072
1423677384339906563
1423677598752718856
1423677930593529864
1423677954060701703
1423678333771030537
1423678502193164296
1423678621126901774
1423678719542108166
1423679010219991047
1423679027164946444
1423679098463850499
1423679161588240393
1423679163748265996
1423679177174228994
1423679658474737669
1423679689839755272
1423679748312604678
1423679815215878152
1423680105306640384
1423680264069279746
1423680333002780675
1423680631440084992
1423680656568160268
1423680707298213891
1423680758212878339
1423681171343425536
1423681401472258050
1423681867358867459
1423681967976075270
1423681968030498820
1423682025245003777
1423682060594688010
1423682185324900353
1423682673260830723
1423682780274196483
1423682781641539584
1423682782543425543
1423682783352926215
1423682783461863426
1423682834812833793
1423682857302732800
1423682898939494411
1423682994661957634
1423683358253588483
1423683363764846594
1423683740732121096
1423683933330448391
1423683956193513473
1423684038720737283
1423684115715461133
1423684268060971010
1423684414391918601
1423684629442318341
1423684720085381127
1423684942760906758
1423685087107878912
1423685093281906691
1423685132955828229
1423685229647171584
1423685272122925056
1423685614885560320
1423685767952584707
1423685778366947329
1423685840283316224
1423686038942330885
1423686086568595463
1423686140318658564
1423686140406779907
1423686295738540036
1423686360678928384
1423686438760157184
1423686722748043268
1423686772110860291
1423686936376582149
1423687194087206923
1423687340120236038
1423687535394541571
1423687715535663107
1423687777116467200
1423688119237451785
1423688175789166594
1423688304189452288
1423688388222361610
1423688443729694736
1423688613854912518
1423688627637391362
1423688688060481538
1423688792469352453
1423688917124063238
1423688959314518024
1423689055863250948
1423689197261631493
1423689258997534726
1423689719561474053
1423689979566432257
1423690078409404416
1423690213893808137
1423690225641984003
1423690260131852289
1423690330159734788
1423690330692489220
1423690331212632064
1423690335314751495
1423690338112204806
1423690381485481986
1423690582086520840
1423690670271868938
1423690923356078080
1423690996299313152
1423691085600239616
1423691140990177285
1423691262188834825
1423691318065238022
1423691423711473664
1423691881666564099
1423691977971929095
1423692321284050945
1423692379140337667
1423692844171251712
1423692846679351305
1423692929823084550
1423693149835341827
1423693182076862473
1423693482435256321
1423693488030420998
1423693586147721223
1423693714145398786
1423693950322348041
1423694094761611275
1423694106060984322
1423694109399822338
1423694112621010944
1423694136486531089
1423694164261281792
1423694543505997828
1423694596324921344
1423694777028128776
1423694792018604032
1423694905134682116
1423695026849259521
1423695106801086472
1423695629860196353
1423695790283894791
1423695810278088706
1423696063664377858
1423696194736373760
1423696385573064709
1423696454158364679
1423696526497521669
1423696621758464002
1423696962029821960
1423697346362281990
1423697381330198531
1423697744896659460
1423697879789555717
1423697880427089924
1423697881483997185
1423697881651761156
1423697881731518465
1423697890585759748
1423697969069576192
1423698121759117312
1423698504531251207
1423698856416583683
1423698955230142466
1423699058535849986
1423699206657740804
1423699258251878403
1423699654575853575
1423699915159519235
1423700103798444034
1423700862233415680
1423701132468228099
1423701409556467713
1423701452573261828
1423701581254508557
1423701607649271809
1423701706378973191
1423701810397728769
1423701992698941440
1423702013276213251
1423702134021836801
1423702396971139073
1423702715167805440
1423702910651752453
1423703052473839627
1423703624102862848
1423703891674271750
1423704232281137160
1423704340037046275
1423704777137995777
1423704964787064836
1423704992188411907
1423705152704454656
1423705322292752389
1423705429452853250
1423705430921031686
1423705432284143616
1423705432523083783
1423705432573595650
1423705432946667523
1423705435329032192
1423705436159676423
1423705437527027712
1423705437589889027
1423705439104032770
1423705489544732672
1423705544334970885
1423705557949616136
1423705624588730373
1423705642716512258
1423705758861037571
1423705839546904581
1423705875835916290
1423706061622714368
1423706408013516805
1423706494625779718
1423706851888275457
1423706977478270982
1423707946127659014
1423708014075392005
1423708097886007296
1423708192605982721
1423708404179156997
1423708417357664259
1423708529332998154
1423708625424556039
1423708837278851074
1423709129152114689
1423709204477407234
1423709204678905858
1423709205006061570
1423709457901576202
1423709629243080709
1423709633378717696
1423710590225240067
1423710729186709504
1423710797541396489
1423710845280952320
1423710887253266434
1423711162248663040
1423711299029061635
1423711511789330436
1423711773182545925
1423711945249771523
1423712285386756097
1423712516773908482
1423712979258855430
1423712979791589380
1423712979795599364
1423712979892199441
1423712980470927362
1423712981184045063
1423712981704085505
1423712981943152643
1423713283928907780
1423713575957372934
1423713656752181253
1423713697944453124
1423713703854235651
1423714237822783488
1423714496078655488
1423714593814323200
1423714742867218441
1423714810219442181
1423715320091615235
1423715470952304645
1423715496067743749
1423715525549559808
1423715618197540869
1423715680063574022
1423715884468740104
1423715924130025472
1423715984490172424
1423716445394030592
1423716631927304197
1423716694686683143
1423716946609156098
1423716996194185216
1423717125781434380
1423717167678296071
1423717395391189002
1423717424344481793
1423717467872956416
1423717517726519299
1423718235711606791
1423718298676613126
1423718310257045507
1423718634577408003
1423718638956187654
1423718656765218818
1423719024731508740
1423719057954574343
1423719696411635719
1423720007482097667
1423720145999040513
1423720251590651909
1423720359568740364
1423720429097824260
1423720530146828291
1423720531694559237
1423720531770085379
1423720532965433344
1423720534135742464
1423720534290796547
1423720536094478346
1423720536580886532
1423720591996112900
1423720663681060868
1423720802902544393
1423720900352937995
1423721160651550720
1423721165382692864
1423721330587750407
1423721762827739144
1423721796411473929
1423721799179702276
1423722408591171589
1423722584269631498
1423722589688668160
1423722656663318531
1423722821994287115
1423723245325459459
1423723566839730178
1423724042763255811
1423724406208094212
1423724442312658944
1423724473618944012
1423725231705833473
1423725562523099137
1423725569523560449
1423725640151441413
1423725749475889152
1423725873585434632
1423725878970920973
1423725918716145674
1423725956355825665
1423726166008025094
1423726250070319106
1423726730917908488
1423727064885211141
1423727286872944641
1423728080187654148
1423728084943970305
1423728090463694849
1423728095811440640
1423728210202742786
1423728364024733702
1423728552466395137
1423728649405190153
1423728837083467777
1423729034677166083
1423729047071305736
1423729099395239946
1423729107834216449
1423729151735894017
1423729167657574406
1423729224540692484
1423729299996164098
1423729321030701060
1423729387296407552
1423729468754087948
1423729471371292676
1423729786397118468
1423730153285459973
1423730159526551561
1423730573693136896
1423730595310366720
1423730595557957637
1423730614423990274
1423730712021282825
1423730937213464580
1423731140553281539
1423731188527681548
1423731596881022979
1423731853601624065
1423731854159585288
1423731864171339780
1423731918043033602
1423731926842609677
1423732257966206978
1423732425025335297
1423732523029434368
1423732544391028736
1423732608563773443
1423732630114107393
1423733121963462661
1423733295943200775
1423733668007264259
1423733785405833219
1423733863122182148
1423734273522159621
1423734324281610254
1423734998159564808
1423735030304559104
1423735046083653636
1423735174752358402
1423735291207163905
1423735386652692489
1423735440394313732
1423735628412321796
1423735629850898432
1423735630622822410
1423735631654567938
1423735632132812801
1423735632396832772
1423735633676169222
1423735635542675468
1423735705117806597
1423735847317344259
1423736297357815809
1423736535678083072
1423736863542726661
1423736887186010117
1423736887320236041
1423737148348452864
1423737907005857792
1423738003936137220
1423738101290225668
1423738145284186114
1423738340587839492
1423738454937120771
1423738932043427851
1423738944252940290
1423739098888654857
1423739501982232579
1423739746015133703
1423739839682392064
1423740009312571392
1423740110768676865
1423740141059944449
1423740669621846022
1423740722394632192
1423740925981904897
1423740986719617024
1423741159625592840
1423741367998681088
1423741467965657096
1423741896053174280
1423741900859838464
1423741994141208580
1423742107345432576
1423742171585286144
1423742479707385858
1423742791646130184
1423742941919600640
1423743179787014156
1423743192609001480
1423743224653418496
1423743538152476684
1423743782609211393
1423743870836355075
1423743921289678850
1423743970962722825
1423744189276241922
1423744932565635083
1423745058092748812
1423745121326141443
1423745263638822922
1423745443142541320
1423745463480688646
1423745497798520834
1423745687364251651
1423745695148769281
1423745733023477762
1423745737591074816
1423745743374979073
1423745790678286337
1423745869761982467
1423745907447697411
1423746481236938758
1423746496470585345
1423746706525597696
1423746710921117697
1423746712816865285
1423746953351819264
1423746969994809346
1423746978513670151
1423747203454095360
1423747271724777478
1423747309083451395
1423747469704404993
1423747481171603461
1423747776094031874
1423747908763930624
1423748211454332929
1423748235466772495
1423748247017955332
1423748257554092033
1423748288872947718
1423748564736479234
1423748571531202563
1423749198944559107
1423749218032779265
1423749276723597317
1423749483351924747
1423749534975504390
1423749621940166659
1423749808611860481
1423750202851221504
1423750227694084102
1423750728766705670
1423750730444328961
1423750734084853763
1423750734819037187
1423750739189456909
1423750784555130885
1423750837495603203
1423751071105749006
1423751153112817664
1423751400668995592
1423751413621010436
1423751502703829002
1423751507275513856
1423751896049848320
1423751986709729287
1423752087083552771
1423752264666189827
1423752557613260804
1423752948803330048
1423753549977210883
1423753622400143362
1423753783910281221
1423754361184952333
1423754637274923021
1423754884998995970
1423755761277079555
1423756251666817024
1423756335250870276
1423756391207079941
1423756407996747778
1423756420319567873
1423756450741030913
1423756792203513856
1423756793520566277
1423757361831976969
1423757411463073802
1423757589268111361
1423757608196919304
1423757946186514436
1423758002864246789
1423758022808154118
1423758193587544067
1423758277700046851
1423758278031466501
1423758279772184576
1423758295735619588
1423758532017598478
1423758552972279808
1423758664570114048
1423758709310824450
1423758740654858245
1423758798926266371
1423758820380135429
1423758885446426627
1423759070729809925
1423759070817886209
1423759360413552647
1423759392143462403
1423759422682279950
1423759478923698176
1423759699716018176
1423759815885611010
1423759826379853832
1423759933171027968
1423760038150221828
1423760087751999501
1423760121860067331
1423760259378827267
1423760308833767429
1423760343138963464
1423760405294460930
1423760478245883904
1423760782857175045
1423760794282512398
1423760869767499778
1423760885542277126
1423760959932444672
1423760984192307201
1423761066899775494
1423761081898516481
1423761174517194752
1423761175423107075
1423761486992773121
1423761540545662982
1423761810839293952
1423761949893054464
1423762045300846594
1423762052871598086
1423762094311284739
1423762096995672064
1423762378785701895
1423762387707080713
1423762486822637569
1423762503104925698
1423762615004798977
1423762730247467012
1423762767635353603
1423762871087947781
1423762950167449606
1423763482072203266
1423763508777340938
1423763575844311041
1423763646031740931
1423763939985342471
1423764402893897730
1423764513178988545
1423764562843680777
1423764569365704706
1423764697451573253
1423764829517619201
1423764854024785921
1423764981393231872
1423764996438233093
1423765102507999234
1423765150587305987
1423765174658416642
1423765184276045827
1423765228387512321
1423765548907778051
1423765696811515919
1423765698908667905
1423765828999147522
1423765834565029890
1423765835596931074
1423765840202244097
1423765863900057623
1423765910544920576
1423765968937947137
1423765993143291908
1423766105210896384
1423766195086544900
1423766285364736011
1423766331153731589
1423766364494389256
1423766430600867846
1423766526105165825
1423766576810057729
1423767203682324481
1423767248741806081
1423767293889220611
1423767314596601860
1423767520067076097
1423768327823007746
1423768445351510016
1423768446639255560
1423768640734867457
1423768757130964997
1423769014170537985
1423769221415284738
1423769268471177222
1423769344824250370
1423769442828226562
1423769809943158785
1423769868906729473
1423770061467160580
1423770121437335553
1423770124692172802
1423770279726223363
1423770357438111744
1423770361578102786
1423770843562356740
1423770870007406595
1423770886927265792
1423770894212739078
1423770925309308932
1423770945425137668
1423770949757845511
1423771028807995393
1423771112459038723
1423771204855504896
1423771282567483392
1423771486914027520
1423771808592023559
1423771840493858821
1423771892520034313
1423772126671249409
1423772253263732737
1423772352970641413
1423773368013230081
1423773377144176649
1423773378071068675
1423773689267507202
1423773736562528258
1423773776291024906
1423773786298585090
1423774029849239559
1423774160791220234
1423774389724762121
1423774402362101766
1423774547984232448
1423774562848854016
1423774596101197827
1423774780944158728
1423775275465285634
1423775275742072835
1423775822431784964
1423775900026408960
1423775960135094275
1423776102523326466
1423776280126922757
1423776416269799425
1423776503876120580
1423776597866434565
1423776749029150727
1423777067456503809
1423777152210640896
1423777402963087361
1423777412287025155
1423777779506688001
1423778035505979395
1423778158646415361
1423778342302539776
1423778419867803648
1423778544195407875
1423778621030866945
1423778655784816642
1423778750739668997
1423778969405493249
1423778977747963915
1423779017036075009
1423779046354309127
1423779168366563336
1423779178353201155
1423779276466368520
1423779339305373697
1423779405789343746
1423779601965330433
1423779684832223242
1423780245749043204
1423780638839214084
1423780928468361216
1423780929030397952
1423780929433112581
1423780929768673282
1423780931534344196
1423780932004327429
1423780932020887552
1423780932331442178
1423780933476388864
1423781092943929346
1423781353309581313
1423781434540560387
1423781443268923395
1423781539830276098
1423781683078238214
1423781687394177030
1423781834693951496
1423781891963080709
1423782064340578307
1423782419182804994
1423782435758739456
1423782751220740100
1423782802768769028
1423782997099229191
1423783008654532608
1423783033094672389
1423783051298054144
1423783187705176070
1423783224254345218
1423783362926350339
1423783673422401540
1423783838442995722
1423783987265380352
1423784019586658305
1423784064092344322
1423784232384700417
1423784360419921921
1423784411682721796
1423784460206723079
1423784585305919494
1423784635889291267
1423784699554680833
1423784701852983299
1423784920091070471
1423784986252087307
1423785027310178308
1423785044368367619
1423785135426744320
1423785207216459785
1423785277861076993
1423785330965192704
1423785392344555525
1423785571026096132
1423785695924129798
1423785763284660231
1423785784042270724
1423785970055450624
1423786079715528706
1423786080395046920
1423786180160720902
1423787077263626247
1423787272357416964
1423787420064129033
1423787525173387269
1423787556039180292
1423787579242160134
1423787750029987846
1423787759865667587
1423787789120942081
1423788014036258816
1423788071389212672
1423788156848119809
1423788166515937285
1423788192570953728
1423788288377294848
1423788337794592771
1423788376017211396
1423788388499566597
1423788492073717765
1423788671317254148
1423788771590516737
1423788804041809920
1423788925873803267
1423789341822828546
1423789350698029056
1423789430452723716
1423789532479115271
1423790121506287618
1423790200791224326
1423790218424037379
1423790522582372357
1423790580560236549
1423790797380534279
1423790803659497472
1423790988003250176
1423790993237762051
1423791000850403332
1423791136414502916
1423791219654672387
1423791333811138561
1423791383614218241
1423791597083406344
1423791693644582915
1423791767623774211
1423792233946492932
1423792251835097090
1423792370609528838
1423792477249544197
1423792494936997889
1423792632657063936
1423792775049453568
1423792857383641100
1423793045267431429
1423793103517913088
1423793482964033538
1423793974964260865
1423794196692049920
1423794386396196866
1423794524783001606
1423794622644555785
1423794637492391943
1423794711865839623
1423794759517229056
1423794768178421763
1423794839540359170
1423795299479433217
1423795322699100168
1423795418731847681
1423795486968975363
1423795571744182275
1423795648369987584
1423795791387406340
1423795960426254338
1423795984350470148
