1271955560833957889
1271955635400323072
1271955660452872192
1271955789087944705
1271955965496168450
1271956012275240960
1271956101882404864
1271956290819035136
1271956349061079040
1271956407273820161
1271956499431149569
1271956621527322624
1271956625679663105
1271956958095040512
1271957045764411394
1271957069403426818
1271957113150017539
1271957134901743616
1271957244373065741
1271957296466321409
1271957335074836483
1271957385616207872
1271957534635487232
1271957550427189250
1271957566638247937
1271957762663120896
1271957775686533120
1271957788424646657
1271957919634984962
1271957957606023177
1271958007925149696
1271958009414115331
1271958079446245377
1271958207339126785
1271958259486900225
1271958373408428043
1271958635606925314
1271958727122472961
1271958764464287744
1271958766074953728
1271958873910509568
1271958981196558337
1271959006563753984
1271959092291153922
1271959124486520833
1271959164332511233
1271959351348137985
1271959569888161793
1271959580503924738
1271959712649687041
1271959757738442752
1271959805259689984
1271959806006394881
1271959880342163456
1271959892744638465
1271959976689442816
1271960013620330499
1271960058553720832
1271960111033004032
1271960154616061953
1271960181136490496
1271960380680687618
1271960388784046081
1271960521911283712
1271960554148634624
1271960612638273536
1271960654174453761
1271960674583838721
1271960737401970688
1271960845573029888
1271960943237480454
1271961076377235458
1271961094010146816
1271961187526291457
1271961215338774528
1271961396817924097
1271961436634468352
1271961523162931201
1271961550467858440
1271961656046825472
1271961699852132353
1271961751156862976
1271961827786833922
1271961834610921472
1271961946888306689
1271961972343541760
1271962079721816065
1271962189902098435
1271962212362366983
1271962221791363078
1271962228313542658
1271962456760422400
1271962478096920577
1271962740320423936
1271962763670228998
1271962814811451393
1271963078771400706
1271963106260979715
1271963153560190976
1271963178193367040
1271963206857175041
1271963225953796097
1271963287211646984
1271963321206550528
1271963334682738693
1271963377989046272
1271963453033451523
1271963509736329216
1271963614266757120
1271963662501150720
1271963710957981697
1271963811847774210
1271963840746487809
1271963993167495170
1271964171974905856
1271964235657023490
1271964290774376466
1271964335196254209
1271964402540072961
1271964409703862273
1271964429161238533
1271964578579197957
1271964633914638336
1271964707440689152
1271964819042729985
1271964832179372037
1271964892514390016
1271964913494261760
1271964949686956033
1271964985833525248
1271965219548532737
1271965233519767556
1271965374217674752
1271965504777916416
1271965577108742145
1271965645480103938
1271965888875581440
1271966247400456194
1271966248558039046
1271966407438327813
1271966650716348416
1271966763543134208
1271966835462639617
1271966839514505216
1271967113863987201
1271967168813584387
1271967213260615686
1271967255451099139
1271967322572546048
1271967569768075264
1271967570506190848
1271967594195664896
1271967629411057664
1271967736495824897
1271967846080434176
1271967876635918341
1271967890569396224
1271968019518980098
1271968116164096001
1271968120845012994
1271968190046896129
1271968231658385408
1271968256082018310
1271968324092649473
1271968353066913792
1271968592259616768
1271968594214227971
1271968597603164167
1271968936767127557
1271968975325483010
1271969078736039937
1271969293857632258
1271969513806970880
1271969606295576579
1271969719055257600
1271969730400784384
1271969735824072704
1271969822495178765
1271970024891260930
1271970159356522496
1271970431264792576
1271970645258182656
1271970780516102144
1271970787805798400
1271970837889986560
1271970879199739904
1271971056144846850
1271971199736860672
1271971292724506624
1271971402678259713
1271971411272372226
1271971511478476801
1271971580059492358
1271971629740879872
1271971724733677568
1271971948675940353
1271972059262980103
1271972064388354050
1271972064761729028
1271972226674438145
1271972709803704326
1271972792595087360
1271972858277908481
1271972880105037825
1271972887323389952
1271972910001946625
1271973031846522881
1271973135336833029
1271973196749774849
1271973207256567808
1271973320288763904
1271973331613425669
1271973338819317761
1271973460357644290
1271973675840016384
1271973824985268224
1271973835412328448
1271974076530208771
1271974409113346048
1271974594417700865
1271974697819930625
1271974734691995648
1271974820197076992
1271974850878476289
1271974872248471552
1271974874064523264
1271974942901514242
1271974943211880448
1271975140784472064
1271975454182948864
1271975523921600512
1271975618486382593
1271975653286559744
1271975728427524096
1271975834954457091
1271975835319308288
1271976045684678658
1271976054878584832
1271976079113191424
1271976094665789440
1271976152345780225
1271976267412377601
1271976293207363584
1271976309535789057
1271976470290759680
1271976506093428736
1271976533750616065
1271976852572209152
1271976913200914433
1271976926052319237
1271976975683518465
1271977170877870082
1271977316898480129
1271977591411523586
1271977897478238208
1271977980085010432
1271978025899429888
1271978048594771969
1271978119919030272
1271978164965838858
1271978229235159041
1271978255667478528
1271978272113467393
1271978421682348032
1271978559473582081
1271978573302284296
1271978725781864448
1271978817964384256
1271978867092336640
1271979109242089472
1271979122777088002
1271979201562841090
1271979216494526465
1271979433390456832
1271979465623691265
1271979582728671232
1271979597702336512
1271979688475406337
1271979847011774467
1271979850836951040
1271980034677452801
1271980741652615168
1271980997526118401
1271981001896538114
1271981604114698241
1271981949842792448
1271982024807657474
1271982062967246848
1271982250431844355
1271982328575930368
1271982330744373248
1271982347253153792
1271982359634739203
1271982521518043136
1271982527318810625
1271982576220151814
1271982596264800258
1271982645510103040
1271982670415790080
1271982699943731200
1271982930890493952
1271983076286046209
1271983184075464704
1271983353118576643
1271983452062126082
1271983701950423041
1271983813099433984
1271984056775966721
1271984076677885958
1271984158332592128
1271984219816894466
1271984251907518464
1271984621476085761
1271985009709236225
1271985047734759425
1271985071805923330
1271985072023928832
1271985113774149633
1271985117536251904
1271985146074402818
1271985495107665920
1271985541224050688
1271985587109715968
1271985775614341120
1271985808015273984
1271985853070561286
1271985909660028930
1271985961505894401
1271986023271223297
1271986157434306565
1271986183229378562
1271986183959175168
1271986626399535104
1271986929463107584
1271987019988770822
1271987037361573888
1271987074216988674
1271987134803705861
1271987154206547971
1271987203196030977
1271987406774906881
1271987602363686913
1271987619652567040
1271987686631452672
1271988367652278272
1271988372844748800
1271988594593402880
1271988651728220161
1271988736872587265
1271988805738823680
1271989033741230081
1271989080813973505
1271989251085828097
1271989330458873856
1271989429855490048
1271989528849457152
1271989569102192641
1271989583094390785
1271989749411176450
1271990085941170176
1271990100906446849
1271990423351963649
1271990480570589185
1271990539232202753
1271990688524242946
1271990831822573568
1271991021224804353
1271991022751490049
1271991032364793859
1271991051117568000
1271991156021354496
1271991180386086918
1271991272597831682
1271991373462482945
1271991373680513024
1271991412586950661
1271991459504406529
1271991683442454528
1271991757492957185
1271992021599817728
1271992036393201664
1271992103489490945
1271992104911323136
1271992132140765184
1271992164776587265
1271992525147045890
1271992600074031104
1271992736128917504
1271992756970217472
1271992783809785856
1271992919625535497
1271992956837416960
1271993165315223554
1271993174110736384
1271993293061132288
1271993838417182721
1271993859615186955
1271993991035314177
1271994323912056838
1271994543794241536
1271994606209716225
1271994636739936256
1271994697049931776
1271994726229704709
1271994954508832769
1271995020623708160
1271995133798559746
1271995157450194949
1271995200399908864
1271995310647193605
1271995327957143553
1271995623953305600
1271995776173031424
1271996011850936323
1271997026000162823
1271997034451611649
1271997114478985219
1271997154706493440
1271997202206990337
1271997415890063360
1271997621742288900
1271997627077480448
1271997672648474624
1271997787534548993
1271998031987007488
1271998097145692160
1271998252498509824
1271998276242411522
1271998299306897408
1271998754577698816
1271998873800712192
1271998943010881541
1271999191791947776
1271999316530511874
1271999456083415040
1272000135841677313
1272000809258094592
1272000885904814080
1272001003102101504
1272001065106505729
1272001236460601346
1272001524714135553
1272001545299787776
1272001649016475650
1272001980576206849
1272002378536026113
1272002517979869185
1272002597990420480
1272002989482553349
1272003138434850817
1272003682301808643
1272003890054127618
1272003890783891457
1272004208884174848
1272004258439839746
1272004528058105857
1272004584072859649
1272004782295826432
1272004789623275526
1272005273448783878
1272006145587261441
1272006416140840960
1272006441365385216
1272006446444617729
1272006520373469184
1272006748627501057
1272007362379948032
1272007642056142850
1272007776794001408
1272007840308305922
1272008233385889793
1272008636244557825
1272008725319073794
1272008968056037376
1272009577798799360
1272009650909646849
1272009763191173120
1272010217304309760
1272010230495350784
1272010346606333955
1272010701125672961
1272010729395290113
1272010774106591237
1272011091284054017
1272011123764744192
1272011162406866946
1272011197332815873
1272011691514093569
1272012093865287681
1272012359998078980
1272012418844176391
1272013403062628356
1272013670307041281
1272014012616761346
1272014286139691012
1272014563228213248
1272014727254806528
1272014832502530050
1272015336888578048
1272015935843508228
1272016656487849985
1272016932632485888
1272016941327228930
1272017726329028608
1272018791833251840
1272019036570882049
1272019096310296578
1272019303433482242
1272019330037882884
1272019495847112705
1272019516143304704
1272019552612868098
1272019670556643329
1272019694522941441
1272019804917051393
1272020014405730305
1272020053664264192
1272020285911371776
1272020376189632514
1272020512701644800
1272020540316946432
1272022365766062080
1272022600051568640
1272022665017151489
1272022910924918784
1272023676549050368
1272023677555671041
1272023699189829632
1272024347365031938
1272024412330569728
1272024706670039040
1272026068904542209
1272026151330947072
1272026490272710656
1272026621642407944
1272027245201285121
1272027560814284800
1272027808987000833
1272028079922335746
1272028934440353797
1272029086278389760
1272029131266379776
1272029349001166849
1272030102642196480
1272030585834307584
1272030759201779712
1272030865632133121
1272031035434426368
1272031218314489856
1272031392726163456
1272032040452489216
1272032360721252352
1272032613453172736
1272033513466929159
1272033974521561088
1272034136878919683
1272034442769547265
1272035047269253121
1272035117704318976
1272035170502221826
1272035297971384322
1272035401792925696
1272035471129030656
1272036352482316290
1272036703008628737
1272036980508037121
1272037994069975041
1272038072037695488
1272039633086447618
1272039857196601344
1272040088021630976
1272040327264768001
1272041088287682560
1272041257829834753
1272041426054975488
1272041477527482368
1272041555684216834
1272042188642320384
1272042333043916801
1272042348000747520
1272043372639916032
1272044732529520641
1272045092858146816
1272045097744547840
1272045129038209024
1272045155135168512
1272045851452542976
1272046151420776449
1272047100533096448
1272048814896156672
1272049449246830593
1272049507149193216
1272050273989558272
1272051226230820865
1272051288184967168
1272051466782617601
1272052898361413632
1272053235570933762
1272054000523915271
1272055805085433856
1272056092437229569
1272056186985201664
1272061210477748225
1272062478885761024
1272063971202420736
1272064735207358466
1272064767109337088
1272065602203660288
1272065614912380928
1272065621367435265
1272065624395649024
1272065918458302464
1272066262202548225
1272066387633209346
1272067106310414336
1272067542882942979
1272067548599717888
1272067556455723008
1272067610767736833
1272067657026633733
1272067665327271938
1272068014125592576
1272069219279085569
1272070807997595648
1272070916525170688
1272071562028625926
1272074437513404419
1272074526176751616
1272075169385844736
1272077149999153154
1272078925020176384
1272080450782199813
1272083137208692736
1272084509698162690
1272084767522074625
1272085521561522184
1272087651047399429
1272087663537991681
1272090416012095491
1272091407243595776
1272095426603294720
1272097211682357248
1272098833732952065
1272098940175945730
1272099610388058112
1272101020882083845
1272103319557869573
1272103948464336897
1272104135614246917
1272104180388376576
1272104418557771777
1272105451216343040
1272106303943397377
1272106526245883905
1272107853176856581
1272108215631777795
1272108596009058304
1272109549353385986
1272110150652792832
1272110873260236805
1272111068144381953
1272113322993815552
1272113633468780544
1272114139872231425
1272115086124109825
1272115409525919744
1272116020304543744
1272117804754485254
1272118335795351553
1272118348780908544
1272118355734999041
1272119136768921600
1272119263088783361
1272119583504248832
1272119643084333056
1272119774529630209
1272120939380117504
1272121448983859202
1272121606974791681
1272121610418323456
1272122585405435904
1272122648017895424
1272122923394969601
1272123638632808451
1272123965151068162
1272124150434365440
1272124161817804801
1272125464153374720
1272125755355471873
1272126615024209921
1272126874324480000
1272127196681973761
1272127270568759297
1272127406938165248
1272128872549662721
1272129377619378176
1272130422915416064
1272130541433864192
1272131047958994948
1272131056246931456
1272131097019781120
1272131334346018818
1272131463157293056
1272131907640348673
1272132679673225216
1272132688875384836
1272132737139273734
1272132862167461890
1272132949694132224
1272133425437253632
1272134129811947522
1272134277661184001
1272134567525322754
1272134598282051585
1272134868827344897
1272135793444892673
1272136041215000578
1272136098987290634
1272136323562905600
1272136652576653312
1272136705777315843
1272136706372833280
1272137047369822210
1272137095985987585
1272137208271482880
1272137446021640194
1272137528745787394
1272137705607041024
1272137847320064000
1272137942862123008
1272138165923520512
1272138385969287169
1272138388385271815
1272138407028850691
1272138436586151936
1272138533432631297
1272138669944602624
1272138767302787072
1272139062674108419
1272139189971070976
1272139608101236737
1272139668579123206
1272139679886913537
1272140172994494466
1272140419497951237
1272140921019260928
1272141008487227392
1272141460628963329
1272141828758876160
1272141976234872833
1272141976842964993
1272142049878441986
1272142264945557505
1272142694651961344
1272142877519302658
1272142999368146946
1272143011468763136
1272143167547113479
1272143234861539329
1272143514428735491
1272143744188461056
1272143821191745536
1272144227934392321
1272144280405114886
1272144443894890496
1272144531652255744
1272144580499197953
1272144735285714947
1272144784686284803
1272144864705163265
1272145073577381890
1272145300904464389
1272145403270639616
1272145467544141824
1272145566101901312
1272145639443496960
1272145706552352769
1272145764622499840
1272145846881210370
1272145911091773440
1272146221336006656
1272146425284046848
1272146458016391170
1272146771003625474
1272147173053018113
1272147215222550529
1272147274378829826
1272147459175780352
1272147515622776833
1272147522438475781
1272147654059974656
1272147788080578561
1272147838433140741
1272147980464926720
1272148114661613569
1272148434737401858
1272148506942324736
1272148539234279424
1272148596142608385
1272148837528993793
1272148842176225280
1272148861335875584
1272148870634536960
1272148985340465152
1272149199161896961
1272149287586201600
1272149314698084354
1272149347099119616
1272149416082903041
1272149533485457408
1272149625223499776
1272149707377311745
1272149755616014336
1272149787954077696
1272150312980226053
1272150345838403586
1272150448867364869
1272150518211756035
1272150599988064257
1272150630220644352
1272150958244597761
1272150958773080064
1272151073810272259
1272151751249080325
1272151807171522560
1272152329752543232
1272152466558255104
1272152796259909633
1272152922705575937
1272152928627953665
1272153128352256001
1272153409416724480
1272153620633485316
1272154063321346050
1272154316934197248
1272154320885084160
1272154445984432130
1272154477425016833
1272154559234916352
1272154773630914561
1272154882032705538
1272154953377857537
1272155105316438021
1272155165110480896
1272155175592099847
1272155247235018754
1272155296543244291
1272155311755927554
1272155332656140288
1272155354894413826
1272155792565731331
1272155857199955968
1272156114071715840
1272156117951528960
1272156121361506307
1272156603974909953
1272157019017969665
1272157135716200448
1272157325911097345
1272157337185333248
1272157595629993984
1272157666790576128
1272157689636950017
1272157965538164736
1272157977647157249
1272158054528802816
1272158150481846283
1272158321538215936
1272158444729126912
1272158513083670529
1272158785403080704
1272158895616790530
1272159189977178114
1272159347708231680
1272159354867929088
1272159542835580929
1272159743679881216
1272160091819708423
1272160114921873408
1272160119820701696
1272160124661104645
1272160336133738496
1272160440559247360
1272160443600175104
1272160497161375745
1272160520200650754
1272160979414134784
1272161045893742593
1272161296302120960
1272161327902007296
1272161651224203264
1272161703850119169
1272161778844291072
1272161941050490881
1272162071245991937
1272162107094634501
1272162244105830402
1272162486289039362
1272162487807377410
1272162666405134338
1272162688391675911
1272162773011779586
1272162943405371392
1272163026347732993
1272163065308512265
1272163127111684096
1272163168345784324
1272163377062780929
1272163466183409665
1272163827715649536
1272163840063680515
1272164144326873089
1272164211926466560
1272164724629819392
1272165165614710790
1272165310523748353
1272165380216283136
1272165604351492096
1272165657141018624
1272165819905183745
1272165907540971521
1272166135400710145
1272166282654146561
1272166326581297157
1272166377340706817
1272166536577454080
1272166545150615552
1272166628478910467
1272166635059716098
1272166637857320960
1272166691913506818
1272166829314670592
1272166866346283008
1272166869303246848
1272166904359157761
1272166905923530754
1272167032797237250
1272167266877165570
1272167280844079105
1272167340776591361
1272167473857601537
1272167512872976387
1272167616430383109
1272167730553278464
1272167750304235520
1272167952251568129
1272167956080930819
1272167976981200896
1272168071583666177
1272168135144157184
1272168243092959232
1272168277058498562
1272168419073417217
1272168737165230082
1272168820950646784
1272168982578180101
1272169203211087877
1272169729243918336
1272169784986173441
1272169927034785797
1272170126545125381
1272170133214113797
1272170436051304448
1272170643203788802
1272170870170148864
1272170947408257025
1272171245895909378
1272171254854963205
1272171288660934656
1272171440759099392
1272171530080997377
1272171654446186496
1272171727678824448
1272171861422542848
1272172483379150848
1272172576140337152
1272172626694242305
1272172829824278529
1272173016370331650
1272173195269795840
1272173296390418432
1272173327218438144
1272173428515254272
1272173551102156800
1272173570786054147
1272173929914867713
1272173943135313927
1272173980473004035
1272174349194276864
1272174390059433988
1272174407839088643
1272174453443551232
1272174473966428161
1272174665721577472
1272174713301798912
1272174780674985984
1272174856939896833
1272174960824537093
1272175241956032512
1272175243449249793
1272175260545228809
1272175341306593281
1272175369525878784
1272175450178101248
1272175950592184323
1272176075204952064
1272176103394816000
1272176106054062083
1272176187658375168
1272176197703815168
1272176215923843073
1272176248920444928
1272176249608208386
1272176416877051910
1272176437601148929
1272176477912608769
1272176779516620800
1272176914904625152
1272177040108773378
1272177092034256896
1272177133570441224
1272177265263206403
1272177977539940352
1272178024939769860
1272178063275700225
1272178228405383168
1272178244532539394
1272178278292492290
1272178315529523207
1272178748008341505
1272178753330872323
1272178881139785733
1272178950324867072
1272179039168577536
1272179043203497986
1272179496079196160
1272179632813604864
1272179784139837440
1272179833200619520
1272180009780813825
1272180059416166400
1272180107956948995
1272180140894814217
1272180217650515968
1272180532256714752
1272180660413829120
1272180745138814977
1272181005110120460
1272181032280784898
1272181336485306369
1272181754741342209
1272181873402314753
1272182185093730314
1272182522093412357
1272182671028957190
1272182703601995781
1272182778906292224
1272182993688440838
1272183063171272705
1272183119345602566
1272183193983205376
1272183261930848256
1272183328209285120
1272183339974307841
1272183854174961665
1272184238197084160
1272184276574965761
1272184300377706499
1272184672034963458
1272184691878252544
1272184786262667265
1272185282847289346
1272185393342021632
1272185396168929280
1272185522761404416
1272185646971527169
1272185983086329857
1272186057929437187
1272186292533628932
1272186296639918091
1272186397701500929
1272186434645102594
1272186504715153410
1272186609019084800
1272186808219074565
1272186946928947200
1272187043603533829
1272187065879465985
1272187272142696450
1272187321413242880
1272187933127254017
1272188078271184896
1272188254855585796
1272188309029163008
1272188567129817088
1272188715054575620
1272188844092293121
1272188931430383616
1272189061352939526
1272189065732018176
1272189208464146432
1272189511280230407
1272189518721036289
1272189750762442752
1272189927254642689
1272189956577021953
1272189983785472001
1272190145731624960
1272190149775024128
1272190238744608771
1272190285733396480
1272190447016972288
1272190549483753474
1272190617418940416
1272190751628279809
1272190848265080833
1272190880976384003
1272191186158211075
1272191195226218498
1272191268169420800
1272191328294703107
1272191678561083393
1272191784479862786
1272191853270650883
1272192234042134528
1272192321170309122
1272192477584338945
1272192556152037382
1272192836654465026
1272192838575497216
1272192866828328961
1272193047917453312
1272193077755731969
1272193190767087616
1272193327878688770
1272193426503712768
1272193642850127873
1272193645874208768
1272193650341052422
1272193683249598464
1272193725226192903
1272193802279714817
1272193823746265089
1272194312097484802
1272194620844396546
1272194873106616321
1272194936067313664
1272195140506042374
1272195197473107968
1272195237511860224
1272195240565379074
1272195773325852672
1272195781244715009
1272195900518129668
1272196010341777415
1272196437833650180
1272196451435675648
1272196617735680000
1272196654096175104
1272196773784817669
1272196817619496965
1272196831397711872
1272197024855842817
1272197107479310336
1272197116832727041
1272197154661117953
1272197274542669825
1272197288828514307
1272197462208458752
1272197601321013254
1272197627896041473
1272197664591970304
1272197684133232641
1272198214545006594
1272198544582152192
1272198560629624833
1272198760425234432
1272199139481223171
1272199253520089088
1272199312307630085
1272199489240084481
1272199650817323008
1272199679195914241
1272199685193838592
1272199824968949761
1272199889150083072
1272199927603617792
1272200104657793025
1272200221821489153
1272200241522114562
1272200405376815105
1272200666132480003
1272200703734435840
1272200768121167877
1272200920990916610
1272201086762471425
1272201390194978818
1272201820509790208
1272202009987424257
1272202042870808576
1272202086336409605
1272202187536506880
1272202227751452674
1272202267303780354
1272202604899110912
1272202961834434560
1272203051613540359
1272203155904835584
1272203241422536704
1272203347836260353
1272203390991372291
1272203448243621890
1272203501456838656
1272203666968260608
1272203766650015744
1272203794303143937
1272203993641619458
1272204126919766021
1272204346739097602
1272204815729405952
1272204870414671872
1272204924521242624
1272205022617636864
1272205310292307968
1272205457533415424
1272205654820818944
1272205863319736326
1272206365516345344
1272206606038716416
1272206965020688388
1272207122470768642
1272207163813957634
1272207169203523584
1272207256445165574
1272207467443892224
1272207642526715904
1272207778355044354
1272207965882286080
1272208044219338754
1272208068835782657
1272208069586489346
1272208105367977984
1272208145142681602
1272208272527933441
1272208329260044293
1272208361027747840
1272208407970435072
1272208599264133126
1272208714553057281
1272208815384076295
1272208823646924800
1272208906203381761
1272209077926604800
1272209155533819904
1272209239050801155
1272209311788339201
1272209936668393472
1272210193783427073
1272210234757582848
1272210310196330496
1272210336037339141
1272210465465212930
1272210557848952834
1272210621476593667
1272210683325829120
1272210740582244352
1272210794797826049
1272211001358811137
1272211122247151620
1272211272298196992
1272211386366676994
1272211411318472705
1272211445854461952
1272211530113863680
1272211888978395141
1272211892258443265
1272212039033856000
1272212204310454275
1272212251450257408
1272212269041176578
1272212694553280512
1272212732226482178
1272212790191820800
1272212795937951744
1272212811087822848
1272212853668352000
1272212880964943881
1272212989903544321
1272213056324591616
1272213100566138886
1272213241985466369
1272213250982150144
1272213333341540353
1272213350680846336
1272213454473101318
1272213597108740097
1272213610866016258
1272213685755424769
1272214128715796480
1272214153046999049
1272214220365541376
1272214388972433409
1272214481515544577
1272214561790320641
1272214802648182784
1272214851763527683
1272215176935362564
1272215290827411458
1272215335471591426
1272215381030174721
1272215589319249920
1272215624257875974
1272215697809178630
1272215758412697607
1272215768957169665
1272215786556477440
1272215904269611011
1272216071433531395
1272216404931067905
1272216556194455552
1272216657218469888
1272216949494251520
1272217002300620800
1272217159310213121
1272217178599591936
1272217235503841287
1272217707224719361
1272217738333884416
1272217899189579777
1272217899642621962
1272217999475380224
1272218229767835648
1272218333249748994
1272218374077140994
1272218390577516551
1272218413629419523
1272218477835804672
1272218583469359105
1272218643561054208
1272218786561691655
1272219127508357123
1272219751834628097
1272219814107504640
1272219852854493187
1272220375284355074
1272220440019324929
1272220527470542849
1272220582315245569
1272220641845022721
1272221127541219339
1272221127990038529
1272221440742490112
1272221546711601153
1272221675711496195
1272221909955026944
1272221929211117568
1272222211114504194
1272222349102809088
1272222389548527616
1272222727777202178
1272222762795442176
1272222909340225539
1272222958572965888
1272223230061920263
1272223245350178816
1272223431690539010
1272223632366936064
1272223746355535872
1272223801967861761
1272223826714165249
1272223864928579585
1272224079584595976
1272224148086013953
1272224192474292228
1272224262842200075
1272224263588720641
1272224267929817088
1272224367477501959
1272225054043095040
1272225192966852608
1272225195848327168
1272225253104717825
1272225431312388097
1272225585209753605
1272225690876813314
1272225936801488901
1272226053302468614
1272226546728628224
1272226593587564548
1272226643029958657
1272226925117931522
1272226932524892160
1272227023281324033
1272227025886027780
1272227219973255168
1272227313430732801
1272227352974688259
1272227471702851584
1272227577105702912
1272227664070348800
1272227817258917888
1272227937790689281
1272228840266440706
1272229079035654145
1272229099822616586
1272229273752031234
1272229790779662336
1272229834417192961
1272230047483662338
1272230048519593984
1272230302388310018
1272230555355090944
1272230637697748992
1272230688394301440
1272230752822886400
1272230910839193601
1272230928157376514
1272231089948381184
1272231255216730117
1272231265278791681
1272231274682482693
1272231300393512962
1272231503087521794
1272231517700456449
1272231548193067008
1272231721967202304
1272231896097964032
1272231907850432512
1272231977421283328
1272232214458183681
1272232356024385536
1272232552963719168
1272232588690718721
1272232629518192641
1272232658450493441
1272232985178312707
1272233160038891521
1272233239181250562
1272233242624696322
1272233608342798336
1272233653158973441
1272233668753461249
1272233774760308741
1272233996148248576
1272234315208941581
1272234623146381316
1272235121467408385
1272235133999947776
1272235178916581376
1272235313809719298
1272235413571358723
1272235470680920064
1272235768950525952
1272235912861278210
1272236047724875778
1272236097427238917
1272236126456238083
1272236144286216193
1272236183024697344
1272236388214325252
1272236443717558272
1272236505646465024
1272236580133109761
1272236613230374914
1272236819447517184
1272236949441576960
1272236959008768000
1272237052168413185
1272237091632623619
1272237159756562434
1272237210406977537
1272237217985986561
1272237254077902849
1272237377902325765
1272237387381342210
1272237392469123076
1272237413482598402
1272237417777573888
1272237419119685632
1272237508219277318
1272237554130190338
1272237645230419969
1272237651219922945
1272237856275214336
1272238030129106951
1272238221251039233
1272238523505147907
1272238601078784001
1272238690719449089
1272238706515116035
1272238728933789696
1272238874824249359
1272238928096083968
1272238929555709952
1272239129183629319
1272239519324991490
1272239638351093761
1272240118838046721
1272240136365850624
1272240283724414976
1272240569205485568
1272240656967061504
1272241324180340736
1272241478186807300
1272241520175915009
1272241668541100033
1272241699637559296
1272241716389609472
1272242039585898498
1272242203084181506
1272242404200869888
1272242411834499073
1272242459167383564
1272242619016511490
1272242713891487745
1272242729884540933
1272243027738865665
1272243136467619841
1272243141228322817
1272243339140771840
1272243361295020043
1272243414353022978
1272243507013529600
1272243561849896966
1272243764699029510
1272243983876534272
1272244066063966214
1272244094341910534
1272244102583726098
1272244283819601920
1272244317395050497
1272244405056012291
1272244517236809732
1272244763367006208
1272244820917071873
1272245162404712451
1272245411781246976
1272245466437226499
1272245580002209793
1272245637866807298
1272246586245033985
1272246649096634368
1272247173003051011
1272247309879951360
1272247414645293056
1272247494001516544
1272247717968982019
1272248029093990400
1272248127211307009
1272248155636150273
1272248276616609792
1272248810711011329
1272249130019102729
1272249149124198402
1272249185534971913
1272249426854195201
1272249567539535878
1272249614197030917
1272249950953504769
1272250025855369216
1272250069996240897
1272250350800711681
1272250593755660290
1272250785179582465
1272251149027074049
1272251361233641478
1272251582109880323
1272251622350106626
1272251801899761665
1272251915750047753
1272252021299646464
1272252111636570115
1272252316641636352
1272252938304589824
1272253418913107969
1272253661133991936
1272253781355507718
1272253981729918981
1272254311112769536
1272254671500050432
1272255353821057025
1272255377850224641
1272255627981729798
1272255868642435095
1272255941266849794
1272256196037218304
1272256203435859968
1272256280942518273
1272257086458601474
1272257186211790848
1272257348405510144
1272257437521907719
1272257474435993600
1272257501560479753
1272257504735526912
1272257715142823936
1272257830054174722
1272258017875156993
1272258140168269824
1272258144454893568
1272258181159366657
1272258311791009792
1272258460974043137
1272258766889799683
1272258878399565824
1272258886972649476
1272258952475160577
1272258968077959170
1272259026521337857
1272259202908643328
1272259284525559809
1272259595004719105
1272259601510121473
1272259636092186624
1272259847040512000
1272259950732075009
1272260288222572544
1272260417016991747
1272260554544025601
1272260844991152129
1272260963245469697
1272261078005800962
1272261129830633472
1272261160310538241
1272261179604336646
1272261442813792267
1272261572791078917
1272261782468472836
1272262738396536833
1272262889899012096
1272262974372225029
1272263421958819840
1272263608685256704
1272263707284946944
1272263932451880960
1272264241412743168
1272264271804665858
1272264296718884866
1272264483197661184
1272264512645840901
1272264598062841856
1272265162817441792
1272265194090172418
1272265414597324800
1272265652502515712
1272265671108427776
1272266188295454728
1272266266569515008
1272266270499635202
1272266615346905088
1272267277820461061
1272267400856178689
1272267575519514626
1272267735775555584
1272268013795004419
1272268122721005571
1272268173178535936
1272268646262456326
1272268685466574848
1272268808804327425
1272269122211139593
1272269446271377408
1272269504022745088
1272269513002754051
1272269636936044549
1272269889550589959
1272270054604840960
1272270096879271951
1272270253746159623
1272270495828844551
1272270698732552192
1272270949988077568
1272271231019094017
1272271374413959168
1272271427086008328
1272271449403858944
1272271749502164992
1272271835351130113
1272271856150724614
1272272081351249926
1272272284431134721
1272272404543397888
1272272473376067584
1272272602610798592
1272272666507042817
1272272822166007808
1272273279915606018
1272273540499353603
1272273852630999046
1272273863297163265
1272274050216267776
1272274249324154880
1272274282819784704
1272274911717986312
1272275031628877830
1272275036817195009
1272275045415600131
1272275194611142656
1272275232724828167
1272275368045666308
1272275537055174656
1272275611436883968
1272275633930932224
1272276210500939777
1272276713955885058
1272276937520615427
1272277061957279746
1272277069255360516
1272277263090962435
1272277499070873600
1272277683871920128
1272277761109958656
1272277929293221888
1272278177960820737
1272278232885276675
1272278367140810759
1272278393938038784
1272278397591248896
1272278590852390913
1272278600163753984
1272278636691894272
1272278671701823495
1272278681701023745
1272279016737771522
1272279223152119811
1272279554766372865
1272279660840325126
1272279861311221760
1272280020656979968
1272280241713623050
1272280531116359685
1272280647294423045
1272280914026995712
1272280931051724800
1272281375182381056
1272281392739766275
1272281479100456969
1272281485043740673
1272281537069842433
1272281584469774337
1272281797867573249
1272281879916544007
1272282314836520960
1272282348059529216
1272282458784964609
1272282627677003776
1272282749035073542
1272282828148035585
1272282866005807104
1272282921479659525
1272282923606126597
1272283095404883968
1272283312845979648
1272283388930674689
1272283460690800640
1272283515586056194
1272283535236370433
1272283633500524546
1272283758239023111
1272283799485890562
1272283947804831747
1272284030956904455
1272284315636785152
1272284400026296321
1272285048948035586
1272285192024199171
1272285438661799936
1272285476205080578
1272285497113616385
1272285559067738112
1272285709769080836
1272285730992242688
1272285739816902656
1272285873925742594
1272286192642469890
1272286345424240647
1272286412596002816
1272286420783300609
1272286486990381057
1272286549674254338
1272286885789020160
1272286940960784385
1272287004009680897
1272287016126779393
1272287034183475203
1272287207546597376
1272287422928302085
1272287537214763023
1272287790026416129
1272287933601648647
1272287935329681409
1272287975888609280
1272288188594360321
1272288341141213192
1272288897742131202
1272289115472646144
1272289206832967685
1272289220711907330
1272289576409870338
1272289587231064064
1272289608844431360
1272289832048504832
1272289929641541634
1272290056238178305
1272290223486099457
1272290280079753217
1272290311616827394
1272290494484287494
1272290579825799168
1272290640227950592
1272290657932115968
1272290835040780294
1272290894683746305
1272290928284311552
1272291244073500673
1272291409006071810
1272291574358192130
1272291591764533248
1272291668625145857
1272291788787761152
1272291807876055040
1272292067671257090
1272292094573412352
1272292383141646336
1272292523189338115
1272292618513321985
1272292752382930946
1272292935703449600
1272292996705378305
1272293228058984448
1272293270773796865
1272293383843741696
1272293456883351552
1272293572826607617
1272293590186819585
1272293691898712071
1272293698295005185
1272294026201518081
1272294064294158339
1272294383510044674
1272294499360952331
1272294749785985026
1272294849753092096
1272295217551609856
1272295227793997824
1272295424943181824
1272295560687636481
1272295869946236928
1272295922010148866
1272296076368805890
1272296091682320385
1272296103883440128
1272296253183885317
1272296425246908416
1272296465424056320
1272296506842808321
1272296693694939137
1272296863102840832
1272296899454910464
1272296922435522568
1272297147963187206
1272297161783468037
1272297286715035648
1272297347473604608
1272297420630765568
1272297496434421760
1272297679276707840
1272297717008605184
1272297801263742976
1272298035427577876
1272298129862397952
1272298144324255744
1272298165375578113
1272298168458391555
1272298384813109253
1272298416580722701
1272298423740481536
1272298452152614913
1272298667647668226
1272298771842547712
1272298772471656448
1272298778616229889
1272298788560961536
1272298860946300929
1272298861013458949
1272298993725460481
1272299074587426819
1272299190517993472
1272299301675372549
1272299305865486336
1272299308562485248
1272299316288372736
1272299321438937088
1272299360353767425
1272299378166968327
1272299405824139264
1272299439223451648
1272299493149618176
1272299619972767744
1272299649127403520
1272299673101967361
1272299843126472712
1272300003235676166
1272300054091571200
1272300191757017094
1272300195859116035
1272300197184516106
1272300302436311041
1272300348326187012
1272300453297033224
1272300569261154307
1272300684411572224
1272300791810920449
1272300849595920385
1272301029091049478
1272301054303100933
1272301357576400897
1272301370436055042
1272301452623577088
1272301469639811072
1272301555786625024
1272301558609444864
1272301594663620612
1272301663701917697
1272301672539316237
1272301753514569731
1272301920800116738
1272301924558217216
1272301927519465473
1272301947022950402
1272302011980152832
1272302157627371522
1272302314544599040
1272302517020434436
1272302596984897536
1272302679390400513
1272302823229792262
1272303067380224001
1272303390765322240
1272303448277553152
1272303506792341504
1272303720550862853
1272303733163032582
1272303759541108739
1272303796383776768
1272303817737080833
1272303847365586944
1272303898347347969
1272303926025519104
1272303959504551937
1272303974398517249
1272303991309959169
1272304193798385664
1272304254359928839
1272304311389822978
1272304324811591680
1272304329622421505
1272304342708649986
1272304489777836039
1272304689359523841
1272304829474525185
1272304856577998853
1272304868162768898
1272304932281102336
1272305044814213120
1272305108613763073
1272305175672258563
1272305194852810752
1272305282358693897
1272305430883184640
1272305459014369280
1272305561762246658
1272305678359592962
1272305691634610179
1272305834974945280
1272305948254777347
1272306006048026624
1272306148583096321
1272306193101475841
1272306294670733312
1272306302937698306
1272306303768104962
1272306501546278913
1272306505623224320
1272306633964748800
1272306674691387403
1272306686800334848
1272306716781228032
1272306900584017923
1272306905902391296
1272307140624101377
1272307209104510982
1272307263093563392
1272307325035036673
1272307473127542784
1272307495176978432
1272307549543505924
1272307623195533313
1272307660566728707
1272307701821947905
1272307731873984512
1272307804620165121
1272307834605142020
1272307951617945602
1272308013513289728
1272308026196856842
1272308198117117952
1272308252706029569
1272308264907276290
1272308279990005761
1272308452581355521
1272308579106795520
1272308793267892224
1272308844249657344
1272308951233761281
1272308952441683971
1272308969017655297
1272309247641075713
1272309248756678661
1272309284085420032
1272309330830856193
1272309389161005061
1272309486741598208
1272309546724331522
1272309693365587969
1272309772654653451
1272309860160307201
1272310029614567425
1272310142508376064
1272310147776499712
1272310229426999296
1272310280706494464
1272310534294196225
1272310545333526534
1272310907088048129
1272310948884369413
1272311022804766727
1272311192825012226
1272311200609701889
1272311322022207490
1272311435016765446
1272311460669141000
1272311544702013441
1272311722041360385
1272311934696685576
1272312065454202886
1272312137730469888
1272312139840204801
1272312244936806400
1272312302889549824
1272312373693448192
1272312429549178880
1272312477506777089
1272312505050808320
1272312577587101697
1272312639054655489
1272312807174930433
1272312818692493314
1272312866369155074
1272312898208051202
1272313006911885313
1272313013543079939
1272313335489466368
1272313433464156161
1272313459477266434
1272313490640945154
1272313507539759104
1272313924860379137
1272314034646327297
1272314131014733827
1272314139956744192
1272314168293707778
1272314258311823360
1272314286375919618
1272314402314878985
1272314415266893824
1272314450771615744
1272314590467104768
1272315014339268609
1272315099156529154
1272315149093871623
1272315389205196801
1272315399611318273
1272315669208600576
1272315749290463232
1272315886133743616
1272315921806381062
1272315951946567685
1272315973513744385
1272316059362746370
1272316096666837002
1272316118137479168
1272316249150717953
1272316256826331136
1272316355451195392
1272316532438204419
1272316595101216775
1272316712457768965
1272316721769123840
1272316901360668673
1272317138716499969
1272317327002832896
1272317355415257088
1272317584709427203
1272317670994726913
1272317681211977733
1272317701575323649
1272317743518408704
1272317878696587264
1272317881255149568
