1339359656838217731
1339359724303728647
1339364748685656064
1339364938628780033
1339365522996154368
1339371091094102018
1339371236112162816
1339371353724612609
1339372440103882752
1339373391543975942
1339374898578337792
1339376541726347270
1339377566252216322
1339379786364448771
1339379985832955905
1339382552075915266
1339382581448552448
1339385541129867268
1339385989870051328
1339389883136274437
1339393744764870656
1339394616408346629
1339397402453827587
1339397701360902148
1339399104036810755
1339400094030983169
1339402435698241537
1339404235545452547
1339404778582007808
1339404956638404612
1339404959239041027
1339407507853365251
1339420474493849600
1339423051277094912
1339425845866156032
1339427063107862529
1339427601480261632
1339427601555673090
1339428859960119296
1339434169802342401
1339434574875684864
1339437667763716096
1339438686526529536
1339442923855892480
1339443959437922305
1339445936477630466
1339451320860889089
1339470131718574080
1339484728064262144
1339485231364124673
1339486315155472385
1339488001362161666
1339498065846296578
1339510612582383618
1339512466380828672
1339515104140902400
1339515300048498688
1339518082331660289
1339518450675408896
1339525059304632321
1339527023111237632
1339530285801746432
1339531200516542464
1339531209685274638
1339531249220726785
1339533882291605504
1339534847585337347
1339535355725434886
1339536101485080577
1339542700064956417
1339548995635560448
1339553324950032384
1339554052103933952
1339554764527460353
1339556018133581824
1339557347178541057
1339561987198636034
1339562156916961284
1339565130384850944
1339565258579587075
1339566027181592576
1339566516883361795
1339567550980640768
1339573186468438018
1339575689062850560
1339576993122299904
1339578551008432128
1339579603275399169
1339584230783811590
1339586146783776768
1339586981605515264
1339587480152985605
1339591078047928320
1339591179520909312
1339591991315681280
1339592437719650313
1339593737635155970
1339595457706639366
1339596659555090433
1339596929693437953
1339597901534674946
1339598344784543744
1339602591030812672
1339603522661142529
1339604691085225985
1339605062176403456
1339605234016952322
1339606654921236480
1339611123436429313
1339612478326648833
1339612570710372356
1339614304853774345
1339616510357213188
1339616593706430465
1339617303365902337
1339618238158827523
1339620122512809986
1339620272685658114
1339622580794363904
1339623276344201218
1339624068467871746
1339624100466180097
1339624106782846980
1339624901905301504
1339625210815909889
1339626218115772417
1339626411531767809
1339627669932011520
1339627895602499591
1339627971204755459
1339628199240736769
1339631598996758532
1339633181591531520
1339638794040078338
1339641511479300096
1339642234866720770
1339644167199272966
1339645343902908419
1339645685134745600
1339646408551489536
1339647125907517444
1339647822312972288
1339648702961627137
1339651595064250370
1339653625572896770
1339658389534760964
1339660148705382400
1339660637216014337
1339661649586737152
1339662108921917440
1339674055172091906
1339674829138653186
1339678820731895809
1339684293254254592
1339685570658922496
1339685573620101120
1339685915401330689
1339686776433205249
1339689389304242178
1339695303717498880
1339697636262236160
1339698877792923651
1339700163762413573
1339704649692172292
1339704808077455360
1339707335271456775
1339707343571980290
1339708047325847553
1339709914298593283
1339712171257835521
1339713821775187974
1339716523355717637
1339717008590594048
1339719167440805895
1339720062798802944
