1301308930711314441
1301308931877212162
1301309036755922945
1301309065956524032
1301309279748657153
1301310060807819264
1301310218320711680
1301310255918440448
1301310391411191810
1301310442518786049
1301311590747209739
1301311662016925698
1301311809346064384
1301312273332527106
1301312545186369536
1301312591621480450
1301312753735528448
1301312944014327811
1301313274571616257
1301313538061991937
1301313705339228160
1301313939507118081
1301313942220943360
1301313961380454400
1301314280793440258
1301315153192005632
1301315331319836673
1301315350127169537
1301315515592445952
1301315560832147456
1301315606809993217
1301315790726139905
1301316162182156291
1301316251717955589
1301316273813549056
1301316293069541376
1301316441556357121
1301316477547618305
1301316516332400646
1301316760990363653
1301317263707041792
1301317287811702785
1301317405814280193
1301317460306653187
1301317503478632454
1301317516472586241
1301317938880929794
1301318074461757440
1301318258335809536
1301318656710893574
1301318882553139206
1301319475346710530
1301319484620365824
1301319724337369089
1301319969297379332
1301320085827735553
1301320432327495681
1301320736016039936
1301320741397434368
1301320828143972352
1301320953067122691
1301321206042431488
1301321517360349184
1301321595626106883
1301321722021412870
1301322138461274113
1301322896413949954
1301323085434572800
1301323259162636289
1301323634955386880
1301323809845321731
1301323884160077828
1301323959061950465
1301324052892733440
1301324078595420166
1301324266785443841
1301324278198161409
1301324722790166540
1301324836044763137
1301325156166533121
1301325249435381764
1301325721260957699
1301325897417580544
1301326015051051013
1301326022323974145
1301326107598299136
1301326406014697478
1301326487191158785
1301326764401098753
1301327462475993088
1301327466074714113
1301327593472495617
1301328056032821251
1301328268461772803
1301328714236669959
1301328738261573635
1301328827990278147
1301328832927072256
1301328932629811200
1301329019665895427
1301329060551852032
1301329126033371136
1301329533879177216
1301329947991171072
1301329957893713920
1301329990924013569
1301330136164433922
1301330610603126784
1301330631415209986
1301330691049881600
1301330906972651521
1301331089051521024
1301331577226493952
1301331660034715648
1301331694289670146
1301331709812772864
1301331731308576768
1301331946006609920
1301332118639980549
1301332395308863488
1301332413671518208
1301332466117103616
1301332491018604544
1301332551987089411
1301332672522797056
1301332687941242882
1301332773161107456
1301332835563745280
1301332871928578048
1301332951217692673
1301333272891449350
1301333308530479106
1301333777776619525
1301333830305972226
1301333963802324994
1301334176243671040
1301334184930299905
1301334976986861568
1301335180045680643
1301335530051973120
1301335918582861826
1301336176658395136
1301336670613143552
1301337065922142209
1301337342997860352
1301337769516699649
1301337868594483200
1301338528148787201
1301338640107409408
1301339170246479875
1301339310801801216
1301339758149369856
1301339846779248640
1301339895915520005
1301340113155153920
1301340248329383942
1301340400695812097
1301340555113361409
1301340589821132800
1301341019728904194
1301341096052748289
1301341214567026691
1301341439247474688
1301341584735297537
1301341643904364544
1301341761814528006
1301341951317475328
1301342243186511872
1301342266817159169
1301342520610258947
1301342790304100357
1301342902052818944
1301342969602154496
1301343248779227136
1301344195005894656
1301344263586938886
1301344754823725057
1301346167708672002
1301346221815214086
1301346236008628224
1301346368787746821
1301346458722095105
1301346483397103619
1301346652024905728
1301346677689909249
1301346701454839820
1301346725760770049
1301346935966773248
1301346936566484992
1301347168087879683
1301347190036721684
1301347366306447361
1301347373902426118
1301347846025875456
1301348825391603712
1301348876155342849
1301349041087934467
1301349115083853824
1301349202279178245
1301349236135677953
1301349239906336768
1301349971753603073
1301350410716934145
1301350470976335872
1301350792495063041
1301350921847418880
1301351006891110401
1301351226634715137
1301351295148847108
1301351444352819201
1301351606462623744
1301352151948685313
1301352205166022656
1301352213164556290
1301352430509133827
1301352721690374150
1301352885012369408
1301353356879900672
1301354055651000321
1301354289890287617
1301354314313728000
1301354451165491201
1301354665540489216
1301354928745611264
1301354999000170496
1301355252579532800
1301355443395198976
1301355472566530049
1301355644763680769
1301356160457596929
1301356369669488641
1301356629716357121
1301356723761020931
1301356975658328064
1301357117492740097
1301357545659994113
1301357708583546882
1301357730133938176
1301357881053323267
1301357933561864192
1301357994840653825
1301358116110577665
1301358371988295680
1301358496810766336
1301358805079465985
1301358831663042566
1301359174224408583
1301359192029134849
1301359258060181506
1301359269875527680
1301359455460831232
1301359820101029890
1301360128235536385
1301360396234887169
1301361582707011584
1301361776060235776
1301361776429133824
1301362273538039811
1301362429893447680
1301362975769591809
1301363034426810368
1301363034540183552
1301364273046794241
1301364669098098691
1301364810253307906
1301365533632323585
1301365550996692994
1301366498062225411
1301366608477200385
1301367002691403776
1301367756005220353
1301367854076485633
1301368361243340801
1301368762202034176
1301369325891260417
1301369328005152768
1301369477578346498
1301369684227362816
1301369843007082497
1301369921096613899
1301370921995902976
1301371276817321984
1301371757111259136
1301371849121640448
1301371900006785024
1301371951919890433
1301371987021922305
1301373165940232192
1301373341081776135
1301373457054261248
1301373574821879809
1301374405826707458
1301374650803302400
1301374781724516353
1301374947256938496
1301375413172699138
1301375819332431873
1301375827867774978
1301375916090720256
1301376344635342849
1301376645606109184
1301376848216154112
1301377118203387904
1301378598725705729
1301379449728897024
1301380485940158464
1301380663803772930
1301382213246889984
1301382387713167360
1301382404251308032
1301382757780725761
1301384013127520256
1301385569977667584
1301386857339588608
1301387343270752257
1301387669885386753
1301388097746358272
1301388420124758017
1301388584134610946
1301388900456370176
1301389338085855233
1301390360636280838
1301390543029784576
1301391540586242048
1301393809167843328
1301394268318302210
1301395701952393216
1301396323980242945
1301396513428365314
1301396525961089024
1301397884605267968
1301397993824890881
1301398114604134400
1301398780953219073
1301398999329579014
1301401393677430784
1301401550284189697
1301401552695951360
1301401768467759104
1301403075358359557
1301404463710842882
1301405159499730944
1301407186350944257
1301408120489627649
1301413633575071744
1301413960030261254
1301415392485814272
1301419488714338304
1301422174843154432
1301422680336457728
1301423318394834945
1301427510358540289
1301428027826503682
1301428110982815744
1301429728939778049
1301430340926476289
1301430344030269440
1301432045021913090
1301435639334866946
1301439549088780288
1301439689489031169
1301440679931977729
1301441582990852102
1301442777369149440
1301442788404457472
1301446956162711554
1301447846189817858
1301449621818888194
1301449723325427712
1301449856486080517
1301450784354295808
1301459288628568064
1301459928067067905
1301462252223180801
1301463717394165762
1301464718226452496
1301464955951239171
1301466992348729344
1301469047817674752
1301471213814976512
1301472910725521409
1301473267522433026
1301474101702385664
1301475180963926016
1301475476955947008
1301476428920352769
1301476431185301504
1301479820321325063
1301480055521120259
1301480324384190466
1301482221354786816
1301483866683772929
1301483918533840896
1301484500816453633
1301485091793833985
1301485548238974978
1301485911218282498
1301485985805590528
1301485987122601984
1301487096381747209
1301487461042991105
1301487531775741952
1301487742782599171
1301488227967213568
1301488967544705025
1301489233853640706
1301489260621635586
1301489494705745920
1301490128364482560
1301490258354339843
1301490260212236289
1301490494984392711
1301490969569787904
1301491371434545152
1301492145539358721
1301493033632960512
1301493047876780033
1301493239493660673
1301493242748448768
1301493379902173185
1301493455831654406
1301495155162320901
1301495157897003011
1301495195217920002
1301496629476941826
1301496700364820481
1301496995484446721
1301497007857692672
1301497304071856131
1301497424712785925
1301497428277972992
1301497786286866432
1301497839323930625
1301497839755894790
1301497931392888832
1301498525470121984
1301499407897178112
1301499411974041602
1301499440931495946
1301499549274566659
1301499685933285379
1301500000917172230
1301500468556783618
1301500834664992768
1301500960091574272
1301501868510601218
1301502477532094465
1301502617764401154
1301502704783691776
1301503348462428161
1301503545498382337
1301503917201723394
1301504243355070464
1301505247261663232
1301505294367850497
1301505487066861580
1301505489453408257
1301505508336115712
1301505563734532098
1301505934758416386
1301505994187591681
1301506045030916096
1301506199913889794
1301507738372112384
1301507976230965248
1301508251083829249
1301508320382119936
1301508629355327488
1301508646426345474
1301508823367266306
1301509162111848449
1301509293779423234
1301509542371622914
1301509793140662272
1301510430049865735
1301510441882054657
1301510483032375297
1301510773802446859
1301510961807978504
1301511443884445696
1301511579213717504
1301512005069799431
1301512130177441795
1301512491135045632
1301512772241424384
1301512804432830470
1301512926533226501
1301513051359903744
1301513086864588803
1301513119353769985
1301513121861902337
1301513565799579650
1301513665145974790
1301513993551581185
1301514437329932291
1301514471974862849
1301514675436376075
1301514787516448771
1301514836598194178
1301514883096367104
1301515081591775234
1301515097215467520
1301515287670304774
1301515288236699651
1301515314383986689
1301515388941938688
1301515499721969664
1301516100539215874
1301516113419948032
1301516148144508928
1301516235155410944
1301517052021297154
1301517297262170112
1301517701282705413
1301517804605181955
1301518112630673410
1301518503384621057
1301518726873874432
1301518730409672705
1301519036526800900
1301519252248289287
1301519597577920514
1301519623242813444
1301519624610222086
1301519903116136448
1301519977598550019
1301520329601245184
1301520711228424192
1301520824529293322
1301520855328002051
1301521520494288896
1301521562386997249
1301521719627317258
1301522041057824770
1301522313221992457
1301522661881843712
1301522668848664576
1301522837501607936
1301522890626482176
1301522974101520384
1301523070167941120
1301523322136657925
1301523729206386696
1301523753403285510
1301524301208850433
1301524332934504450
1301524426572390400
1301524517760782336
1301524530805047296
1301524679325294593
1301525245204070402
1301525354096594944
1301525418110054402
1301525432249049088
1301526399791095809
1301526766020898816
1301527130161909760
1301527131126603777
1301527380641505280
1301527496781897728
1301527871710732288
1301527909002293254
1301527981437923328
1301528306387386374
1301528341296619520
1301528477494054913
1301528490873946113
1301528919166902274
1301528953304371208
1301529429039091712
1301529909869924352
1301529954212089856
1301530164283748352
1301530308005769217
1301530387198468101
1301531064222068736
1301531179842072577
1301531293105221632
1301531308900917248
1301531359660388352
1301531379038126081
1301531593086062593
1301531704864264193
1301531872174977025
1301532404239265794
1301532446404546560
1301532934952882176
1301533167019421702
1301533336620466182
1301533581723004928
1301533605999579136
1301533648857059333
1301533750090756097
1301533881384960003
1301534325498937344
1301534614436098049
1301534901678870529
1301535031429656591
1301535076652666882
1301535214330679298
1301535275110334469
1301535423815061504
1301535425400504327
1301536211975233546
1301536697927245824
1301536793519677446
1301536816701599744
1301536954530639872
1301537327706234880
1301538272028622848
1301538704352260100
1301538778696347661
1301539195316367360
1301539248437329922
1301539257287311366
1301539461126393857
1301539633327730690
1301539696238002176
1301539746099986433
1301540044973498368
1301540213844451333
1301540455356735488
1301540526794047491
1301540882743787524
1301541257970319361
1301541326404583436
1301541537625632771
1301542066246352896
1301542215261487106
1301542588734992384
1301542774509101057
1301543043900813312
1301543209068359688
1301543234032803841
1301543339939057671
1301543352631001088
1301543975099207682
1301544277340684289
1301544286811492352
1301544380873007105
1301544607445065730
1301544743227326464
1301545054717251586
1301545446322700296
1301545502991937536
1301545998741893121
1301546348907503617
1301546430604234753
1301546633411272704
1301546946876899329
1301547301698244611
1301547551666122752
1301547673338761217
1301547682952085504
1301548004474839041
1301548058656862208
1301548183705788416
1301548456226492416
1301548466695557121
1301548865712259079
1301549136634949632
1301549192008077318
1301549373361475587
1301549515191676928
1301550171516436480
1301550519803023361
1301550525763158016
1301550527692574722
1301550604779769856
1301550867620016129
1301551115973128192
1301551802488442881
1301552091161391106
1301552398553493506
1301552745040797697
1301552752234049537
1301552822421467142
1301552930978500609
1301553715925704705
1301553777355427846
1301553958893346816
1301554071309090816
1301554122378956805
1301554587816660995
1301555202563215361
1301555553265692672
1301555655048822784
1301555826239430659
1301555908649115649
1301556034918645762
1301557546264788996
1301557764372783104
1301557797419659264
1301558081885794306
1301558254363910144
1301559730553393153
1301560117364772871
1301560223661019138
1301560715791265793
1301560789594189825
1301560899514363911
1301560980485402624
1301561356466958337
1301561658171678725
1301561844692213760
1301561953391980546
1301563105000992768
1301563356906754048
1301563616009883649
1301564253179183107
1301564725604614153
1301564884740722695
1301565073538920451
1301565295648288768
1301565619775692800
1301565687232638978
1301565703510806529
1301565809194532864
1301565860176449536
1301566024362459137
1301566386830036994
1301566397970100227
1301566675888857089
1301566761029033984
1301566860048175104
1301567430397816833
1301567801954643969
1301568163713347586
1301568411529551874
1301568572574101505
1301568801411084294
1301568986350604291
1301569112137707520
1301569186746040322
1301569752129773568
1301569928084979714
1301570029914337280
1301570519674781699
1301570790454734848
1301570941684576256
1301571260372135936
1301571501473378304
1301571839865622528
1301571866839134210
1301572940278923269
1301573040464158721
1301573211050725380
1301573631231827969
1301573735007354880
1301573825742680067
1301573925638467584
1301574227670294529
1301574406003662848
1301574406637072384
1301574781133819906
1301574892404563969
1301575035476377601
1301575140027891712
1301575264674209792
1301575464595656709
1301575723048677378
1301575744607395841
1301575888929251328
1301576213543170051
1301576647016095746
1301576669262753792
1301576675935817728
1301576779262550016
1301576787294588928
1301576793749630978
1301576841891852290
1301576895658700802
1301576957772156929
1301577266695110662
1301577491673501696
1301578090343211009
1301578202435837952
1301578585959002117
1301579697009102849
1301579927964315650
1301580169237454848
1301580278448750593
1301580427417845761
1301580626856939521
1301580720423436288
1301580721463623682
1301580722818420736
1301580726576373760
1301580839592103936
1301581070236868608
1301581205268201472
1301581395589038081
1301581432830267392
1301581565475065858
1301581750112526342
1301582019776913410
1301582051297185794
1301582371502739456
1301582378033459204
1301582767843491841
1301582808415076354
1301582897946800129
1301582952158109697
1301583138049712128
1301583214293680128
1301583437028089858
1301583848002801664
1301584110805286912
1301584118078230528
1301584378997374979
1301584420361711621
1301584843801845760
1301585084122902528
1301585133305311233
1301585180222578688
1301585444409278465
1301585829006118913
1301586020194856960
1301586467240714243
1301586998726201344
1301587135477276673
1301587137192751110
1301587652693471232
1301587657542316033
1301588017669341186
1301588268778217473
1301588269357051904
1301588269453455361
1301588494083477505
1301588649402929152
1301588968509767681
1301589164186624000
1301589201935314949
1301589491518447616
1301589724709220353
1301589784553558017
1301589924584488960
1301590733028315138
1301590841996316676
1301590972573286402
1301591061480038402
1301591153490395144
1301591668668366851
1301592481792954369
1301593584890712065
1301594046767468544
1301594116309037059
1301594269606703105
1301594862752595968
1301594888019025921
1301595055896104960
1301595101001588736
1301595200381476865
1301595301246099457
1301595314990784516
1301595563692109825
1301595927073914900
1301596090479845380
1301596103331241984
1301596202585280515
1301596322051616774
1301596442952380416
1301597023540588550
1301597137755615235
1301597186367672323
1301597501632512001
1301597693802958854
1301597701629505538
1301597905724243968
1301598082182844419
1301598180111527939
1301598334818201600
1301598336391274502
1301598355362058240
1301598612724551680
1301598776432504840
1301598817847054337
1301598980355379204
1301599038211534856
1301599393800429568
1301599430190211079
1301599511379415041
1301599593554210816
1301599674646888453
1301599716648591360
1301599748202397696
1301599953643622401
1301600703501209602
1301600822447558662
1301600847969824770
1301600858568896512
1301601183983898624
1301601263495385088
1301602309445758976
1301602901954105344
1301602943070765062
1301603242778992641
1301603733885915136
1301603738344398848
1301603856598667270
1301603874340511754
1301603882058108928
1301603956913770499
1301604012781953024
1301604334917087238
1301604487744958464
1301604626576355328
1301604815382941697
1301604830897733634
1301604924527124481
1301605624040566785
1301605700293058560
1301605884724822016
1301605884758577156
1301606200455368708
1301606631617118208
1301606662965547008
1301606673430319105
1301606901801648128
1301607047478292480
1301607365511389190
1301607525335392258
1301607873932394496
1301607929301413895
1301608012679983104
1301608402934792196
1301608658841763840
1301609192466284545
1301609196065034246
1301609581055967236
1301609582570205186
1301609670436626433
1301610025463537665
1301610317630394370
1301610454293385217
1301610462216417281
1301610918372016128
1301611180763607040
1301611195410116610
1301611443272454145
1301611535257698305
1301611628199399424
1301612057448583168
1301612557204156422
1301612675819077634
1301612887627255815
1301613106964107265
1301613437118828545
1301613598175907859
1301613945049018369
1301614285219680262
1301614371580370945
1301615181743771657
1301615503568523273
1301615718795010050
1301615809178071041
1301616116008185856
1301616307268456449
1301616637423038465
1301616828855222274
1301616987089637379
1301617072775012352
1301617142819938305
1301617153100177408
1301617220532011018
1301617271157272577
1301617470399295489
1301618580526637056
1301618718330564609
1301618838723796993
1301618855144497153
1301619537406722048
1301619641568104448
1301619646534225923
1301619648526462978
1301619725382938625
1301619793905278977
1301619902189580288
1301620341719080961
1301620551337771015
1301620579808804864
1301620684108505091
1301621753731571719
1301621975199211521
1301622055029354498
1301622332805517314
1301622533695864833
1301622749518082048
1301622827850903552
1301622945903673349
1301623053575692288
1301623829404569608
1301624167624830977
1301624417177546752
1301624673285873671
1301625386657292288
1301625410510352385
1301625444572200965
1301625491317760000
1301625531989803009
1301625948039794688
1301625958282276864
1301626020219564036
1301626021033046018
1301626024443211778
1301626501411020800
1301626956379754503
1301627281815801856
1301627301671600129
1301627517124653056
1301627603497955328
1301627754920710144
1301628500667924482
1301628726145437698
1301628813059727361
1301628895582707712
1301628954038734848
1301629296742670341
1301630056280719360
1301630124551479296
1301630324263223296
1301630357817749504
1301630504937160704
1301630601947238402
1301630791714308097
1301631051303981064
1301631387666186241
1301631444046032903
1301631630545649669
1301631672060968960
1301631719708262401
1301631815480942593
1301631928681066496
1301631965209284608
1301632578496143360
1301632942364659712
1301633179439202305
1301633511376515074
1301633654586839043
1301633858975211520
1301633920568619008
1301634070464458752
1301634129495232512
1301634322814980110
1301634337905897473
1301634343203303424
1301634509851504640
1301634720711749633
1301634732065779718
1301634822197125120
1301634897195528192
1301635237663985664
1301635448641593344
1301635877228212224
1301636230858379265
1301636443111071745
1301636580344553472
1301637438578790402
1301637771816304640
1301638221659549696
1301638600216334336
1301638802524590086
1301638997291139072
1301639531976953858
1301640305322659846
1301640388923588608
1301641118937829376
1301641120540106752
1301641618886459393
1301642206634221570
1301642300355940352
1301642375387705345
1301642461417271299
1301643252509085698
1301643521313701893
1301643681850630147
1301644031689216000
1301644069463109632
1301644540139524101
1301644557008990208
1301644573350006794
1301644691029528577
1301644696264077312
1301644867743944705
1301644986589511682
1301645280442449921
1301645861190066177
1301645924775743496
1301646260273688577
1301646409528082432
1301646493649117189
1301646533511786497
1301646635613782017
1301646648616144898
1301646915784839174
1301647365728862208
1301647408342986753
1301647857984974848
1301648065825247233
1301648549223030787
1301648677535129603
1301648787555848192
1301648810410684416
1301648850764128259
1301649509580255238
1301649686248349696
1301649720474038272
1301650091627905024
1301650869566484481
1301651068191797248
1301651219975471110
1301651345569705985
1301651721232490496
1301651837217574912
1301651911486181382
1301652065358409732
1301652418866876416
1301652451309875202
1301652638094811136
1301652727899054080
1301653169437577216
1301653239155359744
1301653561244364805
1301654064044879875
1301654125520846849
1301654740372160512
1301655144862552064
1301655416359841795
1301656349466669059
1301656413836640259
1301656797388910597
1301657079040692232
1301657297941299201
1301658014890561537
1301658176832626689
1301658855076753413
1301658862785892354
1301659006981808128
1301659470242680834
1301660282641698816
1301660682660741122
1301660827007823873
1301660827758530568
1301661139131084806
1301661157216919558
1301661213764587532
1301661729508798470
1301661979573182466
1301662082132213762
1301662478024220672
1301662507782877196
1301662685512294405
1301662720207577088
1301662751148961798
1301663012319756288
1301663388989304834
1301663671408570371
1301664376605356032
1301664597611614208
1301664751563558912
1301664758207254530
1301665262274596864
1301665319656853506
1301665375759863808
1301665636943364098
1301665709177671680
1301665753767305216
1301665797312446464
1301666385467064321
1301666542510370816
1301666583014780928
1301666701017321474
1301666773620723712
1301666856948903936
1301667004194193408
1301667042211385345
1301667944334856203
1301668167559917570
1301668179224276992
1301668614370660353
1301668629218500609
1301668711737237504
1301668733413470208
1301668769610313729
1301668991308623872
1301669028390416384
1301669376291151883
1301669578548940800
1301669642973466624
1301669946842320897
1301669963514687490
1301670279157080066
1301670554768994310
1301671209592066048
