1354579964457345025
1354580031838838784
1354580106711326720
1354580278468112386
1354580463545950213
1354580660242030596
1354580713333350402
1354580744681775106
1354580761979056128
1354580777443471374
1354580797001498626
1354580840693555201
1354580840920064004
1354580929210146817
1354580973590106116
1354580975100039177
1354581034751373314
1354581189147975681
1354581321335644165
1354581337219489792
1354581379103731721
1354581485093867520
1354581583257341953
1354581686223335430
1354581696742649859
1354581708255985670
1354581720360742917
1354581812186656772
1354582038993629187
1354582143922483206
1354582150700527619
1354582246959755267
1354582410323746819
1354582458533113856
1354582463650131970
1354582554922414082
1354582575944249345
1354582578393722881
1354582775706365954
1354582910309969922
1354582978878435332
1354583089402564614
1354583213876916231
1354583228821221377
1354583333813018626
1354583384660586498
1354583425810837504
1354583456970383362
1354583511118868481
1354583621710057473
1354583635538681857
1354583750147883010
1354583795173892097
1354583982856429569
1354584008970137601
1354584036333809664
1354584110166122502
1354584207377522694
1354584431634374656
1354584493454200834
1354584587528261634
1354584709335031810
1354584722370916353
1354584985177640965
1354585282843176963
1354585285632339968
1354585363772297216
1354585480118104064
1354585531628335113
1354585747991523329
1354586013079719937
1354586052909027329
1354586056553852929
1354586248464261125
1354586277715337216
1354586364898111488
1354586453804773381
1354586531378434048
1354586657266262016
1354586707241402370
1354586830352625665
1354586852183990273
1354586924250525697
1354586944357818371
1354586976431693825
1354587185526222848
1354587245521620992
1354587265721389057
1354587501776793601
1354587604788908033
1354587604994424841
1354588040304472067
1354588294655389698
1354588546594721793
1354588581185146888
1354588622247309315
1354588629050515456
1354588669680771074
1354588745283076096
1354589187970891778
1354589469496717313
1354589855272099849
1354590175955984386
1354590210030510082
1354590213046210565
1354590224290967553
1354590324790845440
1354590487177474051
1354590637576904706
1354590824420544515
1354590958554378242
1354590974039781381
1354591015261396992
1354591182915919873
1354591268681224201
1354591452643401729
1354591618263822342
1354591727890423809
1354591942928199681
1354592005637210112
1354592028949176320
1354592099342155781
1354592109274267653
1354592191662977024
1354592229906591746
1354592287095984136
1354592305915834374
1354592344759296003
1354592348475432963
1354592418616717318
1354592512422400000
1354592613521829890
1354592651794853891
1354592839347433473
1354592870204923910
1354592892510199810
1354592934902030344
1354592952669134850
1354592985569243140
1354593121456312321
1354593149977579522
1354593373663977478
1354593649905045504
1354593755651862533
1354593950552748034
1354594024527704065
1354594066630111233
1354594122263384065
1354594188004904963
1354594201816719370
1354594287468630020
1354594409178914819
1354594479156719617
1354594653216116736
1354594738263912450
1354594899899928578
1354595061909041155
1354595076459163651
1354595094343675907
1354595097460006913
1354595148458553352
1354595169211965440
1354595207426285570
1354595458711216130
1354595550356795396
1354595585760911367
1354595640936980480
1354595704048672768
1354595795115372544
1354595903533965312
1354596030923350020
1354596111047143424
1354596156119150592
1354596410977644550
1354596741090316302
1354596948859367434
1354596971638448129
1354597020162469888
1354597229013696516
1354597534614900737
1354597616252833792
1354597740425211904
1354597780069740548
1354597976409305091
1354598035083374592
1354598221016936449
1354598266583851017
1354598418312781832
1354598496846950407
1354598602576953346
1354598649167282177
1354598702699175955
1354598726287962113
1354598758605082625
1354598772920242192
1354598923667722243
1354599000821919745
1354599163292479491
1354599238265667590
1354599329634390018
1354599454503030787
1354599491689734146
1354599497100390403
1354599665577164805
1354599906208587777
1354600039071559680
1354600091038973958
1354600127751729153
1354600290364907520
1354600339660546051
1354600667445342209
1354600720209760256
1354600763989831680
1354600777608814593
1354600811830128640
1354600962116227077
1354601170233245696
1354601261610500096
1354601294992957441
1354601650342785031
1354601710350700546
1354601711902613506
1354601742399381506
1354601907675926531
1354601936234950657
1354601942358622218
1354601973174198273
1354601991411007493
1354602267488485378
1354602475819573250
1354602531310231554
1354602619684139009
1354602637635833864
1354602672394018819
1354602836122890244
1354603500496367617
1354603542041010180
1354603670139244551
1354603762481061894
1354603907465490433
1354603942219493384
1354603955926560770
1354604005381591040
1354604138475245570
1354604368364974080
1354604411146948613
1354604423947943937
1354604501857140741
1354604529128501255
1354604608333750274
1354604637807140868
1354604651899973633
1354604700725882881
1354604718773972993
1354604828840882181
1354604862147850240
1354604991424684032
1354605273760083975
1354605287697768450
1354605332023156737
1354605426101383169
1354605497786261506
1354605537841848322
1354605743870193665
1354605853916209152
1354606021659004928
1354606048385015810
1354606320431882243
1354606539156320258
1354606620186206208
1354606796187561991
1354606888055267331
1354606914890510337
1354606974646759438
1354607048055513091
1354607055278059520
1354607122286305287
1354607160077021190
1354607168532709380
1354607243703033858
1354607684201443341
1354607782025166849
1354607799209250822
1354607947792478209
1354608212360757249
1354608289242378244
1354608739148587010
1354608864046567426
1354608869083934721
1354608888935538688
1354608935500718080
1354609024017305602
1354609080879509518
1354609103268622339
1354609149192118272
1354609388946907141
1354609534988390400
1354609584854458374
1354609601887547399
1354609770263699457
1354609887985205248
1354609965202341890
1354610091094376450
1354610142092939265
1354610206852984832
1354610494758395904
1354610563138138113
1354610852029214726
1354611038541520898
1354611135958429698
1354611392536600577
1354611554952613891
1354611585248059396
1354611602570563584
1354611627782516742
1354611705758806017
1354611742576410629
1354611889372803073
1354611910172438529
1354611943508762627
1354612168000331779
1354612265035714564
1354612340096950273
1354612475375792130
1354612916260130818
1354612951995588609
1354613124494741506
1354613140361785344
1354613175497457666
1354613278270500866
1354613564485545984
1354613605526872068
1354613634656305153
1354613699445714950
1354613745641779202
1354613778101514244
1354613865435320320
1354613967847612417
1354614099200634885
1354614281090850824
1354614354407256068
1354614436460425219
1354614449815093255
1354614594468253697
1354614819689791488
1354614844767547394
1354614883371913218
1354614939760136201
1354614949377683457
1354614950656929793
1354615418141499396
1354615470918422530
1354615508163825665
1354615670059761670
1354615744437301251
1354615839480303619
1354615865346568193
1354615929502633986
1354616089917988866
1354616245405032449
1354616254733168640
1354616331086262276
1354616444932272129
1354616666039185408
1354616671160455171
1354616720342843401
1354616796817600512
1354616841470095362
1354616899750023170
1354616956662534149
1354617247264862214
1354617270413225985
1354617551003799552
1354617619593240577
1354617710366216193
1354617711834394630
1354617768990138372
1354617814989074444
1354618134959976449
1354618167822319619
1354618664146903042
1354619044813545472
1354619377182777350
1354619387035201536
1354619436083376139
1354619704900521986
1354619859301257218
1354619890938896387
1354619983096115200
1354620068097912832
1354620097294462976
1354620109768241154
1354620217347944448
1354620242216050692
1354620284872101896
1354620502875262982
1354621466936025094
1354622048363044865
1354622271529357312
1354622376680501252
1354622495341555713
1354622582193057793
1354622710194827268
1354622980282843137
1354623017251467267
1354623023840681984
1354623264077848576
1354623534899851271
1354623771559211014
1354623809962315780
1354624123222306816
1354624227475943424
1354624273978163208
1354624287244738562
1354624408153976834
1354624642611376128
1354624726786854916
1354624765231845377
1354625345585033218
1354625599927685120
1354625616780406784
1354625666763927552
1354625754726858754
1354625760347254785
1354626164095131650
1354626164103507971
1354626190154334213
1354626229098459138
1354626661757685760
1354626741755670530
1354626971565748224
1354626975504224256
1354627485640626184
1354627698631593985
1354627809721909250
1354628241848463361
1354628363848187906
1354628658686783492
1354628714936623111
1354628862278316034
1354628978183696387
1354629028716687365
1354629052217368577
1354629064003375105
1354629162061987841
1354629220031455234
1354629251799126017
1354629253325844481
1354629258346434568
1354629337937563653
1354629571526742017
1354629974318325765
1354630071248707592
1354630074654453761
1354630178299904003
1354630371212734466
1354630472354115590
1354630758019833856
1354630796267630599
1354631088908496902
1354631143446949892
1354631470640410627
1354631974284128256
1354632016453644289
1354632133428588544
1354632297400717312
1354632572068892680
1354632613479247872
1354633364825890821
1354633789385961479
1354634355851874306
1354634647704137730
1354634690368561152
1354634837605445632
1354634994443055106
1354635002236063747
1354635649081552898
1354636145137737730
1354636706260119557
1354636757682290695
1354638046990221314
1354638410670071811
1354638773284433923
1354638984513785858
1354639007712473101
1354639646337224704
1354639665131892738
1354639703207776257
1354639769150619651
1354640284194381828
1354640365035413514
1354640881849139202
1354640984903200773
1354641002561208322
1354641281050357762
1354641374931542019
1354641474667884544
1354641479470350339
1354641900830130176
1354642553258315776
1354642584908533761
1354642649316274179
1354642882959958016
1354643635367800833
1354644121030434816
1354644215528120324
1354644260725907458
1354645176443166721
1354645449806913537
1354645470249967617
1354645713486024705
1354646612954537988
1354646645514842112
1354646793569632257
1354646918945787904
1354646947039236098
1354647305199222786
1354647488846843904
1354648215149293568
1354648335018291202
1354648344463872000
1354650118218260480
1354650374062354441
1354650574000631808
1354650722344853508
1354651233496260610
1354651561151127553
1354651747420164097
1354652054216699907
1354652227684753408
1354652560909619203
1354652958953234432
1354653338986541056
1354654354087817230
1354654445347471363
1354654603997011977
1354655328139423745
1354655906378752001
1354657251659816972
1354657550302633989
1354657734931709953
1354658643141144577
1354660832542662663
1354660922380398592
1354668172054568960
1354668924093272064
1354669114929897472
1354669260614807555
1354669511748808756
1354669535761113090
1354669604212269059
1354671332970164224
1354673697420963845
1354673822935379968
1354674567902588929
1354674804733960193
1354675754408304640
1354676640220139521
1354678258785255425
1354678517540249601
1354678635400196097
1354680342888771585
1354680671084683270
1354681785779675136
1354682229918756864
1354683688760569857
1354683915311706113
1354685027255267336
1354686011570319360
1354686047670697984
1354686265082441730
1354686740456484864
1354686762627563520
1354686816243380231
1354689424186089474
1354689427478634497
1354691016897523712
1354692699631226885
1354692980876193793
1354693342651682816
1354694456545603584
1354694815364091905
1354694815376699392
1354694815666098177
1354694815754162178
1354694815833858051
1354696294644781063
1354696892089819138
1354699222797475842
1354700367876018176
1354700746281938944
1354700755001868290
1354703032102113280
1354703054541565953
1354703665685266432
1354704117030072321
1354705436252004352
1354706072465010695
1354706312031072261
1354707044893405186
1354707671522271238
1354707675045449730
1354707725217902592
1354708909425094658
1354709180712681472
1354710221726371843
1354714367384760323
1354714445134626817
1354715949694386182
1354718228459749382
1354719614761107461
1354720135567855617
1354720450023190528
1354721615938990082
1354721692543836161
1354722057410510848
1354723730845544448
1354724250461024257
1354724407252447234
1354724472935374849
1354725128685367296
1354725418977419271
1354727171638652928
1354728116695011331
1354728398418010113
1354728592329072643
1354729170266370051
1354730945224404992
1354731121095938050
1354732064252317696
1354732444583387139
1354733001750564877
1354733631974027265
1354733737926385667
1354734109210390533
1354734542100312064
1354734543689961473
1354734601390989314
1354734699424452608
1354734714037260292
1354734714238754818
1354734731896774657
1354735421071249412
1354735529150083078
1354736284787478529
1354736924666294272
1354737960541970442
1354738151697362948
1354738181636317186
1354738528731717633
1354738635472560128
1354738713004298242
1354739246331006977
1354739254019153922
1354739274646773760
1354739354011394049
1354739633641447425
1354739877884129280
1354740193253855232
1354740402599944192
1354740697589493760
1354740705349038081
1354741332061904896
1354742369896292352
1354742647123030016
1354743060115181568
1354744025304227851
1354744025400700935
1354744529425997825
1354744710989049856
1354744996335923202
1354745022894247937
1354745086849019910
1354745416336683009
1354745888015577090
1354746040973451265
1354746045511593985
1354746448508760068
1354746737550876672
1354746757729677312
1354746821122404354
1354746880706699268
1354747194948120581
1354747237281263616
1354747647438049282
1354747747270844416
1354747782918254595
1354747905152864257
1354748065739993092
1354748130475053057
1354748204676427779
1354748682495795206
1354749055365246978
1354749269153107971
1354749455220826114
1354750184673193987
1354750293674745857
1354750667747958785
1354750820110241793
1354750880684404737
1354751204799217665
1354751237426704385
1354751336538120195
1354751344389857280
1354751508332630017
1354751633738108934
1354751821881999362
1354752178041348096
1354752303258066944
1354752790929797120
1354752983779729408
1354753129401774082
1354753159005151235
1354753354388230149
1354753610249367552
1354754190577438723
1354754428985864200
1354754666916147200
1354754680119767041
1354754779675824137
1354754794423017478
1354755114985271299
1354755279880151042
1354755344501796869
1354755499049279488
1354755703609716736
1354755795792121856
1354755877300011009
1354756105037991940
1354756997762039811
1354757008151474176
1354757014006726658
1354757124690210821
1354757283033526274
1354757325211447297
1354757371000725506
1354757501921595395
1354757534926696450
1354757810073038849
1354757903245303814
1354757922019045377
1354757963970437134
1354758029183483907
1354758098884452353
1354758166140096512
1354758181906489345
1354758188785086465
1354758224608694275
1354758489386536961
1354758666470248449
1354758762201042945
1354758955336163329
1354759642316849156
1354759857870692355
1354759945175097345
1354760017749155840
1354760033922387969
1354760048480825347
1354760297064632320
1354760636236967937
1354760778247766016
1354760935483830278
1354761139117154305
1354761146616541186
1354761269472059394
1354761375206223875
1354761482207186945
1354761541531348992
1354761862479548417
1354762210556436480
1354762369029840897
1354762623737360388
1354762648252891136
1354762959877246980
1354762962825834497
1354763098377367554
1354763144611172354
1354763191864193024
1354763316720185348
1354763365562929154
1354763366183661569
1354763786377424896
1354764479268085763
1354764493109260291
1354764735208677378
1354764935696416771
1354765050104344583
1354765187199471617
1354765272289259523
1354765537184784384
1354765629946003456
1354765708702449669
1354765861337374722
1354765952169238530
1354765961988079616
1354766707282350083
1354766735820398594
1354767105904824322
1354767243897409536
1354767273249091584
1354767284015935488
1354767295701250053
1354767397455073280
1354767422721576964
1354767437137399810
1354767467617292288
1354767733456568326
1354767817560748039
1354768379215753217
1354768454176399363
1354768456537825281
1354768456806260738
1354768688113725440
1354768697227956225
1354768705515900934
1354768705679470602
1354768708686802947
1354768725765971968
1354768725845676038
1354768766446555139
1354768800244260864
1354768830426460164
1354769072819482627
1354769089693147136
1354769170337058824
1354769199768326149
1354769202209386500
1354769335152226307
1354769447039467521
1354769531110117378
1354769725419565057
1354769891367256064
1354769916600184841
1354769952004321281
1354769956097953792
1354769967221256192
1354770049215713280
1354770294217519106
1354770329793654790
1354770465936592898
1354770608400314370
1354770644446158849
1354770653971410949
1354770711483711491
1354770715367583747
1354770793088118786
1354770976626585602
1354771300091392002
1354771398850453504
1354771463467905026
1354771958399905792
1354772334285090817
1354772467693314053
1354772718416228356
1354772782865920001
1354772926604701699
1354772958309449728
1354773118804484106
1354773162953728000
1354773198085238794
1354773230108762115
1354773475077058560
1354773558598238208
1354773677628420096
1354773724239687682
1354773887637184519
1354773929047502849
1354774033888387076
1354774113303334915
1354774225748447234
1354774237618315281
1354774506569674760
1354774739131142144
1354774875236405251
1354775249573699591
1354775296248000515
1354775418423959555
1354776074589249541
1354776238318100481
1354776238687211523
1354776240264249347
1354776286934290435
1354776676937433089
1354776881518829569
1354776906684653572
1354777035869196290
1354777137484599299
1354777318049406976
1354777484835889153
1354777677065019395
1354777973111586818
1354778035229237254
1354778180649938945
1354778539455897602
1354778578764914688
1354778768209014792
1354778846999040000
1354778902972002310
1354779027962261505
1354779076863676416
1354779110271311874
1354779234166833155
1354779396503175169
1354779406166863872
1354779845193060352
1354780039439650816
1354780146780282881
1354780268683550721
1354780416813584387
1354780423306563584
1354780464863707136
1354780620212367361
1354780665770889217
1354780684116758536
1354781013625499648
1354781403997724675
1354781457248641025
1354781658377936896
1354781731824541696
1354782141557694467
1354782303617241090
1354782426539716613
1354782919978573826
1354783366814564354
1354783367582117890
1354783505293697027
1354783528739856385
1354783554845224963
1354783714149019648
1354783775209762816
1354783788446973952
1354783927395774470
1354784052977430530
1354784074712408066
1354784098510843907
1354784113526452231
1354784529018474503
1354784540687032320
1354784735390806020
1354784800649969667
1354784809516720131
1354784842727247877
1354784875707068418
1354785049531584514
1354785051712630789
1354785085892005889
1354785329325203463
1354785354147123203
1354785443901022212
1354785494924746754
1354785515338424324
1354785536255397888
1354785545956823045
1354785629482192896
1354785654371188739
1354785712294547460
1354785729486925824
1354785730950803457
1354785731819016196
1354785740513800196
1354785811850518530
1354785814031556615
1354785923058331648
1354785967941578753
1354786173542137863
1354786292865892354
1354786314659500033
1354786352152371204
1354786385652277259
1354786402815385601
1354786419420651526
1354786447493095427
1354786563113234436
1354786575704612866
1354787024046338051
1354787160348651524
1354787234403278850
1354787261200609282
1354787323888742400
1354787611827699713
1354787710347730944
1354787744485093385
1354787750751444992
1354787855504191490
1354787930083102721
1354788165219983360
1354788179530887174
1354788785498812419
1354788883477704704
1354788928180662277
1354788951064772612
1354789048263573510
1354789084556746758
1354789408650756100
1354789443648049152
1354789466737668097
1354789473087860738
1354789927796539392
1354790120013123588
1354790481977290754
1354790586612674566
1354791145423962115
1354791327704219652
1354791338970025987
1354791431437766657
1354791490887839751
1354791491764412421
1354791634546921475
1354791713236267011
1354791745356242945
1354791814348288001
1354791829292658690
1354791845516218370
1354791856626917377
1354791874750513158
1354792157496934401
1354792232033902592
1354792331719933952
1354792358181789700
1354792398828806145
1354792491619414021
1354792493129347073
1354792517745696770
1354792620518682629
1354792802044018690
1354793038070108167
1354793412290109440
1354793558998478852
1354793823713562625
1354793983562678273
1354793987509510144
1354794004005662731
1354794377386848261
1354794415945080833
1354794566981967877
1354794572036120578
1354794772100218886
1354794856858660865
1354795052388777988
1354795075105136643
1354795117836701698
1354795118788812803
1354795131166224386
1354795368207286272
1354795485316440074
1354795492199301121
1354795535568400385
1354795538147921920
1354795564311973891
1354795632003862530
1354795636873375744
1354795734151868419
1354795761926627328
1354795775650357252
1354795864099704840
1354795943669936132
1354795988435824643
1354796323422179336
1354796561428045826
1354796669762736131
1354796717753954305
1354796722954891269
1354796819310587907
1354797215244550148
1354797513803407363
1354797906675589123
1354798325455839232
1354798459220594690
1354798507903729666
1354798571975925760
1354798630713126912
1354798669380390912
1354798746966528003
1354798778201427973
1354798819494350852
1354798933256486912
1354798967444258818
1354798979758891009
1354799037480914945
1354799073648201738
1354799074147360768
1354799271405645826
1354799327802101766
1354799419640565765
1354799531687251975
1354799597348999173
1354799653825478660
1354799655553536002
1354799713459945476
1354799778970832897
1354799864723329035
1354800160971386891
1354800196090097667
1354800211571294216
1354800256051863563
1354800367242862611
1354800628590014468
1354800667286638598
1354800959377993733
1354800969511358467
1354801046338457603
1354801214228058120
1354801234155163648
1354801295735934977
1354801324290764803
1354801485784227841
1354801548749017090
1354801725513682950
1354801737618472961
1354801864743809025
1354801896804945921
1354801913489887236
1354802119367266311
1354802158357667840
1354802280248209408
1354802292285870084
1354802380928258052
1354802448745996296
1354802465560948742
1354802539586150405
1354802680913256458
1354802817593085956
1354802897192513539
1354802952842530818
1354802968629972999
1354803062326476806
1354803147550539776
1354803189384548358
1354803225237491713
1354803341532905479
1354803366736449546
1354803481467469825
1354803626309390336
1354803629832593408
1354803713399943171
1354803803304775695
1354803926722252804
1354803942815748096
1354804005684166660
1354804020867555330
1354804063603286018
1354804095714881541
1354804106733314049
1354804187767291920
1354804202237616130
1354804282902470663
1354804333519355905
1354804362598445061
1354804389681057792
1354804496946274304
1354804557495234567
1354804617083645953
1354804636968869894
1354804800756408320
1354804908231278592
1354804916506693632
1354804967140253696
1354804984760594434
1354805125575888896
1354805250499072007
1354805263857934343
1354805424671780867
1354805494234271747
1354805523455991808
1354805721490026501
1354805760052486146
1354805770265612295
1354805825554968588
1354805907255824385
1354805914646106122
1354806167462010885
1354806189100474370
1354806279617748992
1354806354838315014
1354806443191496705
1354806451881930756
1354806477400072207
1354806556773126150
1354806567120498702
1354806592160469000
1354806601601884165
1354806696489545738
1354806705461157902
1354806715057754113
1354806799526838274
1354806924080889858
1354807074727706628
1354807103324450822
1354807146790101002
1354807197318799367
1354807240339853320
1354807276431785989
1354807316684521480
1354807342320115714
1354807347944648714
1354807469235552259
1354807480727924740
1354807608826204174
1354807636823166982
1354807670373400582
1354807732251967498
1354807737427759105
1354807837076070405
1354807883511197696
1354807903014686720
1354807933079494663
1354807956034871307
1354808129976815624
1354808138814242823
1354808237745348608
1354808375360385047
1354808394268385287
1354808698011488256
1354808841804738560
1354808844841406466
1354808860897251336
1354808879968751616
1354808900105588742
1354808915532206089
1354808944049315840
1354808962391007234
1354809031437635588
1354809171787485191
1354809235113054211
1354809441837699084
1354809489032007684
1354809646037385217
1354809682636926985
1354809749833797632
1354809794373148674
1354809870290014213
1354809889466380289
1354810019108122634
1354810238218604546
1354810298813714434
1354810452518178820
1354810668122132492
1354810755472789509
1354810969864585218
1354811303320117249
1354811331610722304
1354811480181334016
1354811482077188096
1354811512297197568
1354811639032209417
1354811837305372674
1354811864023097353
1354811991286706177
1354812070403874823
1354812098086227970
1354812487028228096
1354812759247003652
1354812865564209152
1354812931653857299
1354813035068579843
1354813270830370816
1354813431841398787
1354813654739296268
1354813770183262208
1354813903306280964
1354813990606528516
1354814085179731969
1354814308207661061
1354814484607455233
1354814537556365318
1354814541251506189
1354814569449885700
1354814593403555859
1354814780096147462
1354814993032740864
1354814993384960017
1354815076394438662
1354815129271975946
1354815536165576709
1354815593556242432
1354815724284334080
1354815752960765955
1354815878928318468
1354816179571810307
1354816201415823361
1354816392353124355
1354816405661573126
1354816642581098497
1354817231281033219
1354817310704320512
1354817548181626880
1354817635850960903
1354817990202593290
1354818081177038852
1354818211347263491
1354818281480220681
1354818375726166022
1354818384374886401
1354818507611889671
1354818527652323330
1354818665158373390
1354818724994273280
1354818739347156995
1354818990082691079
1354819020080312320
1354819068348440584
1354819295432253446
1354819368551497736
1354819381671337994
1354819458921943041
1354819474239623173
1354819498331623428
1354819693878513668
1354819708655046656
1354819819942465537
1354819846689570819
1354820007918596103
1354820205269012493
1354820285464154119
1354820396126593024
1354820439139176448
1354820514875752454
1354820516549283841
1354820614117236739
1354820760905289731
1354820928031518728
1354821035183333378
1354821041663561729
1354821383453171722
1354821389585313793
1354821392613576717
1354821393943150596
1354821484414332939
1354821567386054667
1354821701649879040
1354821718737526794
1354821768918175751
1354821827051233285
1354821848689635337
1354822061001035780
1354822183005036546
1354822198964281349
1354822717208289287
1354822720794501127
1354822741258473474
1354822956560510978
1354823007613554694
1354823109820342274
1354823217915944962
1354823489736204290
1354823558657052674
1354823684687421455
1354824043560484867
1354824112498065408
1354824210397319168
1354824275635576837
1354824554124730369
1354824912603475974
1354824920316829699
1354825009449984003
1354825055847342085
1354825438518865920
1354825474250162181
1354825640558514178
1354825699157139459
1354825797257728002
1354825873279447048
1354825914467680259
1354825941151748096
1354826167811862528
1354826215618568196
1354826223457714179
1354826760962019331
1354826813206388742
1354827274529304580
1354827488648564741
1354827579899965446
1354827770380099587
1354827806220431367
1354827878806896640
1354827999737221122
1354828013888794625
1354828146630139904
1354828189613363200
1354828379674046467
1354828432903966730
1354828442836021251
1354828462368804866
1354828562533031939
1354828625816686596
1354828702891302914
1354828753294290945
1354828753894055948
1354828843987521537
1354829038372548609
1354829080227528704
1354829092302987267
1354829406980632584
1354829510718365697
1354829550660820996
1354829602527449088
1354829630662877186
1354829708991422464
1354829752461189123
1354829761592373261
1354829840222924803
1354830082372677635
1354830094360064009
1354830103516241926
1354830115667013632
1354830142594375682
1354830242188316672
1354830248521691142
1354830345456254981
1354830369405726721
1354830423524827142
1354830609475121156
1354830625610604553
1354830699812057098
1354830858641944588
1354830863272448001
1354830871728107525
1354831163337138187
1354831302311235593
1354831309135294464
1354831443046899718
1354831456619663364
1354831599490260993
1354831608646422532
1354831628925886467
1354831800263208971
1354832033814609920
1354832108552904710
1354832116127834112
1354832122582867978
1354832147228602368
1354832179524759554
1354832179826728964
1354832321309007877
1354832472228376576
1354832771521384455
1354832809853149185
1354832851460648967
1354832852593029128
1354832936277860353
1354833046919380993
1354833123792580610
1354833202297372678
1354833350033342465
1354833403431034884
1354833407369498627
1354833451602599936
1354833478932639745
1354833495663767553
1354833741529677831
1354833889873821696
1354834137023188995
1354834199606423557
1354834258985185280
1354834263288336385
1354834377910452224
1354834555304353796
1354834708388077572
1354834974831235076
1354835105785786371
1354835117882167296
1354835171011424269
1354835189919318022
1354835350447935494
1354835460556779523
1354835499727380483
1354835531113373697
1354835544895758336
1354835624646369284
1354835852703256579
1354835860118765570
1354835879785865218
1354836022966824968
1354836099861012488
1354836147244048393
1354836330673545216
1354836457639309312
1354836514774151169
1354836529944948739
1354836544083939329
1354836635674943488
1354836645825060866
1354836709792428048
1354836786229506048
1354836903460184067
1354837119177547781
1354837149267456007
1354837217093550085
1354837339705585665
1354837344399077379
1354837358928125957
1354837374673563650
1354837616995299328
1354837685207265284
1354837735283023874
1354837955458854913
1354837973464977409
1354838173516488708
1354838266307031042
1354838274922180608
1354838352697171970
1354838386700394496
1354838444086882306
1354838474881458187
1354838629328297986
1354838658038312960
1354838696730775557
1354838789521346565
1354838933910204416
1354838981142335492
1354839079154802690
1354839080626958337
1354839161090535424
1354839282066853902
1354839369396482048
1354839421556838407
1354839427911135238
1354839514590679047
1354839564104429570
1354839680555098117
1354839684036386821
1354839742496567298
1354839786771636227
1354840005412155392
1354840143568449539
1354840221540622345
1354840265769545729
1354840609207562241
1354840646121644037
1354840760332537857
1354840763083972611
1354840798425092098
1354840821485461507
1354840823658110977
1354840823683280903
1354841115963269120
1354841268292087810
1354841284997996544
1354841433925185536
1354841563772276736
1354841607355453448
1354841739081744400
1354841797026078721
1354841865409986561
1354841992459640832
1354842324807913477
1354842488079605761
1354842740773810176
1354842742317326345
1354842774235918337
1354843096148824067
1354843107372752897
1354843124586131471
1354843302500167680
1354843544029192192
1354843734840635402
1354843825383108614
1354844181286547460
1354844230972297218
1354844323662032898
1354844341353766913
1354844456109879296
1354844574544519169
1354844607654354946
1354844671869132806
1354844803977125893
1354844833471467520
1354844890744676352
1354845144927842305
1354845275228151812
1354845301371252737
1354845423610056705
1354845428475441156
1354845475057389580
1354845578652381185
1354845619769192448
1354845641508335616
1354845761763237890
1354845807988584450
1354845842595848194
1354845860752990213
1354845984401088513
1354846036020387841
1354846090399506434
1354846131235270658
1354846151044956165
1354846187325689858
1354846706840559619
1354846885119406084
1354847048948973568
1354847084034322444
1354847124614238211
1354847142309978114
1354847202095603722
1354847251215093760
1354847398682570755
1354847705852506112
1354847741889941512
1354847782243344384
1354847862719451138
1354847897691500545
1354848005342556161
1354848106500808706
1354848128181149696
1354848135026192384
1354848245021892609
1354848450085584896
1354848616251326468
1354848645728915461
1354848727857573889
1354848797537538051
1354848875689992199
1354848913375850496
1354848988558745602
1354849024193527811
1354849120054358016
1354849139201347591
1354849229018181638
1354849316259717121
1354849383054008320
1354849430151843840
1354849526754979843
1354849563857854464
1354849573076779008
1354849582677708806
1354849640139661318
1354849713519013892
1354849829608955906
1354849881777729539
1354849897699287044
1354849900698218496
1354850142118174720
1354850378278465536
1354850425414033410
1354850522851930119
1354850862221447169
1354850882194694144
1354851011165351941
1354851162424553473
1354851231827636227
1354851253914902530
1354851262437748747
1354851445863051265
1354851766265901063
1354852571316416513
1354852752757649410
1354853358029447175
1354853443375149056
1354853507564789761
1354853749181833217
1354853764717551616
1354853882120253440
1354854035459862528
1354854091336384524
1354854237424017425
1354854312715964418
1354854374992977930
1354854378423816193
1354854379355049992
1354854479569555458
1354854493326872577
1354854527753711621
1354854528529686528
1354854533621493764
1354854581956730880
1354854745098301443
1354855035897839622
1354855061231448065
1354855100162985989
1354855296431218691
1354855459728076802
1354855524211191808
1354855547351281668
1354855664913436672
1354855768588251136
1354855770433744897
1354855923295133700
1354856262933032966
1354856435511930883
1354856617553104897
1354856675279319047
1354856714395332608
1354856899947061250
1354856940124446722
1354856940602580993
1354857093199777793
1354857219553112069
1354857286104199168
1354857524781047811
1354857566044565505
1354857648953450496
1354857672240201731
1354857788225314818
1354857823184834563
1354857897734385664
1354857962314092546
1354857990982086658
1354858061157031939
1354858218434998272
1354858265075720194
1354858341554671620
1354858572136517647
1354858733302657024
1354858787283349507
1354858788369682440
1354858793050533891
1354858828945367044
1354858845739380737
1354859025192648704
1354859097246593031
1354859196341235712
1354859676651773952
1354859809707798532
1354859903731585025
1354860008530468868
1354860052037984260
1354860078910812164
1354860102327664647
1354860118006001667
1354860208900755458
1354860343965732870
1354860550426152968
1354860554477858827
1354860790705221634
1354861117294710785
1354861142238228485
1354861161481699330
1354861234714255369
1354861393846145026
1354861395641294854
1354861500641533952
1354861593239162883
1354861922663997442
1354862089521815554
1354862317645688832
1354862449695088642
1354862550740049923
1354862623678984193
1354862706436812801
1354862948351672325
1354863067088216067
1354863161959182336
1354863227885264900
1354863232612257792
1354863357724127234
1354863552880902147
1354863594240929793
1354863778341548032
1354864121901182980
1354864227245293570
1354864315220811776
1354864318026706946
1354864348645257220
1354864445873410048
1354864709229371393
1354864713524420610
1354864720570773504
1354864724035346433
1354864781870706699
1354864795049205767
1354865030907490308
1354865116223827968
1354865142555664385
1354865313762967557
1354865353629818885
1354865443157250050
1354865519908843527
1354865585897803778
1354865732463583237
1354865910268522498
1354866074320306183
1354866083942039553
1354866463312588805
1354866514390896645
1354866544652804100
1354866582393126919
1354866696318812162
1354866836723163138
1354866860555177984
1354867004738576385
1354867284943237129
1354867499561574401
1354867546621665281
1354867546902683648
1354867551730356224
1354867599956467714
1354867608479178754
1354867625604620290
1354867813899513865
1354867976336531459
1354868098386558976
1354868137259380737
1354868305920720899
1354868511261257734
1354868611584831491
1354868804438937606
1354868912219975685
1354869176398213121
1354869230928322561
1354869248745639937
1354869296787304454
1354869386952245248
1354869514043850753
1354869578950705153
1354869630045741058
1354869702573629443
1354869747385561098
1354870106191368194
1354870381002285061
1354870395657216000
1354870718543114250
1354870735911714817
1354870755545276420
1354870853683576836
1354870995723681793
1354870999909449728
1354871229115736072
1354871271004254211
1354871285956927488
1354871542094688259
1354871627339730949
1354871813315186690
1354871834680946689
1354871872979148802
1354871884568027141
1354871897624866816
1354871985172574214
1354872074175721476
1354872298680053764
1354872374701785093
1354872394268205058
1354872664259702787
1354872803993001985
1354872837270548481
1354872876223107073
1354872916639412224
1354873027859771399
1354873086143823874
1354873094934913027
1354873498653646849
1354873643633946630
1354873670724947975
1354873847653281792
1354873886765146117
1354874234162569222
1354874248284798977
1354874267515674624
1354874278076964866
1354874363087085570
1354874449024200706
1354874529391247363
1354874833625096194
1354874992618573830
1354875059190591488
1354875097052553221
1354875453962670081
1354875480441282560
1354875652390838274
1354875657071849476
1354875700646457356
1354875728387518479
1354875878052921351
1354875944746401795
1354876043514040329
1354876119590330372
1354876479054770176
1354876516866387968
1354876700241367044
1354876753794260995
1354876838380793857
1354876866167975944
1354877079653933067
1354877174382272514
1354877283715182593
1354877291478847497
1354877422383099908
1354877502481715203
1354877581250715649
1354877607620304896
1354877653581492227
1354878021266796546
1354878077243961350
1354878140183678976
1354878296421502985
1354878383704911872
1354878531940003840
1354878702551773185
1354878747036557312
1354878790456004611
1354878815869292545
1354879297765466113
1354879561473941509
1354879948566233090
1354880006044966915
1354880024340541440
1354880251214655490
1354880350313439236
1354880464981471232
1354880552210460672
1354880640110440449
1354880678937157635
1354880774797996033
1354880921598652422
1354880922118713353
1354880974509789186
1354881320233684993
1354881479797596161
1354881936372723715
1354882135748964357
1354882323720896513
1354882358957191174
1354882384550907919
1354882405262372875
1354882619113140226
1354882963767517185
1354883196048068610
1354883216608534531
1354883234715357196
1354883310107959297
1354883443851669504
1354883445504307205
1354883492149157895
1354883603168165889
1354883618187972614
1354883894017929219
1354883951060512769
1354883969247031300
1354884255827025928
1354884410219388931
1354884869244018690
1354885022864568322
1354885033694261250
1354885241287094276
1354885356496289794
1354885647522279429
1354885828066078730
1354885882772385795
1354886232124387329
1354886233646903306
1354886408536788995
1354886477818310674
1354886577445597191
1354886643640111107
1354886670550781952
1354886701085302789
1354886756424953871
1354886903057801219
1354887393111920641
1354887494203015173
1354887615879774216
1354887627015598087
1354887676978212869
1354887714613690374
1354888101198495754
1354888106986631170
1354888145402286080
1354888175714500613
1354888373886976016
1354888529885724672
1354888558893522946
1354888616590323712
1354888825647095810
1354888866633715714
1354889018408923137
1354889166958559237
1354889228551860230
1354889523004641280
1354889574401662979
1354889635625914368
1354889689325596678
1354889709571493888
1354889817599979524
1354889842535116807
1354889915381776389
1354889990749245444
1354890167547539458
1354890453120937986
1354890455998148609
1354890563732967424
1354890692900888582
1354890810358075393
1354890859918069763
1354891136574353412
1354891264760696832
1354891490233884677
1354891523947696136
1354891573344006144
1354891577227943939
1354891692210581508
1354891768043610115
1354891959933022208
1354892229136052231
1354892281254457346
1354892356009537537
1354892402717319171
1354892439618777092
1354892473328431106
1354892512264036353
1354892515321671684
1354892525669134340
1354892761003040771
1354892862702415873
1354892879395778572
1354893185470885899
1354893242630877184
1354893410860150787
1354893792109862918
1354894025791328258
1354894605901320192
1354895014665588738
1354895114250969089
1354895167023681538
1354895443352805379
1354895557618237440
1354895600559517699
1354895766452633600
1354895847033626627
1354895866855874561
1354896054211268609
1354896104979124232
1354896197241233416
1354896276651970560
1354896295769628678
1354896347816742914
1354896374899347456
1354897033442816001
1354897176510521345
1354897207447740430
1354897426025480192
1354898000359936002
1354898013207080966
1354898230283268102
1354898356204695557
1354898373833347076
1354898539634171905
1354898690209624071
1354898741485056003
1354898980606504960
1354899017528987653
1354899166984601610
1354899343573213187
1354899467057717258
1354899467271602177
1354899476851412994
1354899544228712451
1354899562675261445
1354899563920941063
1354899564327800835
1354899755902623747
1354900104310894593
1354900126343585793
1354900133629071364
1354900224045670401
1354900232576839681
1354900378710585344
1354901088328101889
1354901567720353799
1354901666718502912
1354901790928613378
1354902026820460544
1354902304525340674
1354902444451491841
1354902562550525952
1354903089921339403
1354903594441519106
1354903645414977538
1354904009786712073
1354904320483995654
1354904418253156352
1354904470795268103
1354904821309046788
1354904849985503232
1354904943145209856
1354905012007280641
1354905178223353858
1354905243570597893
1354905263942365184
1354905356925808642
1354905579316195332
1354905588451442691
1354906111078510594
1354906335649951744
1354906345535922180
1354906563069292546
1354906690886508547
1354906750416281603
1354906752161099776
1354906808901578753
1354906910575755269
1354907013394952193
1354907039823233026
1354907211236057095
1354907212196536328
1354907463640772608
1354907495362424837
1354907558125907978
1354907595753066500
1354907701030121472
1354907982396534790
1354908117268574213
1354908353571532800
1354908358143172608
1354908360559255552
1354908532064346113
1354908585180999683
1354908590356762639
1354908644685598722
1354908687660437511
1354908703627988994
1354908737761325059
1354908764655251465
1354908797471510534
1354908880023810055
1354909761452580873
1354909838514511875
1354909921901481986
1354910304954671106
1354910371400855552
1354910590817460231
1354910618235637760
1354910640851193856
1354910664960176130
1354910677341765633
1354910864743268356
1354910898700361732
1354911362187730950
1354911440189202434
1354911708255551497
1354912059926917130
1354912230039572480
1354912235924180992
1354912844249255938
1354913017734062087
1354913017788588033
1354913060549500933
1354913215013126145
1354913338690576384
1354913504432705540
1354913826593009667
1354913843244359682
1354913932243329037
1354913990443458566
1354914157456314368
1354914197629521930
1354914399014834176
1354914586663727106
1354914650660417536
1354914660634423296
1354914773616513025
1354914811746930691
1354914893225488386
1354914919842533381
1354915003506302979
1354915061656072193
1354915204010807301
1354915213389287433
1354915409544228864
1354915604877205504
1354915621591523343
1354915860641685515
1354916011322068999
1354916042380693504
1354916092154671113
1354916133346930697
1354916158336626690
1354916227668389889
1354916346606333955
1354916606313459714
1354916928519884800
1354917177938345992
1354917178647207938
1354917266295566343
1354917490216873985
1354917612434632715
1354917662955069441
1354917724800114694
1354917904714784772
1354918006346952704
1354918041230962689
1354918153546039296
1354918165038460931
1354918195480711170
1354918392751411201
1354918615028531200
1354918661627195393
1354918733022699529
1354918851885096961
1354919066071429131
1354919123025866753
1354919176444506112
1354919202679910404
1354919293075550212
1354919322167160841
1354919552052768770
1354919618041827328
1354919715483881478
1354919865476403200
1354920134620680196
1354920338686152710
1354920598091264004
1354920600184225793
1354920767042027520
1354920878413377537
1354920909589655552
1354921051143208960
1354921055505297415
1354921107359412231
1354921122375098370
1354921225244520450
1354921231762530308
1354921265111441409
1354921328243949568
1354921585182957570
1354921639641817091
1354921775973478403
1354921793044295680
1354921900942761988
1354921920978939921
1354921990231105538
1354922096640610306
1354922199266643974
1354922248386306048
1354922375490494466
1354922398517239810
1354922429274071042
1354922469103198215
1354922609767555072
1354922655321878531
1354922742181728256
1354922957429231617
1354923045803204612
1354923099867721728
1354923129408266241
1354923256642465795
1354923526613037062
1354923543369310210
1354923843924717573
1354923897204989962
1354924376550998019
1354924593186811904
1354924607896215560
1354924609301262344
1354924821478576130
1354924848879968258
1354924859470585858
1354924936507367430
1354925031445430272
1354925325566824454
1354925545352519680
1354925594551660545
1354925646460411911
1354925783408635908
1354925810784874499
1354925812890402821
1354925887855190017
1354926092226879490
1354926262305878017
1354926267301318662
1354926321672007681
1354926334057852931
1354926412432596994
1354926495710515202
1354926524923842570
1354926663738531841
1354926690116530177
1354926724157501443
1354926724304285697
1354926812665700353
1354926980869705728
1354927062381944832
1354927140001767427
1354927246172016643
1354927273670041600
1354927496194641923
1354927523805749248
1354927633415467015
1354927649467072513
1354927697764495360
1354927703946895365
1354927790848679939
1354928152192102400
1354928387538755586
1354928465842204673
1354928474713157647
1354928719496945664
1354928855811809283
1354928883112562693
1354929130509201409
1354929137174110210
1354929227792052229
1354929250906877955
1354929256720199680
1354929388119322624
1354929396583428096
1354929487780196361
1354929527529603074
1354929557996855301
1354929719444201473
1354929773177434113
1354929785823232001
1354929808912883722
1354929849098530816
1354929939913601024
1354930000886198272
1354930037154316292
1354930074697555971
1354930100337319941
1354930119220097025
1354930329161764865
1354930340188594181
1354930510259216387
1354930510313775105
1354930557969461249
1354930560775368705
1354930616580583427
1354930691881000970
1354930714735738882
1354931116860432384
1354931179623997440
1354931266660007936
1354931392971468801
1354931657430749186
1354931699096952834
1354931700267184128
1354931945612996613
1354932022276485121
1354932206926487554
1354932325260402688
1354932476335042560
1354932852685733888
1354932945736376320
1354933020424347652
1354933178365075477
1354933218332594179
1354933260166569999
1354933322456117254
1354933342085525516
1354933425715761162
1354933447068889088
1354933531399471116
1354933745195872264
1354934013610373121
1354934056811692037
1354934107193667599
1354934241327505414
1354934281458626563
1354934428267589637
1354934467316613129
1354934499172343817
1354934506260721666
1354934705049772037
1354934728382681104
1354934744467861508
1354934785563619344
1354934833244475401
1354934846074871813
1354934848801144837
1354934859475677189
1354934892111474698
1354934938009788416
1354934949892251648
1354934968510779394
1354935175151562764
1354935187650523137
1354935190242676743
1354935237151744005
1354935315568459776
1354935448532086786
1354935514516889611
1354935531499646985
1354935572461203465
1354935731609886720
1354935756133965826
1354935800115433489
1354935817718927376
1354935869103349776
1354935934542893056
1354936010245812224
1354936211710816257
1354936228479725571
1354936320678879233
1354936331714113537
1354936406498549765
1354936487729573890
1354936553689276430
1354936585851027459
1354936593556140035
1354936605367296007
1354936675193991178
1354936721339797512
1354936724808491015
1354936747453460490
1354936888486932492
1354937024487120900
1354937147623682052
1354937154078724107
1354937184726507530
1354937291576377350
1354937298874458122
1354937324455530496
1354937350363738121
1354937360216170503
1354937522145652747
1354937645374218249
1354937852036046849
1354937920478732301
1354938318639620109
1354938395429056524
1354938531475558407
1354938641844490250
1354938692406751241
1354938790553542659
1354939423109087236
1354939518852485122
1354939553740685313
1354939709068365826
1354939826890530833
1354939905978327051
1354940338847232012
1354940495882018819
1354940506686554112
1354940575997452294
1354940625947389952
1354940680158781441
1354940691575681032
1354940728695250945
1354940769690382337
1354940867153453062
1354940869573550092
1354940954998960128
1354941161723600896
1354941487839109127
1354941626519592964
1354941669414678528
1354941713849098240
1354941744148860930
1354941972872654864
1354942098047438849
1354942230474203147
1354942237927464961
1354942258064334861
