1426695133362278401
1426695134670958594
1426695152358379522
1426695161350918144
1426695211640627200
1426695220318646274
1426695560665370626
1426696387924611075
1426696401128357891
1426696958543077386
1426697067922067462
1426697448383209481
1426697470504054789
1426697738142502913
1426698162593361922
1426698359298007043
1426698841470865414
1426698907241877508
1426699044252958724
1426699052914257920
1426699156022779914
1426699249086083078
1426699847919407106
1426699979184345089
1426700060004323329
1426700158344077317
1426700353198870541
1426700689556742146
1426701015047417863
1426701278403604487
1426701293360406533
1426701744134926336
1426701831003123714
1426702210516258819
1426702412660854784
1426702904778543104
1426703382421676037
1426703746319458304
1426704079548522497
1426704653031514112
1426704832094687242
1426705273616576514
1426705689020444679
1426705736504070145
1426705741587550208
1426705742879412229
1426705857572651009
1426706148074442752
1426706194735976449
1426706260779470849
1426706454002606088
1426707232717217794
1426707261242712067
1426707392335581186
1426707686649962497
1426707695411900416
1426707922046828548
1426708123453173768
1426708424474173442
1426708798824239105
1426708970509541381
1426709020975509506
1426709033914863623
1426709080752672770
1426709101715894274
1426709355680964612
1426709373091463170
1426709538116341764
1426710194348720130
1426710229073338374
1426710329690660864
1426710643856531458
1426711049009512450
1426711050863456257
1426711632755970050
1426711690364735492
1426712202686476290
1426712815780483073
1426712946554675206
1426713077077192706
1426713164696141824
1426713764339068929
1426713960896737280
1426714038369726465
1426714053603479552
1426714651224543235
1426714912068411392
1426715538009493508
1426716004286087169
1426716449419243527
1426716534148411392
1426717763431714819
1426717779147776001
1426717779701473281
1426717780649275393
1426718159789248516
1426718801920417794
1426718997911851019
1426719247611400196
1426719450527641601
1426719534409527297
1426720598655385602
1426720934120001543
1426720954131091456
1426721524170506241
1426721553530695680
1426721624267624452
1426721686792163339
1426721745139027969
1426722286137184258
1426722411664248832
1426723143981453312
1426723195403575296
1426723409308880900
1426723970036994054
1426724392193728514
1426724497873383424
1426724849137893383
1426725077832323073
1426725332300730373
1426725333198200835
1426725414815272960
1426725479906693128
1426725538786381830
1426726097039802370
1426726295652732929
1426726495934992385
1426726518726742020
1426727165551382532
1426727527737921537
1426727624848576513
1426727756637917188
1426728520089231360
1426728525462220800
1426728758959083521
1426728954212323331
1426729036307382274
1426729196844371969
1426730703056744448
1426730834405609473
1426731003716915203
1426731579070722051
1426731684419014658
1426731802971066370
1426732169922285568
1426732246267047938
1426732281197219841
1426732868374605824
1426732878562422794
1426732879502004229
1426732880806432768
1426733005687726087
1426733175661809665
1426733250744045568
1426733353110327299
1426734221859696641
1426734430589263872
1426734544250707968
1426735095487025153
1426735445229121536
1426735576972238848
1426735635361062914
1426735923677614084
1426736032486248450
1426736105127301120
1426736477233455106
1426736653264162818
1426737357479424002
1426737509078380546
1426737851614564353
1426738353106563074
1426738676265103361
1426739129522524160
1426739442786701312
1426740165817552896
1426740339969302531
1426740500896403458
1426740645201420289
1426740930426589184
1426741851902578694
1426742320997801990
1426742331949162496
1426742627681112064
1426744139807346691
1426744486193946627
1426745139356127235
1426745601471877124
1426745999901483009
1426746092574715904
1426746102167048193
1426746582867849218
1426748248551723008
1426748742854717441
1426748890036977670
1426749274570858498
1426750116774518787
1426750657646800896
1426751731900235779
1426752164819611652
1426753298682482697
1426754086049878018
1426755217949921283
1426755790791057408
1426756785919168514
1426757158448898051
1426757207861907458
1426758918710218764
1426759710938632194
1426760675192451074
1426760792926572545
1426761902206685190
1426764440456794120
1426764632178442241
1426764833022750726
1426765607119343619
1426766979705278465
1426767083136864260
1426767252205015042
1426767621773475844
1426767858688684045
1426768882837168129
1426769002030936064
1426770016880447488
1426770627881578498
1426770630112735236
1426796739047079938
1426796799218565128
1426798250565283845
1426799149891063808
1426802137141596160
1426802397804961793
1426802750906585089
1426805871347212288
1426807184806002692
1426808411937779717
1426808776015888387
1426809348383199232
1426810069459640321
1426810111889117184
1426810796558934016
1426810805018836997
1426810820218998787
1426813154894532609
1426813280195055618
1426814883400765442
1426815506846298115
1426815568347283457
1426815744382283776
1426815928314994689
1426820694449479681
1426826325587906562
1426829153861398530
1426829963949379586
1426830386529808391
1426831030871154691
1426846126947319809
1426846128243314690
1426847679137652738
1426849898876608513
1426853506393296899
1426853576878477312
1426853675255877636
1426853691278123008
1426856678214053891
1426857245174808580
1426857464931225603
1426859139494555648
1426859218955608065
1426859407116283910
1426859597155930114
1426859926320779264
1426860917199941633
1426861231726465024
1426861241058873344
1426861858204569604
1426861895525576706
1426862159326232576
1426862228083515393
1426862494040088579
1426862536843046913
1426863759230971906
1426864853415776268
1426865250461130754
1426865368207958022
1426866546283061249
1426866994083684355
1426867872614207491
1426868341453508610
1426868775605850118
1426868777384390658
1426868788801196032
1426868878777409539
1426868976722796552
1426869299302576129
1426869515120427009
1426869893245374464
1426870714884411394
1426871859493101580
1426873069658943492
1426873526930247681
1426873684497735681
1426873915612311554
1426874093421350916
1426874411731329026
1426875065145167872
1426875257705615367
1426875520654974982
1426876328066834436
1426876330709291010
1426876391623208966
1426876751284686849
1426876780976168964
1426877590665564161
1426878317781819400
1426878668194844674
1426878953877352448
1426879109683101696
1426879451942559748
1426880098200801280
1426880701304119304
1426880760015904768
1426881098978582529
1426881356588625920
1426882238281625603
1426882614967812098
1426883080892162048
1426883980897435652
1426884152285188104
1426884398629232641
1426885609411522560
1426886046235693057
1426886389715537921
1426887155482300422
1426887486685450242
1426887504062554117
1426887648103202822
1426889366698344451
1426889543169499136
1426889557555957761
1426889731925843973
1426890164484427779
1426890346575892480
1426890553002708998
1426890586058117126
1426890731407515649
1426891002053267459
1426891424931336197
1426891426579685378
1426891430157504512
1426891430904188930
1426891431637962757
1426891432468484106
1426891579189510149
1426891794751569923
1426891937328549889
1426892178203181059
1426892475600408578
1426892802969964550
1426892887296516102
1426892963972624387
1426893143845310464
1426893244584140801
1426893318827479043
1426893324464558080
1426893403200049153
1426893933775400963
1426894164533329924
1426894443496542209
1426894780026470400
1426894890273812482
1426894918270734336
1426895009521995785
1426895197829488641
1426895210324299777
1426895385239433223
1426896057892581383
1426896094420738055
1426896755946409986
1426897020124532742
1426897359108251653
1426897881135517697
1426898173348491269
1426898180835270663
1426898869254856704
1426898973109882880
1426898974007468037
1426898974380863494
1426898974691188743
1426898975051829248
1426899012934901762
1426899225367953411
1426899373426884609
1426899539160670209
1426899866664452097
1426900104250855429
1426900230914543618
1426900256118149126
1426900304138801155
1426900639683055618
1426900902045224962
1426901782375112706
1426901898028851202
1426902353526022150
1426902747555803142
1426902767935934478
1426903251174273025
1426903355994087430
1426903492988395524
1426903565805793292
1426903633065558016
1426903858354311169
1426903869985067013
1426903895364804619
1426903907607920643
1426904005804888070
1426904405060853760
1426904468885581826
1426904586502250497
1426905298552463363
1426905778552770560
1426905827718438914
1426905856583639040
1426906034522755074
1426906048762454022
1426906127594315785
1426906246528000003
1426906293680414727
1426906523008000003
1426906523683495938
1426906530197221376
1426906531090419713
1426906533049212932
1426906556755501061
1426906651781644288
1426906774456520709
1426906777229144064
1426906881977638920
1426907233166712839
1426907399084990474
1426907940347330561
1426908121298051080
1426908137232216064
1426908261974937602
1426908348054654984
1426908455751802880
1426908463028912128
1426908522730692611
1426908747234951168
1426909290594406401
1426909367832612866
1426909527903965192
1426909609227345923
1426909642702065667
1426909937863733253
1426909939721703428
1426910191682035720
1426910307369299974
1426910327178989578
1426910478530449412
1426910488752005123
1426910798832717827
1426910989124055048
1426911451688603652
1426911692638855169
1426912711561158660
1426912870617473026
1426913246452326401
1426913349892198401
1426913623033761793
1426913797839769610
1426914162131849216
1426914256864391177
1426915329146490885
1426915330610302981
1426915375871107082
1426915400655179781
1426915457550987264
1426915579315855360
1426915854596378627
1426915890260594693
1426916076689006598
1426916085442519042
1426916305601507329
1426916339227189248
1426916725182844929
1426917002384392192
1426917010248773633
1426917119351005188
1426917627616796675
1426917635376168961
1426917741097897984
1426917925148057603
1426918126906707974
1426918274537754626
1426918581439242244
1426918598405238789
1426918710871212034
1426918928194932744
1426919355749703685
1426919412666339331
1426919471491522572
1426919553171431430
1426919661808017409
1426919830859534340
1426920485229531141
1426920855498596362
1426921192875823107
1426921484438626304
1426921621831315457
1426921624343703556
1426921624738041861
1426921625627287553
1426921686352400387
1426921730216382466
1426921740094029828
1426921844330967041
1426921928862875651
1426922096354017280
1426922273156571141
1426922311886778368
1426922319507828737
1426922573330276353
1426922584147378177
1426922590841577473
1426922628934033413
1426922773813895172
1426922890918772751
1426923159467528198
1426923471762767873
1426923641338466307
1426923748280655878
1426923848205840412
1426923898172583936
1426924120931975168
1426924295914246145
1426925087937204225
1426925232766476296
1426925464459808769
1426925480280743940
1426925643476910083
1426925731146354688
1426926001011965960
1426926120532914177
1426926243539259393
1426926385914945538
1426927027802750978
1426927087412260869
1426927220363341825
1426927241024479238
1426927285584764928
1426927493714436113
1426927665693536271
1426928192460402699
1426928452268134402
1426928796393955329
1426929087885553666
1426929119372132357
1426929120336912389
1426929342790217731
1426929381356752903
1426929442392207363
1426929459165372418
1426929609698861058
1426929763994718208
1426929787159957505
1426929821972586508
1426929942609244162
1426930320323063812
1426930383640268802
1426930430175899649
1426930788013064195
1426931745291702272
1426931815340814336
1426931824224256005
1426932058627190793
1426932211647983618
1426932313326329860
1426932764377497601
1426932775186313216
1426932946527731717
1426933075573870594
1426933379560267780
1426933581855674368
1426933847741108229
1426934144370712576
1426934239421997057
1426934339321929732
1426934382137417730
1426934727651516419
1426934841648500739
1426934879648890881
1426935283585536000
1426935452167192576
1426935713174589440
1426936120240222208
1426936205388681221
1426936430807457793
1426936718947667973
1426936721355141122
1426936727449440260
1426936728787595266
1426936802972250114
1426936842943930374
1426937338865795079
1426937397808451584
1426937798213447681
1426938123204890624
1426938754523181058
1426938799628632064
1426939490866810884
1426939765320978444
1426939811043188737
1426939992903802883
1426940062105808898
1426940496144863234
1426941186028212231
1426941251211997185
1426941465054359552
1426941505181204489
1426942784586592258
1426942892451540994
1426943229245722624
1426943232680865792
1426943448939175937
1426943634084147208
1426943901844267015
1426944273056817165
1426944495128547331
1426944652209500171
1426944815267205123
1426944958909620228
1426945332693409793
1426945537769709575
1426945672322949130
1426946241687171078
1426946787667898375
1426947156527783937
1426947164232720384
1426947784888967172
1426948027927904256
1426948057137037313
1426949120120459264
1426949582991339525
1426949610870816771
1426949691959353352
1426949755557527555
1426950155669020672
1426950560209592320
1426950726106947590
1426950774974820352
1426951457723518981
1426951908535808009
1426951954723393540
1426952342927253506
1426952434715353092
1426952741973282816
1426952827914620931
1426952894616641549
1426952934718332941
1426953167208603657
1426953232283230208
1426953388286259202
1426953546730246154
1426954129193250821
1426954150533795841
1426954361146683404
1426954726545969157
1426954746561245187
1426955344295743488
1426955416064385026
1426955605768609800
1426955620389900290
1426956004583936006
1426956147865669634
1426956616667119618
1426956675244871681
1426956701803155459
1426957145686384641
1426957225050968066
1426957324539793414
1426957387349434369
1426957422254596110
1426958027899510789
1426958093112549380
1426958770232598528
1426958801832456201
1426958875245350915
1426959238945980421
1426959314284072961
1426959371171418115
1426959372110995460
1426959503241715713
1426959568639254530
1426959873946882053
1426959973968400387
1426960331272822793
1426960545622724610
1426961304531636224
1426961954854342660
1426962376046354434
1426962428579954692
1426962478290833414
1426962491117080577
1426962889416577025
1426963028612894721
1426963158418219008
1426963470067634179
1426964487542910977
1426964595428712458
1426964922433474568
1426965778595819525
1426965880475373571
1426966077146284032
1426966396332875786
1426966426229911560
1426966920184557572
1426966921514078209
1426966923317633025
1426966924202708997
1426966924617863170
1426967064019931138
1426967172157370368
1426967172174188546
1426967292395544577
1426967302034046979
1426967698047606784
1426967927278891011
1426968249963585540
1426968505316937732
1426968957324566535
1426969188980170757
1426969602035224582
1426970010468200450
1426970081100185605
1426970103757869056
1426970710031880197
1426970711084650500
1426970722274930689
1426970817724833796
1426970892081504262
1426971065906044931
1426971077377413123
1426971325801893895
1426972286012248065
1426972294019264513
1426972449283919875
1426972758651645952
1426973161669660673
1426973852219973634
1426973881156476935
1426974471051784198
1426974724815478796
1426975090818830346
1426975311556665344
1426975793763307526
1426975960319078405
1426976403304685572
1426976622863859716
1426976785917485061
1426976901000740866
1426976937067618311
1426976986661064707
1426977068689018881
1426978424053248000
1426978475227877376
1426978603829538816
1426979079434252289
1426979795238277122
1426979816776077313
1426980346252439552
1426980538812932096
1426980550124916742
1426980761488576514
1426980862999080960
1426980972634021889
1426981302125924353
1426981317544235010
1426981550495776777
1426982023688720386
1426982437167448064
1426982649873186830
1426983026718806021
1426983431473356814
1426984534864809985
1426984536701865985
1426984634768936960
1426984793137455104
1426985699643953155
1426985903650742278
1426986182756376576
1426986639419748365
1426986889790332928
1426986928956657667
1426987069126152195
1426987298462240770
1426987487218606085
1426987556365799425
1426987811836678152
1426987991348785157
1426988044930928640
1426988046667419650
1426988686592421891
1426989018236047368
1426989052885078022
1426989569774215170
1426989570063798274
1426990382789844999
1426990743638487040
1426991402169348096
1426991635573919746
1426991743053049859
1426991833549246467
1426992086042120194
1426992137380450305
1426992503937544208
1426993063029788674
1426994195479285767
1426994281122832385
1426995071648403459
1426995074236301319
1426995362913456129
1426995462880612355
1426997121903824900
1426998050111766537
1426998278462361604
1426998377854619649
1426998476655800325
1426998636437716994
1426998925249159173
1427000111486455810
1427000128381009924
1427000309109469191
1427000340658987008
1427000355024478213
1427000411169427459
1427000821850456064
1427000894126710786
1427001286633922564
1427001551391006724
1427001789740507136
1427001974944407557
1427002202296623114
1427002222831972359
1427002572561424385
1427002891932479497
1427003291188224005
1427003422478372865
1427003498810519556
1427003651365736452
1427004145937047553
1427004720716058630
1427004883069136896
1427004895660552192
1427005166016925702
1427005339761840140
1427005731497299984
1427005738996600839
1427005955049508872
1427006109550776322
1427006413646225408
1427006653912784896
1427008999938052097
1427009147548143619
1427009193609936897
1427009443783401474
1427009539732385797
1427009775188037637
1427010090494742534
1427010344585629696
1427010465583046666
1427010873801969665
1427010947240054792
1427011579497914368
1427011666256990208
1427012219665932288
1427012219754086401
1427012263131721731
1427013097902985218
1427013477747601409
1427013728667521025
1427013753032302600
1427015050213085191
1427016177939894275
1427016435801415683
1427017446960123909
1427017913895112706
1427017975752794113
1427017984405647363
1427018197992198149
1427018397599023110
1427018824575066114
1427019447525597185
1427019769388097538
1427019769576714241
1427019770289815556
1427019864145899527
1427020051702374403
1427020157751279616
1427020271937015812
1427020718152224769
1427020958892711946
1427021149242810369
1427022283890102273
1427022989091123201
1427023167919468549
1427024127425134593
1427024799621160965
1427024801760219146
1427025123064827906
1427025564251172866
1427025647407337481
1427025693683113990
1427025851674202112
1427026055118868482
1427027319504449537
1427027319860830208
1427027320129347586
1427027322020978689
1427027322822090756
1427027324013268994
1427027340140425228
1427027352819752969
1427027501210030081
1427027514313031681
1427027606025687042
1427027636883230723
1427027756941037571
1427027819800956936
1427028425743687684
1427028562301931527
1427028834977726464
1427028947821158402
1427028969593835520
1427029014527586307
1427029200972652544
1427029383454281730
1427029466912538631
1427029539096510469
1427029679693869059
1427029693698564096
1427030089699581957
1427030447540916228
1427030466486575104
1427030512669974536
1427030622078447621
1427031078070595586
1427031170118737920
1427032168937795596
1427032189678628867
1427032519438909442
1427032750876504066
1427032932133314561
1427033075507159046
1427033276678610956
1427033348690653190
1427033384627408901
1427033770784346116
1427033893153251328
1427034112909479940
1427034213501521925
1427034474747994114
1427034725881892865
1427034868114857987
1427034879183757325
1427035036692488204
1427035361763594240
1427035405820600323
1427035544480014343
1427036012518289413
1427036138640916493
1427036268681179136
1427036505663541248
1427036582779883520
1427037148662927361
1427037384596590595
1427037869647056896
1427037955479195658
1427038021514313733
1427038089386528771
1427038417137795074
1427038542761443333
1427038642975825932
1427038810030882819
1427038871586443264
1427039098166984709
1427039666709143554
1427040465451462664
1427040552629915649
1427040760965353477
1427040958437371906
1427041209382473730
1427041756139429891
1427041884904566786
1427042417681731587
1427042417765720072
1427042441543225356
1427042447507566593
1427042559050883072
1427043015605035011
1427043676274888705
1427043698538332161
1427044408764125184
1427044499616829442
1427044538103828481
1427044642747453447
1427044717863309313
1427044732274888708
1427044873346105345
1427044934348009472
1427045485454446592
1427045840623898632
1427045923637575681
1427045961143144452
1427046135655452672
1427047199544791042
1427047454436958215
1427047766421770241
1427047843324481537
1427048142105677826
1427048547980042243
1427048584063725574
1427048608071884809
1427048699998478342
1427048989124403201
1427049005708681220
1427049787040411653
1427049967399542785
1427049967496093704
1427049967630258177
1427050530321444865
1427050677101076485
1427050887843811329
1427051273245843457
1427051464749469703
1427051729221193728
1427052042267373578
1427052084814389255
1427052164623519745
1427052276347281412
1427052333708582914
1427052484237856770
1427052881962848258
1427052952292937731
1427053132186636291
1427055216994758656
1427055278651068418
1427055433320222721
1427055611611688962
1427055626140725254
1427056075593879554
1427056327407329288
1427056733256564738
1427056788671811586
1427056789942571009
1427056902425436162
1427057014035865601
1427057107338149894
1427057196223893506
1427057361336819712
1427057395868504072
