1258547172162719744
1258547173576200195
1258547210414747649
1258547245365907456
1258547286566555648
1258547296276365318
1258547297966624769
1258547340639522817
1258548606392430593
1258549110791004160
1258549175618203649
1258549188138160129
1258549505453985794
1258549566028144641
1258549622361866241
1258549692926849024
1258550613056446464
1258550639426039808
1258551657182277633
1258551960392761347
1258553167815544837
1258553799540723712
1258554080290435072
1258554423879651328
1258554472952971267
1258554834875289600
1258555061044563970
1258555094058090496
1258555127578927107
1258555519075303427
1258557721483390981
1258558159079211015
1258558263819460608
1258558663377256449
1258558980529496066
1258559443094114305
1258559515462680576
1258559762674966528
1258559801199669249
1258559878827667456
1258560030435049474
1258560681806376966
1258561343239655425
1258561411829112833
1258561597401948161
1258561892852867072
1258561915673968640
1258562896231116803
1258564024448540675
1258564105105027074
1258564150160166923
1258564260411695106
1258564451516796930
1258564599269515264
1258564663094190088
1258565024223764482
1258565228989755393
1258566371186806791
1258566715606208516
1258566787236614145
1258567052522029056
1258567250702934016
1258569054073188352
1258569109123600385
1258569518743539712
1258569812634144769
1258569814575951872
1258569821039390720
1258569826554920962
1258569834427637760
1258570459639136258
1258571158708015107
1258572509538123782
1258572941266169860
1258573221537804288
1258573423426572288
1258576081457680384
1258577318324457473
1258577384216973313
1258577398565609476
1258579132624932866
1258579934555115521
1258581183736274944
1258582138527547392
1258582305913950208
1258583379643117569
1258584528219750400
1258585179016355840
1258589408334352384
1258589828935045125
1258589927786393601
1258590243378380800
1258591573882830854
1258591634293428224
1258592809948532738
1258594353288708096
1258595929957031937
1258598201147437056
1258598829965881345
1258599001970085888
1258599038749990913
1258600627288096770
1258600999691988998
1258602581263294465
1258603291732250625
1258604690993971201
1258605459700924416
1258605740421505024
1258608888670289920
1258608923654991875
1258609149161717760
1258609836826263552
1258609877699657730
1258610794855641089
1258615715877269505
1258615901252878336
1258615941006528513
1258616134649237504
1258616302991822850
1258617568300019717
1258618618906107904
1258619192879824897
1258619240179011584
1258623118110834688
1258623265981050880
1258625121788456961
1258625590728577025
1258625781598760965
1258628213925789696
1258630519547453442
1258633010066284544
1258638873032380416
1258639835436322816
1258640601542770688
1258650969149038593
1258653445814398976
1258654740445122560
1258655145946165248
1258658845909381120
1258660284216082433
1258660707949830146
1258660867090112512
1258660920600883207
1258663956513796096
1258663971449638912
1258663974905827329
1258663981016891392
1258663996296757248
1258666247581061120
1258666258565861378
1258669005591777285
1258670239526633472
1258674049380691969
1258678531590180866
1258678531632005125
1258678575403761669
1258680057737801730
1258680248717185025
1258685426006622208
