1391185162134765569
1391190239398535168
1391206540481339394
1391211086670598147
1391211317902462976
1391213834292060161
1391217127156113408
1391226421364740099
1391229237575753728
1391237766785245192
1391241435459039233
1391253351455678466
1391288743361982467
1391288764396408832
1391292700083822593
1391297163037130753
1391308836082966532
1391329435958325248
1391337146724741122
1391339664410177539
1391342460438257664
1391347212899266561
1391347222357450754
1391376635656646657
1391377411984474112
1391379565964980232
1391380586577727500
1391381502878003200
1391407618065944577
1391408031544586242
1391415923433644034
1391418024989757449
1391421312241909761
1391423592835997702
1391425403680698377
1391425742605586432
1391443985558802432
1391446774158700549
1391450904394612740
1391452033559973894
1391452270299078656
1391452444647960576
1391452909011881989
1391452910899372039
1391460459463782402
1391467468728774656
1391469001801404417
1391471162438397952
1391475558563807233
1391481321386565640
1391483109338755082
1391484659922620416
1391485900559945731
1391493089487847424
1391501233324691458
1391501498526441473
1391511314363781124
1391511398572769283
1391516581281284102
1391516977185837059
1391520315361136640
1391520831067541506
1391527603845074944
1391539812168093699
1391541611117654019
1391543192915521538
