1410387678726701060
1410388297533243392
1410388469701124096
1410388524050927627
1410388547648040964
1410388658671308810
1410388979493457921
1410389291348512768
1410389340933570563
1410390389752795139
1410392332013387776
1410392708670164992
1410393664011001859
1410393705731743745
1410393707791138820
1410393863328604163
1410394193684582401
1410394316137246723
1410394555707502598
1410394689560326145
1410395238133211138
1410396231902371843
1410396430406139910
1410396454859034628
1410396481274667012
1410396881176256512
1410397516521164809
1410397529854730242
1410397909414301700
1410398602543894532
1410398693015048192
1410400647112007694
1410400821515329537
1410400913257381888
1410402073406066693
1410402216318545922
1410402893354745857
1410403064490700805
1410403487213625345
1410404276141232129
1410404445897306118
1410405281700495361
1410405497061183490
1410406363444957184
1410406889964326917
1410407231934418946
1410407907745832962
1410408198654341126
1410408531195482115
1410409196823138305
1410409275415990273
1410409302544760836
1410409711749373954
1410409722084163584
1410410446147014661
1410410451939250181
1410410504561074178
1410410723642126337
1410411289894076416
1410411321062002688
1410411468030365698
1410411856649412609
1410412053957955588
1410412702401449987
1410413305571823617
1410414111079424003
1410414920311742465
1410415524027244546
1410415718810669062
1410416394899013641
1410416496703164417
1410418153721585664
1410419139001393156
1410419397584322564
1410419530438938624
1410420025211695105
1410420491127508992
1410420722095247365
1410421368433283077
1410421471365799941
1410421536855580672
1410421557902647302
1410421740279316483
1410421885435777025
1410421991304306697
1410422168194854912
1410422792026218499
1410423094511034371
1410423374719946754
1410423714131361794
1410423719613370368
1410423958286094342
1410423999901933573
1410424031682121728
1410424068109520901
1410424316945108993
1410424559828885505
1410424963278966787
1410425151263580163
1410425194494058504
1410425515073314819
1410425571012710400
1410426874044559361
1410427328379953152
1410427676804984835
1410428324199940096
1410428811943071746
1410429129967738882
1410429312017342466
1410429338936246272
1410429850129739781
1410429969621131269
1410430082880086018
1410430448895922178
1410430672922198019
1410430733538058241
1410430746364313607
1410430768183078914
1410431029425356800
1410431167485128704
1410431227828506625
1410431843560734732
1410432351444869124
1410432402615422977
1410432548442869760
1410432593460449281
1410433015067652100
1410433195775037445
1410433389619036160
1410433398808662017
1410433481683783680
1410434496877404172
1410434769695952900
1410435893383553025
1410435931799265284
1410437265872932874
1410437450003005449
1410437533549436928
1410437743029755913
1410438502345494534
1410438641630040068
1410438698022363136
1410438737822093314
1410439246645760000
1410439655129063424
1410439657171521536
1410440530790596608
1410440960698355713
1410441243923001345
1410441258456207362
1410441310700380160
1410441334507200515
1410441567467409411
1410442931480059913
1410443040276332549
1410443753496719365
1410444204984221702
1410444485360852995
1410444834016428046
1410445006905692162
1410445489737191426
1410445515104391169
1410446460777291777
1410446804185980928
1410447277353848841
1410447387861131272
1410448212519907328
1410448229200760835
1410449791818080261
1410451043574505475
1410451610883395588
1410451667414306820
1410451893101412362
1410452022512570370
1410452062815592450
1410452286325788672
1410452427745206272
1410452590136078336
1410452597790625792
1410452758361214981
1410452759112032259
1410453229012406275
1410453627253235712
1410454168779821057
1410454187473879042
1410454664412372992
1410454834822660096
1410455267569975302
1410456586145959938
1410456881504559106
1410456908935294978
1410458280489623566
1410459609966559235
1410460939950952451
1410465272855732224
1410465568751243270
1410466585303826442
1410467638883532803
1410469163093708801
1410469883922505729
1410470351830720516
1410470543246217219
1410471312695377921
1410472121520857090
1410473042711613443
1410473280440520707
1410476024962326529
1410476734407974912
1410478195779026947
1410479048397000704
1410479116038574082
1410480621160333312
1410481577490931712
1410481813043154946
1410482062075875329
1410483156847824896
1410483305519144960
1410490592040259584
1410498405298810880
1410500964402950145
1410503438136455170
1410503647558090754
1410504207522840577
1410508226592923650
1410511072910577665
1410513772687642624
1410515845290369028
1410516021052690437
1410516926711795716
1410517037198217216
1410518950602022918
1410519019166253057
1410531123151597568
1410534331253149703
1410535190703710208
1410538359659900932
1410538678661877761
1410539929382178817
1410543737374117888
1410546157789581314
1410550398797205508
1410551253394935808
1410552967040843777
1410552973852282881
1410554046016937988
1410554164162093056
1410554164594237440
1410555822355226626
1410556279907663872
1410557251627139080
1410557868168863751
1410557935923568646
1410558221568331778
1410558443711250432
1410560025106472964
1410560953608028161
1410562128256376833
1410562553634304008
1410564198480887808
1410565046942449667
1410566352784347141
1410567714448580611
1410569007443316739
1410570129029562372
1410570679402090503
1410571381117435907
1410571559471828996
1410571743207596035
1410572531610787844
1410572602985357312
1410573521676386307
1410573972115165193
1410574424705617920
1410574671641079808
1410575075535953924
1410575186877943814
1410575711178473475
1410576180881788932
1410576887160705027
1410577221975224323
1410577634875039744
1410577817184575491
1410578970647670795
1410578994093776905
1410579020069183491
1410579028453494794
1410579536161476608
1410579714788401153
1410579791913357312
1410579866085384194
1410580035451424770
1410580341266554883
1410581130475196417
1410581776062418952
1410582192183468039
1410582202518282242
1410582432550637570
1410582500120858627
1410582508379459589
1410582785950158853
1410583382262693890
1410584055813390340
1410584087245606921
1410584346059317255
1410584396982362115
1410584554189037571
1410584677790924802
1410584687102283781
1410584931542126592
1410585155085930509
1410585408061284356
1410585426969124864
1410585448683016192
1410585913315532803
1410586348101246979
1410586363657965572
1410586622924627969
1410587328163295240
1410587404348575746
1410587742845669380
1410587743822831622
1410587744619933699
1410587923095896069
1410588404698341379
1410588802272436225
1410589130782777346
1410589815154880517
1410589985439420416
1410590099847323650
1410590257733644292
1410590303354953728
1410590565280931844
1410590662001631232
1410591920137543686
1410592002849312768
1410592103546171392
1410592196538114050
1410592288556859398
1410592375500685314
1410592460879892483
1410592510112452609
1410592553167097858
1410592640538656768
1410592734155472898
1410592742032412672
1410592838249746437
1410592864048881673
1410593164776198162
1410593268245565441
1410593338898534406
1410593347417169921
1410593383513346051
1410593948570046464
1410594672263659527
1410595022123061250
1410595255225774090
1410595755778134020
1410595954823102466
1410596138667761675
1410596330498445318
1410596551919951882
1410596563886297093
1410596638008086543
1410596757180882944
1410596803502870528
1410596873522466816
1410597281577926665
1410597411580354569
1410597586503831559
1410598052499316738
1410599072398909446
1410599082695958537
1410599091508158469
1410599365408792579
1410599643377930243
1410600118802255873
1410600430833266707
1410600518586572816
1410600560546377742
1410600568570060820
1410600587561889806
1410600842231640066
1410601430067474444
1410601452322525184
1410601837250551825
1410601842480861194
1410601859757137936
1410602116188495873
1410602199571263494
1410602230797934593
1410602448637489157
1410602478278569984
1410602538961801226
1410602620532641803
1410602878960500746
1410604014434013195
1410604170361462798
1410604226149974020
1410604432966836229
1410604629897842689
1410605822036430852
1410606032246562816
1410606232302362637
1410606236949614601
1410606618421731329
1410606641855143958
1410606645634166787
1410606694883684352
1410607411732254721
1410607650773999640
1410607877178347522
1410608863447945231
1410608884083871751
1410609134802665484
1410609227433844739
1410609602639458310
1410609691894243329
1410610059671789581
1410610240077254660
1410610656080846857
1410610787341672454
1410610834334576650
1410611032687407114
1410611198677028871
1410611383964635143
1410611455821447172
1410611627137781768
1410612386441007105
1410612506926612484
1410612933369888786
1410613020737171463
1410613624989622274
1410613769705713664
1410613947556761604
1410614170437967872
1410614181527658497
1410614729484103683
1410614867162136576
1410614899235979278
1410615633058750464
1410615728625963022
1410615969953705986
1410616559068872727
1410617430041260032
1410617706517196804
1410617833944354821
1410618626365788161
1410619293969096707
1410619484163825664
1410620737031913476
1410621328391028738
1410621662773579781
1410622122834096139
1410622495229624325
1410622517467762691
1410622903100612609
1410623163860500485
1410623819291766784
1410624790453534722
1410625056053600259
1410625424477069314
1410625545704988681
1410625804699066371
1410625965722570753
1410626892034560004
1410627237334880259
1410627314354987008
1410627530189643778
1410627741695741958
1410628810903597058
1410630054292434947
1410630088987717632
1410630108793262095
1410630126715482114
1410630131224350720
1410630816787542017
1410630871292461059
1410630990465282050
1410631678045962243
1410631822556372993
1410631870585491462
1410632236295245827
1410632489924763654
1410632577073909763
1410635072080805889
1410635099717132294
1410636074674688006
1410636162834878464
1410637069760745474
1410637399550574597
1410637499467186178
1410637638529396740
1410638477721489409
1410638617027002376
1410639142376116234
1410639235720400908
1410639244951965698
1410639352934416388
1410639597869178885
1410639714957283328
1410639727003271169
1410639769436971008
1410639877071323143
1410639909623320586
1410640025050615809
1410640230189879297
1410640363082113025
1410640448461447169
1410640552412987394
1410641491207278593
1410641990329372672
1410642042758348802
1410642050144428039
1410642371960881152
1410642694695686150
1410642962418130949
1410643249421770755
1410643251145547779
1410643345882374148
1410644037925806084
1410644067361464325
1410644167873683464
1410644411223060492
1410644510842003460
1410644591892746251
1410645282996592646
1410645322670424064
1410645350017286144
1410645625524391948
1410645716565905410
1410646116534820867
1410646156477095939
1410646920079441924
1410647189051916292
1410647523191050240
1410647623116132352
1410647681068900354
1410647957293223937
1410648228895338497
1410648267558375425
1410648470424363010
1410649412406235141
1410649649359249412
1410649792720613393
1410649819945840640
1410649828061859840
1410650242429689861
1410650441755598856
1410650792470757385
1410651267379216390
1410651302149898245
1410651916548329477
1410652049809739779
1410652528220454922
1410652730398552066
1410652736849338372
1410652793334079494
1410653152613896203
1410653447905591300
1410653547931357191
1410653678156062723
1410653816886792201
1410654075180531713
1410654489292464133
1410654823687634955
1410655085659623428
1410655277016309764
1410655383434272779
1410655513499652097
1410656276976132097
1410656672364875781
1410656685748805632
1410657075210997769
1410657217544527873
1410658048071409665
1410658221321244672
1410658427957821441
1410658650348306434
1410659241032097792
1410659241858408451
1410659795414159363
1410660140118949891
1410660646845358086
1410660813145321480
1410661042187911169
1410661274476810249
1410661537161879556
1410661598260305920
1410661772680433671
1410661960635629569
1410662257240023043
1410662436533903366
1410662878625951746
1410663348652367873
1410664016171700225
1410664942106198020
1410665410442182663
1410665418042216448
1410665434681126914
1410665600733569030
1410666580082573313
1410666640593895424
1410666874598301700
1410668813046190083
1410669156861726720
1410669186129534976
1410669760325509127
1410670143148015619
1410671119754010626
1410671346967777283
1410671581123153921
1410671707451502592
1410672821093687300
1410672860264386563
1410673445562732551
1410673920181682176
1410674112587051021
1410674400207253504
1410674409447305223
1410674968854138884
1410675738529783809
1410675976166678530
1410676561024532480
1410677977260638211
1410678189026951172
1410678226066804742
1410678417348083717
1410678702145523713
1410678817954451459
1410680626362032129
1410681109139054592
1410681354501644289
1410681370012160010
1410681383773683712
1410682094196514817
1410682117382627338
1410682171560497158
1410682405191573505
1410682771723464711
1410682816728338445
1410683159163854849
1410683937849057289
1410684329957629957
1410684590495313925
1410684845399871497
1410684902740267023
1410686002692341767
1410686054508662786
1410686766537924608
1410687427694452748
1410687485282295810
1410688259093635074
1410688378778046467
1410688565797920768
1410688707208830976
1410688782513360902
1410689118363865091
1410689701779025921
1410689811502018563
1410689875565858822
1410690038254424075
1410690388944371714
1410691247971475460
1410692798874009604
1410693207059533829
1410694340884799488
1410696003657818113
1410696024377679881
1410696104174358534
1410696214472007682
1410697246086156294
1410697253606461440
1410698560895606787
1410698569535852554
1410698574489346052
1410699245468987394
1410700608345198595
1410701025208569857
1410701540227174402
1410701918272425985
1410702427964256256
1410702498931871745
1410703949640912901
1410704134068707338
1410704799771758592
1410705219378454532
1410706476369383427
1410707450806812683
1410707675676020741
1410707765060907009
1410709058324250625
1410709472079663106
1410709849042718723
1410709945423646721
1410710297376178178
1410710504608354304
1410711106998489089
1410711112136409089
1410711298787192835
1410711678614970376
1410712208678477832
1410712544679968768
1410712549054636034
1410713000403771398
1410713557382086659
1410713625279541248
1410713656002859011
1410713724198002693
1410713813897433100
1410714066327322624
1410714153115865088
1410715160768090113
1410715475806330881
1410715482810900487
1410715844469006337
1410715922361458688
1410715990669791241
1410716595538776067
1410716844537823235
1410717613043466246
1410717723479494660
1410718063146713092
1410718305028120584
1410719224822177801
1410720132100464644
1410720238577061892
1410720830347264001
1410720853675872257
1410721706042347520
1410721843028267008
1410721981989724161
1410722345732374530
1410722471192326148
1410723116951629826
1410723140024508420
1410723281796177926
1410723300666347521
1410723342093484033
1410724692906835975
1410725010004606980
1410725182411460608
1410725258038956035
1410725538474299393
1410725742279684102
1410725821719801858
1410726126306037764
1410726384016580611
1410726915510456327
1410726994388553730
1410727028878286848
1410727104044437510
1410727875896958979
1410728989975453696
1410729851628130304
1410730241585074179
1410730414344314889
1410730481440595974
1410730481578954756
1410731595087028229
1410731811563479042
1410732685840973825
1410732994910822405
1410733811051110404
1410734227293806592
1410734967697649664
1410735454740094983
1410735697699360779
1410736291596038145
1410736616356737030
1410737945779138575
1410738246519242752
1410739075884077059
1410739299595603977
1410741032300384259
1410741566751219716
1410741811904012297
1410742092591075346
1410742378747490304
1410743627492384769
1410743954346188803
1410744298610458631
1410744422250082314
1410744675284099074
1410745074607001600
1410745632839503874
1410745686690197514
1410746143663816714
1410746355555786754
1410746646418231299
1410746868053667841
1410747251748528129
1410747602270711814
1410747634856255489
1410748142539055105
1410748596169822215
1410749195615576065
1410749326163255296
1410749451539419140
1410749727935582211
