1410387718098587667
1410388321839239174
1410388585669345282
1410388682536747009
1410388947830816774
1410389081138335752
1410389105909940225
1410389471170732036
1410390204482043905
1410390248677429249
1410392435411361792
1410392685089898498
1410392732753743873
1410395225378496512
1410395503951482881
1410395563917414401
1410395868490911746
1410395908479537155
1410395996807434246
1410397238451326976
1410397750164918275
1410397774353297412
1410398390832316421
1410398887957782533
1410400095233843203
1410401522794569729
1410401698720403457
1410401809475293187
1410402541758685189
1410402631000932357
1410403781913808901
1410404189570744327
1410404357473030144
1410406615812091910
1410406896784248834
1410407595148550145
1410407816121262081
1410408019486183425
1410409078606774272
1410409537270685700
1410410345508884484
1410410829137207297
1410410880152621056
1410410958078554118
1410411033378840584
1410411826081370115
1410412519278133250
1410413122943397893
1410413955877572609
1410415234729263109
1410415269558763521
1410415961887367171
1410416545357045763
1410418345325772804
1410418412673802242
1410418897396895747
1410419132936474628
1410420838793416705
1410421208143761413
1410422919335981059
1410423058209333250
1410423129227382786
1410424441469915140
1410425864022597638
1410426693001547782
1410428710524801024
1410430120016461827
1410431212414504961
1410431216113926146
1410432149665234945
1410433393037176836
1410433598356963328
1410434569308979203
1410436007250567169
1410437208805347329
1410437384404148224
1410437794242117643
1410440799788146690
1410441367663284226
1410442888257941506
1410443134618771456
1410443696001228801
1410445701373378560
1410447205241081856
1410449302305001475
1410451623319638017
1410456358105780224
1410457276066979843
1410459683744276480
1410460876373696515
1410461319053119490
1410462197956874243
1410462940373798912
1410463286072643585
1410466652433551363
1410467142269603842
1410470863850381316
1410472345119211522
1410472856346140673
1410472877724356609
1410476881892216832
1410483274238115841
1410485548817469440
1410491128332263426
1410493309190086658
1410502407633711105
1410503349523431424
1410504361969586178
1410504372740571138
1410504390302121985
1410506502150967301
1410506512041189376
1410506528340185088
1410513724138475521
1410518438355902473
1410526361299472391
1410531155905069056
1410533511665180673
1410547256596467716
1410549356609028097
1410550198829473801
1410551296940253187
1410553404598849540
1410553577853100032
1410553911455453186
1410554055408066560
1410555330338099202
1410555459245838339
1410558673534033921
1410559406673121289
1410560061420675083
1410561063997878281
1410561836517400586
1410561872420605953
1410563846780116993
1410564771754266625
1410566941127942146
1410568834772254720
1410568873770901504
1410568894788608001
1410569423170179076
1410570101519228934
1410570128161316864
1410571369725714432
1410572531560419330
1410573723778916352
1410574690599550976
1410575141566832646
1410576309110013957
1410577140916047872
1410577491656417282
1410577663366991872
1410577925980700672
1410578604312961026
1410578742288732167
1410578957603381252
1410579030508703745
1410581162016350208
1410581177128439810
1410581280383774725
1410581454862553095
1410581472055107584
1410583135599968261
1410583971981836289
1410584260721917955
1410584473851379721
1410586570747437058
1410586625000632324
1410586705590206468
1410586720500846593
1410586802935762945
1410586814868606981
1410586952777281538
1410587384526278657
1410588302059659267
1410588341842685952
1410589030958387200
1410589034578165761
1410589080681959430
1410590287898939400
1410590559522201601
1410591133382684675
1410591621654188037
1410593702289027073
1410593795742212097
1410594123996827649
1410594773409452035
1410594806682771456
1410594855244361735
1410594862299324417
1410595475997167622
1410596397951295492
1410596576234377216
1410596982758907921
1410597026673434627
1410597082348462085
1410598190093537288
1410598238663569425
1410598381215391748
1410598828504272908
1410599078078009354
1410599482522148884
1410599912069206025
1410600151165460491
1410600467692806162
1410600830298771460
1410602265132503041
1410602620083859464
1410602654019985414
1410602941245923336
1410603113287864322
1410603357346025488
1410603494009016325
1410603586636029962
1410603739757498381
1410603854102601738
1410605021327093772
1410605297857548294
1410605607380414468
1410606030107529226
1410606054338011148
1410606629905526790
1410606834881208331
1410607182056280076
1410607251828531208
1410607256203272194
1410607332090814474
1410607354496708617
1410607599750303747
1410607667953819653
1410608011266035723
1410608075136913414
1410608200496287754
1410608403223777285
1410608712717271055
1410609006045892608
1410609058617257993
1410609192524685327
1410610543757459467
1410610654138929168
1410610901405749252
1410610958985166857
1410611041138987020
1410611062655705098
1410611230671179782
1410611483134763016
1410611642782556170
1410611671563862018
1410611716572946446
1410611738492297218
1410611854527787021
1410612050447925253
1410612057590820864
1410612183696769028
1410612363779137538
1410612668298268673
1410612891472990220
1410613085748961283
1410614168017793038
1410614176481959938
1410614203149283351
1410614214704521231
1410614937550876673
1410615215515865095
1410615386450534404
1410615694484336644
1410617866722766858
1410617926974013455
1410618012458053633
1410618016325259283
1410618148772933632
1410618151243370499
1410618350871273480
1410618433004216326
1410618586893144071
1410619201195102220
1410619230484107265
1410621078846808068
1410621735439904769
1410621735578255360
1410622573222694917
1410622933303758848
1410623288301195265
1410623734570962954
1410624035973734402
1410624298528686084
1410624377088061451
1410624472579821569
1410624589059837963
1410625765868294147
1410626061264687104
1410626266341036032
1410626439578361857
1410626661872246786
1410627372701859842
1410628900586082304
1410629547234627585
1410629903964422154
1410630210836381703
1410630800668827650
1410631122376183810
1410631386738872321
1410632565854138374
1410634154170105857
1410635280458170370
1410635347051044866
1410637357368418306
1410637370169384978
1410638407584395268
1410639114425323521
1410639993782128646
1410640655563567104
1410641253696475142
1410641293257084932
1410641294276313088
1410641777246232580
1410641850357092355
1410642236275105796
1410642365149237250
1410642623933542407
1410643315830239238
1410643473670316034
1410643640255488004
1410643880672993281
1410644371985375240
1410644664651296769
1410644790954373121
1410644803713486851
1410644830867398660
1410644870549557250
1410645122270826501
1410648248088514563
1410648393534218245
1410648691707424778
1410649229903736833
1410649361458110470
1410649863445008385
1410650470922735618
1410651584623792136
1410652005635330058
1410652257201369090
1410652306949898241
1410653581318012937
1410654283855450116
1410654970467295232
1410655018701709314
1410655236369305603
1410655391642537985
1410655651739672577
1410656649711341569
1410656701909454848
1410656949796950021
1410657386893824001
1410658050436915202
1410658274299494409
1410658315797925895
1410659849516503045
1410659858819411968
1410660935149182977
1410660980426776583
1410661088136474630
1410661426058993667
1410661482363297802
1410661731274264585
1410662020320477187
1410662822535745536
1410663277970038789
1410663819630854144
1410664166327783426
1410664272934416384
1410665146524094464
1410666263681114115
1410666528861835270
1410667018756444164
1410667116882284549
1410667198021091330
1410667222188625922
1410667906623590400
1410670100945027081
1410670397117317121
1410671227023278082
1410671396171223041
1410671948238147588
1410672212479287301
1410672351700729857
1410673137897910272
1410673233863577601
1410673249290276865
1410673315069534212
1410673324422680578
1410673935763509253
1410673954960859149
1410674059629764608
1410674603786186760
1410674641727856644
1410674892605898764
1410675273306193926
1410675391707107330
1410676797923016704
1410676892554993665
1410677191231389699
1410677334252863490
1410677403714785283
1410677577602240520
1410680278482366469
1410680331884183555
1410682079734644746
1410682111800098822
1410682142137458695
1410684188295151617
1410684318322724869
1410685646952402949
1410686486253604864
1410687298522521606
1410687505012334595
1410687731173298184
1410687849159143430
1410688246082854912
1410689472203743243
1410689917181599745
1410689951709159431
1410690282228752388
1410690346678427649
1410690504849858565
1410691822985388038
1410692433784999939
1410692674307465231
1410693280174460929
1410693634626818052
1410694615343239175
1410694698499395586
1410694767403585543
1410695100708102145
1410695535925895170
1410695750456070146
1410696140354473984
1410696414858989572
1410697229611024390
1410697244949483522
1410698103179591694
1410698498815803394
1410698964471627776
1410699300141686789
1410699733845397514
1410699748764536833
1410700068953415688
1410700318996893697
1410700663986737156
1410700679358914565
1410700989913395202
1410701066505789444
1410701427517935620
1410701620904611843
1410701912593285124
1410702028796485638
1410703540872429571
1410704258131972098
1410704412054523904
1410704765307297792
1410704768222302208
1410705764180692998
1410706135129247749
1410707142009630724
1410708222110015497
1410708965906948096
1410709584562565123
1410709810488741892
1410710083365969922
1410710314899808256
1410710514083237893
1410710633851633666
1410711069522333699
1410711768603709446
1410714681807867910
1410715050822848525
1410715754152988672
1410715960231800832
1410716089844224003
1410716104868216834
1410716137365573633
1410716209465774085
1410716747313913856
1410717360084955143
1410717785915863041
1410719016746946562
1410720023770013697
1410720641938976770
1410721123059208199
1410721546599944192
1410721705463488513
1410721832085319681
1410721887362027523
1410722060662312963
1410722424786612225
1410722632513642497
1410723549816377344
1410723643110301697
1410723644972552195
1410723646365061122
1410723779689402369
1410724288844374024
1410724776918716419
1410724907839746049
1410724996788285442
1410725336115945472
1410725844310323202
1410726035411271684
1410726533547716610
1410727110033829890
1410727128128131074
1410727415597486081
1410727421880328197
1410727422165536768
1410727794951163906
1410728672651214848
1410729181701283843
1410731041157832711
1410732362904719361
1410732447298375680
1410732797292019714
1410733063781314563
1410733202277163013
1410733271269330944
1410733303699689478
1410733590850117637
1410734866069540866
1410735065819074568
1410735207301279745
1410736033067520008
1410737327480086531
1410738409648185352
1410739997112684544
1410740170685509641
1410740666242502658
1410742560138563587
1410742561015144451
1410742879031418887
1410743456591351811
1410745148296679424
1410745418833530891
1410745798455746569
1410746256356352002
1410746514658324488
1410747712694210572
1410747939295662081
1410747952092520449
1410748225917644802
1410748553333379073
1410749287630180356
1410749321612431365
1410749638395629583
