1405676638466097187
1405684186221060100
1405688593176203267
1405688799783444481
1405689359773339648
1405690938052255745
1405700294185525248
1405700799280287744
1405701302856818688
1405703315157970945
1405703818097041408
1405705328780447746
1405708854957010950
1405711585260232706
1405712721434251266
1405715764842307584
1405716967345078276
1405720933315190784
1405722141245444101
1405739050439352328
1405755672197689348
1405756166265708544
1405768748481486855
1405772272783134724
1405784631883059210
1405786526563373056
1405788241773608961
1405797431128727557
1405807711376359424
1405821093730951172
1405831222840942596
1405832986537467904
1405833070008274946
1405836191866384389
1405849783047102464
1405852799959658498
1405854837619576835
1405858116269449222
1405858186134016005
1405861420399566850
1405864378100973569
1405865113253523460
1405865382762606593
1405871927684591619
1405875952593170444
1405876363031191553
1405878482098262029
1405878975566520322
1405880825300848649
1405880845236412420
1405883006317912071
1405883331829547013
1405884007221391363
1405888539397484545
1405888682331193352
1405889599776464904
1405892090287071232
1405892678596890625
1405895582204542981
1405896270674382848
1405897355531010053
1405900617227309057
1405901795797389313
1405903173634691072
1405903417382428684
1405909968340062208
1405910085503700993
1405910545820123138
1405910676263014404
1405910681120133122
1405910803925061632
1405910900675121158
1405911752844484613
1405914814266982408
1405915670165000194
1405915810565177348
1405916722763341833
1405917728586698755
1405918262274232320
1405918270079868930
1405920338693836808
1405921258064207876
1405922381349244932
1405923790656348160
1405925782153793545
1405926090489663492
1405926477456158723
1405926787285016577
1405927795918721032
1405928291400228864
1405933836932829189
1405935848814649344
1405936166449385480
1405936855074295814
1405937297510572035
1405940119480111104
1405940888271044611
1405943913853198347
1405944320327307269
1405948449669984258
1405948459400810498
1405955976436412418
1405955982476333056
1405957993179480064
1405958861039751180
1405961551010582534
1405962019795177475
1405963026482696195
1405963179050647552
1405963642508656642
1405965229234737154
1405965959689498624
1405968564566167554
1405969572792918016
1405971075112964097
1405971080557350915
1405973092803899393
1405974502228516867
1405974678959628288
1405978641780117508
1405981139643166727
1405981685573996546
1405984188088659989
1405984669590450182
1405986173143638022
1405988467574718464
1405989797685039106
1405990659731955715
1405997983175426057
1406003563579461635
1406004490050936844
1406012807871672323
1406013840312221703
1406016372979732484
1406018306142785536
1406024433651703812
1406026947876986881
1406027696761671694
1406033987903045641
1406037262815608833
