1370887401426448387
1370887455042383873
1370887560797552642
1370888355660111874
1370888362844950537
1370888396609044487
1370889302855536640
1370889984434130944
1370890045188620288
1370890246997573634
1370891395905511435
1370892472654643200
1370892532675190784
1370892684253130753
1370893003716505601
1370893196092379142
1370896104284389377
1370897476287397902
1370898016035614722
1370898112777228296
1370898377114849280
1370900246008459267
1370900312492498946
1370900665141231616
1370901222262243329
1370902042672304128
1370902508021907456
1370903008104607744
1370903763519737857
1370904035021230081
1370906775747186688
1370908211260362753
1370908294244495360
1370908638378876931
1370909460865150977
1370910032301285380
1370910048570990597
1370910075326451718
1370910953076838401
1370912179868827653
1370912401814528003
1370912532291067905
1370912536770527235
1370913083959431172
1370914177733296129
1370914848918401033
1370915183917465600
1370915398544203788
1370915465959239690
1370915584632893444
1370916087513120770
1370916120480378881
1370917929089441795
1370919448257957888
1370919880166359043
1370920124857876485
1370920297969385473
1370920630888062979
1370921676389683200
1370923074409873408
1370923210863169544
1370923328979009538
1370923536622161926
1370923638619258880
1370924327365971971
1370925176418938885
1370925494737252362
1370927683274674181
1370929538914455554
1370929542114738180
1370929643491049477
1370931168196100096
1370931952996466688
1370932076824956931
1370933010011394050
1370934327370989571
1370934773280075777
1370935679019012098
1370936429967200262
1370937206739701763
1370938882682929154
1370939009225068550
1370940211090358274
1370940274248196099
1370940283362406400
1370942336541323264
1370942730126430214
1370942803623120897
1370942877048655878
1370944157888483336
1370944172702720003
1370945454695981057
1370946324368084992
1370946462188720131
1370946572482187267
1370949508251721733
1370951415066210307
1370951621929230338
1370952800662921216
1370952838302556164
1370953628480061445
1370954344036757516
1370955353094041604
1370955730564550661
1370956171922800640
1370956755258212353
1370958093912268800
1370958162925383682
1370960656455852033
1370960741260484615
1370962653460504576
1370963044877139968
1370963204080336897
1370963596608376835
1370965954226708482
1370968299429842947
1370968314759892993
1370971084770529280
1370971085198356483
1370973877699026945
1370973969197768704
1370974516592148483
1370976244662161410
1370980180487987203
1370982718033526785
1370983157584039936
1370983865414746112
1370985951737040896
1370993098671620097
1370994116620820480
1370995059936669696
1371000677841960961
1371009270926430208
1371010553792102405
1371010932038631424
1371010945808539648
1371019143441477637
1371021445892046852
1371023025169129473
1371025144798384142
1371025325501603840
1371038397758726146
1371045944918216705
1371046990809767940
1371048434992619522
1371049164151345154
1371050105554399235
1371051400889778178
1371054751266181130
1371054920720351234
1371056023147061253
1371057958193348609
1371060314033119232
1371063223668064258
1371066400442347521
1371069347247099906
1371069862739513349
1371071125455781888
1371072508758274054
1371072688798756866
1371073377813807119
1371075405126508552
1371079139764109314
1371079214800191488
1371080413750378505
1371081520325263361
1371083943613759495
1371085291457482756
1371088032204480517
1371089116675334147
1371090031742443521
1371091126237675521
1371091243300716554
1371091312565440513
1371091524423979009
1371091873855574021
1371091890356027392
1371092763777904644
1371093065771974661
1371094067145281536
1371094434469851136
1371094542661877762
1371094877535145987
1371096818801639427
1371097125279383554
1371097456432328705
1371098926196125702
1371100154300862470
1371100281434480641
1371100307900358657
1371100348325244929
1371100765247406083
1371101002456256513
1371101496004247554
1371102112973742083
1371102434920108045
1371103553637511170
1371104184825737221
1371106364219662338
1371107287163633664
1371108557190488066
1371110086832222215
1371112290473377792
1371112453925437443
1371112986757246979
1371113891674034176
1371113894979244035
1371113896212361217
1371114361767526406
1371114551777853441
1371114590633914370
1371115057539596293
1371115276926861320
1371115344568451076
1371116047865159685
1371116212323766278
1371120648286769153
1371122056922869764
1371122104339402753
1371122626240917507
1371122909842919425
1371122946761166851
1371124328687931395
1371124706825412617
1371125041765748742
1371125280350347267
1371125420922433541
1371125464715116550
1371128037857705986
1371128516830494724
1371128985770455042
1371128990950391812
1371129761800486916
1371129988519452677
1371130024842162178
1371131149737689089
1371132174209056771
1371132277808377860
1371133024151216135
1371133609386639361
1371135144396984326
1371135984956477441
1371136149943693314
1371136230101037058
1371136293980278786
1371136539648954371
1371137280635768832
1371137750804668417
1371138335083790340
1371138608967614471
1371140181156368386
1371142366896259081
1371142714503335938
1371142761710301184
1371143292876886021
1371144145608265734
1371144163119480835
1371144322524004358
1371144472977928204
1371144967926775810
1371145276115853321
1371145362480726016
1371146089408126979
1371147125959098374
1371147280393338881
1371147969945305088
1371148895074578437
1371148895909199876
1371149135412350985
1371149401490665474
1371149624954781707
1371150161615982597
1371150308294979586
1371151103170121730
1371151640204566528
1371152242334707715
1371152257429962752
1371153117547479044
1371153174023790599
1371153369272885254
1371153461195243520
1371153608444674050
1371153944714563588
1371154632928604162
1371155683719188481
1371156660341903362
1371156879611719685
1371157739062329351
1371157775376650241
1371157850421137410
1371159190882902019
1371159191117733888
1371159192489320463
1371160784684912649
1371160978323349507
1371161153095806977
1371162804154216450
1371163856366542855
1371164787934175236
1371165449371709461
1371167249667649536
1371167470199930880
1371167989651927043
1371168416976019456
1371169161494298626
1371169255325007875
1371169364976762880
1371171292955750402
1371172477892714496
1371174292046643204
1371175502405365770
1371175935593086977
1371177322745839622
1371178315147448320
1371178956452474882
1371179292391014407
1371179922295828480
1371183320613150721
1371183627288055817
1371184551419072515
1371185437151272960
1371185634434543627
1371186002816069633
1371186727117807620
1371188092233789445
1371188169769680898
1371189504527187971
1371189891745292288
1371190347565568002
1371191649552977920
1371191730238857216
1371192454016344074
1371192538649014280
1371192564854964227
1371192788440743940
1371193533089075201
1371194191116709894
1371195135300603906
1371196937806905344
1371196993368944640
1371197861845680137
1371198905858330625
1371199464300548101
1371202683164590080
1371202972395438085
1371204093591613447
1371204961690918915
1371205348116299777
1371206888977788928
1371208505047269378
1371209536158244864
1371209699966783490
1371211306460585989
1371212079298969601
1371212588713967617
1371214959238131719
1371215101798256640
1371216214362615813
1371216520102223874
1371217459622113287
1371218109298802689
1371218170275622915
1371218281462370304
1371218472370331653
1371219399575810054
1371219452491141121
1371219485642866701
1371221348819800069
1371221460312854529
1371223043058626560
1371224213105807361
1371224620217536515
1371225490875416576
1371225527068016643
1371226242163343360
1371227172162134019
1371227891019755520
1371228339252436998
1371228345124405250
1371228926501081089
1371229469290151941
1371230786322579461
1371230922109034498
1371231757148766211
1371232120178360320
1371232187513761795
1371232396679467009
1371233638151548936
1371234377791893509
1371234689919369220
1371234692578619400
1371234836485144580
1371236285852049408
1371236721401212929
1371237178240606212
1371237650196271112
1371238814304329730
1371239717602222082
1371239719774777347
1371240657193476102
1371240738856521729
1371241233801170951
1371241396489838592
1371242120133115906
1371242162520752135
1371242192006750208
1371242223371698178
1371242539982929921
1371242591832969216
1371245194004328449
1371245667243466752
1371245867005526017
1371246586450313219
1371248362662559748
1371248454471725056
1371249076071727104
1371249657624530945
