1440103481025581059
1440103495483510786
1440103568200065024
1440104155469725696
1440104342346874881
1440104542180294656
1440104894652895239
1440104928404455427
1440105171602722821
1440105216649560068
1440105238887911424
1440105534808633344
1440105598780153858
1440106841925685249
1440106989250514951
1440107064135766018
1440107126513299460
1440107545750736903
1440107911624237058
1440108892252368903
1440109045751459842
1440109091393785859
1440109333199654913
1440109513256812544
1440109605410033669
1440109815745896449
1440110058327756800
1440111031116730370
1440111031439740930
1440111167238717442
1440111520705400832
1440111649738874880
1440112308492148738
1440112347863998467
1440112892834197507
1440112936882618369
1440113325560324098
1440113660257525761
1440114207098380291
1440114297045192705
1440114844825444355
1440115175202430976
1440116590255685633
1440117292218691586
1440117501912879107
1440117785091354625
1440117845443108866
1440117912170336263
1440117917211897863
1440117991803293698
1440118310943797255
1440118509497946115
1440118551550046213
1440118737491922946
1440119186005663745
1440119626193637378
1440119734507384832
1440119871602368514
1440120435073552392
1440120483148599300
1440120561557024774
1440120705459363840
1440120848447205376
1440120991787720706
1440121113372205058
1440121248495906819
1440121738411479048
1440121803167383560
1440122001000071169
1440123171907280896
1440123280954773506
1440123425398267907
1440123613076770816
1440124101151141888
1440124122542088199
1440124200598048769
1440124738286804992
1440126208339894276
1440126995933839360
1440127514354110467
1440127617231998976
1440128182510886915
1440129028841775106
1440129054603190272
1440129627402477571
1440129885737914374
1440130296159035393
1440130430783549440
1440130573322891266
1440130716445159427
1440130948641722371
1440131400003428352
1440132054038065160
1440132204311552001
1440132272678653952
1440132433907576840
1440132759578578948
1440133169706151936
1440133279139733504
1440133516981833729
1440133684804390913
1440133685760565250
1440133728248926213
1440134462763847681
1440134508716695553
1440135148050206720
1440135376530653193
1440135440946847744
1440135723882004486
1440136196005502977
1440136575388684288
1440138099946778624
1440138246596399110
1440138388095397904
1440139659263283206
1440139777752244226
1440140286970236928
1440140742706401281
1440141454475681792
1440141678409437186
1440142143977263109
1440142168027402254
1440142480402354187
1440142733079842819
1440142909567746051
1440143557533204481
1440143733979115525
1440144019623854087
1440145034272120837
1440145403899379717
1440146209289560066
1440146675385831424
1440147174810030080
1440147432692613129
1440148108151644170
1440148881988206602
1440149505358262275
1440149640796536843
1440150090052558855
1440150898022309889
1440150899616223233
1440152620593606657
1440152950198865927
1440154638217478152
1440155062127321093
1440155237101158409
1440155758868393988
1440156307999260673
1440156402048110598
1440156602854567945
1440158065609752579
1440158155980242955
1440158955666247689
1440158974863568902
1440159362467565571
1440159948650860546
1440160114262962178
1440160909154930699
1440161197597224964
1440161853057880071
1440162076094177300
1440162104237912069
1440163134975594507
1440163604662132739
1440163625356840965
1440163880773296128
1440165326876938242
1440166153582571527
1440166863237832708
1440166931407851539
1440166941520371713
1440167043697840132
1440167412138078208
1440167720071299082
1440171637798682626
1440171793659031552
1440172163533729793
1440173331668295688
1440173965700333576
1440173993751769088
1440179089462104076
1440224279468126208
1440229309550104576
1440229309793247233
1440231826056908804
1440231826283380737
1440238890086907912
1440243450301988865
1440246640799928326
1440246931544948746
1440247456973742082
1440247469288275980
1440247478071160835
1440249140185731072
1440250316587294736
1440250349743345669
1440252929194168325
1440253034966052869
1440253123012935680
1440255702715359245
1440255803542228994
1440256624145305600
1440256706869485568
1440257584548626434
1440257619000651776
1440258185755967488
1440258903229362180
1440259342586966016
1440259508698169351
1440261983375290386
1440262246064480261
1440262437245108228
1440263298826452993
1440263369387241480
1440263401339449350
1440263709054541829
1440263965246820370
1440265056382435344
1440265184304517128
1440266742450700294
1440267325828071430
1440267372657397769
1440268902261411840
1440269037880025088
1440269577875722245
1440269672117465096
1440269719286603783
1440269814442782722
1440270374902505472
1440270401397878799
1440271404574728195
1440271625341976587
1440271666836164613
1440271920629366792
1440272429830467590
1440272523950641161
1440272647372230662
1440272967439556622
1440272992966098944
1440273844632100871
1440274078988861453
1440274157040594953
1440274389581193216
1440274608200962058
1440274832818532352
1440275167414939652
1440275410575495171
1440275713941131264
1440276127642112011
1440276244247891971
1440276821765804032
1440276837599363079
1440277131271884805
1440277786296389634
1440277864792801284
1440278390502674435
1440278525391425547
1440278666181709832
1440278773870456835
1440279248246239236
1440279565318844416
1440279634449338375
1440279641286086684
1440279646713499659
1440279738812010510
1440281035388846087
1440281804896759821
1440282034815979525
1440282157872734208
1440282187245371402
1440282248821936137
1440282313498107911
1440282538484793361
1440282747344285701
1440282870241660946
1440283037334265857
1440283166648856577
1440283257677905933
1440283549077147648
1440283590806278149
1440283606526533632
1440283638415855616
1440283680832831496
1440283849057976327
1440283992268296194
1440284031824785411
1440284060597710855
1440284065165238281
1440284180638683143
1440284320829116419
1440284648576147457
1440284684613730304
1440284737533145098
1440284813840117767
1440284846769668098
1440284975790583811
1440285024696168456
1440285228707106827
1440285238605717505
1440285248734986249
1440285567955075073
1440285573248270351
1440285758661611528
1440285780715261954
1440285841436250113
1440285973137428482
1440286047728910338
1440286173318897665
1440286186375766019
1440286222467813377
1440286253279109128
1440286300095975428
1440286423530172430
1440286490714468360
1440286610088599562
1440286627645980681
1440286777940459530
1440286864460509188
1440287062071017481
1440287069675216897
1440287099006058497
1440287113295982596
1440287149396426762
1440287173626908682
1440287191406563341
1440287458822737925
1440287462153023497
1440287528288804870
1440287532487360532
1440287602297360389
1440287669880115206
1440287704453824516
1440287820535394310
1440287906682130446
1440288132507729939
1440288328142651393
1440288340683595781
1440288571932303373
1440288707597062154
1440288748642598912
1440288825553481736
1440288844633411584
1440288862467543046
1440288870222860301
1440288939772768266
1440288970429009921
1440288973415276545
1440289008743956487
1440289244937785349
1440289458419494918
1440289862096015368
1440289923525799939
1440290173871288327
1440290266670268419
1440290390586789898
1440290403144507393
1440290591066099713
1440290688243933184
1440290867978248199
1440290974001815557
1440291116331405324
1440291273642938381
1440291292362067974
1440291398314434562
1440291653659492357
1440291802246901767
1440291848640077837
1440291938796642306
1440292041003442179
1440292041070497802
1440292127301246976
1440292148058865674
1440292365596442624
1440292512334159874
1440292545578160140
1440292551060176905
1440292570052005888
1440292615690194954
1440292727858483209
1440292794052997137
1440293006729351172
1440293146743640064
1440293306835951623
1440293379305185281
1440293632154619906
1440293639326867465
1440293715575128065
1440293767232122903
1440293978264403978
1440293986724311046
1440294011932057611
1440294033604034581
1440294407421317134
1440294588091011075
1440294596764856322
1440294613701447690
1440294631363678208
1440294883764310027
1440294891506987025
1440295074303135744
1440295186718810125
1440295394311696390
1440295599945912320
1440295725473009690
1440295778291896332
1440296004142592004
1440296018814275591
1440296059528355850
1440296091535118346
1440296224049930241
1440296248347557917
1440296266257158149
1440296285198712835
1440296452295577609
1440296466661077002
1440296522357239823
1440296569761263617
1440296711688122377
1440296733695610889
1440296739932557315
1440296778461376521
1440296783784022023
1440296846526611461
1440296848560844805
1440296925022994437
1440296967985188864
1440297211389038599
1440297420819030020
1440297494324256776
1440297554822893569
1440297681054695425
1440297901528207385
1440297934432571397
1440297934872977417
1440298138472910851
1440298202263998478
1440298217292255245
1440298355779784709
1440298477754355714
1440298589888999428
1440298606649503747
1440298684369883137
1440298721640534029
1440298727642578954
1440298748974829577
1440298816847048718
1440298915664785408
1440299195655548936
1440299242698936338
1440299492897550341
1440299536421773313
1440299589026803724
1440299731549257731
1440299741338750986
1440299778743488521
1440299783831253000
1440299917579223048
1440300075767324675
1440300240704184333
1440300348686536710
1440300417515065358
1440300501849935881
1440300598948102150
1440300656338767881
1440300767806570518
1440300805941125132
1440300812970827777
1440300818872209416
1440300880608174086
1440301223240867845
1440301283961970688
1440301284830048266
1440301307252805643
1440301354480660484
1440301412722769931
1440301734056759316
1440301875195121666
1440302094896943115
1440302197879689220
1440302464654135310
1440302492902854657
1440302554999508992
1440302584598700036
1440302729830682630
1440302817688764419
1440302883543531534
1440302897619554319
1440303002351333380
1440303063948881925
1440303150640951299
1440303157066698764
1440303201828311053
1440303285034913806
1440303392543236117
1440303399233208329
1440303483031224328
1440303568221732866
1440304015577796614
1440304140911923207
1440304230946934794
1440304257798787087
1440304262345494533
1440304274613805088
1440304278543888386
1440304378536083460
1440304390930251782
1440304774583185413
1440304799166042136
1440305055517724677
1440305094843461641
1440305219955413000
1440305228692090892
1440305236267077639
1440305415019921409
1440305499535122447
1440305610667397124
1440305671921037314
1440305831384207375
1440305897897533456
1440306014956384259
1440306095252066311
1440306200747266060
1440306318435180560
1440306470566858769
1440306686628024328
1440306822385000461
1440307138081923075
1440307251147726855
1440307324145606656
1440307325718433792
1440307433054760965
1440307685954514951
1440307806519775235
1440307935674916871
1440308004000206850
1440308198519439366
1440308216533901325
1440308229943148545
1440308510617530378
1440308759771828230
1440308816264904709
1440308838272417796
1440308972951457801
1440308977435230210
1440309472883195905
1440309499999383573
1440309570241400845
1440309617758638081
1440309625291636737
1440309663178715152
1440309723719344141
1440309920415424517
1440309960017997824
1440309960433287186
1440309974782021632
1440310048949825541
1440310049105072135
1440310103572312072
1440310176922279947
1440310354295214085
1440310421840228352
1440310604049256462
1440310747553169424
1440310779857629186
1440310824094998532
1440310842856128525
1440310949139804176
1440310950515466244
1440311018442289159
1440311102122782724
1440311118153469956
1440311137589809165
1440311247740628994
1440311272914837520
1440311438770196486
1440311472777617419
1440311482038644752
1440311507493941248
1440311774616555526
1440311798280851456
1440311827754192909
1440312057065136131
1440312150598189072
1440312205547769864
1440312246475710477
1440312357775818758
1440312383939878922
1440312556090843141
1440312571769155586
1440312972442697735
1440313007146340352
1440313016264716288
1440313021562163208
1440313032102465543
1440313049227792399
1440313062477557770
1440313287208431621
1440313475171971089
1440313599272972291
1440313658014191624
1440313669234028566
1440313903326453770
1440314158461816834
1440314174819635205
1440314218171887631
1440314245057376257
1440314279211638803
1440314346052091911
1440314522405785622
1440314714806841352
1440314904079073292
1440315096979308557
1440315168940904453
1440315265451843593
1440315446343864331
1440315635108507650
1440315736652537858
1440315766780219396
1440315799592312840
1440315823810252800
1440315857880567808
1440315859356971013
1440315862628519949
1440315919037726720
1440315980261904385
1440316037677813764
1440316178979643401
1440316246067593216
1440316513085378562
1440316603569106952
1440316657725968384
1440316896553803781
1440317145892614149
1440317219720761344
1440317220664397824
1440317223789203462
1440317306685444100
1440317389720023054
1440317415288492040
1440317503297634309
1440317677046693900
1440317915530596363
1440318486610206731
1440318584383623180
1440318591723708422
1440318626150576142
1440318648204374016
1440318680462626817
1440318692491808771
1440318710657392649
1440318858464686087
1440319045329322005
1440319120461860871
1440319282596904965
1440319390440849411
1440319398577774605
1440319483122360326
1440319695450619911
1440319742703661061
1440319896743661569
1440319906411548692
1440319920676372493
1440320111223607302
1440320112427294729
1440320121432469518
1440320141410013188
1440320497841889281
1440320529034924042
1440320704587583493
1440320815858290692
1440320984439947274
1440321189239410696
1440321358014005264
1440321656010907653
1440321969165987854
1440322082416435219
1440322278575644672
1440322284233773068
1440322392996286470
1440322463842193420
1440322510021529608
1440322572910936080
1440322587637080069
1440322696433176577
1440322715848638466
1440322819858964490
1440322870157066253
1440322962272313346
1440322972317745160
1440323126261256206
1440323145831882755
1440323201838370837
1440323211367895046
1440323274521468936
1440323355614138388
1440323365059792899
1440323428016222218
1440323468231254036
1440323484018565128
1440323500342857737
1440323521494675460
1440323631750418439
1440323696095207427
1440323718937341960
1440323767511646212
1440323791490412545
1440324110521749520
1440324159536451601
1440324160433971201
1440324207506694161
1440324437488766980
1440324746764185604
1440324777969795085
1440324795116097543
1440324959805456393
1440325085215092739
1440325518532829195
1440325718957715471
1440325954224615430
1440326147301003269
1440326185209131015
1440326467645153299
1440326493788278784
1440326559269670918
1440326700089237526
1440326734067339266
1440326781978902529
1440326808566525956
1440326878305271823
1440327031594446851
1440327092051202056
1440327379981766660
1440327381722353674
1440327539025530880
1440327592150650883
1440327617173807108
1440327647565783054
1440327679765475340
1440327684937043975
1440327699449270288
1440327728528441352
1440327899752513543
1440328013313232910
1440328033613729804
1440328207136223234
1440328329035321352
1440328421368758282
1440328431531540481
1440328776638873603
1440328972106022921
1440329276834791440
1440329406023487493
1440329568879996935
1440329650786299909
1440329651092537352
1440329656037568527
1440329660160622602
1440329697661886471
1440329748370972681
1440329877891084294
1440329883763179527
1440329897734336522
1440330148205580303
1440330188747776004
1440330241759531008
1440330261804109829
1440330335653220363
1440330381006282755
1440330504427892752
1440330555707457552
1440330626486337541
1440330840064495624
1440330941369516032
1440331055681081346
1440331353296302081
1440331484536061958
1440331494237478927
1440331503288811533
1440331519545905160
1440331555197501443
1440331688727310355
1440331746722004995
1440331782746873869
1440332140256714768
1440332283131555855
1440332355307143169
1440332380699459590
1440332495011020803
1440332574799196165
1440332634568069132
1440332727207616518
1440332750381215764
1440332808774295563
1440332837740113920
1440332851275128840
1440332902802231311
1440333158080126985
1440333172739244050
1440333290104246282
1440333326561144832
1440333357208911888
1440333385411432448
1440333623329112072
1440333627275964417
1440334131787829258
1440334185252614152
1440334295747284997
1440334325895950348
1440334389750079499
1440334442610901003
1440334457844625413
1440334518221606914
1440334899802562563
1440335663916740626
1440335898084732942
1440335994696306697
1440336022731034632
1440336031169990657
1440336038258307073
1440336212540100608
1440336279502147584
1440336397366267904
1440336467612487682
1440336547505532940
1440336878377394180
1440336965589606405
1440337280602755074
1440337362924441607
1440337522681389057
1440337531736715277
1440338296379301903
1440338828212858893
1440338834667888641
1440339019011792898
1440339090906304520
1440339122913091595
1440339185236250626
1440339201107456010
1440339269562687490
1440339294531379207
1440339323132338185
1440339392443281419
1440339850582921216
1440339877749420032
1440339942450757643
1440340104900321282
1440340378016616455
1440340476800815115
1440340492844036107
1440340508811743241
1440340547214852101
1440340625707044872
1440340712986267649
1440340811401424896
1440341102603628553
1440341207461236738
1440341235470778377
1440341292316196878
1440341390920015883
1440341438722568200
1440341517793521670
1440341662950064130
1440342021009412109
1440342222486966282
1440342994683514887
1440343154171858956
1440343177647386626
1440343408283840532
1440343419004485642
1440343451451592708
1440343474348298244
1440343481541558275
1440343698408030211
1440343746105593857
1440343775377719303
1440343782000529414
1440343831107436551
1440343837721837583
1440343905560502284
1440344060405837825
1440344148054142979
1440344172850937859
1440344313620099090
1440344385342763017
1440344662124818439
1440344690537091075
1440344695024930829
1440344835387392012
1440344891591065601
1440345021090177040
1440345096411484160
1440345204758704140
1440345393649180677
1440345627678760967
1440346097575096331
1440346187610034180
1440346627059847181
1440346668260466697
1440346852528853004
1440346949501157383
1440346958309167108
1440347015108382727
1440347233367461902
1440347333430939652
1440347588868386816
1440347605196701705
1440347999981359107
1440348221096665106
1440348257733931019
1440348321621557261
1440348418484801536
1440348754599575555
1440348771343167495
1440348909839138833
1440349099149066240
1440349274097680392
1440349409531686915
1440349738583281665
1440349777258954758
1440349850382462985
1440350001838768128
1440350120390758408
1440350420149309450
1440350669836206083
1440350734562725894
1440350754955427854
1440350839550349315
1440350990566248450
1440351136926482443
1440351194656894985
1440351265561595918
1440351390400794632
1440351427562409990
1440351545921470467
1440351757129838596
1440352103721943055
1440352117068156929
1440352388238303232
1440352597752250378
1440352603175456776
1440352622674944000
1440352749237927937
1440352859741061133
1440353011780317194
1440353094831783944
1440353101920178182
1440353116436664324
1440353315204653059
1440353442640248837
1440353552828825606
1440353598295003145
1440353898749829133
1440354019281489923
1440354020967665666
1440354217420488714
1440354286043496448
1440354375931629573
1440354428792426506
1440354625396170752
1440354648926273536
1440354693830438912
1440354941873262604
1440354952325394436
1440355343779782664
1440355419235311623
1440355525099544582
1440355663624884226
1440355665541689347
1440355953803546625
1440356078827409421
1440356312202711043
1440356355928330242
1440356547838676997
1440356894283993089
1440357036613455879
1440357080347463685
1440357229094338564
1440357320467234828
1440357383838994439
1440357613015736326
1440357878364139520
1440357943354933252
1440357977601425424
1440358239607017475
1440358406607360007
1440358937685938184
1440359061627699210
1440359080598462472
1440359101112872976
1440359179059752964
1440359534950715405
1440359632808022025
1440359679738056718
1440360061889482758
1440360181997600770
1440360445555007497
1440360536156237841
1440360701432717317
1440360722249125901
1440360779832717321
1440361170712494085
1440361630831833105
1440361697676460048
1440361828425420808
1440361942678315010
1440361983874719753
1440361993316102149
1440362073163059210
1440362342143774722
1440362348359782405
1440362706217758729
1440362744352423942
1440362873604108296
1440362936996806668
1440363145537540097
1440363213573423106
1440363488438743045
1440363616578916354
1440363757926977541
1440363810569609219
1440364118397964291
1440364336451518466
1440364708532346880
1440364924065116164
1440365086581747719
1440365603848552452
1440365643765731345
1440365662568792073
1440365748887588873
1440366136915156993
1440366626533040141
1440366765968556035
1440366978187677698
1440367418753241093
1440367633489035271
1440367719094751240
1440367940554006545
1440368029045440518
1440368272008830977
1440368280452022276
1440368432680108042
1440368848729894923
1440369804741799941
1440370026150727693
1440370084409577480
1440370239795990537
1440370289284501507
1440370508508192776
1440370514569023490
1440371141177008135
1440371274996322307
1440371348769959944
1440371449038966784
1440371625669455880
1440371628227977222
1440371817378504714
1440371990787866626
1440372188641566725
1440372194589110274
1440372261505040385
1440372332049039360
1440372392035958791
1440372424579567625
1440372489247358977
1440372547078348804
1440372979683106829
1440373021080887298
1440373023219937285
1440373302149595137
1440373534199484421
1440373634896257025
1440373722632708102
1440374104868089856
1440374348703940614
1440374600290897930
1440374694276841476
1440374830457442305
1440374952037781520
1440375090919600137
1440375091146027018
1440375297732329478
1440375497288937478
1440375792194576385
1440375846598889479
1440376089105223682
1440376164028059655
1440376315270426633
1440376635203620865
1440376791986626564
1440377044987105283
1440377048132775944
1440377674203942914
1440377864377933830
1440378054845485058
1440378073912807425
1440378608405520386
1440378954590818311
1440379126502739970
1440379613926985735
1440379776372408323
1440380163590483976
1440380185585479690
1440380428209168403
1440380641292394506
1440380711064666113
1440381083288100866
1440381164523450372
1440381472234348555
1440381534058344454
1440381583534346245
1440381592032083970
1440381721828941826
1440381882357538822
1440382246410592263
1440382330309206019
1440382587613052936
1440382589110349832
1440382607972179981
1440382718823440391
1440382822875901952
1440382844342190084
1440383002110939136
1440383284962230278
1440384083847049224
1440384096920735747
1440384238356873231
1440384514715357186
1440384568725438464
1440384783981301772
1440384927539687429
1440385383531900932
1440385449470484485
1440385507247022082
1440385518479437835
1440385556588875778
1440386337224359947
1440386398280769554
1440386616942493708
1440386989065310213
1440387129176059904
1440387278598074375
1440387307354263559
1440387347674132480
1440388051625144328
1440388129236471811
1440388271062740994
1440388740434718726
1440388787389943820
1440388802623639569
1440388908529840139
1440389057247281156
1440389081435762690
1440389185311965196
1440389331764482053
1440389370012266498
1440389439595839495
1440389663701626884
1440389717028053003
1440390135804088324
1440390313017630728
1440390413093728260
1440390766732275716
1440390921686700036
1440390970063790083
1440391112791769089
1440391285546774529
1440391432762630150
1440391531030925321
1440391592553041920
1440391653072637962
1440391683275780106
1440391786749259776
1440392305270161408
1440392310080958471
1440392313432276995
1440392606425309185
1440393037209739265
1440393158643240970
1440393314503512075
1440393358749306882
1440393476017778701
1440393535170105345
1440393703864999944
1440393925307420674
1440393936166551560
1440394108808220674
1440394274877501442
1440394441064259596
1440394474018930688
1440394561864359941
1440394584710803457
1440395301727047691
1440395316159651844
1440395331640840197
1440395402616791044
1440395591243026432
1440395605868630017
1440395613003124749
1440395802438877200
1440395882336190465
1440397276807979016
1440397607939940355
1440397927269101575
1440398579294621701
1440398588429824019
1440398743438704646
1440398789844471819
1440398826402058254
1440399051573239817
1440399072632864782
1440399189427449873
1440399254938271746
1440399471662092311
1440399587101999105
1440399624099885057
1440399706484445194
1440399749564174343
1440399749778079747
1440400120994951172
1440400276620394500
1440400389937905671
1440400450910502920
1440400543533334530
1440400633371131910
1440400675083489283
1440400730288914441
1440400827907133442
1440401257617711107
1440401367001026567
1440401641178419200
1440401723588169729
1440401793851162637
1440401848175771661
1440402114174279685
1440402507616829440
1440402576315338754
1440402876136706055
1440402892939087881
1440402941068775433
1440403013252759556
1440403084761460740
1440403518356017155
1440403623523979264
1440403923806810127
1440404211582193664
1440404475613614082
1440404604361986055
1440404640999239680
1440405162242101253
1440405203518296075
1440405234220552194
1440405496305836049
1440405535866589188
1440405602988019718
1440405695061397517
1440405900632592386
1440405948460257287
1440406162004791302
1440406477265534980
1440406665682034696
1440407020549537814
1440407162962939905
1440407280923545606
1440407746516422668
1440407779135483905
1440407977991622663
1440408007548948484
1440408182271082505
1440408185488109587
1440408301288648714
1440408569526964232
1440408571544436741
1440408588367790089
1440408820992204807
1440408914349092884
1440409267094188032
1440409441006882816
1440409869060751362
1440409957426348033
1440409964997070849
1440409967970775043
1440410138423091215
1440410151131828236
1440410475582279681
1440410669065539591
1440411008648945675
1440411417018961922
1440411494106107905
1440411518802149379
1440411602876911630
1440411713350733877
1440412025474072581
1440412126330310665
1440412232496521218
1440412448025047041
1440412484955873285
1440412812757504004
1440412830507814915
1440413159848775692
1440413505132253188
1440413539466833923
1440413738461384706
1440414378566639618
1440414574105169921
1440414760273526792
1440414883414110211
1440415203376525318
1440415267977191425
1440415411141373955
1440415495593738240
1440415549251481600
1440415627311607810
1440415678767374336
1440415696609972230
1440415726536298498
1440415769863483398
1440416034805088258
1440416144809099265
1440416259716239360
1440416307204149255
1440416917223735306
1440417333361606662
1440417421026680835
1440417423635611653
1440418324312051715
1440418632912146440
1440419018993586182
1440419081060958216
1440419105748578311
1440419292068024323
1440419400650088450
1440419532338720779
1440419551535984640
1440419611518726153
1440419938838085635
1440419963450236941
1440420000972488713
1440420011282104320
1440420131650211844
1440420323610927106
1440420333161385989
1440420471887958017
1440420575319662592
1440420598539194378
1440420626930364424
1440420846179213321
1440420910574436360
1440420949367480326
1440421031957590031
1440421088073109504
1440421173343363081
1440421234420842500
1440421265525723141
1440421590815043584
1440421604438134792
1440421619478896646
1440421986073595904
1440421986774052870
1440422225069285384
1440422415406796805
1440422768172961797
1440422777501065216
1440423065830105091
1440423104702861319
1440423347104276489
1440423347590815758
1440423355853651974
1440423400137056266
1440423544219832321
1440423545444528139
1440423673417011210
1440423772771676167
1440423933832884224
1440424032914980865
1440424134652022786
1440424158924402701
1440424254537801742
1440424689520693256
1440424747557220355
1440424771158634508
1440424839056019460
1440424931829817346
1440425141553418245
1440425153532289030
1440425346273198085
1440425612217176073
1440425630143692808
1440426264637042705
1440426499761262592
1440426603989725184
1440426657802686473
1440426906906546189
1440426944969863168
1440426959909969920
1440427148037132294
1440427183873265670
1440427345215582210
1440427609477632008
1440427692336160776
1440427860045430785
1440427873546866690
1440428007538130944
1440428395960025095
1440428730543796224
1440428879169015811
1440429009708277767
1440429091576967174
1440429171872731149
1440429302181294091
1440429389682864128
1440429562798563332
1440429597695246343
1440429716624662533
1440429818621751304
1440429888029085705
1440430026613145608
1440430094283989000
1440430136038334471
1440430369451352077
1440430411906043905
1440430805994520581
1440430985829498882
1440431051327696897
1440431091102281741
1440431148014837774
1440431237638746113
1440431294706380803
1440431351652515843
1440431510985707533
1440431515490414598
1440431594146201600
1440431609593749520
1440431625020399631
1440431686597038082
1440431741743734786
1440431900380729349
1440432007297654788
1440432441131352075
1440432626523774979
1440432700981067776
1440433000987049998
1440433353056931848
1440433359499321348
1440433561627025414
1440433753914892288
1440433844931362825
1440434005493518341
1440434047226761220
1440434198595051528
1440434499897069568
1440434615781494794
1440434661839179776
1440434886158925835
1440434938256314372
1440434997198946305
1440435006023745542
1440435152694362113
1440435200865947653
1440435204477239296
1440435283552456713
1440435611517607936
1440436564107034625
1440436597627899905
1440436630846726147
1440436662983561217
1440436715101904897
1440436793422204931
1440436852163416067
1440436885843681291
1440437059399782409
1440437177192615936
1440437606781636611
1440437659109773316
1440437762952339458
1440437810163453965
1440437910025637894
1440437915880804356
1440438009061527553
1440438041361862664
1440438211780562945
1440438254608654338
1440438279493406734
1440438300783747077
1440438418043850757
1440438501825077250
1440438891920560138
1440439040541556741
1440439102558519301
1440439255306670088
1440439391030108165
1440439454443868162
1440439457111416838
1440439590406406145
1440439717833572368
1440439927649366025
1440439973195378693
1440440003578908676
1440440216561410050
1440440320643108874
1440440331497971731
1440440715260010501
1440440751075168261
1440440762055888899
1440440972924502018
1440441055086661633
1440441117376278532
1440441182291517445
1440441255205359625
1440441455441367043
1440441624077561866
1440442134964760581
1440442192997208064
1440442300232916998
1440442346584170497
1440442493284204547
1440442714198188036
1440442836919353356
1440442860260577291
1440443012836782084
1440443022945112069
1440443206483599365
1440443222312951820
1440443280584425479
1440443294912159752
1440443301992144899
1440443341892558852
1440443399778103307
1440443424071507974
1440443514584584201
1440443653659394049
1440443762002432003
1440443853308268550
1440444013752963074
1440444056094449671
1440444162059370503
1440444190140211210
1440444420478828547
1440444493161922569
1440444536652591105
1440444580210479110
1440444601827946501
1440444728399446020
1440444799828385800
1440444973304877060
1440445226003271687
1440445233582383112
1440445423701741578
1440445532422344709
1440445620691496974
1440445667466350597
1440446336650801154
1440446583649157125
1440446659230507015
1440446687336484875
1440446958624129025
1440446962818445315
1440447012852273156
1440447359456931846
1440447509671735296
1440447719500173324
1440447972899057676
1440448139027046400
1440448177899913217
1440448263056855041
1440448448591851520
1440448512789938181
1440448706440884224
1440448724476387334
1440448903938150403
1440448947919613956
1440449186424508425
1440449216422182912
1440449622292381699
1440449723018539009
1440449726336286724
1440450087990087681
1440450236132986888
1440450268794015749
1440450407604518919
1440450497849135107
1440450530187247624
1440450743119462407
1440450816708542472
1440450973214728193
1440451135307870213
1440451204526460928
1440451212562755586
1440451339994087430
1440451387171635201
1440451432369426445
1440451468562092039
1440451523369046035
1440451569044971521
1440451614272200710
1440451637319921667
1440451672199684096
1440451898327253003
1440452256063627270
1440452487169773579
1440452892054355970
1440452992705069059
1440453180081393666
1440453231381868549
1440453285354344448
1440453299447107588
1440453370133708812
1440453444226064393
1440453450060288009
1440453548165058575
1440454087108009985
1440454543863521283
1440454546619203597
1440455034219601922
1440455052796198917
1440455114062397455
1440455164419194881
1440455203178774548
1440455224099950596
1440455355205500928
1440455492250128386
1440455541596164104
1440455578308866049
1440455608407257092
1440455665441378314
1440455670868762628
1440455697079029761
1440455800766406660
1440456077049401346
1440456144959410182
1440456453039394827
1440456761257775112
1440456799157559297
1440456850269343755
1440456999808876554
1440457077860622342
1440457101923340292
1440457351467732997
1440457421416136707
1440457524331778052
1440457667789479937
1440457835674943494
1440458321157230596
1440458384981966848
1440458649768390656
1440458884347428864
1440458905549619202
1440459573857423364
1440459582535397383
1440459692203864077
1440459715801063426
1440459947997687810
1440460254270033920
1440460326403645441
1440460365410693125
1440460923747983364
1440461022553198599
1440461023593390081
1440461154279518226
1440461235149893641
1440461305740025864
1440461340716384256
1440461343266459648
1440461396819341317
1440461459805270021
1440461547168407555
1440461633952751620
1440462062681919490
1440462109209358345
1440462109930754048
1440462244039381005
1440462379033137159
1440462390026379266
1440462398146547712
1440462720134905868
1440462725340024834
1440462918835834881
1440462930047221760
1440463543170600964
1440463611508375558
1440463808384798721
1440463869378371585
1440464082885218305
1440464120013221892
1440464190427176964
1440464363391905793
1440464584230391811
1440464617050763265
1440464657416798222
1440464692053377027
1440464737293135878
1440464754095505410
1440464814619299845
1440464818343866371
1440464823741939713
1440464878586589189
1440465072933855234
1440465149563858954
1440465387355664391
1440465455781584902
1440465489960988680
1440465514115993609
1440465784636014596
1440465800318521344
