1346969917136973824
1346970698812706817
1346970900999118854
1346970930527023109
1346971077906460672
1346971321104822272
1346971354520813573
1346971501887631360
1346971553242771456
1346972107494858754
1346972229087723521
1346972231356866561
1346972483564531712
1346972491235921920
1346972900792922115
1346972949060874240
1346974336813576193
1346975022909321226
1346975875758239744
1346977372189417475
1346978738664136705
1346979881612177408
1346981371328286722
1346981509605908481
1346981696755822595
1346982360097710083
1346984867494551558
1346984962952744964
1346986533023330305
1346986696882204674
1346987409985187845
1346987820066299905
1346987996764131332
1346988549598416897
1346989281772974080
1346991644248322048
1346992927344652290
1346994033781051400
1346995859003564034
1346996793150607362
1346998351129161729
1346998488484073474
1347001769730207746
1347001929478647808
1347004230872264704
1347004906847297537
1347005124611350531
1347005369713876992
1347005404178481158
1347006100537831425
1347007701277159424
1347008160993837059
1347010372893601793
1347011571223035904
1347012472578957313
1347014025482301441
1347015213422440451
1347015981751820289
1347016118507102208
1347016587220557824
1347019087260618752
1347019206882189312
1347019557844770819
1347020815565541376
1347020949133156361
1347021182600503298
1347021938187755522
1347022199446794240
1347022721188732930
1347023775234187267
1347025992045522947
1347026109913837570
1347026252666961920
1347029082643558401
1347030205462933505
1347030521491156995
1347030882704633859
1347032114051604480
1347032238630662144
1347032722191962124
1347033098513338369
1347036671544582148
1347037298832011268
1347040591054516225
1347040863915028483
1347041133516345346
1347043061633835009
1347043748480503813
1347044565560291328
1347044568617766914
1347044815435948032
1347047572016271360
1347048464438484995
1347049232184836098
1347049716807213058
1347049770536349697
1347049803692314624
1347049820368809991
1347051783575756800
1347053012561367040
1347053206803795976
1347053818865995776
1347056230729191424
1347057359265398784
1347058906267344897
1347058957064560640
1347059250519015427
1347059455595323394
1347059641641889793
1347061544975273984
1347061922387128320
1347061946395332608
1347068956088131585
1347076834995933184
1347078190787932164
1347079404535623681
1347084817981079555
1347086635310190597
1347092753482735622
1347092755391143936
1347092760537522178
1347092770918457345
1347098664116903936
1347102363048407042
1347103188927725568
1347103851132956673
1347104235436052481
1347104796294209537
1347104976137572355
1347104993908809728
1347105014771294211
1347106463026565122
1347109351870386176
1347114012878651393
1347115770506047489
1347116596549083136
1347118442390937601
1347119716784103425
1347126089479409666
1347127281756606483
1347127366296993793
1347127858095910913
1347128508624072704
1347128642271408128
1347129109248417793
1347130159393079297
1347130263353098242
1347130272257597442
1347131654620512257
1347132910890086404
1347135907032424450
1347136058157268999
1347136417592352775
1347141900143374336
1347143821252046853
1347147290784489474
1347149374288257025
1347151034209210368
1347151745563193345
1347157631702618115
1347158675044098049
1347159051239628800
1347159368530276352
1347160131008659457
1347160676746338305
1347160725693886464
1347161059375808515
1347162753467883523
1347163014559051780
1347165016697483264
1347165623550418944
1347166101378109441
1347166184609865731
1347166329636331520
1347167003996516353
1347170375692656641
1347170478167891972
1347170533050351616
1347170667624620034
1347173377472081920
1347173602945282049
1347175576210198543
1347175596191842309
1347175669445390337
1347177025971351553
1347179498022838277
1347179704520990720
1347181013022220291
1347181217133830144
1347181273018626051
1347181275342401537
1347181299048570881
1347181489839087618
1347181644361424896
1347181759419490305
1347182382990950400
1347182464159068163
1347183456900567042
1347184993769037825
1347185277576638472
1347186084690722817
1347186325917757441
1347186367164461056
1347187044473327619
1347187339626500098
1347187636465770496
1347188488437903360
1347188662606376962
1347189535445159937
1347189765867786246
1347189768572993541
1347189792090566656
1347190786350321664
1347190821569884161
1347190895347691521
1347191024133656577
1347191372370030595
1347191403525386240
1347192300196274177
1347192357528219654
1347192432522264577
1347192615100420099
1347193020618301442
1347193660937367552
1347193662246105093
1347195411992346624
1347196327214657538
1347196481866969088
1347196573038608391
1347196596786630656
1347196774084177921
1347197812665102338
1347199323516198913
1347199913554309125
1347200046790565889
1347200058618425344
1347200104105697285
1347200264776916994
1347200472235573250
1347200667044229122
1347201604542410754
1347203348055773185
1347203449704882177
1347204653138718724
1347205099622260737
1347205613059764226
1347205707809091586
1347206622825902087
1347207619019038723
1347209299513143296
1347209379121139712
1347210488216739845
1347210586711535617
1347211248161730563
1347211491842416647
1347211704019668994
1347212163811835905
1347212224641773569
1347212907721990144
1347213097908527105
1347213230524035072
1347213792111951874
1347213824089350148
1347214052762775556
1347214164817833984
1347215153645850632
1347215433460539398
1347215505904578567
1347216270173892609
1347216464269475843
1347217138088611841
1347218808700887040
1347218878057893889
1347218949814046730
1347219574547243009
1347219705019453440
1347220579338825728
1347220902346436613
1347221571375665152
1347221634881474562
1347222301109067777
1347222620912177153
1347222696757784578
1347222735454412801
1347223265949970438
1347223272136581121
1347223487929311232
1347223782927310848
1347223855761412098
1347224622077415429
1347224667627651072
1347224992006619145
1347225019370377217
1347225285754810369
1347225541804486659
1347225969292177417
1347226027471368195
1347227676306767875
1347227951633469440
1347227987880464384
1347228028326338561
1347228371613310976
1347228475896291328
1347228736203194369
1347228780620865536
1347229015925432327
1347229173681541120
1347229198633590784
1347229422735208450
1347229671310708740
1347230052602290184
1347230179127664643
1347230223490818054
1347230330126741505
1347232459738525698
1347232565372059649
1347233601075761155
1347233727726956546
1347233936536174594
1347233967293030406
1347234138911338496
1347234179612897286
1347234785740120066
1347235470456061956
1347235522683482116
1347236571775258626
1347237173767135232
1347237364154949640
1347237830762881026
1347239349704925187
1347240722269757441
1347240998775083008
1347241675182247939
1347241919336873998
1347241934780297217
1347242050538897408
1347242429473284096
1347242519168507904
1347242535647932418
1347242902997635072
1347243441839890437
1347243516691361793
1347243552976367617
1347243823521521671
1347245427708538881
1347245645904572416
1347245922548375552
1347246005847269383
1347246304813002754
1347247111713259522
1347247517440741376
1347247563393658880
1347248198323154944
1347249362146111493
1347249802032123906
1347250399925952518
1347250652460838922
1347250757083529217
1347251842535874560
1347252837596729345
1347254131526926336
1347255150835097601
1347255653258162177
1347256800706498560
1347258485562617858
1347258662348320771
1347259221406961664
1347260475831164930
1347261101558398976
1347261271599689736
1347261436091920386
1347261735519072258
1347261820239814656
1347262043691253760
1347262290727489543
1347262477566844929
1347262593283489792
1347262739169693701
1347262921257209857
1347263113729515521
1347263117265412097
1347263498460536835
1347263632707608576
1347263882683940868
1347264502652350467
1347264887890849792
1347265086700793859
1347266439263236100
1347266814754086919
1347266880071938055
1347267103242530819
1347267637638737920
1347267774242934785
1347267911514284034
1347268789931544577
1347270077981351938
1347270662373707777
1347271004486295553
1347271809264214017
1347274149530656770
1347274712649502720
1347274922134007811
1347275074198515718
1347275321851080705
1347275583424782339
1347276397677576200
1347277934684483595
1347278726887854081
1347278752267579392
1347279135274659840
1347279909480239105
1347280290801213440
1347280356702003200
1347280392294965254
1347280447697522688
1347282067080552454
1347282092577746948
1347282119098314752
1347282396811567111
1347282511135711245
1347282936983396370
1347283174712336384
1347283266882183176
1347284291538055169
1347284364170817536
1347284432982585345
1347284771362234369
1347284931484016640
1347286183953506304
1347286310877327360
1347286384202178560
1347286682958245890
1347286784204558341
1347286855780343810
1347287027318992897
1347287821795676161
1347288104135241734
1347288429113982976
1347288503311335427
1347288738867654656
1347288856161353729
1347288885425016834
1347289777486356483
1347290110816100357
1347290783406313473
1347290913526181890
1347291855361372171
1347292065944756225
1347292390449684485
1347292407386300421
1347292428424933376
1347292676643844105
1347293193734402053
1347293317822898179
1347294182587707394
1347294834663583747
1347295111181463553
1347295468745859078
1347295643379888129
1347296228653101058
1347297275605876738
1347297993788157958
1347298014763900928
1347299174493134854
1347299206483103744
1347299481872715777
1347300491907244033
1347301014274248705
1347301120197144579
1347302032621907968
1347302835126497280
1347303367547228160
1347304181233831938
1347305641296211971
1347306195435065345
1347306828061945861
1347309477310164992
1347309559237455874
1347310315143356419
1347310514481713156
1347310896998072321
1347311308404879361
1347313014127665153
1347313287545954306
1347313550394597376
1347313697715322880
1347313762374725636
1347314597112532998
1347315292247097345
1347315489429708800
1347315849665912833
1347316095955427333
1347316272275595272
1347316283931586560
1347316336540733442
1347316579336413189
1347316797482024962
1347317949762314242
1347318813893808129
1347319522093576192
1347320048084512770
1347320244008857604
1347320873045417985
1347321621728649225
1347322608530939906
1347323184161452033
1347324702260391936
1347325151839338498
1347325501417910274
1347325724433256449
1347325767043133441
1347325916897300480
1347326184800006153
1347326409715326976
1347327225620819968
1347327541665648640
1347327695575789569
1347329553971048448
1347329672040873989
1347329892371853315
1347329899191742467
1347330465385111552
1347330909767393282
