1441190644643336192
1441190666592129029
1441190953729990660
1441191560628949003
1441192435028094976
1441195323766890500
1441195394961219587
1441196870441713664
1441197738029248517
1441197929327378433
1441198294659747840
1441198303014699009
1441199866399498248
1441200140706975752
1441201548491587594
1441201701814358023
1441202842883215362
1441203311567269892
1441203525933928451
1441203743614144519
1441205127382138893
1441205138660622341
1441205527917121547
1441205648700493834
1441205773095235584
1441210423496249346
1441212878044884995
1441213453134295046
1441214563559657473
1441214916615045130
1441215852825690112
1441216122154586112
1441218668663164936
1441222375366746121
1441222377765883905
1441224727545057285
1441225002477670400
1441226784675024906
1441227067832496129
1441228138843815945
1441228363759190026
1441228955508428805
1441229617633759238
1441230539361435655
1441230798737141769
1441231128392704007
1441231407909511176
1441233027707785216
1441233487676129284
1441233793575124992
1441233832766738432
1441234128515522567
1441234258517893122
1441234454811271173
1441235325867610113
1441237051219709953
1441237473191813124
1441237884766277633
1441238577224974340
1441238731390795778
1441239446569951238
1441240313205460995
1441240600842440715
1441241088992288778
1441241868361093120
1441242244451766281
1441242958259376134
1441243232256495617
1441244625977626624
1441245645780574215
1441245662671093781
1441245802454822914
1441246028238401536
1441246856428748804
1441247170103951372
1441247878626881536
1441248137662713856
1441248291165900803
1441248552420708355
1441248812064854017
1441249162297741312
1441250945988321280
1441252416586858504
1441253055249408000
1441253396951019524
1441253917178822664
1441256109138800645
1441256118605414409
1441259173577060362
1441259655296995336
1441261720077484032
1441263408263811079
1441264271900381197
1441267384585646081
1441268041434558468
1441269873938599937
1441272111494926348
1441272936220925953
1441273406427521036
1441275240277893120
1441278725262217223
1441283526041563138
1441283844305403905
1441284092310532096
1441284255263309825
1441286664026947584
1441289658541899781
1441291307197083648
1441292203767201794
1441292213795708933
1441292214852677635
1441293122927947778
1441299377096732672
1441305736709951501
1441310197159378944
1441311769490690058
1441312003239280650
1441316012691886083
1441319517519372288
1441330841301356555
1441332001907220480
1441342911363256332
1441347221945913353
1441349397241950212
1441349804152397829
1441350491976306688
1441360547228704777
1441361784774946827
1441361826499817475
1441362574860120065
1441363701966147586
1441364299222552576
1441364323708784640
1441364938706997259
1441365278261014535
1441366082552541186
1441368095860342784
1441369208042897415
1441369504030756873
1441371750110015488
1441372158832234505
1441372499950768140
1441375589575782407
1441376410312921088
1441377711675478028
1441378412354891780
1441378914014674947
1441379263609901077
1441379524889907209
1441379939777974272
1441380041426759689
1441380538745430017
1441380718282625028
1441381412662173700
1441381784856502272
1441381934471409665
1441382385308745736
1441382482549493772
1441383982336069635
1441384312834768897
1441384313208066049
1441384523866906636
1441385687828377603
1441385826022150150
1441385828584804359
1441386327887552512
1441386328764076033
1441387756714930176
1441388087490211842
1441388535999877120
1441389242022825988
1441389609049460741
1441390155835740169
1441390951193214990
1441391446850932738
1441391501058002957
1441392197358821377
1441392266208182278
1441392614016630798
1441393038660550665
1441393314419208196
1441393770151378949
1441394487851307015
1441394736170819589
1441396617521688582
1441396784547262467
1441397333296435206
1441397864547045392
1441398288201052172
1441398303602532357
1441398315350994946
1441398450092924929
1441398462315053082
1441398677029801999
1441399535696113668
1441399951901274112
1441400642317205504
1441400998409474051
1441401607791521793
1441401650619420675
1441402417581600769
1441402488633036801
1441402497059414017
1441403938410876929
1441404269458956293
1441404331891195913
1441404340749549572
1441404423356387332
1441404575970258955
1441404976035627017
1441405469055016965
1441406340648378368
1441406400018751489
1441406435557101571
1441406445610696710
1441406471401623555
1441406535918260226
1441406973757460496
1441409009555165194
1441409794871418880
1441410326025568262
1441412117635108869
1441412143702740993
1441412145149722624
1441412882806231041
1441413935983259664
1441414194297982977
1441414763003748352
1441415850234286085
1441416386547437568
1441416564247572481
1441416644149010434
1441416794447745028
1441417979091034128
1441418698154258432
1441418738532700178
1441419274439036928
1441419354067718158
1441419744188387335
1441419927265558530
1441420159944560640
1441420930459136005
1441420987862556675
1441421584804335620
1441421623253508099
1441422347865497615
1441423010049761284
1441423396978536455
1441423609407303690
1441423734942748673
1441423763191513090
1441424467708678148
1441424468451102721
1441424494678224896
1441424817312370688
1441424918155911169
1441425118186573824
1441425523394109447
1441425651282632704
1441425946507202560
1441426860202725377
1441426917081550853
1441426971506790402
1441427094362157069
1441427202680238081
1441428247493824519
1441428829726257153
1441429214843056128
1441429545970651140
1441429761537024004
1441430245857370112
1441431422514999297
1441432913174614017
1441433494886961154
1441435024260313090
1441435231819599873
1441435614193274883
1441436021720170506
1441436442295558153
1441436501779255299
1441438314704244740
1441438759388532737
1441439392799801344
1441440243119529986
1441440730833203205
1441441057351208961
1441441284992929792
1441442530961154051
1441442534077698048
1441444085877772299
1441445171040714753
1441446342124003329
1441446367268950017
1441447265734955011
1441447338438922244
1441447555158716416
1441448350130352137
1441448593114771457
1441448963593289737
1441449148713107464
1441449760246882307
1441449880895979523
1441450080037322759
1441450216230735877
1441451224092479491
1441451249702817807
1441451361728614403
1441452745370836994
1441452757668360196
1441452762835914753
1441452782888767498
1441453408083456002
1441454182762893317
1441454887930368000
1441454982708879361
1441455482733010950
1441455672244146184
1441455696663482369
1441456425788579851
1441456563433136129
1441457825184550922
1441458078893936640
1441458885236334592
1441459188362665991
1441459272827682816
1441460362822537216
1441460435455143938
1441460623263481861
1441461699668676609
1441461763896070144
1441461917067874306
1441462440072388619
1441463118844989442
1441464874668740617
1441464898320576513
1441465218614190080
1441466278552555521
1441466455107649545
1441467510403043331
1441469985637875716
1441471050928230400
1441471842041147393
1441472017144877057
1441472164469878784
1441472348075429890
1441473922424180740
1441475027547918338
1441477338252906497
1441477638447460366
1441479042318970880
1441479455776645125
1441479569291321347
1441480962097836035
1441481309855965185
1441481499623059473
1441482824222068743
1441483290406440968
1441483290494607366
1441484130827468800
1441484563679784961
1441485085526708224
1441485751405858823
1441486258518192129
1441486441872248832
1441486634436882439
1441487378477109250
1441487616281509888
1441487742119157760
1441487743004012551
1441487826835570692
1441488700840550400
1441489129414402048
1441489588531302404
1441490362267275265
1441490889503739906
1441491865191190529
1441491912733573126
1441493159146622976
1441493665474650112
1441493666686722053
1441494031112966146
1441494724188143619
1441495165953216514
1441497775418478592
1441498159226699777
1441499122947657735
1441499128572219396
1441500189244620806
1441500610235359235
1441500666334257153
1441501266304241665
1441501513021546499
1441501684727902211
1441502923448471554
1441503215871094793
1441503709482074113
1441504434480197636
1441504700772364288
1441505606561587202
1441505665399197698
1441506274781319171
1441506381224239112
1441509006246354945
1441510264126410754
1441510509019291648
1441512012568223747
1441513058548035588
1441513666378149898
1441514426696232965
1441515303620337673
1441515314114482180
1441515949740408833
1441516052668633088
1441516529841893377
1441516976069873667
1441518809110564871
1441519353007067136
1441520041325780993
1441520548316528648
1441520641446973440
1441521835166683140
1441522837622120448
1441522837727109120
1441523111417942020
1441524473740423174
1441524996589903873
1441525781037977601
1441526618229551104
1441528545994543106
1441528648595492865
1441529327812636674
1441530973775024130
1441531139823374340
1441532031028977668
1441532129297539077
1441532589362319364
1441532915779706885
1441534981365448705
1441535881039523840
1441535999864147968
1441536203975794691
1441536778326925313
1441538178138009600
1441538607077076992
1441538686525616129
1441540251990704128
1441541243755016217
1441541430682562562
1441541605652000769
1441543257784143876
1441543696789409792
1441543719094734848
1441543838649266178
1441544274001207296
1441544679963639808
1441545589154586629
1441547684641390592
1441547759304249347
1441548263732224002
1441548355348230151
1441548367683674117
1441548650874822659
1441550752120410116
