1265794968083484673
1265795079400312834
1265795162502057985
1265795737067106307
1265795752518995968
1265795959264432129
1265795990189203458
1265796142350114820
1265796404347392000
1265796482944376833
1265796616247795714
1265797100757045249
1265797368177459200
1265797515401723904
1265797524260106240
1265797675829649409
1265797758323220488
1265797785217052673
1265798047054864387
1265798113723367427
1265798165887889410
1265798259290845186
1265798267603955712
1265798308951441409
1265798526082179074
1265798671280594944
1265798718764265476
1265798888507793408
1265798938768138240
1265799058746216448
1265799271175065600
1265799359469404162
1265799378993852423
1265799476737908736
1265799505393434624
1265799578713980929
1265799643847327744
1265801481434869761
1265801484773535744
1265801630827589632
1265801951628967936
1265802113772331010
1265802178746253314
1265802467498852352
1265802468883083265
1265802524143075329
1265802575321980928
1265802604459655169
1265802654942453762
1265802755287003136
1265802760773087232
1265802936522805248
1265803094706839554
1265803101048627201
1265803320955768832
1265803354908876801
1265803752067551238
1265803793993805824
1265803851908755458
1265803935358599168
1265803984016719872
1265803990983458816
1265804230633406466
1265804258278019072
1265804381368262656
1265804577754025990
1265804732448280576
1265804762055938055
1265804794754727942
1265804873536282624
1265804983242350592
1265805011319218176
1265805065434079236
1265805084136521728
1265805121587306496
1265805208145313793
1265805353419038720
1265805373602136067
1265805443487739906
1265805669057298434
1265805693023588354
1265805705820409856
1265805770903470080
1265805909202173954
1265805931604054018
1265805961094201347
1265806024746905600
1265806069718233089
1265806135015223301
1265806139981250560
1265806162278125568
1265806173388836870
1265806241751642112
1265806247590334464
1265806281379581953
1265806389076779010
1265806500942888962
1265806520551383040
1265806553837436935
1265806757474992129
1265806832897069057
1265807420430913536
1265807448381837313
1265807511963213824
1265807518330228736
1265807526878220295
1265807592695177217
1265807616439193600
1265807659682455554
1265807749268586496
1265807874778968065
1265807916466081797
1265807930865008640
1265808053087227909
1265808095407718400
1265808155700801536
1265808286860935173
1265808363616718851
1265808468205854720
1265808468763717637
1265808594152222720
1265808685927993344
1265809143929221120
1265809174564388864
1265809305783209986
1265809440047071233
1265809476105515009
1265809512226750465
1265809523102679041
1265809753676173318
1265809774437961735
1265809819216248832
1265809928389885954
1265809936308715520
1265809952674910210
1265810018063929346
1265810018319904774
1265810074284539905
1265810141674430470
1265810169948241922
1265810371463581696
1265810431131758597
1265810541102202880
1265810663886057475
1265810671922327552
1265810927254978561
1265810974747103236
1265811241500631040
1265811257430618116
1265811290695643136
1265811303324622858
1265811344906948608
1265811415811661825
1265811491858644994
1265811510099677187
1265811543947542528
1265811602584088577
1265811664219357189
1265811827172290561
1265811981262602245
1265812016087916544
1265812057410146304
1265812337476489218
1265812443697209346
1265812478245683201
1265812487796121601
1265812532993896450
1265812582901919744
1265812588237131780
1265812769842085899
1265812775923744768
1265812790452903937
1265812907922784259
1265813023404548098
1265813240203948032
1265813522518245376
1265813604290506752
1265813860633776128
1265814126183493633
1265814205871112193
1265814491595489280
1265814521421148161
1265814533039325184
1265814841387868160
1265814958425718786
1265815049723093003
1265815148545048578
1265815297971425282
1265815332331180032
1265815489844051968
1265815821022105600
1265815862277177344
1265815929755242496
1265816048718282754
1265816210836525057
1265816517935054849
1265816641142693888
1265816714018775040
1265816986623381505
1265817023885520904
1265817250642132992
1265817461284384769
1265817578158653441
1265817599969034240
1265817602951176196
1265817605706825729
1265817611763417089
1265817825991483392
1265817947660001280
1265818202593951744
1265818284903018496
1265818433410732033
1265818801226100740
1265818939336134663
1265819163433582592
1265819262712774656
1265819285663989760
1265819299467407360
1265819305662431237
1265819435740180481
1265819478224441346
1265819653378629632
1265820066513330178
1265820099698622465
1265820208821948417
1265820411222265856
1265820596027392007
1265820644966531074
1265820713589649408
1265820999251083264
1265821113784942598
1265821181841682432
1265821606154252291
1265821861784334336
1265821875491438597
1265821930847952897
1265821971503341569
1265822251816976384
1265822525604446209
1265822700477579265
1265822765703184385
1265822929700507650
1265822945533984768
1265823178208804866
1265823181983617026
1265823259548844033
1265823356319907840
1265823754803871746
1265823823632445441
1265823951974006785
1265823972987490304
1265824352752275456
1265824507647987712
1265824573766975488
1265824684735635459
1265824843552997378
1265824922024267777
1265825029100580864
1265825165562318855
1265825310580387840
1265825884432486401
1265826061738291200
1265826151798276102
1265826374519906304
1265826403745964032
1265826588802809857
1265826833876103174
1265826862741282817
1265826923541913608
1265826932526133248
1265826954550349824
1265827098708652034
1265827284818296832
1265827427558789126
1265827641661313025
1265827841956032513
1265827845542158337
1265827886377906178
1265827988580548613
1265828083883524096
1265828522276401152
1265828643978334215
1265828701188562945
1265828755689418752
1265828943871070215
1265829041497497601
1265829238520918016
1265829342770323457
1265829779669807104
1265829829288607744
1265829873387536386
1265830160818937866
1265830264556658689
1265830348111450112
1265830506907734017
1265830576172531713
1265830635769344001
1265831213685751812
1265831251719659522
1265831406380421121
1265831415922356227
1265831460587606017
1265831482955833345
1265831624266186758
1265831775550550016
1265831821696208911
1265831871411339264
1265831907952115712
1265831962704568322
1265832137057619976
1265832367505190912
1265832455346536448
1265832515060871169
1265832524141465601
1265832582962384898
1265832647315636225
1265832670526951425
1265833019375566855
1265833240839049216
1265833435337240578
1265833637834039296
1265833776829075456
1265834302484484097
1265834335065825282
1265837440117465088
1265837903114055681
1265837955823927297
1265838047872126976
1265838094722482177
1265838273760354304
1265838336234721280
1265838480397082636
1265838675470016513
1265838882760859648
1265839041175605254
1265839086117552129
1265839394327535618
1265839473448935431
1265839708027920384
1265839807328063490
1265840190003830784
1265840507831365632
1265840600454135808
1265840714975494145
1265841084820791298
1265841174465654784
1265841343009619970
1265841379764318211
1265841633091780609
1265841984490606592
1265842470354669568
1265842495113629696
1265842566056030208
1265842599702810624
1265842821065576448
1265842855043649543
1265842913071767554
1265843215480967168
1265843564623417346
1265843692167979008
1265843990428975104
1265844046699921408
1265844327563042816
1265844364959457280
1265844564969115648
1265844797224476673
1265845180114051076
1265845224062038016
1265845367737847808
1265845557974773761
1265845575393697796
1265846157445664768
1265846346348625921
1265846876001243145
1265846935484801024
1265847157602480129
1265847367007379456
1265847447370244097
1265847495772516353
1265847820810059777
1265847994387255296
1265848174276722688
1265848777790742535
1265848860703887361
1265849052400357377
1265849275289755648
1265849462318120961
1265849495474012160
1265849518546878464
1265850050107904000
1265850275622981632
1265850281935413248
1265850314776772616
1265850595338043392
1265850634252795904
1265851468004962306
1265851480952778758
1265851481661624320
1265851530806165504
1265851540142559233
1265851840241045504
1265852043459284994
1265852431398731778
1265852625788047360
1265852774425800705
1265852878129954816
1265853560127963136
1265853560790671360
1265853965608124416
1265853986906804225
1265853987657523200
1265854056699920386
1265854059078172672
1265854384774295552
1265854553162989568
1265854580237139968
1265854678836957185
1265854769882632193
1265854896718438405
1265855140378169346
1265855340916232192
1265855503650951168
1265855566800445441
1265855587352526849
1265855946976354306
1265856388531716105
1265856559160188929
1265856770129477633
1265856824970022916
1265856945795325952
1265857051567304704
1265857089215266819
1265857167632064513
1265857605391585280
1265857996875276288
1265858064172953601
1265858503400402948
1265858977818202112
1265859053466591232
1265859160542978048
1265859566857748482
1265859865773248517
1265860359283449859
1265860366585802752
1265860451105153024
1265860650636578816
1265860854274297862
1265861332785561601
1265861459986309121
1265861505683206144
1265861652475457536
1265861980851712001
1265862043065888768
1265862215279747081
1265862501939286017
1265863279404081152
1265863965218942976
1265864273412177921
1265864497664753669
1265864688673460225
1265864801504448513
1265865396558671872
1265865456725843968
1265865626834350080
1265865874948468736
1265865946733989888
1265866658712899584
1265866859116625921
1265866941006315520
1265867051492691968
1265867052172169219
1265867332565569541
1265867728272965632
1265868038034907138
1265868563979657216
1265868772130373636
1265868925474136065
1265869312092450816
1265869597535854600
1265869676422275073
1265869713588002829
1265869758731345922
1265870414489714688
1265870478209626114
1265870565610532864
1265870992838139904
1265873797367947267
1265874510181543939
1265875148474810369
1265875189218361349
1265875208487030789
1265875410635632642
1265875599287095298
1265876525439729664
1265876914436288512
1265877273623834627
1265877469334319112
1265877832162566146
1265878229945991168
1265879542364848128
1265881067195686912
1265881067942219776
1265881130408062976
1265881457702121478
1265881487058055180
1265881733699899394
1265882073547620353
1265882535650787329
1265882997372317696
1265883499829002240
1265883701130530818
1265884125514338304
1265884147882565633
1265884322533433344
1265884692185833473
1265884768752844800
1265884933660303365
1265885253241102337
1265885515179454464
1265885515523465216
1265885861566185483
1265885969879838723
1265887033840603136
1265888575956168705
1265889405849481216
1265889673253027841
1265891397627973632
1265891398278098945
1265891494151553025
1265891639039590401
1265892096860397568
1265892484208627712
1265892784126525443
1265892934009921536
1265893392837480450
1265894077163122689
1265894216883986435
1265894219383799808
1265895562479652864
1265898948717404160
1265899853395132417
1265899873682907136
1265900022937325568
1265903756421599238
1265903772678549512
1265904594040893440
1265906150060355584
1265906576071720960
1265906678014279680
1265907354383650816
1265907725520830466
1265907980429602818
1265910048619986946
1265910661181313024
1265910886704779265
1265910912449470464
1265912076582612994
1265912401934848000
1265915713295806464
1265915715854282753
1265915716387078144
1265916509689430016
1265922612439527425
1265923134970105856
1265924010078060544
1265926439033016321
1265926948028637185
1265927986957750277
1265927987771441152
1265930814233079808
1265930814640009217
1265933454119763968
1265933620465803267
1265936678755147777
1265937463794638854
1265938363481116672
1265938688414015489
1265940336221831169
1265945038426529792
1265945112443527168
1265945914243526657
1265946303227465729
1265946338384138240
1265949008402493441
1265949251315662850
1265950058375262208
1265950740440383489
1265950933466386433
1265952326273155072
1265952831363825664
1265953461939703808
1265955191301591045
1265956085862666243
1265958076164775936
1265958978405765121
1265961113507762177
1265962092978417664
1265962263581786115
1265962830236434432
1265963658733068293
1265963840182910976
1265964333143646209
1265964732269449219
1265965095181574145
1265965382470455297
1265965738105372672
1265966319024967680
1265967492918398976
1265967971421376512
1265968563623309312
1265969706961338368
1265969881792557058
1265970329425453067
1265971005643685890
1265971316345188359
1265971739990859777
1265971782940528640
1265974021356748806
1265975209439485953
1265975768905142273
1265975934974332928
1265976110917042177
1265976765182345217
1265977067037954048
1265977398971043841
1265977468571332609
1265977507423059968
1265977514607837184
1265977562800455680
1265977817608699904
1265977914593607681
1265977999087865857
1265978039894183936
1265978196228485120
1265978279816843264
1265978327401193472
1265978783452016643
1265979111476006912
1265979201145970688
1265979885937479681
1265980607017992194
1265980633152716800
1265980901479059456
1265980930847584256
1265980956885778434
1265981983731191808
1265982475496538113
1265982729906196480
1265983487200448513
1265984008762114049
1265984060381368320
1265984186520702976
1265984710146211840
1265984734175399936
1265984835807514630
1265985144625733638
1265985462243557376
1265985714975580161
1265986285187063808
1265986416003219458
1265986572526202880
1265986883701612544
1265986908104073221
1265987261616869379
1265987435693039616
1265987936794947584
1265988125882486784
1265988146988306432
1265988331227082752
1265988386462076928
1265988582470189056
1265988590506475521
1265988738578092035
1265988745980977152
1265989020192038913
1265989257363165185
1265989407602950145
1265989494748086272
1265989673790377991
1265989952279588867
1265990217418321921
1265990240948412418
1265990510222749703
1265990665072193536
1265990777789911047
1265990820458647561
1265990834194919424
1265991066320285696
1265991132804153346
1265991189121110021
1265991214354006019
1265991346034270208
1265991361691557891
1265991473968959488
1265991698242560005
1265991739896143872
1265991779087798272
1265992004175106048
1265992226150264833
1265992243128795136
1265992271696191488
1265992338259824640
1265992551544360961
1265992775104937984
1265992885813551106
1265992972300156928
1265992987668090882
1265993237845680129
1265993727102910465
1265993798334767106
1265993914340777984
1265994010654466050
1265994020309909504
1265994320164859904
1265994324615008256
1265994407574212610
1265994877285871617
1265994905341624320
1265995245482913792
1265995316932861953
1265995767799361542
1265995942643236864
1265996221463891968
1265996301642194949
1265997077311639553
1265997501884227591
1265997889001730049
1265998053057667072
1265998177230032896
1265998253730025472
1265998529517871104
1265998762473906179
1265998837988167680
1265998868086472704
1265999191781900290
1265999253215813637
1265999281434984451
1265999714694152195
1265999821808205827
1266000426928873475
1266000733847027713
1266000993378074624
1266001044347203592
1266001115524608002
1266001419309629441
1266001522061717510
1266001527325556737
1266001854359580673
1266002535375966208
1266003024536887296
1266003239490719744
1266003574171066368
1266003599651475460
1266003793549787137
1266003866170069000
1266003884918661128
1266003931936681986
1266004005429354497
1266004362360434691
1266004378328195073
1266004431688077312
1266004791685242881
1266004871750340615
1266005039174254598
1266005051698339842
1266005051727843329
1266005492859572224
1266005762289041409
1266006112136048641
1266006310157344769
1266006310866149382
1266006311147372545
1266006328339845122
1266006334388031495
1266006441137180672
1266006461617827841
1266006516198408193
1266006624054935553
1266006649178906627
1266006979295789057
1266007421325058048
1266007678943461378
1266007881930940419
1266007905788198920
1266008098520608774
1266008102337490944
1266008298748329986
1266008324702720006
1266008540193394689
1266008575660494849
1266009337107034113
1266009490601762819
1266009518250524673
1266009537754120197
1266009601897459714
1266009624433643521
1266009810081910784
1266009889996001280
1266010089913229312
1266010102210977792
1266010292783321091
1266010459536330753
1266010955818860545
1266011059338575872
1266011084869296128
1266011146844360704
1266011426247843840
1266011480874381313
1266011634432192514
1266011674114473984
1266011713905836032
1266011714677506048
1266011888166502401
1266011890339270659
1266011987357679616
1266012170468409346
1266012223752802304
1266012554679275521
1266012601558773761
1266012834414108679
1266012959211507712
1266013131941261312
1266013234789863425
1266013590340997120
1266013860248641541
1266013860546220032
1266013916460711938
1266014115010617344
1266014230567890944
1266014270116036619
1266015226186674183
1266015299184271361
1266015305492574208
1266015477727260679
1266015831567347712
1266015836336263169
1266015902258155520
1266015924106276866
1266016124715495427
1266016376537387008
1266016614425792513
1266016615755403264
1266016720357068801
1266017356469452802
1266017516876423170
1266017637915598854
1266018042217148417
1266018127634145290
1266018331548618752
1266018642229166080
1266018699225583619
1266018752723812352
1266018892943687686
1266019442422579201
1266019626166747138
1266019704688250880
1266019706709868544
1266019828227334147
1266019955117613057
1266020233741025288
1266020238946156545
1266020254926417920
1266020490650570754
1266020765809414144
1266020829290209280
1266021050082627585
1266021054692102144
1266021100191920128
1266021168475189249
1266021240403304449
1266021262700281859
1266021332480937990
1266021395248660480
1266021417025277953
1266021671338729475
1266021713369759750
1266021850943033344
1266021930072670208
1266022045655150601
1266022121198825474
1266022209027481600
1266022383422517250
1266022499055284226
1266022702021775363
1266022703095570432
1266022764181422083
1266022863594754049
1266023171142156290
1266023439925723140
1266023785804808192
1266023994639159298
1266024060531675142
1266024307710472193
1266025016455503873
1266025023170588678
1266025416856408068
1266025440633925632
1266025570736930816
1266025578332934145
1266025916964253696
1266025934567735296
1266026147344769025
1266026233785208832
1266026388320108549
1266026393445584898
1266026443357724672
1266026538551709697
1266026567194628098
1266026746664673280
1266026830663954433
1266026858535059456
1266027239730184192
1266027361474162689
1266027387722125312
1266027390301601793
1266027780027924483
1266027833048084484
1266027993039806466
1266028332786814977
1266028546419503104
1266028670579245056
1266028945528573955
1266028951031480322
1266028959516495873
1266028961605140482
1266028977908580354
1266029339843481601
1266029506701205504
1266029538162675713
1266029728873488384
1266029917642293260
1266029966195658755
1266030118096568320
1266030203148677120
1266030456539054080
1266030502349340676
1266030528676990979
1266030554308325378
1266030650420838402
1266030748991184903
1266030781312520192
1266030866469400576
1266031415445131269
1266031510085341184
1266031547863519241
1266031600422268928
1266031614682902531
1266031728843460608
1266031893746679811
1266032169392185344
1266032271724892160
1266032295309344769
1266032305337970688
1266032578072645639
1266032832721440769
1266032921959370753
1266032984148279298
1266033377779634179
1266033501415059458
1266033562488365057
1266033574689505280
1266033643950166016
1266033754566471683
1266034047718952960
1266034078253531136
1266034093814415361
1266034244175794177
1266034277994631168
1266034659315589120
1266034749715484673
1266034807286489090
1266034898944561156
1266035121498587138
1266035295931244544
1266035591466057728
1266035674945380353
1266035736408711168
1266035819145543682
1266035829316747271
1266035871473598465
1266036064743030784
1266036239100231680
1266036511151214593
1266036513336254464
1266036634807611392
1266036725824045058
1266036799756959744
1266037066045014018
1266037124358422530
1266037485341212672
1266037520527167489
1266037611199631360
1266037767743524864
1266037789545684992
1266038032576241666
1266038139845595136
1266038386684551170
1266038409723809792
1266038453499813896
1266038516087230466
1266038839031861248
1266038912495038464
1266038920720113664
1266039039951601666
1266039101297438720
1266039127507472386
1266039284374650883
1266039325931851777
1266039700386729994
1266039735220424705
1266040163202994177
1266040211441664001
1266040423753101312
1266040499552559112
1266040513737752578
1266040609644646402
1266040784412905472
1266040818105823232
1266041426586021889
1266041489227952130
1266041594781761538
1266041644551471106
1266041835568410625
1266041922864525312
1266042036827930624
1266042044461563905
1266042254558482438
1266042278361120768
1266042535123787779
1266042621685833730
1266042718653988864
1266042875772637185
1266042910706933761
1266043259421327361
1266043371459694599
1266043695431929858
1266043735122628608
1266043798842413056
1266044327647723524
1266044728673357824
1266044797443325955
1266044924442677250
1266044932030189568
1266044995737391104
1266045080172924932
1266045090868400135
1266045296431239169
1266045501302091777
1266045593119526919
1266045686119911430
1266045701710102538
1266045708119007234
1266045757536296960
1266045833302224898
1266045901480636429
1266045924490596360
1266046106829574144
1266046182914240520
1266046542542254082
1266046753050165248
1266046758381027329
1266046908704804864
1266047148216459269
1266047728108396544
1266047833657966592
1266047972669829122
1266048048800677892
1266048295773839361
1266048389051006976
1266048537256747009
1266048952060784640
1266049087578812418
1266049593751502849
1266049622293786624
1266049631919706116
1266049756322762754
1266050076071387137
1266050103678308353
1266050114596016130
1266050135731122183
1266050211522195457
1266050638418456576
1266050961690316802
1266051005663391746
1266051129441431552
1266051239449681920
1266051356780924928
1266051380676120580
1266051612264542209
1266051613405278209
1266051743843971078
1266052139438297088
1266052184396963841
1266052322339282948
1266052503092621314
1266052596424478722
1266052657560551427
1266052659645239296
1266052664720228352
1266052782219550726
1266053233405026304
1266053475546382336
1266053512808607747
1266053524347064322
1266053572589912066
1266053756510142464
1266053829180772353
1266054377233682435
1266054577654292481
1266054749637554177
1266054754582638599
1266054783779115009
1266054824421883905
1266055285673734145
1266055474379739136
1266055641354903555
1266055818178330625
1266055892514021376
1266056066044919809
1266056110085111808
1266056247343755264
1266056266679541761
1266056375446142982
1266056476344438784
1266056594137255938
1266056641788678146
1266056641826508804
1266056641864183809
1266056835871780864
1266056968013328385
1266057123894571011
1266057144937394178
1266057298822279169
1266057511674744832
1266057525172097024
1266057582608822280
1266057946229805057
1266058085736611845
1266058160835526664
1266058284726919170
1266058309750132736
1266058324006535169
1266058331527020544
1266058333800353797
1266058413630464000
1266058938551881730
1266058950442733570
1266058998979137536
1266059078528307201
1266059478191017985
1266059511405719558
1266059559904444417
1266059644058980352
1266059765639241728
1266059804260401152
1266059846245367816
1266059901048098817
1266060024599785472
1266060035660136448
1266060441446494209
1266060618878124033
1266060750122102791
1266061136442556423
1266061268349341696
1266061375467642885
1266061492555853826
1266061674987085826
1266061735125028864
1266061770092883974
1266061841320546306
1266061880403070977
1266062020463517697
1266062165963943936
1266062241960427521
1266062336328155139
1266062367496048641
1266062398827499524
1266062494335995904
1266062580902178817
1266062712804651009
1266062837052473344
1266062853032697857
1266062921416822787
1266063010180857857
1266063352612126721
1266063444438122501
1266063569491234818
1266063625053233154
1266063715323056128
1266063719227961350
1266063848806768641
1266064008349650944
1266064134103273474
1266064192399986689
1266064256698646532
1266064272192188417
1266064401746071553
1266064453512105984
1266064758568112129
1266064898490056705
1266065059375177730
1266065315626135554
1266065423424016385
1266065441434279936
1266065449940328453
1266065645684297728
1266065889130094592
1266065952900169728
1266066050984161282
1266066226427682816
1266066647955243008
1266066712098680832
1266066712388079618
1266066795989028864
1266066962817351685
1266068042833944578
1266068111490527232
1266068658041872386
1266068667042856960
1266068724672585739
1266069224574734337
1266069285241327622
1266069362789584896
1266069450320683010
1266069479827615745
1266069527089090560
1266069911262167048
1266070263285854211
1266070325504233472
1266070369833824257
1266070400653578241
1266071424793526274
1266071848279838721
1266072331836952583
1266072354783969280
1266072408441700353
1266072653179375616
1266073050367361024
1266073195095953408
1266073288188604420
1266073305058025475
1266073375304298496
1266073771259150336
1266073945398300673
1266074257844469762
1266074261195808768
1266074296155279360
1266074321434353665
1266074337444069395
1266074410634657793
1266074707482345473
1266074839535714304
1266074985329721345
1266075089470136321
1266075091953221633
1266075095044427782
1266075377061048320
1266075410988662785
1266075492177895425
1266076140730531840
1266076259089559562
1266076289917747208
1266076325070209028
1266076577965772802
1266076659653935105
1266076774259032066
1266076774460387330
1266076950268870661
1266077286698233857
1266077580479868930
1266077657894211584
1266077823162290176
1266078146496954370
1266078153916678147
1266078284304936960
1266078680364781569
1266078740452380672
1266078949358161920
1266079028890554368
1266079276153155585
1266079290862579715
1266079290874978304
1266079341827538945
1266079363696676864
1266079920784117760
1266080103701897216
1266080180424134657
1266080431839027201
1266080540731547649
1266080633882804224
1266080889815080962
1266080935876820992
1266080936761757697
1266081072141475844
1266081224554090497
1266081441265225728
1266081810217177093
1266081812670935040
1266081867880693763
1266081922733785089
1266081924952592385
1266081946662244352
1266082016757415942
1266082034109341699
1266082090862305280
1266082102153379841
1266082141995241474
1266082171678228482
1266082237440765957
1266082298988040193
1266082331619713026
1266082539875307523
1266082569038299136
1266082581247741953
1266082598075240448
1266082986438668291
1266083066059120640
1266083129179201539
1266083316035465216
1266083457295437826
1266083478661185538
1266083840772235264
1266084044657352705
1266084063619751936
1266084072415277058
1266084214509916167
1266084286026956806
1266084605427240960
1266084826525958145
1266084837967843328
1266085161994801159
1266085198720110592
1266085239572570113
1266085628925673474
1266085666791862273
1266085746055745543
1266086212701433856
1266086394482642946
1266086510232813568
1266086510882930689
1266086619116982273
1266086702919102466
1266086840601370626
1266087149759324160
1266087186425942016
1266087273688379394
1266087329049055233
1266087492253560833
1266087593390870528
1266087647098867713
1266087905275060226
1266087907284180993
1266088440048869376
1266088639190138883
1266088795117506560
1266088866404073473
1266088924386144257
1266089073053065216
1266089180041535489
1266089636432171008
1266089676466765824
1266089853952942080
1266089893035479040
1266089985628930048
1266090023016976384
1266090080504078336
1266090221772386304
1266090616531935234
1266090868878032896
1266091348697985024
1266091463831687170
1266091772201046017
1266091874021978112
1266091944255664129
1266092057090719745
1266092067119226880
1266092235021574146
1266092238926491648
1266092361454624776
1266092383642533899
1266092388914802689
1266092417033347077
1266092556280102912
1266092690153799680
1266092717576269825
1266092741605408770
1266092796693417985
1266093044828377094
1266093052818591746
1266093232049569793
1266093404473249793
1266093454045655041
1266093511063089152
1266093512581435392
1266093635369496576
1266093718039388162
1266093949141295104
1266094030817038338
1266094104334807047
1266094126229053441
1266094156935553038
1266094261289746433
1266094268420173824
1266094390465851392
1266094510544769024
1266094679898181633
1266094785263218691
1266094964536160256
1266095149890895872
1266095156303925253
1266095368711831552
1266095381470986240
1266095707964018689
1266095790017183744
1266096032443699203
1266096047887134721
1266096183933624321
1266096439320592384
1266096506207117312
1266096616353738752
1266096739771199496
1266096740563902465
1266096909187289089
1266096972332752897
1266097052871610373
1266097056520654849
1266097094869352448
1266097140117446662
1266097239207956482
1266097418073976836
1266097478551638017
1266097557870084097
1266097621829115904
1266097678380867589
1266098057021583360
1266098082942345216
1266098152110686208
1266098152853180431
1266098250328784898
1266098254904688641
1266098255718486020
1266098327168434178
1266098431120093186
1266098501227864064
1266098659634151427
1266098903591661568
1266098920423395328
1266098927872479235
1266099101231452168
1266099104201027591
1266099158135472129
1266099194034622464
1266099423463059456
1266099455331381249
1266099519944396801
1266099660386701314
1266100159907344385
1266100488375881728
1266100537025495052
1266100542713016321
1266100586686099457
1266100598031728641
1266100638922018831
1266100881319133185
1266101195438874624
1266101201709363200
1266101347155275776
1266101368479272960
1266101436854800387
1266101709895618560
1266101755412197378
1266101897783652352
1266101927324143619
1266101940305432576
1266101940540149760
1266101940598915073
1266102274431971328
1266102428858007554
1266102441264766978
1266102474475294721
1266102533833048064
1266102743602692096
1266102971328233473
1266103014449963008
1266103184478687232
1266103255488233478
1266103263071473665
1266103291622166529
1266103424023760897
1266103586473345024
1266103762059440128
1266103762915123200
1266104097926778887
1266104380367015953
1266104456615256064
1266104535409451010
1266104635997270016
1266104637985300483
1266104998208974848
1266105040604971009
1266105134859288582
1266105197803298816
1266105253830819840
1266105287402033156
1266105511738576896
1266105579698884620
1266105654609154060
1266105655397580800
1266105715099406337
1266105718869983237
1266105820678422529
1266106211138666498
1266106668083040259
1266106760756170752
1266106855782301697
1266106983867977731
1266107117469143041
1266107226969833472
1266107430951411718
1266107728080101376
1266107825060810753
1266107886025019392
1266107981575458824
1266108260001726465
1266108290137755648
1266108360765693959
1266109105468575746
1266109256455131137
1266109423258304512
1266109718298271749
1266109728695910402
1266109789370830850
1266109919960469505
1266109993247477760
1266110255714512897
1266110660301242368
1266110790148513792
1266110797782155265
1266110845299326977
1266111034269581312
1266111035003584512
1266111179119878144
1266111365888069633
1266111471878103040
1266111994907824132
1266112254514270209
1266112257383174168
1266112274550251520
1266112275355766800
1266112289775783945
1266112522165325826
1266112717242413058
1266112792043687939
1266112916006240261
1266113002853498886
1266113391673913357
1266113452961140745
1266113715402952704
1266114003627106306
1266114243574800384
1266114297534570496
1266114330552160256
1266114376181985280
1266114513599975425
1266114752901795841
1266114871562829824
1266114961094389765
1266115055323623424
1266115353513545728
1266115781349302274
1266115783723270145
1266116045041029120
1266116508197048321
1266117152211337218
1266117363755356162
1266117559918657537
1266117796200615938
1266117857441648642
1266118033195634688
1266118432333889536
1266118931347095552
1266119037450440704
1266119205709111303
1266119255730327552
1266119377822322689
1266119432457330688
1266119536413224961
1266119611403177984
1266119699361824768
1266119708345942016
1266119911186759684
1266119936474329089
1266120046377668608
1266120244780810240
1266120297612263424
1266120662621487107
1266120773443489792
1266120864204021763
1266120944352985092
1266121176574803968
1266121440941703170
1266121458931109888
1266121466979987456
1266121600660918273
1266122072779939841
1266122123225042946
1266122324387880960
1266122324446572544
1266122341441912833
1266122384010031105
1266122773518258176
1266122970348560385
1266123176095952898
1266123356090306565
1266123967514935296
1266123981985214465
1266124390154018816
1266124589446443013
1266124589672861696
1266124631511007234
1266124750050471936
1266124792916332545
1266124862298472451
1266124972549910528
1266125418152767489
1266125668968005632
1266125847615770624
1266126454661808129
1266126558185619461
1266126602657599489
1266126615727288329
1266126968292020231
1266126971840446464
1266126974654824453
1266127106045607936
1266127109564649473
1266127109753356289
1266127275017322498
1266127395783946240
1266127597131436035
1266127616425299969
1266127740983533568
1266127852644315137
1266127855215312897
1266127968021221376
1266128002196398082
1266128501817696258
1266128690406141954
1266128693849620482
1266128764515352587
1266128900939223040
1266128924230156288
1266129385867878402
1266129633512128513
1266129649148596228
1266129863020285959
1266129910285959170
1266129986647478273
1266130000622878720
1266130000975142913
1266130202616303617
1266130234065158147
1266130254927728642
1266130407789035520
1266130449417601026
1266130449870569473
1266130610000666625
1266130709619576833
1266130713147060225
1266130751382327296
1266130890838720516
1266130958547390464
1266131004810579969
1266131034242011137
1266131103984820224
1266131341357260808
1266131359816462338
1266131402749288450
1266131408902393857
1266131476925616130
1266131495527370759
1266131516498870273
1266131516897333248
1266131532919582720
1266131564498477057
1266131607330721799
1266131708556070912
1266131847915995136
1266131905327566848
1266131918258606089
1266132139382312965
1266132141571801088
1266132210966503424
1266132385952935937
1266132408082010112
1266132444429901825
1266132520422252545
1266132684142714880
1266132691281461251
1266132847036903426
1266132861045944320
1266132993229414402
1266133229230317571
1266133274520440842
1266133397514174465
1266133412626210816
1266133431995465728
1266133517941051393
1266133642042114055
1266133708798603264
1266133762003304448
1266133782060503043
1266133796497260545
1266133891166978054
1266133908627894273
1266133979004055553
1266133998218153985
1266134143160799233
1266134146373607424
1266134272370528258
1266134323679371266
1266134365802835968
1266134427270250498
1266134481972408322
1266134656082034689
1266134656262389761
1266134656744751104
1266134685261926400
1266134699451265034
1266134855869489159
1266134952644677632
1266135022156886016
1266135115547189250
1266135273630576640
1266135457399783424
1266135519601319936
1266135617374769152
1266135662195019784
1266135795422937098
1266136006341820419
1266136026302631942
1266136123081986055
1266136483523633152
1266136545049939969
1266136589127888899
1266136594693722112
1266136639123922945
1266137066527617024
1266137172320546818
1266137172324896768
1266137173268615169
1266137245402177536
1266137304541749249
1266137531227287555
1266137531965485057
1266137577565929472
1266137754594955282
1266137841618354189
1266137978906324992
1266138036217266177
1266138210339565575
1266138450056675330
1266138575403450369
1266138619850473472
1266138825627185152
1266139083274846209
1266139253702000640
1266139315949711361
1266139427736358912
1266139688978591744
1266139739616313355
1266140121830756357
1266140457932750849
1266140473770430464
1266140543978885120
1266140743292391424
1266140788188229638
1266141015859236864
1266141037145346048
1266141123686420486
1266141205236244480
1266141302116278272
1266141377353715714
1266141476863574018
1266141476955795463
1266141797966888960
1266141899049644032
1266142206055739392
1266142213714505728
1266142218378571776
1266142277442863104
1266142305364455425
1266142367205203969
1266142384947113984
1266142488663863296
1266142596184842260
1266142960036597771
1266143016521252867
1266143039547944966
1266143215364816898
1266143281144049677
1266143464959496192
1266143656173584385
1266143725580845056
1266143746942472192
1266143765741408256
1266144098156716032
1266144162048610304
1266144454034980864
1266144555935637506
1266144852661514241
1266144972065161217
1266145066139213824
1266145091095232512
1266145139958874113
1266145162683715595
1266145269512654848
1266145275317489664
1266145301397635072
1266145477097140225
1266145608584302597
1266145756890763264
1266145955516231680
1266146009165565952
1266146082339393536
1266146103503749125
1266146207359029249
1266146447118008321
1266146682091327488
1266147107221749761
1266147157654077440
1266147238688022530
1266147285253177346
1266147323282948102
1266147448298364930
1266147532427706368
1266147593152839680
1266147847617077253
1266147918567923714
1266148256909852673
1266148265654923264
1266148446270095360
1266148497025351680
1266148498128490499
1266148720632045569
1266148769885835266
1266148784901443592
1266148795848503297
1266148811644289025
1266149070969634816
1266149251849084935
1266149310850387968
1266149483894771712
1266149489666121729
1266149501259177991
1266149697187729408
1266149764447571977
1266150023143841792
1266150042483777537
1266150085420879875
1266150138176843778
1266150400949977089
1266150732518080512
1266150945626427397
1266150992241995776
1266151015318990848
1266151028862451712
1266151424188129282
1266151589808672777
1266151668233748482
1266151906323415040
1266152271768768512
1266152643367448576
1266152755229573121
1266152856316522498
1266152926122315783
1266152944287862785
1266153529888178177
1266153530160644097
1266153539220508672
1266153596812435456
1266153693038219265
1266154153665052672
1266154160556212234
1266154297659666439
1266154364227420160
1266154391314333697
1266154591302946817
1266154739257008128
1266154809196974089
1266154861390901248
1266155058548228097
1266155099572834313
1266155436434165770
1266155550414385152
1266155774599991299
1266156005219590144
1266156077810319366
1266156294295171073
1266156301849178114
1266156417494515715
1266156483890294785
1266156556669849602
1266156805551464448
1266157089212248065
1266157297983803392
