1332111897416577024
1332111907369738240
1332111975359373314
1332112043999191042
1332112094653796354
1332112151125831687
1332112224287150080
1332112346316230658
1332112360744624133
1332112427257835520
1332112430340730881
1332112443389206529
1332112551514173440
1332112704824352768
1332112923251138562
1332113138586685442
1332113144538402816
1332113165669322752
1332113257369366528
1332113535380430848
1332113576090341379
1332113596898287617
1332114007705210881
1332114144053616641
1332114212001296384
1332114216434737156
1332114490343776257
1332114568370335747
1332114588591075330
1332114698888765442
1332114885270974464
1332114934205968386
1332115016540106754
1332115104888991746
1332115203417382914
1332115233096290305
1332115366953299971
1332115395503939588
1332115492237086721
1332115549518704641
1332115562764365826
1332115660994981889
1332115678363574277
1332115693630844930
1332115724807049217
1332115837629640704
1332116023399624705
1332116033293979648
1332116154375139337
1332116225221144577
1332116336064012288
1332116390606761989
1332116442477715457
1332116508219215874
1332116592080150528
1332116641686106119
1332116698208591875
1332116713563885568
1332116748410232832
1332116836083785731
1332116984851533826
1332117008503205899
1332117091328077825
1332117148601348098
1332117192779894784
1332117203089567745
1332117211666845697
1332117405162762240
1332117455704121346
1332117615565746178
1332117787691671552
1332117841689055232
1332118102843281408
1332118121667293185
1332118139920936963
1332118177287954433
1332118334100344832
1332118374323728385
1332118383417036800
1332118513771802624
1332118558114009088
1332118617253670917
1332118932120100868
1332118971932430337
1332119141969440770
1332119193454579714
1332119201230811136
1332119217525694469
1332119283162374150
1332119306612641795
1332119314527363073
1332119336207708164
1332119399952756741
1332119420198662145
1332119452641615873
1332119510392967171
1332119618467586054
1332119622313775105
1332119670162329608
1332119673589149697
1332119679662436352
1332119686188765185
1332119693566611464
1332119794217259008
1332119840354672642
1332119855290519554
1332119973943259144
1332120083821436933
1332120216797655043
1332120266089041923
1332120308116058113
1332120314592059392
1332120409735573505
1332120416303915008
1332120441247440896
1332120495244931073
1332120497916669952
1332120539796803585
1332120596218597376
1332120819611430913
1332120914775994372
1332121001753251841
1332121073329065984
1332121168199954432
1332121175653298177
1332121180053135361
1332121389336326151
1332121423142412288
1332121427080847360
1332121689350672386
1332121885929332736
1332122066024341507
1332122110169411586
1332122147884584960
1332122152032755718
1332122155232989185
1332122242969448452
1332122304843833346
1332122339333509121
1332122381528293376
1332122446879711234
1332122840561225733
1332122872521912326
1332122885469696001
1332122906680307719
1332123065170472964
1332123523918274562
1332123738658250752
1332123764126064640
1332123879230287873
1332123920691044353
1332123921152438273
1332123961459695617
1332124027633209348
1332124069349699585
1332124114581065733
1332124137070997505
1332124172223471616
1332124199327059968
1332124329614651394
1332124560783765506
1332124566311800832
1332124698906226688
1332124749888163840
1332124859439132675
1332124880142290945
1332124941794336768
1332125006038491137
1332125264646647809
1332125293465755659
1332125352630607872
1332125487833944064
1332125648287129603
1332125675692695552
1332125692142751744
1332125787219222528
1332125896887721984
1332125957482831873
1332126023597625346
1332126116191105024
1332126151330975752
1332126165956505600
1332126244335456256
1332126268146388993
1332126411688194050
1332126417719586816
1332126575215710213
1332126576939560975
1332126876182130688
1332127040531800065
1332127187584094213
1332127264243408898
1332127492526796800
1332127620197199874
1332128094916915201
1332128219328294913
1332128284281352195
1332128303612899329
1332128345560150016
1332128522245169155
1332128851963600897
1332128893147488263
1332128899225055232
1332128978832912384
1332129049066561536
1332129130192760834
1332129134181560320
1332129465464483843
1332129523899404289
1332129763759153152
1332129850119892993
1332129917564235778
1332129952897130496
1332130014465290240
1332130240018198528
1332130500186615808
1332130564896382976
1332130629933289472
1332130698690506760
1332130702763184129
1332130899014668290
1332131127017025537
1332131256918794241
1332131267354169345
1332131433180254209
1332131435252211713
1332131753604026369
1332131808511741952
1332131831462973441
1332131924001894401
1332131940934279168
1332132021951488005
1332132135235411970
1332132237798756353
1332132306828599298
1332132335949582336
1332132372037447680
1332132450852626434
1332132480103706628
1332132598450098187
1332132682973786112
1332132806823206912
1332132951505727489
1332133267445866498
1332133319811735555
1332133494148001797
1332133534564298754
1332133559243579392
1332133577753047042
1332133667477581824
1332133683214622720
1332133774386196480
1332133873896075264
1332133927805399040
1332133960491655170
1332134134580449281
1332134175277772803
1332134228604178433
1332134291858468864
1332134291980103681
1332134398846754816
1332134628610744322
1332134647577370627
1332134841534517253
1332134896937168899
1332134970131959808
1332135423045480453
1332135597075542017
1332135638439763971
1332135902899036168
1332136121250279425
1332136139298398208
1332136249331765248
1332136258542440449
1332136273507651585
1332136496581783552
1332136505549189120
1332136704719937536
1332136839310872578
1332136939403812867
1332137009633234944
1332137083406790656
1332137261073379328
1332137297735790592
1332137354237267968
1332137461191938048
1332137585699860482
1332138015418888192
1332138250484527105
1332138372635234304
1332138471767543822
1332138502792810500
1332138544433942532
1332138691339423744
1332138782477475842
1332138844402176001
1332138858495041536
1332138870994034689
1332139266764382209
1332139269918519297
1332139304706039808
1332139494699642881
1332139550404177921
1332139578858332160
1332139594268209153
1332139676354957314
1332139884077871104
1332139955703963651
1332140073182224384
1332140112554184704
1332140362790555652
1332140524824911872
1332140606852898820
1332140655242571777
1332140950106279937
1332141405112774658
1332141424805089288
1332141430991687687
1332141571081441285
1332141579767861250
1332141612718317575
1332141990138548225
1332142035487244288
1332142038398210049
1332142137186549760
1332142561637642241
1332142613655412743
1332142618000510976
1332143243224625154
1332143268914720770
1332143895845670916
1332143914053201924
1332143945170751488
1332144138939211777
1332144176612462592
1332144181968572416
1332144396863680512
1332144426299363328
1332144851677302786
1332144907054698501
1332144961748393984
1332145180892422144
1332145204963500039
1332145370302910466
1332145375109640200
1332145608824664064
1332145992955781122
1332146028158578691
1332146387719479296
1332146479255924737
1332146535170252800
1332146701298176000
1332146755249565697
1332146865450708998
1332146922614874112
1332146958039969792
1332146965644251140
1332147013102804992
1332147507158249475
1332147901074710530
1332147948097069056
1332147949577662464
1332148128561180674
1332148161729720321
1332148307968356353
1332148444895596545
1332148513749266434
1332148531801575424
1332148644133425152
1332148688257421312
1332148736399712257
1332148771082412032
1332149046740447242
1332149205469638656
1332149270829469700
1332149949509881860
1332150102467735554
1332150119681187840
1332150540827062275
1332151003689398272
1332151126221873156
1332151281151041536
1332151299220123649
1332151364873560065
1332151606574526481
1332151611641257985
1332151747620597760
1332151943247122432
1332151946917146625
1332152004295204868
1332152461646323712
1332152649421107201
1332152795059908608
1332152888802553857
1332152943299227649
1332152992619966464
1332153039701073921
1332153170026504199
1332153496704053250
1332153527691567105
1332153573103243265
1332153648625938432
1332153736928649219
1332153910472175616
1332154293139357696
1332154329269153792
1332154424270204928
1332154452887924736
1332154452908924929
1332154546731282432
1332154662850605056
1332154876621692928
1332154946549112838
1332155579020832771
1332155626009530373
1332156083687788546
1332156152218521606
1332156209726623744
1332156403855876097
1332156408591245312
1332156936373104640
1332157080430587904
1332157177734324229
1332157489127829509
1332157820863733764
1332157884411555843
1332158094252576768
1332158292039249920
1332158536927866883
1332158560420192257
1332158564761300992
1332158838301224983
1332159257282826241
1332159393387909120
1332159428183945216
1332159621537075202
1332159786486554625
1332159944880164865
1332159958545207296
1332160021262700545
1332160071640506370
1332160079462805505
1332160221091868672
1332160535471804417
1332160592443035648
1332161173056352256
1332161267138748417
1332161304321208325
1332161393584435200
1332161539370065920
1332161793922387968
1332162173360074758
1332162289290633218
1332162351114706950
1332162408052387840
1332162482136289280
1332162619298508801
1332162693751508994
1332162740929093632
1332162748193665025
1332162834923401216
1332162865868967947
1332163248129454081
1332163549632851970
1332163600329400324
1332164337146990594
1332164784561778688
1332164888584736769
1332164897749295104
1332165336536391682
1332165555260887042
1332165718973014017
1332166113074012161
1332166199799664640
1332166271421587456
1332166389734404096
1332166576943095817
1332167244261044224
1332167254096695296
1332167688479764481
1332167781521960967
1332167930621071361
1332168098242318337
1332168492028719104
1332168539218845697
1332168615832014854
1332169681751470080
1332169808897585154
1332170090146648064
1332170518234066945
1332170711797014528
1332170841782710272
1332170944375382027
1332171160373645312
1332171460509577217
1332171583864123396
1332171627237433346
1332172070684418048
1332172216214097922
1332172463132856322
1332172923109597185
1332172966545780736
1332172992009408513
1332173875589898243
1332173941901840391
1332174281199988738
1332174439409217539
1332174732062502914
1332174778938044416
1332174822743420928
1332174875813961731
1332174926871207937
1332175054814257156
1332175071205584897
1332175075676540928
1332175183948505088
1332175279150813184
1332175377373011968
1332176365098033154
1332176709680992259
1332176892678594560
1332176907371245568
1332176962744410112
1332177021967982592
1332177597489405952
1332177904600559616
1332178124470177793
1332178711844622340
1332178944762785793
1332178969056210944
1332179222391967744
1332179526290460673
1332179952662437888
1332180200554172417
1332180219969609728
1332181480425058306
1332182495308238850
1332182780931940352
1332183501362393090
1332184386620456961
1332184405071310848
1332184450441109504
1332184922388361218
1332186327203409921
1332186895330258945
1332187288768540673
1332187325837742084
1332188053738229760
1332188133409120257
1332188353756860418
1332188720041259008
1332189355369242625
1332189388294459392
1332190169785577475
1332190349951983621
1332190832041013249
1332191806314967040
1332192068597395456
1332192408923217921
1332193335239438336
1332193385793413121
1332193484309110787
1332193866427019264
1332194215552495622
1332194274386055173
1332194570268979200
1332194955217883136
1332195072998338561
1332195185862864896
1332196541277331456
1332198104213434370
1332198448129445888
1332201731304910848
1332202106749661184
1332202201121497089
1332202726235791360
1332202992435687425
1332203716125011969
1332203949110255617
1332204973233491969
1332205798903197697
1332206264747765762
1332206642423795714
1332209659919425537
1332210838413979649
1332211981005230083
1332212195434901506
1332213179041067010
1332213187618484224
1332213650199883778
1332213674904317953
1332216069566713857
1332216094183088130
1332220986423435265
1332221378670571520
1332224228922433536
1332224716606763008
1332229072676589568
1332230268640485378
1332230268846043137
1332230269022199810
1332230269156405249
1332230420260327424
1332231276892401664
1332232775915761665
1332235011773386757
1332235065582100481
1332235086494904321
1332236056272494593
1332236487195320320
1332238547571642369
1332240732694978560
1332240791968903168
1332241289224589314
1332241345851830273
1332243659597639682
1332243738379300866
1332244024305061888
1332247552599724034
1332247574678474753
1332248185406976000
1332250314167234561
1332250407716925441
1332250668489449474
1332252712067428352
1332252837292744706
1332253269515776003
1332253816276873216
1332253887240220672
1332254334395031552
1332254570291077120
1332255341506158593
1332255603054415874
1332256164034342913
1332256220288344064
1332256367789355012
1332256437951737856
1332256525528813568
1332257455607336960
1332257553208791042
1332258666410618880
1332258954156642308
1332260401703215106
1332260737704734721
1332262917497118722
1332262997398593537
1332263583648976903
1332264068363776001
1332264283778977793
1332265094147928076
1332266016748003329
1332266055553703937
1332266682086285313
1332266919962042368
1332267331209326592
1332267616656908289
1332268678172336128
1332269238841733121
1332269471952723970
1332269682473185287
1332269735388602369
1332270236884721664
1332270477465808897
1332270821109329920
1332270910552879105
1332270916852723712
1332271481657696256
1332271705683861504
1332272084882436102
1332272332883304448
1332272444527218688
1332272682524696576
1332272935009136641
1332273095764307969
1332273209442521088
1332274757430112256
1332275072007086082
1332275109839532034
1332275506180448262
1332275687366029313
1332276001297018880
1332276231312699392
1332276357829636096
1332276380093059072
1332276598893146115
1332276862303817730
1332276900270628867
1332276959401873408
1332277003169509376
1332277199211261953
1332277316991537153
1332277477541023746
1332277946015510534
1332277957914742786
1332278067147010049
1332278099665424384
1332278796469342210
1332278870872117248
1332279291099406336
1332279662467297281
1332280375557705730
1332280516276596737
1332280728223178755
1332281501191458818
1332281638907207682
1332281825092366336
1332282241964236801
1332282332984832001
1332282491143589889
1332283017633669120
1332283244147060736
1332283251566796800
1332283256654475265
1332283708724940801
1332283776408444928
1332283850043613186
1332283970139123715
1332284026439262216
1332284137852575745
1332284268932984832
1332284405054906368
1332284417843339265
1332284755736481793
1332284821436063745
1332284966059859969
1332285147882942465
1332285543254790144
1332285597013192705
1332285620035743746
1332285628935974913
1332285846360379392
1332286088958926848
1332286270345768961
1332286771061792768
1332287596903411714
1332287679082455040
1332287891599466497
1332287950562930688
1332288039067017216
1332288111573921794
1332288656485343233
1332288687531503617
1332288773351215108
1332289024011202561
1332289115623141376
1332289205905526785
1332289316266016773
1332289682688921600
1332289858845478915
1332290322269941760
1332290394814607360
1332290463009808384
1332290582190940160
1332290583646400518
1332290767692435456
1332291252289757195
1332291442862120961
1332292225347293185
1332292303227072513
1332292359850237952
1332292485696139266
1332292673143791617
1332293093949771776
1332293531797483520
1332293832159883265
1332293870370103299
1332294328111292419
1332294562916798466
1332294649495646208
1332294842907586562
1332294867226144768
1332294913845841920
1332295144926818305
1332295526532984833
1332295706699325441
1332295833304391682
1332296293109141504
1332296361962684416
1332296681329668099
1332296875005906947
1332296878671732743
1332297136906645504
1332297345116024833
1332297451441631233
1332297747370831874
1332297980305698817
1332298101265215488
1332298333793169409
1332298339577163776
1332298344446767108
1332298549967642624
1332298614656421888
1332298642422689803
1332298794860470273
1332298800229097472
1332298873918861315
1332299036238426112
1332299130228465664
1332299307018575877
1332299731687575555
1332299808854454272
1332299848977182720
1332299977884917761
1332300435412160512
1332300461513302017
1332300544757665794
1332300587287928832
1332300645068627969
1332300647362949129
1332300912380010498
1332300987755802624
1332301074301145089
1332301676041146368
1332301776297537536
1332301778780639232
1332301965301313543
1332302010528436224
1332302118573780993
1332302365823807490
1332302400649121792
1332302411113762816
1332302445469425669
1332302867923947521
1332302913641844736
1332303042406920192
1332303187332780034
1332303362012876800
1332303418463928321
1332303535371923457
1332303804247764993
1332303973190152193
1332304251691917313
1332304487625711616
1332304558387847169
1332304560690515968
1332304643695792129
1332304664818315267
1332304857617850374
1332305052464263169
1332305149222670338
1332305784852590596
1332305786618454016
1332305794717675521
1332305976683352069
1332306121810472964
1332306175757578244
1332306310784831488
1332306524052615169
1332306663597072384
1332306713865760768
1332306939188023297
1332306966597791744
1332307131207458823
1332307254259888131
1332307275860619270
1332307506522169345
1332307552277843972
1332307561694031874
1332307833128411137
1332307924614606850
1332308199215652866
1332308473770631168
1332308880576172033
1332309407284260875
1332309486716022784
1332309537144049665
1332309592953548807
1332309613216215042
1332309828677619716
1332310071863341058
1332310360418869249
1332310657111379968
1332310694969143298
1332310714313269248
1332310718893481985
1332310819896483842
1332310956718903296
1332311224017629184
1332311685588279297
1332311908859465731
1332311916455333888
1332312072479240193
1332312175923388417
1332312383407132675
1332312643563098113
1332312851059499008
1332312861096472576
1332312926657646593
1332312958383362049
1332313018131156992
1332313075840671746
1332313602385129472
1332313787551129601
1332313988064038912
1332314080472870913
1332314104732798976
1332314354126118916
1332314519704653824
1332314898685157377
1332315211429195781
1332315392950341634
1332315460759654400
1332315497526931456
1332315562039517185
1332315770710331394
1332315826633003009
1332315943545020418
1332315958875213824
1332316204044836865
1332316853889339393
1332317125999009792
1332317368014565376
1332317564341514242
1332317971012870144
1332318132585709570
1332318165397860356
1332318216425713664
1332318266849697794
1332318486878687232
1332318581497991168
1332319011426668544
1332319028598157319
1332319441896550400
1332319520346738688
1332319610859884544
1332319723342663680
1332319865919713285
1332319879358259201
1332319939424874496
1332320087244742658
1332320218782240769
1332320271945129985
1332320481207259136
1332320481249091585
1332320488614481922
1332320530700099584
1332320774028464128
1332320880895135744
1332321219685863425
1332321389827813378
1332321402075099136
1332321534208339970
1332321616043315202
1332321665796116483
1332321884311080961
1332321919576788994
1332322044869025794
1332322269251645440
1332322320904499202
1332322344401055750
1332322423379791874
1332322439183937536
1332322899185766406
1332323336651743233
1332323339046686722
1332323429614301184
1332323510845366273
1332323541136584704
1332323545708425217
1332323617602940931
1332323630676635648
1332323654311448576
1332323857504624642
1332323892539559936
1332323916287774721
1332323922260406272
1332324000890949634
1332324293695463424
1332324314927013888
1332324415049244672
1332324511677550593
1332324548130299906
1332324619550924800
1332324859288891398
1332325146217025544
1332325158984544258
1332325192853565445
1332325587558535168
1332325639802728448
1332325650301063171
1332325763308285957
1332326046713212930
1332326324766187524
1332326643629764608
1332326669282123776
1332326690975047692
1332327064389652481
1332327198301315075
1332327248154796034
1332327421576667145
1332327480238219264
1332327536827772929
1332327616750170122
1332327772530872320
1332327812603244544
1332327814289305601
1332327819662258177
1332327921579651075
1332328045282258944
1332328124063813637
1332328193454444546
1332328202577080321
1332328335955931136
1332328409440145414
1332328458991624195
1332328735811530754
1332328842736906240
1332328974991626241
1332329163261431817
1332329204944257026
1332329411518095362
1332329453830221824
1332329492082270208
1332329636789968897
1332329741710397442
1332329814657806336
1332329864402251783
1332329892994830337
1332330177746055168
1332330343962210305
1332330394092498944
1332330412228669441
1332330459452370947
1332330484030902277
1332330606240407553
1332330634270928896
1332330841373020161
1332331023514955777
1332331274044923905
1332331501975990283
1332331602576334849
1332331628526448640
1332331675875991556
1332331815407763462
1332331830507417600
1332331977500995589
1332331981175017473
1332332187568517124
1332332212772106245
1332332279398588420
1332332518578774016
1332332756450357248
1332333045593088001
1332333190728519680
1332333319426629632
1332333470870331393
1332333559567278082
1332333577611202560
1332333837070839808
1332333999386193920
1332334480145735680
1332334507073081344
1332334517596672000
1332334561322274817
1332334718629646336
1332334768319582214
1332334884908654597
1332334990424743940
1332335464255082496
1332335577207803905
1332335672347283456
1332335700411342850
1332335737283473408
1332336015604846593
1332336099398742022
1332336134790279170
1332336217560592385
1332336231431200769
1332336546398220289
1332336592506195970
1332336609547706369
1332336721145585664
1332336804368887808
1332336956278263808
1332337023999496192
1332337282955816960
1332337326446489602
1332337422093455362
1332337448446283778
1332337668567543811
1332337723546497024
1332338155312324608
1332338258488029184
1332338261377867776
1332338521781268481
1332338532040519682
1332338697346420737
1332338699498090497
1332338743471173633
1332339116005085186
1332339248142422016
1332339288571318273
1332339371132002305
1332339381324099586
1332339502900195328
1332339651315720192
1332339734916554757
1332339912553553926
1332340003586912257
1332340047048286209
1332340055633956865
1332340446627029000
1332340697643556865
1332340721882435584
1332340870801133571
1332340914300334080
1332340947640791043
1332340973666521090
1332340993060990983
1332341201245265921
1332341413263134720
1332341418250149891
1332341544989446144
1332341783477559299
1332341832227966977
1332341846677319680
1332342163942776835
1332342328804184066
1332342334357434373
1332342415651291137
1332342535990218753
1332342749987794945
1332342817646120973
1332342999376859138
1332343052137062400
1332343822039347201
1332343906160275462
1332344101203824642
1332344171416477703
1332344203871916032
1332344429412278277
1332344561939722240
1332344610375536643
1332344739799162880
1332344810817064960
1332344845533376515
1332344855067037699
1332344908338827264
1332344980157960192
1332345195124277250
1332345325344919552
1332345441816555520
1332345479351373826
1332345501799362561
1332345526717734912
1332345594388635649
1332345626345041924
1332345738874019841
1332345785514676225
1332345804191899648
1332345830871867398
1332346024594124801
1332346107930750978
1332346376001376256
1332346376731168770
1332346416820330498
1332346679366922241
1332346772132421634
1332346825072893953
1332347376716148740
1332347981446729728
1332348162376429572
1332348226226315266
1332348290952802311
1332348374050287618
1332348846215622658
1332348952683962369
1332349091330863106
1332349120686804994
1332349209522151427
1332349269270024194
1332349401453522944
1332349809144041474
1332349965205528576
1332349991952715777
1332350170663690241
1332350185301807104
1332350256479150090
1332350412712800259
1332350490043150339
1332350518648311810
1332350659107168262
1332350671765598208
1332350828334751746
1332350838749224966
1332351111085367298
1332351130853122050
1332351284175925249
1332351294971973634
1332351437481897984
1332351473905266688
1332351563638181891
1332351596240527363
1332351707376996357
1332351737076846593
1332352138312364038
1332352139415445504
1332352268662956035
1332352546216800265
1332352626718093312
1332352744775184388
1332352809119997953
1332352836324253708
1332352843727167494
1332353042088390656
1332353122933612550
1332353150142066691
1332353207692103684
1332353273517498369
1332353286809251843
1332353494393778177
1332353573297016832
1332353600165715973
1332353607241523201
1332353966559125505
1332353985563463682
1332354552255942661
1332354647386955778
1332354760519921664
1332354789598957571
1332354954921725954
1332354996017442817
1332355116767338501
1332355191157514240
1332355266147446788
1332355308728016896
1332355325870137344
1332355491163496451
1332355541860044803
1332355687599534080
1332355883171536897
1332355950003576832
1332356074066862080
1332356078697328641
1332356436840640519
1332356709742993410
1332356740898316288
1332356856807821316
1332357092221607940
1332357564386975744
1332357603599527943
1332357720037601283
1332357739541094402
1332357789549780992
1332357800832471040
1332357879521812480
1332357984861745154
1332358033242984451
1332358356569370628
1332358358012137478
1332358567895162880
1332358957378179072
1332359169849044995
1332359198382772225
1332359313575342080
1332359511546490880
1332359528264855553
1332359565095165953
1332359577438916608
1332359629649678337
1332359683257065479
1332359986400391173
1332360159021195266
1332360525821435908
1332360544981028865
1332360703483777024
1332360715299139584
1332360844009680897
1332360878981836800
1332360986209230849
1332361051933990915
1332361319362781184
1332361496194641922
1332361539601436674
1332361547625209856
1332361630903054343
1332361682610479104
1332362162745053184
1332362180205961218
1332362386456588293
1332362627239063562
1332362827869335553
1332362942386462728
1332363009910583296
1332363086188175361
1332363215251103745
1332363376228524032
1332363501826936833
1332363605963104258
1332363676016373761
1332363838960832514
1332364321427374086
1332364335419711489
1332364354432462849
1332364667533078538
1332364793286696964
1332364995133382657
1332365136733016064
1332365200725512192
1332365253938737152
1332365299144925185
1332365725231681537
1332366048964829191
1332366186307268609
1332366698708602885
1332366750596227074
1332366803331330048
1332366826735628290
1332366842455863297
1332366993085902850
1332367318136053763
1332367386725539842
1332367642137669632
1332367663843184642
1332367756767989761
1332367827060264961
1332367891430305792
1332368189825581057
1332368384181334016
1332368466599415808
1332368490255282179
1332368597482500097
1332368888231768064
1332368981160693762
1332369177408118785
1332369442303586306
1332369513472536585
1332369641038082049
1332369786827890692
1332370187870408705
1332370255973330944
1332370272503074817
1332370332695465985
1332370452921143299
1332370468519763968
1332370474488254464
1332370580994215940
1332370625994887171
1332370661411577862
1332370844681646080
1332370961732169736
1332370974889668613
1332370980954664960
1332371109719707650
1332371110059528193
1332371122747301889
1332371216250900485
1332371228972228610
1332371231711121411
1332371500893163522
1332371879932334086
1332371897544224768
1332371993593786368
1332372226163798018
1332372476949655554
1332372588480376832
1332372876192727040
1332372955163201536
1332373117738438656
1332373402301198336
1332373437965328385
1332373494324228098
1332373505397100544
1332373554575405056
1332373565795168258
1332373676394770434
1332373983174529024
1332374510251675650
1332374550412210176
1332374642296807426
1332374698575888384
1332374738157629441
1332374785800736771
1332375008103051265
1332375182141485062
1332375203108827141
1332375286722273281
1332375451168280577
1332375512338063362
1332375615123697668
1332375978430099462
1332376139634012163
1332376478596665344
1332376536092184584
1332376557009121281
1332377004520378368
1332377261861986306
1332377539118047236
1332377681955000324
1332377903489748993
1332377987967295488
1332378032997339144
1332378261574258700
1332378493007654912
1332378965516972039
1332379327137275905
1332380029578334210
1332380275234508801
1332380418772000768
1332380434337034240
1332380502586773505
1332380837426458625
1332380938182004738
1332381287672406017
1332381359105581063
1332381399937134592
1332381645240987648
1332381703986360322
1332381723850665987
1332382387410522113
1332382619594579974
1332382674124681224
1332382811668553728
1332382855138340867
1332383294785282053
1332383309788229635
1332383688965939201
1332383805764726784
1332383971242610688
1332384003710734337
1332384055745277952
1332384127920771076
1332384163811495941
1332384372444499972
1332384634919940097
1332384691639496705
1332384777765318658
1332385526939348997
1332385554332258306
1332385595046375425
1332385655326961667
1332385747844943874
1332386123356704772
1332386220022837257
1332386351526928384
1332386836350689282
1332386836979781633
1332386881896583168
1332387198214287360
1332387640457441280
1332387792878530560
1332387840458625024
1332388005747822598
1332388027356897282
1332388133791535107
1332388225080565762
1332388257221517314
1332388289739956224
1332388971154911232
1332389001165213699
1332389091896406018
1332389108291923970
1332389318791487493
1332389322813747203
1332389404040687619
1332389488333623301
1332389556558176257
1332389683486134275
1332389718080839681
1332390011703095296
1332390382894800903
1332390421641768961
1332390428302340097
1332390710893568001
1332390732317986817
1332390759786541058
1332390773728432128
1332390984743858177
1332391047243194370
1332391284808552448
1332391358175338496
1332391369743142914
1332391667236790272
1332391957310615556
1332392036838858755
1332392094296576008
1332392569599381504
1332392661647577088
1332392716295168002
1332392729314271237
1332392738625622018
1332392832099889153
1332392882318131201
1332392998886367235
1332393316286144514
1332393408279834624
1332393562114297857
1332393600831934464
1332393637917859840
1332393701436399617
1332393753873588226
1332393791303585798
1332393840938987524
1332393886031949824
1332394156904345605
1332394213036724224
1332394414422040576
1332394546811068417
1332394574048845824
1332394583297286145
1332394620865683460
1332394788696576004
1332395171212906498
1332395271645519872
1332395323826839556
1332395532464119810
1332395615205122050
1332395699674165249
1332395895036514305
1332395987281842179
1332396146371780609
1332396255541125121
1332396466745323520
1332396488593436674
1332396520113647621
1332396626577678336
1332396895986216967
1332397020565401601
1332397172147580930
1332397431334592513
1332397552814141442
1332397571894030337
1332397676797759489
1332397752425312258
1332397848059645962
1332398230534037505
1332398273722716161
1332398551834517506
1332398842596249602
1332399298768760836
1332399409942958083
1332399476359704576
1332399967273684994
1332400280256712704
1332400481650565120
1332400578274742275
1332400599321767940
1332400969930387456
1332401169814200327
1332401303612485633
1332401309878718466
1332401384151527426
1332401440153870337
1332401780983013376
1332401892903817221
1332401913313243136
1332402158466166786
1332402235402317824
1332402661732339712
1332402680803766275
1332402739318558720
1332402853751758849
1332402941920227336
1332402957481111552
1332403022106943493
1332403160107900930
1332403181393825793
1332403207323209741
1332403239862591489
1332403898515148800
1332403956039909378
1332404648934858753
1332404959602745352
1332405174640533504
1332405266214686721
1332405453385572354
1332405503335550988
1332405729647611904
1332405795338719232
1332405884883001349
1332406007717392385
1332406234411044865
1332406561948524545
1332406589110841344
1332406613618122754
1332406825107533824
1332407230168059905
1332407251307532288
1332407347105439745
1332407666950484033
1332407732222242816
1332407866884493313
1332408086720618497
1332408512211771396
1332408692478775303
1332408796694654977
1332408817892601858
1332409099955412992
1332409540592201734
1332409661623037952
1332409685308268546
1332409856763031553
1332409872009342978
1332409986153144321
1332410586316099586
1332410718696640512
1332410719808184324
1332410922388885505
1332410923596853250
1332411135132315652
1332411200240545795
1332411382885658625
1332411559755321347
1332411755188924418
1332411767801192449
1332411950228254722
1332412138112110599
1332412181950947328
1332412228331573250
1332412432103444481
1332412497526132738
1332412706083758089
1332412823641665539
1332412874329894914
1332412889299382273
1332413472122945536
1332413612577730564
1332413702767861762
1332413730227941382
1332413878257508352
1332414200040353792
1332414419041742849
1332414424083271686
1332415200973250562
1332415347098492929
1332415464962723843
1332415521954930688
1332415758597562369
1332416007311396865
1332416078572621824
1332416170662764544
1332416287327330304
1332416292444205056
1332416345787551747
1332416351235870720
1332416356537479173
1332416736847667203
1332416940481064964
1332417051063934976
1332417144122961922
1332417216986419208
1332417729089990659
1332417778280767488
1332417793581527041
1332417969931038720
1332417980681101312
1332418095374348295
1332418164177690632
1332418181022027778
1332418198856224769
1332418346411843585
1332418385729232903
1332418388673638403
1332418513085063169
1332418679888338944
1332418947099004928
1332418954812395525
1332419018066628608
1332419301664550912
1332419378651025408
1332419495495954438
1332419496129286151
1332419530681970695
1332419609660710922
1332419648952864768
1332419849843314688
1332420036863135745
1332420191490367492
1332420251498242050
1332420935291457539
1332421086542258178
1332421136345337859
1332421185091547138
1332421188770017281
1332421528609284103
1332421599455272970
1332421760319430662
1332421918847340544
1332422309836169217
1332422322641375235
1332422342044241921
1332422531337302019
1332423372056256522
1332423426095652866
1332423548036640775
1332423550632910848
1332423572141318144
1332423592836030466
1332423833601630218
1332423866937905153
1332424188846612486
1332424211353235457
1332424268815233024
1332424761616572419
1332425143591821312
1332425227796615170
1332425232108359681
1332425276610015233
1332425888319860740
1332426042796077059
1332426238795927553
1332426303723757568
1332426470581563392
1332426615448625155
1332426741776863234
1332427082585022465
1332427273413255176
1332427589273710595
1332427727601733632
1332427789794996231
1332427809906634759
1332427926978125825
1332427974235316235
1332428042032082947
1332428318419849217
1332428415622852610
1332428419573960706
1332428448598519810
1332428530282622976
1332428637753257985
1332428894771744780
1332428986828288000
1332428987214258181
1332428987570790403
1332428998169796611
1332429023658582016
1332429043749298178
1332429052960010240
1332429142848057352
1332429293117468673
1332429307482951680
1332429316664266753
1332429360738004995
1332429486646812672
1332429699130290176
1332429716058464261
1332429727966048256
1332429811122368517
1332429833217990660
1332429898615566343
1332429939203825679
1332430013539508230
1332430061601959938
1332430091226406916
1332430170611982336
1332430282188873730
1332430409267867649
1332430561676292098
1332430677485219841
1332430821064667145
1332430874554609664
1332430949116678145
1332430986483732480
1332431121422880770
1332431175403626508
1332431259348430858
1332431351052644356
1332431510197166083
1332431610638176269
1332431716858916864
1332431744935620611
1332431861390471169
1332432004357513219
1332432045742714881
1332432291839291400
1332432411137806344
1332432554344017920
1332432578276712449
1332432612355354625
1332432671037906944
1332432700414758913
1332432717074542593
1332432745004490752
1332432760699490308
1332432857298591744
1332432869545930752
1332432902496391169
1332432925284052996
1332432947664855041
1332432963909398531
1332433064253861889
1332433209464918018
1332433240490184705
1332433354462023680
1332433844474171392
1332434046736076802
1332434096669208579
1332434234078875648
1332434254609985536
1332434338848399368
1332434509292314624
1332434578435420164
1332434657128812544
1332434682798088193
1332434727714828288
1332434731837894658
1332434765430001664
1332434847730708487
1332434962470105088
1332434979708661760
1332435102794731520
1332435307321503748
1332435555372724226
1332435648284925952
1332435824047247360
1332435904309366784
1332436099973713925
1332436169968259073
1332436241028173825
1332436318899625985
1332436633015214083
1332436662186545152
1332436804855885825
1332436959587950596
1332437201272049667
1332437218569359374
1332437295207751680
1332437482475036672
1332437751833239552
1332437790886342656
1332437967202377729
1332438077655175169
1332438119203950592
1332438208752328704
1332438468715192320
1332438470564802560
1332438648592216073
1332438799096410117
1332438853362266112
1332439306707853312
1332439327410941956
1332439360294309888
1332439596836196352
1332439721449025536
1332439816219340802
1332439829544624131
1332439985790840838
1332439989393690627
1332440201487134720
1332440337642614786
1332440419662180353
1332440823481462784
1332440839084249088
1332440841504378880
1332440937327419393
1332440972890943490
1332440988091092992
1332441219125956612
1332441252265152519
1332441273211432960
1332441306484924420
1332441487284588544
1332441583111770112
1332441782727045120
1332442033072594945
1332442108972691456
1332442286928564225
1332442381875032067
1332442462573498370
1332442502956265472
1332442510464081922
1332442538343624706
1332442545566199808
1332442578114011144
1332442645390647296
1332442671336599552
1332442734465077248
1332442845182111744
1332442957836906499
1332443065265565697
1332443126766694401
1332443199395258377
1332443229942407168
1332443392001908737
1332443687750668289
1332443703324053509
1332443805925199872
1332443843434835970
1332443864565751810
1332444086733664256
1332444280116350977
1332444340900294656
1332444357300015110
1332444382373556224
1332444442343723013
1332444578385981445
1332444684434759688
1332444746430771201
1332444920062365697
1332445371998605318
1332445426583281665
1332445446862761986
1332445481277001729
1332445765839572992
1332446048967602180
1332446088658358273
1332446144161603585
1332446473749925888
1332446576032292873
1332446616201146371
1332446710656806914
1332446743087050752
1332446864076050432
1332447203424669700
1332447250874830854
1332447558816444416
1332447638214545408
1332447860445638658
1332447935875964932
1332448031032094721
1332448188847022087
1332448193167192067
1332448332476780544
1332448364483522563
1332448395810787331
1332448571006840832
1332448696554938369
1332448759754723328
1332448772421513221
1332448837651357696
1332448866948444160
1332448937530306562
1332449129398755329
1332449233736241154
1332449825535766534
1332449833504878592
1332449929948704771
1332450328164388866
1332450384124776448
1332450391024414728
1332450428697579526
1332450493491261443
1332450595635073026
1332450628484808704
1332450971813810177
1332451038083895303
1332451334314975232
1332451369593298945
1332451430817476608
1332451498966519813
1332451505119649795
1332451525101285378
1332451564699725825
1332451576104017925
1332451600640733187
1332451635696607232
1332451641623240708
1332451657838440456
1332451683759251459
1332451828227846144
1332451873987698688
1332451924952625152
1332451926378737667
1332451988714491904
1332452140514746374
1332452199801163776
1332452230167932928
1332452268109656065
1332452427681902593
1332452451308474368
1332452497580036102
1332452521919586304
1332452621702094850
1332452706422841347
1332452852875358208
1332453031963734018
1332453059331502080
1332453085223014404
1332453291901530117
1332453420947607552
1332453456930623488
1332453475867889666
1332453507350355970
1332453510743552006
1332453568926916615
1332453591580372993
1332453736090923009
1332453796136546311
1332453809499549699
1332453897408032772
1332454369468538880
1332454684976697346
1332454699006644227
1332454748662935552
1332454786147422216
1332455159943868416
1332455329255329792
1332455500802387972
1332455542187560960
1332455609887825926
1332455648961966081
1332455658856255489
1332455717295546368
1332455974150557696
1332456002499776512
1332456236533624832
1332456394700824576
1332456459322404864
1332456514536304642
1332456536887750656
1332456566897913857
1332456616235593728
1332456761337524224
1332456993035071488
1332457313291169793
1332457390768345090
1332457403028221952
1332457445025832960
1332457512398966786
1332457776702959616
1332457822819414016
1332457913751887872
1332457920756387840
1332458011999293441
1332458287799951366
1332458522488016898
1332458557451726853
1332458745922785281
1332458747915071495
1332458748082868225
1332458878018183175
1332459052035678208
1332459128778878977
1332459161800626177
1332459184525336583
1332459184890245121
1332459245883822081
1332459247343374336
1332459247989366785
1332459356693131264
1332459392181080065
1332459590022205445
1332459718498000896
1332459801717190657
1332459818234351627
1332459959406223361
1332460292509405189
1332460343298306049
1332460409631240192
1332460591215222785
1332460656407302144
1332460802700406784
1332461046255263744
1332461190442852354
1332461211414384642
1332461292410560522
1332461336786333697
1332461359368384513
1332461428616400896
1332461583637864449
1332461639598280709
1332461658111963139
1332461699996250113
1332461721554923521
1332461728945348610
1332461755688161286
1332462188544593926
1332462200787775488
1332462208085843968
1332462220387753984
1332462265715609605
1332462280500518912
1332462310225567745
1332462319243243520
1332462335571734531
1332462340835471362
1332462560172535809
1332462755782287362
1332462839244713984
1332462842218475533
1332462843749408768
1332462883842650114
1332462947130597381
1332462989908316163
1332463013157363712
1332463131763859463
1332463234742415360
1332463251247001605
1332463296176336899
1332463374744113158
1332463423754559488
1332463468453228545
1332463520110309377
1332463551705985045
1332463576750190593
1332463611126669314
1332463662896910345
1332463693297233920
1332463742588694529
1332463797647273984
1332463805612298241
1332463966338035713
1332464111934967808
1332464139659259907
1332464148131803137
1332464187667263497
1332464188296486912
1332464537489072131
1332464719924490246
1332464726618542080
1332464742011723778
1332464818473857032
1332464869485010945
1332464991698554880
1332465176591863818
1332465270301093889
1332465283995480069
1332465322826346496
1332465335677677570
1332465476375482368
1332465482201501705
1332465488039976962
1332465488929169409
1332465489998700551
1332465523565735939
1332465539252359174
1332465550254092288
1332465571854757888
1332465638145740800
1332465677786034178
1332465828709720068
1332465851254136836
1332466002983088130
1332466096155324418
1332466183044468738
1332466241404071941
1332466337847914499
1332466373017169920
1332466391799242752
1332466413513175043
1332466416507817986
1332466476767440902
1332466499169226760
1332466517146034181
1332466544312520704
1332466544610320385
1332466590542139397
1332466617876418560
1332466647748186118
1332466697480118272
1332466863557799936
1332466865159991296
1332466877298315265
1332466903072256000
1332466914426236928
1332467015701946369
1332467024359010304
1332467284766576646
1332467339288309761
1332467433274306560
1332467456238112776
1332467466749030403
1332467471538917378
1332467584462163970
1332467611616092161
1332467612673069056
1332467658156085248
1332467661071060993
1332467682042667011
1332467697528033285
1332467821113077760
1332467853505736704
1332467890122067968
1332467992848969729
1332468005960179713
1332468156087095296
1332468294981447680
1332468298429173770
1332468434957955073
1332468436547604482
1332468466318794753
1332468586498109449
1332468590226903049
1332468661798526978
1332468673248976896
1332468725140885510
1332468737585328133
1332468752542298116
1332468829574868994
1332468939415310337
1332469009938341890
1332469032818253825
1332469040443428869
1332469056507678724
1332469182487797761
1332469277220343810
1332469444812165120
1332469547992043521
1332469555977998336
1332469601125474309
1332469639822143488
1332469643202670594
1332469709221097474
1332469735867367426
1332469737683554305
1332469822089785344
1332469837856169990
1332469924556574722
1332470198109147138
1332470253083832320
1332470391802126336
1332470423766790145
1332470509527851010
1332470713140322307
1332470788604260353
1332470789992484865
1332470880685993986
1332470880971132931
1332470931122479106
1332471070427901963
1332471092355739648
1332471189290295298
1332471268617166848
1332471286828822532
1332471367971835909
1332471452310843398
1332471516420841472
1332471789243527170
1332471792594788358
1332471933322059776
1332471979992100870
1332472020173512706
1332472036472578049
1332472089077542917
1332472122212573185
1332472128294313992
1332472156236763136
1332472317239316483
1332472329599922182
1332472367013093376
1332472389184217091
1332472423929815040
1332472665987231744
1332472678242988032
1332472906782285825
1332473179483336706
1332473255626756097
1332473276061376514
1332473280872189959
1332473313445224449
1332473641267847168
1332473792254398466
1332473879101661187
1332474134132125696
1332474226377363459
1332474260506415105
