1269781183547703297
1269781654547107843
1269781747522244608
1269781800487923712
1269781836013514753
1269782198342778880
1269782581676896256
1269782716700143616
1269783113548341249
1269783264736264192
1269783267361861633
1269783292368347136
1269783380415123459
1269783471439872001
1269783486673682433
1269784020071649280
1269784095439159303
1269784327988097035
1269784683249913857
1269784714048688129
1269784790460444679
1269784861444837377
1269784932785717249
1269785316623343616
1269785626045489154
1269785752084328448
1269786412947210240
1269786670519459841
1269787111684743168
1269787124024463361
1269787411363610625
1269787523049553921
1269788734192447488
1269788825645207552
1269789113064001536
1269789117648232448
1269789565587505153
1269789704448356353
1269789950423244801
1269790067993841665
1269790381199241216
1269790628998795264
1269790784401932293
1269790789573410821
1269790995903807488
1269791249977892864
1269791275999518720
1269791510968651776
1269791700723122182
1269792233437437953
1269792851694694406
1269793139914661888
1269793583248408576
1269793631524839431
1269793766409289728
1269794132211499008
1269794415696056322
1269794434922745856
1269794743803928576
1269795460073603074
1269795669876903937
1269795799967297536
1269796075226959873
1269796283759411200
1269796283792781312
1269798173922516995
1269798232894377988
1269798251865288714
1269798305338470404
1269798724693381121
1269798799741943814
1269799066533269504
1269799865728610304
1269799959282532352
1269800217248960512
1269800431666057216
1269800683747885057
1269800783547191296
1269801026535727104
1269801076645146629
1269801868659744768
1269802023312031744
1269802408076591106
1269802476661805058
1269802909153267714
1269802920557543425
1269803007966883841
1269803225554837504
1269803284556058642
1269803769711284224
1269803833665810435
1269803846727057415
1269804161031376900
1269804585876459520
1269804639186227201
1269804641816018945
1269804687957594112
1269805334287261699
1269805927533772801
1269807025422077952
1269807032728576001
1269807110004584448
1269807172969431040
1269807334869667846
1269807373767540744
1269807472900026369
1269807743352762369
1269807857433706496
1269808094277767169
1269808103282872321
1269808293385560065
1269808455189135361
1269808713961017347
1269808865987657728
1269809131247955968
1269809287762673669
1269809323716349953
1269809457015541760
1269809711735623682
1269809872893337604
1269810193531052033
1269810394735968261
1269810480476033026
1269810534184030209
1269810636168613888
1269810684042317826
1269810759548231680
1269810970458820611
1269811148041228288
1269811333521793024
1269811374215004160
1269811476925210625
1269811477587865601
1269811527709650945
1269811529492443136
1269811705351229440
1269812121363189762
1269812159984177152
1269812589397229569
1269812792124678148
1269813061315170304
1269813601373753345
1269813653039190020
1269813777123467264
1269813899093827585
1269813899156770816
1269814278665748481
1269814281392066560
1269814467010969601
1269814545968771072
1269814780023525376
1269814843961376770
1269814865557848065
1269814947057405957
1269815058214854657
1269815062316883968
1269815162044928001
1269815162539827200
1269815314252025856
1269815654305140736
1269815718176006145
1269815893837721600
1269815918198210561
1269816061697851396
1269816097051742214
1269816116832075778
1269816176135176193
1269816215184211971
1269816415692795904
1269816415810277377
1269816472337035264
1269816821265432582
1269816974995075074
1269817001226231809
1269817042808573955
1269817129274150914
1269817647983742976
1269817739713089537
1269818084346548224
1269818162784227329
1269818180974886913
1269818195579473920
1269818279910088704
1269818328673116160
1269818668956999681
1269818711055175680
1269818716973346818
1269818989653512198
1269819076081311744
1269819284798177281
1269819748675727360
1269820273504784385
1269820274536570880
1269820298330886144
1269820679920197634
1269820718973431816
1269820738170691586
1269820812665782272
1269821553933520896
1269821728072577024
1269821817897848832
1269821986575917059
1269822176200470529
1269822460058271745
1269822801038512129
1269822885348216842
1269822956940808192
1269823413947899905
1269823418859425792
1269823788683845633
1269823965498798080
1269823965523927042
1269824097715998720
1269824371050364938
1269824440478633986
1269824485546434564
1269824886849101825
1269825072988110848
1269826019814449153
1269826116333842432
1269826290808471553
1269826794825437184
1269826963482578945
1269826987989884929
1269827299211386880
1269827364692742145
1269827475787386881
1269827490136162305
1269827492526899200
1269827564224368648
1269827627600293888
1269827699830292482
1269828024154886144
1269828381614518272
1269828612397699073
1269828698540212224
1269829157162229761
1269829197096275969
1269829270659985414
1269829306223595524
1269829358736244736
1269829392726982656
1269829534825746432
1269829791609479168
1269829860354031619
1269829889663926272
1269829941228703744
1269830078583771138
1269830151879221250
1269830359115608067
1269830366430461963
1269831152195506177
1269831177269116930
1269831238954688514
1269831375806439424
1269831434409324547
1269831761099448320
1269833580743663626
1269833777032974336
1269833855265124352
1269834042637275136
1269834168512495616
1269834636525367304
1269834793807687681
1269834836010729473
1269835069583212544
1269835568273391616
1269835815582076932
1269836115240013825
1269836521999339522
1269836548310089730
1269836558984794112
1269836987621670912
1269837412785684481
1269837565701558272
1269838170507612161
1269838445641445378
1269838497197756416
1269838625816141826
1269838647722901505
1269838664814800896
1269839064917839872
1269839784303890432
1269840406977576961
1269840797752573953
1269840857928171521
1269841554639912960
1269841581370204161
1269841591495274496
1269842423045390336
1269843107903934472
1269843364515545088
1269844002670608390
1269844209399463936
1269845229370294273
1269845266259116035
1269845921811972096
1269846106650939392
1269846363161808896
1269846516925108224
1269846594016423936
1269846614702776320
1269847328510312449
1269847520399720448
1269848560947920897
1269848669903302657
1269848769111171074
1269849700661956614
1269850116523003906
1269850646842400769
1269850979421302785
1269851647850606592
1269851769993076742
1269851832668565505
1269852376816586752
1269852406348754947
1269853305318117376
1269853450633912322
1269853924850368513
1269854140232015872
1269854330846416898
1269855022344474626
1269856120228786177
1269856471497539584
1269856682693328896
1269856877741039616
1269856913048690689
1269859447880515584
1269859574665920512
1269859865662545920
1269860430278729728
1269860749989556230
1269861520118333441
1269861805368717312
1269861819549659138
1269861824557723649
1269861870858645507
1269863054008877057
1269863280526450691
1269863985341399040
1269865100988604416
1269865607249477632
1269865815198904320
1269866625353887744
1269866654256762881
1269866698410209280
1269868142513266688
1269868470038073345
1269869017570906113
1269869341983547392
1269870232639811586
1269870813093789696
1269871686486278144
1269871882301517825
1269872227215986689
1269872594037211136
1269873201141686273
1269873651769376768
1269873737454804992
1269874731207065600
1269875055066058752
1269875136695599107
1269875625029967874
1269875783721500673
1269875811261321217
1269877006461808640
1269877835742789632
1269878000838991872
1269878403550916609
1269878635676274690
1269879717466976256
1269879906604855296
1269880385128861701
1269880554100580353
1269882539365277696
1269884226918326272
1269886880947949568
1269888953945067521
1269891323768844288
1269893713863544832
1269896043627515906
1269896948250796032
1269897788319547392
1269899614754410496
1269904664201515009
1269913293692559361
1269917081375576064
1269917976964325376
1269918905910407170
1269919882604359680
1269919894113529861
1269919894172286976
1269920394984767488
1269921490100772870
1269923670371250178
1269926695970254848
1269927483178209281
1269928040987009025
1269928559218483200
1269930473729523712
1269932181431840768
1269932595669762050
1269934167539830786
1269934280324665347
1269934927958749185
1269935842811764736
1269937355806461953
1269937865280102401
1269939166361632770
1269941221352443905
1269941755601879041
1269942105675313152
1269943370971066369
1269945098822967296
1269947158054256645
1269947345900384268
1269948546675073031
1269948694562045954
1269948755865997312
1269951718789439495
1269952132054241280
1269953654880165890
1269954588292993024
1269955570708164610
1269956438606168065
1269958334179872768
1269958854365741056
1269958936641384448
1269959237133795330
1269959645935919105
1269959798851862528
1269959899108311048
1269959980603637760
1269959984693067777
1269959999695929345
1269960028242526211
1269960034634661888
1269960165211717632
1269960290969550848
1269960395143278598
1269961375419375617
1269962205585461249
1269962839055372288
1269963664678928384
1269963737152323589
1269963777346134017
1269964777708756992
1269965092575236096
1269965345969901569
1269965936246718465
1269966152999948289
1269966413847986181
1269966996051046404
1269967410783588352
1269967552077279232
1269967563104178176
1269967961038688261
1269967973428715522
1269968451969388549
1269968453806497793
1269968508269584385
1269968932313718791
1269969080695603200
1269969549761425408
1269969589401772033
1269969689620480000
1269969869858131969
1269970388357914625
1269970405864980480
1269970909395333121
1269970945554485248
1269971174311723008
1269971466591895552
1269972033636630530
1269972046429278209
1269972714879680513
1269972724967002112
1269972834341785600
1269973067507412999
1269973128597458956
1269973300630794242
1269973606949441536
1269974088153513985
1269974089676066818
1269974432212307968
1269974444040167425
1269974559157075972
1269975103376220163
1269975200659013633
1269975735080562689
1269975826470232065
1269976034398658561
1269976159648972807
1269976269925556224
1269976319774916609
1269976370286940161
1269976628509147136
1269977130881806337
1269977479814549504
1269977484302462977
1269977498827317254
1269977637142835201
1269977963757481984
1269978008728862721
1269978136357343237
1269978710414942221
1269978987217825792
1269979261852618753
1269979284690669568
1269979292227829761
1269979297965649921
1269979366244659200
1269979642942939138
1269979718318616578
1269980068471808005
1269980076013228032
1269980134074920960
1269980590645874694
1269981051994202113
1269981066414247938
1269981331322277888
1269981355238215682
1269981427430559745
1269981431566139398
1269981807430250496
1269982091309178882
1269982311237459968
1269982510269624321
1269982654247641089
1269982734224691200
1269982920330162177
1269983026668322816
1269983235792080897
1269983421058756608
1269983514432352257
1269983609957625858
1269983715108757504
1269983884105658369
1269983936861679616
1269984110514241536
1269984183662895106
1269984298561605633
1269984674291605504
1269984979259400198
1269985340141551616
1269985655234445314
1269985822918483974
1269985977478643712
1269986050245562373
1269986246400577539
1269986290935771137
1269986292391120896
1269986343259648003
1269986492111376384
1269986540874235909
1269986553213751297
1269986562252713984
1269986614240927744
1269986766511058949
1269986809829896199
1269987045067370497
1269987088960819201
1269987345081798656
1269987552641064963
1269987773873893378
1269988277576183808
1269988496762167296
1269988541162909696
1269988637724282885
1269988900342284288
1269988969166647296
1269989270938361856
1269989627013840897
1269990193534246913
1269990211058008069
1269990261494513670
1269990503531061250
1269990521138810881
1269990867160502272
1269991318249447424
1269991318249525248
1269991353443930112
1269991388277506048
1269991755170091019
1269991828243308545
1269992090831814656
1269992579229089792
1269992583129821185
1269992658098966529
1269993851755913219
1269994025777496070
1269994492892983300
1269994571703951361
1269994878303338496
1269995005311102977
1269995039872204807
1269995120256000001
1269995189277515777
1269995479477207047
1269996211756564481
1269996563193085952
1269996902449393664
1269997120746139649
1269997125334597633
1269997368184840194
1269997464309940225
1269997687715307520
1269997706015059970
1269997996760010761
1269998055044124674
1269998065160794112
1269998472519958530
1269998880076304384
1269998939341836290
1269998978529181697
1269999139523301378
1269999352216518656
1269999394809696257
1269999604596125704
1269999939972730882
1269999975611748352
1270000062567976963
1270000128829476864
1270000225365692420
1270000273566687234
1270000341132759040
1270000458514477061
1270000537514184708
1270000800862003206
1270000826094882816
1270000889273737216
1270000904213839873
1270000942079971329
1270001255969173510
1270001384746708992
1270001384822366208
1270001522139512833
1270001545388703744
1270001587151396864
1270002045643341825
1270002080942522372
1270002273020772354
1270002311000195072
1270002339932405760
1270002355141050368
1270002408006000641
1270002642815782912
1270002666974908416
1270002802966892545
1270003041673117696
1270003385790595073
1270003624815583234
1270003649591328769
1270003755010985984
1270003894240894979
1270003987580928000
1270004264795070465
1270004332319162374
1270004496219987968
1270004614625189888
1270004993739890689
1270004994113253377
1270005036907708417
1270005159481839617
1270005295503343617
1270005315531145216
1270005316575465474
1270005538005409792
1270005687729479686
1270005871855140865
1270005894860988417
1270005915970867200
1270005974137556993
1270006068161269760
1270006083248173056
1270006211468046337
1270006299300958210
1270006332964339714
1270006557112238081
1270006656076787749
1270006756295561216
1270007377937522695
1270007715016949762
1270008022383853568
1270008022862102529
1270008363338870786
1270008434549800961
1270008458461446144
1270008619447263237
1270008808778141697
1270008867943067648
1270008959114506240
1270008976734904320
1270008994510376965
1270009048860176386
1270009437848088577
1270009613077876736
1270009982403203078
1270009983078465538
1270010112309178369
1270010125009420289
1270010606595301377
1270011233253679105
1270011374232576000
1270011470206709761
1270011556621889539
1270011616495427585
1270011675375276033
1270011808452087809
1270011906204545025
1270011908264001539
1270011983870427142
1270012050115375105
1270012050891313152
1270012335923572736
1270012431486652417
1270012432371650565
1270012709300350979
1270012974066020355
1270013124289212416
1270013356053856256
1270013569397129216
1270013587415859200
1270013650816860161
1270013676716724226
1270013690981552134
1270014196894367744
1270014412770942976
1270014492366307332
1270014517892861953
1270014586012524545
1270014742258683908
1270014872856801281
1270014983934554115
1270014993380106240
1270015130353442823
1270015227338227713
1270015255440211969
1270015454115962882
1270015579022295040
1270015618146803712
1270015743397158914
1270015839966814211
1270015866009260033
1270016049707126785
1270016215315030019
1270016313184989184
1270016463697580035
1270017158517608449
1270017239056433155
1270017626878750720
1270017909650325509
1270018481002610692
1270018500627701765
1270018733466177536
1270019039889408001
1270019057899704320
1270019068809052160
1270019183808577537
1270019285545607174
1270019466009640966
1270019864208519168
1270020234188140545
1270020396604063745
1270020678775910401
1270020710115741696
1270020895562743814
1270021002685288449
1270021022729883654
1270021435831058434
1270021576856162304
1270021768850231299
1270021911297380354
1270021950501523456
1270022063101706240
1270022261370691584
1270022303963848704
1270022556469399552
1270022591080812546
1270022653634580484
1270022706680016897
1270022778301886467
1270022780969459716
1270023113531588608
1270023113867132928
1270023129360932865
1270023212504580099
1270023445988794369
1270023539538776070
1270023820661923841
1270024523111444481
1270024531856494597
1270024535044169732
1270024724765118465
1270024864792031233
1270025693305409536
1270025752952569859
1270025802999115777
1270025895940628480
1270026550419681280
1270026550579060737
1270026995099930624
1270027317797158913
1270027618038034440
1270027658831761410
1270028220180684804
1270028407837990912
1270028747509506050
1270028871883161603
1270028973137956866
1270029066905645057
1270029066947620864
1270029067136331776
1270029083297153025
1270029207951867912
1270029272489566216
1270029291934355458
1270029354530111491
1270029388512407557
1270029528212144129
1270029990176927744
1270030093335900161
1270030098813595648
1270030512699162625
1270030724293419009
1270030870154534912
1270031084806422528
1270031159662120963
1270031246534598656
1270031292130828289
1270031443494932480
1270031552035069953
1270031676522012675
1270031751713378306
1270031983083732992
1270032074066575360
1270032201460187136
1270032284603887618
1270032286268956673
1270032336806129664
1270032405320077312
1270032527009472513
1270033226212478977
1270033356277907457
1270033706770718720
1270033729738682368
1270033947955789824
1270034189698695168
1270034208417816578
1270034563641868290
1270035186575646720
1270035358600687616
1270035498023759873
1270036232970678273
1270036333701091330
1270036375199453187
1270036555852320775
1270036854767849472
1270037002285613056
1270037155759489026
1270037178345754624
1270037436568141824
1270037474459467777
1270037663681253376
1270037876814704641
1270038300578000897
1270038300959674377
1270038345578622981
1270038425672888320
1270039097671811074
1270039343974043649
1270039433409105921
1270040013917601797
1270040019521040386
1270040397654429696
1270040728790618112
1270040729440653319
1270040777029308423
1270041833322590208
1270041867942531075
1270041889341935620
1270041970702983173
1270042160235241472
1270042160302370819
1270042290220908549
1270042355241029632
1270042356000137218
1270042383355465728
1270042530852278272
1270042672951066624
1270042795542302722
1270042972374130688
1270043033573130240
1270043287416643584
1270043618141704195
1270043845514817537
1270044094606295040
1270044373317804043
1270044490183651329
1270044509984952320
1270044868962902017
1270044901351264263
1270044921492148224
1270045412477591557
1270045525778345987
1270045596192292865
1270045658263756801
1270045792150134785
1270046095687716864
1270046179905150980
1270046516103778304
1270046737051389954
1270046831280566274
1270047008192151561
1270047119009865729
1270047227256483840
1270047487097745408
1270047573567508481
1270047713439240192
1270047744879546368
1270047960731189249
1270048343004151809
1270048729719070728
1270048793279504391
1270048873675927555
1270048985521274882
1270049015695052804
1270049154081882115
1270049227012481026
1270049279240015876
1270049313213820934
1270049544991014913
1270049714117935104
1270049752906899457
1270049767985418242
1270050220185878534
1270050334904397826
1270050465015832582
1270050535077548034
1270050709585739777
1270051003388354560
1270051065136844800
1270051181696606209
1270051338811052035
1270051600275509260
1270051704227143683
1270051858678046721
1270052040287440896
1270052336111702016
1270052448753848320
1270052974832660480
1270052976120324098
1270053059167739910
1270053095817519104
1270053157603872769
1270053180525686790
1270053375053303809
1270053786103488513
1270053924213579776
1270054236273942542
1270054261527924737
1270054369296252931
1270054429627166727
1270054543821352962
1270054624066711554
1270054660536250368
1270054710075109376
1270054953181200385
1270055034580021248
1270055254650912775
1270055274037067780
1270055310686916609
1270055491130064899
1270055571601883137
1270055908148723714
1270056044299943939
1270056128806817793
1270056222021095425
1270056260914814981
1270056566293659651
1270056749446230016
1270056758812315648
1270057186308296706
1270057222433882114
1270057709199597579
1270057709828747267
1270058007812993024
1270058040528642054
1270058110552506371
1270058564250468355
1270058886297501696
1270058904458797057
1270059509579485185
1270059541737222148
1270059547135291393
1270059889151352832
1270060017295806465
1270060091283308544
1270060496935424000
1270060511560896514
1270060658780971010
1270060695334400002
1270061309137215502
1270061540188848130
1270061588813434885
1270061604512677888
1270061622585950210
1270062013759262722
1270062078657810433
1270062437425975296
1270062498339848202
1270062711322431488
1270062771485454337
1270063038155153409
1270063080563781635
1270063088507719680
1270063384122331136
1270063541320548352
1270063843121795082
1270063877179543558
1270063929486651392
1270063974227292160
1270064172966051841
1270064299181039618
1270064436519174145
1270064602009735170
1270064746205757440
1270064957376417794
1270065082232438786
1270065148158447617
1270065234397585409
1270066319543713799
1270066394168770562
1270066816250007552
1270066969174294529
1270067065303564294
1270067274863517696
1270067293079379969
1270067424776327173
1270067435111174144
1270067441289265153
1270067565889544193
1270068076067897344
1270068182771007489
1270068298428932101
1270068804987600896
1270068852890705930
1270069054053797889
1270069137671364612
1270069194021879809
1270069289966600197
1270069314595491842
1270069366961451009
1270069561463889922
1270069623728340992
1270069963039084545
1270070132103053312
1270070140613406722
1270070144472137735
1270070147999567873
1270070322419695616
1270070472852623362
1270070590762700800
1270070842056224768
1270071025078763522
1270071319418339328
1270071380822724608
1270071505129558017
1270071686663110656
1270071975617101831
1270072140952416258
1270072150964285440
1270072178394963979
1270072233965293574
1270072532926939136
1270073107319930880
1270073497453199364
1270073499529277441
1270073587869900800
1270073674239021056
1270073917437366275
1270074166528663557
1270074171981287424
1270074252167974914
1270074728351518721
1270074800636080129
1270075163518947329
1270075428770770944
1270075574502019073
1270075624976035841
1270075659025596416
1270075956087197696
1270076500948238336
1270077577923788801
1270077857298092032
1270077966362578944
1270078168964136960
1270078189193367557
1270078460115836933
1270078881035419650
1270079171184807937
1270079643371126784
1270080192921419777
1270080281043746818
1270080409594978305
1270080589606129675
1270080670921035776
1270081367947325440
1270081463854211072
1270081489506570246
1270081497341575169
1270081650689560576
1270081924057497602
1270081961982296064
1270082220863238147
1270082328921071619
1270082622086164484
1270082806765551619
1270082874088337409
1270083173427396613
1270083300548378627
1270083388469370880
1270083411508592641
1270083495851896835
1270083583609364481
1270083939634311168
1270084011340320770
1270084157654339584
1270084227141427204
1270084357043167234
1270084576765935618
1270084582965157891
1270084583749533702
1270085186806362112
1270085442231205888
1270085482534363136
1270085639187451913
1270085829772193794
1270085960622133250
1270086412185018368
1270086445051437056
1270086598613401601
1270086840100495362
1270086981587001346
1270087042538577927
1270087374693859328
1270087523398713344
1270087696174678018
1270088257745936386
1270088337118965760
1270088371629469700
1270088649699401735
1270088913185648641
1270089187811889156
1270089451612655625
1270089918103072769
1270090169211912192
1270090424837955585
1270090725301026819
1270090775267889154
1270090938044633088
1270091195520356352
1270091356241887235
1270091802301825024
1270091981679558656
1270092109807333379
1270092136415985665
1270092502733905923
1270092550859362309
1270092732728557576
1270092971707375617
1270092980821598208
1270093025620918284
1270093239798956040
1270093265988055040
1270093680561487872
1270093882865352705
1270093885813985281
1270093893342724098
1270093967099658242
1270093968764739590
1270093974817189889
1270094017284407298
1270094479865851906
1270094483808550912
1270094491224027136
1270094560740413440
1270094622518378499
1270094684665393152
1270094699504820224
1270094837170286595
1270094847177830400
1270094919252742148
1270095010239823872
1270095353522552832
1270095441003196417
1270095585287319560
1270095643294531587
1270095756481839104
1270095768137994243
1270095808839536640
1270095904360542210
1270096140457906178
1270096510605316096
1270096780500316161
1270096970695282695
1270096990773395457
1270097013997215745
1270097014613635073
1270097048046428162
1270097087493963776
1270097533164011521
1270097728736026624
1270097957552037893
1270097981757251584
1270098104809918466
1270098348226285569
1270098363904487425
1270098391729614852
1270098511397367809
1270098539675291648
1270098541940219906
1270098720760238082
1270099220599537669
1270099293530206209
1270099623953260551
1270099777544478721
1270099952744763397
1270100279996882950
1270100280496066560
1270100341649018880
1270100344677294080
1270100895309729796
1270100928868294664
1270100960430493698
1270101035525292032
1270101178387439617
1270101605577363460
1270101717925933056
1270101732836638720
1270102081450500096
1270102159204458496
1270102287843811329
1270102309612257281
1270102447629971457
1270102551480991745
1270102681726656512
1270102698923307008
1270102847028367366
1270102980944171009
1270102981707513857
1270103075538325506
1270103157297872898
1270103371194732548
1270103496621125633
1270103644759822339
1270103934967963649
1270104151574315009
1270104410815901696
1270104575283003394
1270104736365240320
1270104824839692288
1270105278483255296
1270105360590868480
1270105736903868417
1270105823088275456
1270105823440769027
1270106268045320194
1270106591724015616
1270106592352993281
1270107183682904064
1270107222585085954
1270107474717290497
1270107677801295872
1270107722814496769
1270107816632647680
1270107843253932034
1270108282900951046
1270108328983658496
1270108331970039810
1270108351649714177
1270108484478984193
1270108769444380672
1270108933043245059
1270108980434677765
1270109405695090695
1270109525547384833
1270109786340839424
1270109849301458944
1270109920780836870
1270109966310027264
1270110416098615296
1270110526366978054
1270111028538376192
1270111031101095938
1270111092497399808
1270111098054807553
1270111159308488712
1270111270025519188
1270111568211181576
1270111745315688448
1270111767759290375
1270111792103149569
1270112137382252544
1270112232362385420
1270112612089581572
1270112659749380096
1270112677290016770
1270112955766657026
1270113180577083394
1270113240727670784
1270113292078452737
1270113369354375180
1270113373414400009
1270113373783494657
1270113375469604866
1270113549000609795
1270113638381244417
1270113693037203456
1270113709256585216
1270113945412493314
1270114168960692226
1270114361626038273
1270114615947661318
1270114817500643328
1270114962548166657
1270115190927958016
1270115506251542529
1270115889090891776
1270115897877893123
1270115995366154241
1270116066694316033
1270116344151920646
1270116788626481153
1270116822319276045
1270116972798398465
1270117296795717637
1270117350797426688
1270117397551288326
1270117762438967304
1270118007713476608
1270118164249133058
1270118310370324481
1270118494391144449
1270118562708021249
1270118703120748547
1270119230613213189
1270119419222454273
1270119707761410049
1270119812027613193
1270119819967434753
1270119823226351627
1270120067880177664
1270120883508654080
1270120997887369216
1270121085263065093
1270121204003856389
1270121229874335744
1270121450901434368
1270121451476189185
1270121526378082305
1270121604224335880
1270121902242172929
1270121968105373705
1270122040033492992
1270122233961369600
1270122638988529666
1270122749697064965
1270122954681192457
1270123248190214146
1270123936404123652
1270124261064269825
1270124412151439361
1270124878587453442
1270125217571053569
1270125761408663561
1270126258492444672
1270126381788266499
1270126388503347200
1270126664547274759
1270127154068627456
1270127434759880707
1270127573645905920
1270127634186412046
1270127750356090882
1270127847202525195
1270128400376741897
1270128474812899328
1270128475765161984
1270128534699364359
1270128555662422016
1270128804154036224
1270128807308034055
1270128930482270209
1270129017396609028
1270129064997773312
1270129155179532293
1270129227300573184
1270129262713020416
1270129361988079620
1270129609699479552
1270129625226772485
1270129659854893056
1270129680427950080
1270130198210641920
1270130233581043712
1270130848432603137
1270130906251112448
1270130909161938945
1270131024257855491
1270131047125200897
1270131142579142656
1270131252616626177
1270131407856250880
1270131486587531264
1270131600240582656
1270132156153638912
1270132587961384960
1270132621561995264
1270132888080613376
1270133277182083075
1270133297247641606
1270133902607343619
1270133991014895618
1270134044248944642
1270134054898327552
1270134112880386054
1270134679610499078
1270134858841538563
1270134952089264128
1270135050714189824
1270135617612140546
1270135998404603908
1270136071947464704
1270136100649132032
1270136269687963648
1270136529176985601
1270136931855282177
1270137148306599937
1270137387490914305
1270137395942494212
1270137894313824256
1270137990959022080
1270138125969494016
1270138609887252483
1270138612886224901
1270138844969664513
1270138862950645761
1270138909901631494
1270138946501173248
1270139120745152515
1270139168446984198
1270139369131827201
1270139658878570498
1270139748254875649
1270139751870365697
1270139796657074177
1270139804588654593
1270140424531959809
1270140441762168832
1270140475383709697
1270140877994893312
1270140878082977793
1270141260230275074
1270141325351047168
1270141857310355457
1270142159438721025
1270142245568741377
1270142268293492738
1270142391928926208
1270142817894006785
1270142868397723648
