1431406172809187346
1431406177737453574
1431406812536836097
1431407231065640961
1431407362796105730
1431407583026417672
1431407698952785923
1431408206018977794
1431409674574868485
1431409959221202947
1431412796143583235
1431413357622415360
1431414533994713090
1431415265598885897
1431417747993284610
1431418456340058121
1431418979554312198
1431419712576045060
1431420237472219143
1431420908166647814
1431421271477309440
1431421272177709069
1431422261152690178
1431425256820989955
1431425863409704961
1431426040795123715
1431429357591990277
1431429490752765958
1431430955185721345
1431431343020421127
1431431618208620545
1431433112056000514
1431436371474927617
1431440145526448137
1431442306968793088
1431443462574985224
1431445754003042304
1431447205651623940
1431448701973655552
1431451278828257281
1431456003648892928
1431457523576422404
1431459985272279042
1431461192229429259
1431463750675181568
1431465469349965826
1431468888794050560
1431469392001372167
1431469841240764421
1431471085149691905
1431471409675517957
1431471847846072321
1431474874443255810
1431477248884973569
1431479698228490241
1431480707986100225
1431485454185111552
1431486029953916929
1431486328550666241
1431489836570091521
1431490989651382274
1431495251248693254
1431496859147714567
1431509116506099714
1431518050310713348
1431519436196958209
1431521080506785792
1431521173955874817
1431521197326577664
1431521205069221889
1431521264905162753
1431521467016044545
1431522138578685952
1431522187014459398
1431522193574334470
1431524022236372992
1431524084538650624
1431524092088365058
1431560424143601665
1431569559409111043
1431572518209478660
1431574380623142914
1431575065569660938
1431576761263919107
1431577436257329154
1431579985303818245
1431584849081606144
1431587373758836737
1431587376640315392
1431590262829109256
1431590471793577990
1431594012146814978
1431594915457159171
1431596390279532549
1431596943541628928
1431596954631344132
1431597145296150529
1431597885137825796
1431598238470217729
1431598398021513219
1431600619580702723
1431601523042275330
1431601701958586369
1431602256097468418
1431602468371193856
1431602470019469325
1431602699477340160
1431605155749900298
1431606697068486656
1431606996260753408
1431608253541019652
1431609174413168643
1431609186283044867
1431609194373947395
1431609801767854085
1431610015010410498
1431612995109539840
1431613054693773315
1431613312890904577
1431615556952772614
1431616247964254208
1431617575176192011
1431617918073286656
1431619526261673987
1431620175934197765
1431620411117252610
1431621373433102340
1431622922783838214
1431624444754243584
1431624611209400326
1431624682281873412
1431625116853489667
1431625116916625421
1431627715224952836
1431627746011226114
1431628168981618691
1431628889290416132
1431629282279936005
1431629854143926274
1431632669708857346
1431632672225378308
1431632672225382403
1431632675450679301
1431632675723366401
1431632864156786690
1431638020311199751
1431639008791171072
1431639458982645763
1431640214456340489
1431642280386076674
1431642364909694981
1431643003219857414
1431644756388597761
1431647763477970949
1431647764459360256
1431647764497113090
1431647765050822659
1431647786655703044
1431647797820940294
1431647972761145344
1431649037212700673
1431651869370245123
1431651955454119941
1431653005913382916
1431653862637805572
1431653986055118848
1431654405980442624
1431655048208134154
1431656536535875593
1431657077433323522
1431657255540301830
1431658333744902147
1431658601362251778
1431659088253886467
1431660116076601351
1431660734220488705
1431662866273239040
1431662869012103168
1431662869410729986
1431662871776268290
1431662935143862273
1431665345425780742
1431667668168364032
1431669165983780866
1431669909574930436
1431670414871306242
1431671701176262656
1431674439473586177
1431675454264590340
1431677060628504584
1431677372508557321
1431677962483556353
1431677964521861123
1431677968020090886
1431677968053456896
1431677969118814211
1431678028552212482
1431678497223757826
1431686303419183108
1431687931966656518
1431688086992347136
1431689932003811335
1431691569653075974
1431691885010202627
1431692677662314499
1431692869685895169
1431693063001411592
1431693065224392706
1431693066591563779
1431693069204611077
1431694937595203585
1431695192998961157
1431696736704151561
1431699451329064966
1431699691864002563
1431699992469721091
1431700612060639233
1431700615504306179
1431700616640929802
1431700661998063620
1431701196817960976
1431704489095012360
1431704889999048710
1431706952355225601
1431708162726449152
1431708163129151489
1431708163208851458
1431708163741405186
1431708163779203080
1431708163900784640
1431708166006337537
1431708315772391426
1431710925376167941
1431711873280393216
1431713204367994883
1431713375919161349
1431714509018865669
1431715207894626305
1431715711987200004
1431717180484292619
1431719631379701764
1431720427278188544
1431720600490369026
1431720744396804096
1431723261797093377
1431723262422274053
1431723262837510149
1431723263969923080
1431723266897367041
1431723512922722305
1431730192070832129
1431730559219159041
1431733543818907649
1431733739470704647
1431734625995472901
1431735340650295302
1431736485867409413
1431738056869093379
1431738361916665857
1431738362013143051
1431738363850080260
1431739140928942086
1431740945410764800
1431742135464652803
1431743393957249024
1431745739240222722
1431745913408610312
1431745922476748803
1431745991091306500
1431746073731735559
1431746163762470924
1431746977310597132
1431747430668808197
1431748240718893058
1431748427029704705
1431750440241143816
1431751446714748930
1431752716162830338
1431753459989049347
1431753462065209347
1431753465139580932
1431753711878131722
1431754283481894913
1431756457721040900
1431757234950840328
1431758647781171210
1431758655901380615
1431759762371321856
1431760597213925377
1431761009681866753
1431761010453483521
1431761034428260353
1431763069663911939
1431765489265561604
1431766042901090304
1431766307989565445
1431766400662659075
