1431406172364496899
1431406172402298886
1431406177347268613
1431406177737453574
1431406584912097286
1431406601571905541
1431406626846740481
1431407102334054406
1431407231065640961
1431407429170995200
1431407430232072192
1431407481515753475
1431407744578379778
1431407923100532738
1431408074435223557
1431408228970205185
1431408476920684546
1431409310068785152
1431409407108304899
1431409473625731074
1431410044701134856
1431410189870174214
1431410289476620299
1431410309038804993
1431410320535441415
1431410472239058948
1431410823746965510
1431410873566908416
1431411205009068034
1431411400467959812
1431411519254933504
1431411532047466496
1431411687631036426
1431411709886013441
1431411794128609281
1431412257779486730
1431412716682498049
1431413020861861891
1431413357622415360
1431413383493033989
1431413698132946950
1431413721436405765
1431413722719866881
1431414176115736587
1431414563875037193
1431414565426839554
1431414627712241672
1431414728186814473
1431414979794669568
1431415427398348803
1431415718906638340
1431415793233838083
1431415942106468355
1431415981843353603
1431416017687924744
1431416074755612673
1431416571012988930
1431416641108291587
1431416697622302721
1431416789485883394
1431417311206907907
1431417439259086850
1431417481869074438
1431417506107953154
1431417747993284610
1431417812518637570
1431418417672765448
1431418516066820098
1431418815078977537
1431419160228204544
1431419298778583045
1431419742259191810
1431420516255031301
1431420808937672705
1431420908166647814
1431421258479116291
1431421292150931458
1431421343078223872
1431421378952155136
1431421488557658114
1431421548611657733
1431421718460080131
1431422008231923719
1431422261152690178
1431422529910890505
1431422787751751682
1431422817900191744
1431423162399481861
1431423438275727365
1431423494143758342
1431423510321184771
1431423645646217220
1431423895500886017
1431423933304254469
1431424260858331138
1431424422137765890
1431424537397235719
1431425109580042245
1431425114827067397
1431425351222169606
1431425550275465220
1431426158311231488
1431426182109597700
1431426256499773444
1431426304239292417
1431426304604192769
1431426315132014593
1431426317124313089
1431426371373477893
1431426585786298368
1431426633974624264
1431426770134306818
1431426846315487238
1431427382762745861
1431428075934334977
1431428108431802379
1431428128765890566
1431428307732602882
1431428317610119169
1431429245620957190
1431429421471354885
1431429561359769607
1431429588744384515
1431429757900570624
1431429847889362949
1431430345027579906
1431430925280239616
1431430955185721345
1431431268919562241
1431431343020421127
1431431618208620545
1431431689310543875
1431431886363144198
1431432020492701696
1431432114159984646
1431432595938504710
1431433289353596928
1431433326116679684
1431433364691513347
1431433367669649409
1431433517800509444
1431433608200433668
1431434005434535939
1431434257977724928
1431434626958909441
1431435530852618241
1431435742480306176
1431435867369914376
1431436371491758083
1431436374675054594
1431436385953751041
1431436947961036804
1431437401533124609
1431437825631719424
1431438172869824513
1431438424041562114
1431438694859350018
1431438842498781186
1431439166953435139
1431439597725233154
1431440145526448137
1431441215699013637
1431442306968793088
1431442782757998599
1431443165412790281
1431443792889057281
1431443921805131777
1431444224642371585
1431444227020529664
1431444450107068423
1431444528708341761
1431445178775048193
1431445238443302914
1431445251386920969
1431445687913308163
1431446070618435586
1431446450945212418
1431446451188498436
1431447700503941122
1431448701973655552
1431450219527483393
1431450663817515011
1431450727629557764
1431450773246910465
1431451275619614724
1431451474714759178
1431451486119243782
1431452109061361667
1431452477057028100
1431453945826795522
1431453986867986436
1431454369891987459
1431454444445741057
1431454973347475456
1431455133058097156
1431455250267975680
1431455748391948289
1431455785024987137
1431456342070411264
1431456418469720066
1431456511092531200
1431456562036551692
1431457531323428873
1431458516724711425
1431459021010182147
1431459706271305730
1431459985272279042
1431460931020677124
1431461009923977217
1431461192229429259
1431462390550437890
1431462794851987456
1431463449889054727
1431463450128027648
1431463865456398341
1431463883332587521
1431463937887854594
1431464096592015361
1431464136597192710
1431464221724786692
1431464586276970497
1431464882176659456
1431465469349965826
1431466329891131393
1431466693285588997
1431469086123380736
1431469392001372167
1431469622264573955
1431469841240764421
1431470408436432897
1431470838725976068
1431471085149691905
1431471602881998854
1431471847846072321
1431472201065242627
1431474119262883840
1431474119669813253
1431474120353583107
1431474120370397184
1431474874443255810
1431476215106375681
1431476835834081281
1431477349065928705
1431477390828457985
1431477814520422402
1431479483979255808
1431479851668606976
1431479859797241864
1431479930001428483
1431480655569842181
1431480914056384512
1431482362253164549
1431483129181650947
1431484762573660161
1431486029953916929
1431486104847388677
1431487356515803144
1431487410223857666
1431487510706802689
1431487861161930754
1431489238109933572
1431491571661352960
1431491593433931777
1431492858025058311
1431493900498317314
1431495121921585154
1431495425782071296
1431496773181259778
1431497627665899521
1431500682973126656
1431505530116321280
1431508104458514433
1431509752379498500
1431511197879345153
1431512060064587777
1431514441003249665
1431516195220492292
1431516203789557760
1431516838073192448
1431517227006709760
1431517429843251204
1431518914501021699
1431519417859383296
1431519419448975372
1431519436196958209
1431519782893928448
1431519788547907587
1431520386479542273
1431521080506785792
1431521085296717825
1431521173955874817
1431521197326577664
1431521205069221889
1431521264905162753
1431521932025942019
1431522138578685952
1431522187014459398
1431522193574334470
1431524022236372992
1431524084538650624
1431524092088365058
1431524614929256450
1431526967862571009
1431527471262814208
1431529326403637252
1431533704078319618
1431533762571952129
1431536952931667974
1431538040581808132
1431538301131952130
1431538525095202818
1431541306548015105
1431542073094656002
1431542134277029890
1431542188039618562
1431542516063641603
1431545184991522818
1431545338758901761
1431549113548488709
1431549687346122753
1431557302365138945
1431557944810905604
1431560499842490371
1431564943111901184
1431564975995244546
1431567664724459524
1431568239574781953
1431568502352228358
1431569559409111043
1431571000848695301
1431572276718149634
1431572518209478660
1431572518213611522
1431573508199526403
1431573721236508673
1431574377162846210
1431575929311088641
1431575996352901127
1431577844686196739
1431579000527331333
1431579312721842185
1431579815832784900
1431579817233760262
1431579817758003204
1431579899530186754
1431580387592048644
1431581563079307264
1431584142358089733
1431584550925254658
1431584849081606144
1431585074106060802
1431585416201875458
1431585804867014656
1431586016297734147
1431587372941119493
1431587373758836737
1431587374727720963
1431587376640315392
1431587662167674885
1431587822344052738
1431588005014351873
1431588387316768775
1431589359342469121
1431589502729007104
1431589642491547655
1431589659717652486
1431589894841901057
1431590467095912450
1431591140424175618
1431591141879783428
1431591811437432837
1431591903049494532
1431592103629496324
1431592415861739529
1431592455477075968
1431593688258523138
1431594012146814978
1431594370768191488
1431594441995866114
1431594577224425474
1431594752043012097
1431594915457159171
1431594916099104775
1431595670754914308
1431596390279532549
1431596405903216642
1431596593749364741
1431596633326751748
1431596890320109570
1431597445855711232
1431597469712801792
1431597790472384518
1431597880171810816
1431597885137825796
1431598143083356161
1431598238470217729
1431598398021513219
1431598438567890952
1431598690276241421
1431598755883663361
1431598873227714564
1431599055428325380
1431599060453105665
1431599273553039360
1431599872726245379
1431600110404841476
1431600433689153540
1431600533991743491
1431600619580702723
1431600778117013514
1431601118816227328
1431601369987887116
1431601523042275330
1431601701958586369
1431601756438417408
1431601856522903556
1431602468371193856
1431602470019469325
1431602699477340160
1431603229192855555
1431603305399078919
1431603367147618311
1431604084780371968
1431604222982819845
1431604356634267650
1431604388246720517
1431604531431886851
1431604907816144896
1431604981925232656
1431605149311639552
1431605155749900298
1431605350856335363
1431605536177414145
1431606430428188675
1431606496819826691
1431606717041758211
1431606996260753408
1431607008625573895
1431607508523786249
1431607982383566851
1431608205457698819
1431608253541019652
1431608332347920384
1431608347439124481
1431608765254705155
1431609174413168643
1431609186283044867
1431609194373947395
1431609647455248397
1431609647811678208
1431609703734390784
1431609763201048583
1431609801767854085
1431609917257945092
1431609961742745600
1431610015010410498
1431610015161348102
1431610017396903938
1431610346343702535
1431610685197279232
1431610725374566413
1431611270852120578
1431611360484503559
1431611491061481472
1431611678852988930
1431611963327582215
1431612372469391361
1431612543630516224
1431612788997300233
1431613345661165570
1431613440561455109
1431613587898916873
1431613790198587397
1431614165563629573
1431614235222716419
1431614304625721351
1431614544867176451
1431614969267855367
1431615086150492160
1431616099771199497
1431616306546085888
1431616516685012997
1431616709996302336
1431616913399062534
1431617346993639428
1431617566305255427
1431617569597837313
1431617570671456262
1431617575176192011
1431617622391599107
1431617674488995841
1431617771796848644
1431617918073286656
1431618527409156099
1431618628739293186
1431618701913116686
1431618865977507841
1431619122958409731
1431619129149116418
1431619337073332231
1431619526261673987
1431619964499333121
1431620002180907011
1431620081616920577
1431620655246675968
1431620712947666954
1431621358731939848
1431621373433102340
1431621467729502209
1431621649296728064
1431621884014170116
1431622164613115914
1431622277125246981
1431622556860157953
1431622567694057475
1431622745360674817
1431623044741619713
1431623183933874182
1431623446451085314
1431623566378819588
1431624052343558147
1431624137282314248
1431624444754243584
1431624611209400326
1431625116853489667
1431625116887105536
1431625116916625421
1431625531083141127
1431625679527976960
1431625836726206470
1431625869420679169
1431625869588459521
1431625883362734087
1431626190423531526
1431626205313310722
1431626280349356035
1431626321113894912
1431626330739773446
1431626456753393664
1431626890872303619
1431626959117770753
1431627113296240645
1431627249602727938
1431627356007960577
1431627715224952836
1431627746011226114
1431627785592840198
1431627842794655751
1431628168981618691
1431628470635827200
1431628637535555584
1431628653289410566
1431628655814402050
1431628889290416132
1431628889592369157
1431629093125214220
1431629736162308102
1431629840755609600
1431629854143926274
1431630147640233986
1431630338590232577
1431630542949298179
1431631072438235136
1431631327200153612
1431631361555763209
1431631652283981832
1431632136868618252
1431632306264018954
1431632354171408390
1431632626780102665
1431632670295953412
1431632672225382403
1431632673101869057
1431632675723366401
1431632680123129861
1431632738562551814
1431632755427790858
1431632785320599557
1431633089583800320
1431633303426174976
1431633633962508298
1431633746512556038
1431633818843222022
1431633837252087823
1431633930399137804
1431634254727983113
1431634415445229571
1431634455207292937
1431634575436963846
1431634608903315456
1431634689937354756
1431634991583203329
1431635322841010177
1431635999768129552
1431636711793037318
1431637127779999744
1431637207199064068
1431637465194897411
1431637791197257732
1431638243473244162
1431638261349429249
1431638529260638212
1431638557530247171
1431638581089550341
1431638918710153219
1431638981570179073
1431639082485047296
1431639298332364809
1431639348005515274
1431639397045346306
1431639458982645763
1431639459078959110
1431639464972070919
1431639890366697476
1431639937888235522
1431639962194100229
1431640214456340489
1431640216452968448
1431640216792702989
1431640325152456711
1431640339601895426
1431640461756833801
1431640865068494859
1431641344041234433
1431641741199826946
1431642101222100995
1431642280386076674
1431642307997089796
1431642364909694981
1431642374330011651
1431642722255917059
1431642730468233224
1431642730476621830
1431642803210264583
1431642889977794565
1431643003219857414
1431643331881283596
1431643429948248065
1431643438613737474
1431643525557407745
1431643834228908034
1431643858954248194
1431644143479046150
1431644319966920709
1431644501928517644
1431645519131119623
1431645519407980548
1431645659837386753
1431645762182696960
1431645841081708547
1431645842163834885
1431646624745459713
1431647280990498818
1431647381418913792
1431647492005941251
1431647763477970949
1431647764497113090
1431647768775311360
1431648101626957829
1431648106282692609
1431648267272548352
1431648316840943625
1431648672203386881
1431649622347423746
1431649771677265923
1431649842976145409
1431650292068753408
1431650545538846720
1431650783599099908
1431650966047240202
1431651497587118085
1431651538561286144
1431651955454119941
1431652364134625284
1431652370069561346
1431652783070097408
1431653681267683334
1431653840068173824
1431653901653221380
1431653992552075272
1431654006376521735
1431654405980442624
1431654512138362881
1431654764807401478
1431655048208134154
1431655121633562626
1431655177321340939
1431655363837841410
1431655504829460482
1431655869608046595
1431655911358148612
1431655919318933509
1431656255676891147
1431656536535875593
1431657009028476934
1431657246228770816
1431657965510139906
1431658037828362257
1431658240941645835
1431658333744902147
1431658387398344708
1431658601362251778
1431658997111734272
1431659088253886467
1431659469591678981
1431659485660069889
1431659509282451465
1431659566882824194
1431659794172162058
1431659863633973249
1431660282401656837
1431660434281619459
1431661769534189573
1431661793093554176
1431662034416979974
1431662074497748994
1431662863811235845
1431662865665064962
1431662865732145154
1431662869410729986
1431662871776268290
1431662935143862273
1431663081621528583
1431663366855090178
1431663426561052673
1431663610120572936
1431664110484213762
1431664241031983110
1431664524030062595
1431664569785765899
1431664574114279426
1431665017687060481
1431665345425780742
1431665379743461379
1431665709055201283
1431665868635877382
1431666659916451846
1431666790984306695
1431667539701010439
1431667668168364032
1431667997307985931
1431668305937539073
1431668542651371529
1431668796889174029
1431669165983780866
1431669207628931076
1431669758085238792
1431669807322120194
1431669909574930436
1431669987735973889
1431670007210123266
1431670111656611842
1431670413885513734
1431670414049218563
1431670414170808328
1431670714038358021
1431670725933424649
1431671073486090244
1431671248464064518
1431671701176262656
1431672025861566471
1431672125648220162
1431672613764481026
1431672931789201412
1431672936574984194
1431673112244989955
1431674424382603269
1431674439473586177
1431674448726331394
1431674881415041024
1431674885466738689
1431675796914118658
1431676303749615616
1431676453045903370
1431676893531709445
1431677051199758336
1431677181051260934
1431677182716399626
1431677293722841094
1431677372508557321
1431677469183070213
1431677648921636868
1431677707939688454
1431677796082982921
1431677962483556353
1431677968020090886
1431677968053456896
1431677969118814211
1431678028552212482
1431678119426068484
1431678503829786626
1431678574021468163
1431678768209448964
1431678909897138179
1431679195453734919
1431679644403740683
1431679719603322885
1431679758849486854
1431679827220762628
1431679941070966789
1431680864891592705
1431681247139418116
1431681737944440844
1431681817300639752
1431682025619079174
1431682058846412811
1431682330398187526
1431682437059334144
1431682698406400007
1431682736876625920
1431682792404959234
1431682836181000196
1431682875162865667
1431682995983986690
1431683052862910476
1431683199328047106
1431683513791746055
1431683677285670912
1431684008413315076
1431684107218702343
1431684125409300482
1431684476627820547
1431684749026897925
1431684770220716043
1431684881524854788
1431685008901607432
1431685208894476288
1431685296110948360
1431685512838799360
1431685514739003403
1431685603956084738
1431685862048288771
1431685874614513666
1431686267645960192
1431686303419183108
1431686602452049924
1431687076848799749
1431687369237925896
1431687740903538692
1431688028775321601
1431688086992347136
1431688364059680775
1431689136734355458
1431689426892115985
1431689558597513226
1431689690705539079
1431690253065129989
1431691169122209800
1431691885010202627
1431692248132071426
1431692529464922119
1431692677662314499
1431692869685895169
1431693062225334273
1431693066591563779
1431693067401056257
1431693069204611077
1431693083155083274
1431693112116531201
1431693222770876416
1431694058255048704
1431694320826867713
1431694320948506624
1431694890828718086
1431695192998961157
1431695203920982021
1431695384431181827
1431695585606836228
1431695937932566528
1431696118052757509
1431696192732340232
1431696309921226753
1431696580479004679
1431696736704151561
1431696856598335491
1431696903004098562
1431697206357151756
1431697663901290503
1431697730091601926
1431698022887477248
1431698025097928712
1431698162335506436
1431698179171524609
1431698331902922758
1431698513348513794
1431700611700072448
1431700611720900613
1431700612060639233
1431700612740173829
1431700615504306179
1431700616640929802
1431702598982279168
1431703125837160449
1431703440661561348
1431704019131633667
1431704386611339265
1431705457652125697
1431705614959456265
1431705645057773582
1431705714435702796
1431707366878322690
1431707699335602178
1431707798539325440
1431708161493319683
1431708163208851458
1431708163741405186
1431708163779203080
1431708166006337537
1431708308197593090
1431708676537077773
1431708724662607873
1431708857315860493
1431708916828626945
1431709004338708484
1431709143056924679
1431709411010093067
1431709420199755778
1431709436427505665
1431709653084291082
1431710497259335688
1431710686388887554
1431710709944143873
1431710925376167941
1431711152678055936
1431711515401465857
1431711816653103105
1431711873280393216
1431712721960067076
1431713194825814019
1431713957794942976
1431714721355415552
1431715207894626305
1431715213213118469
1431715711987200004
1431715840823599114
1431715954816339968
1431716307326717960
1431716349659787265
1431716838841503747
1431717147315773444
1431717180484292619
1431717581044469770
1431718066983948300
1431719373299986433
1431719428899676165
1431719492594327558
1431720427278188544
1431720600490369026
1431720744396804096
1431721009841852424
1431721157028352006
1431722876105805833
1431722948973432834
1431723261797093377
1431723263911084035
1431723263969923080
1431723264427143169
1431723273725808640
1431723366147366927
1431723387026645001
1431723512742416384
1431723512922722305
1431724020651728900
1431724038104170503
1431724183730413573
1431725334987218945
1431725545209933824
1431725563304202244
1431725714441707521
1431725777679122433
1431725908600102912
1431726058710179845
1431726076733140993
1431726581915979785
1431727352036438016
1431728294270013445
1431728849583280129
1431729315364970497
1431729375897169924
1431729840516907009
1431729879716933633
1431730559219159041
1431730810713821191
1431730810755948549
1431730811233988609
1431730863654514691
1431731615882006530
1431732348878471176
1431733232605798402
1431733327396888577
1431733360347451396
1431733543818907649
1431733715168813060
1431733739470704647
1431733971889672192
1431734397955358720
1431734429991440387
1431734498551635977
1431734585633787910
1431734625995472901
1431734628763652100
1431734643330592778
1431734697604829188
1431734815980756994
1431735340650295302
1431735391489511425
1431735809368072199
1431736248297611265
1431736440409534465
1431736709226582022
1431737072537243656
1431737162425376769
1431737364003672074
1431737629863776258
1431737833237192704
1431738056869093379
1431738362013143051
1431738365917945862
1431738366857383938
1431738630591111168
1431738704368918535
1431738734542737414
1431738795330875392
1431739129881104387
1431739367471648770
1431739559600082947
1431739587072716801
1431739798503428102
1431739847694245891
1431739937624403973
1431739967932338185
1431740408804085768
1431740682939555844
1431740711074938881
1431740877110607872
1431740945410764800
1431741035311505409
1431741632081104896
1431741883626123267
1431741969043271684
1431742135464652803
1431742418546745351
1431742846755803140
1431742969833566211
1431743375259099143
1431743805443747850
1431743808845271040
1431744805785292802
1431744828098940938
1431745005362765830
1431745384456523781
1431745633317163015
1431745739240222722
1431745910476660738
1431745910585925641
1431745913408610312
1431745917409972229
1431745922476748803
1431746073731735559
1431746163762470924
1431746367546929156
1431746495162855426
1431747220844449794
1431747282379198476
1431747452189777928
1431747949772558341
1431748045000122377
1431748342896369667
1431748356888535046
1431748427029704705
1431748432511782913
1431748650552659971
1431748678549708801
1431748716323561476
1431749040346128385
1431749549417287683
1431749685111369736
1431750033351876611
1431750100951474178
1431750440241143816
1431750862385332226
1431751037690556419
1431751350623289346
1431751528621215758
1431751914023161861
1431751999037583363
1431752462332047366
1431752973093380102
1431753041817096193
1431753324580200453
1431753459989049347
1431753461520027649
1431753464107859970
1431753464539930632
1431753465139580932
1431753470126735366
1431753564607684613
1431753711878131722
1431754149083983875
1431754283481894913
1431754732377366531
1431754738350137344
1431754968525123588
1431755101551661056
1431755106291265542
1431755171206516744
1431755844186673158
1431756418286292995
1431756431800295429
1431756457721040900
1431756473449816064
1431756665884401671
1431757000862416901
1431757055015202820
1431757234934059011
1431757363380371459
1431757674224435202
1431757778842963972
1431758085547335682
1431758486510186497
1431758655901380615
1431758776546340871
1431759669459144708
1431759762371321856
1431759904444981255
1431760556055273473
1431760758032015360
1431761009681866753
1431761010906607623
1431761010919022595
1431761022726152193
1431761022788853762
1431761341451223040
1431761352746586118
1431761739733929987
1431762092873289735
1431762425485926408
1431762512547045376
1431762972226072581
1431763069663911939
1431763735102828547
1431763900979105792
1431764191241805827
1431764667760791567
1431764784567963652
1431764945591586817
1431765061538828293
1431766042901090304
1431766307989565445
1431766315576938498
1431766546116927493
1431767044006072324
1431767337603059715
1431767433803714561
1431767699604979714
1431768015415169028
