1436117222385127430
1436117229565788160
1436117232380219393
1436118000936099840
1436118644002627584
1436119478924832771
1436123012634447875
1436124346943254529
1436125407195983873
1436125970407337985
1436126060614139912
1436126542246162433
1436128310891798532
1436128499291598849
1436128859292848128
1436129410302681089
1436129938265026567
1436132522170142724
1436132882905550849
1436133489661853697
1436133749381648390
1436134052583591938
1436134343802507267
1436134578477940784
1436134650435543042
1436135368601047041
1436136158820331524
1436138796588929025
1436141598740451329
1436141829787828238
1436143637981642752
1436143701282246661
1436145475669872646
1436146033248047104
1436147418907623441
1436149677817311232
1436152533785980929
1436153321572667396
1436153395442819074
1436153448760811523
1436153580587831303
1436153691745234946
1436154710914842664
1436157227652599811
1436157450495803402
1436160096120287233
1436160115711827969
1436167862545260544
1436169639990542338
1436169642511273987
1436169990907088898
1436170108477526018
1436177616332103682
1436178460356104195
1436182645105430528
1436183903094595584
1436184056631336962
1436185916624629775
1436198299808247811
1436198762876178434
1436202163978473493
1436207828075618304
1436209630351343618
1436213738089058327
1436219666188308482
1436222543086587907
1436232172227211266
1436232188568215552
1436232225985548293
1436233139958001669
1436235174484848640
1436238742562476034
1436241652671205379
1436245618826039305
1436254885310128128
1436258280750206978
1436262538375835669
1436266435093934081
1436275945757937668
1436277381606559779
1436280437677064192
1436280803365900302
1436281619950804996
1436282420794363911
1436283414303412224
1436283491063320605
1436290258837065730
1436291048507068446
1436295569970974725
1436296284256849925
1436296411306360833
1436299997205643264
1436300924549480450
1436302198527315970
1436305612464398336
1436305766034690051
1436305971949735941
1436305972625092627
1436306722419847187
1436307032475381794
1436307624618872833
1436308343317016590
1436308485076103174
1436308682766180373
1436308806821089287
1436308839712894994
1436310179407179783
1436311453024325633
1436312608299233292
1436313518219931672
1436313759669231619
1436314089635074048
1436315494215208966
1436315761702809635
1436315994507653169
1436317512363352064
1436318031802740794
1436318740552036369
1436318801017122867
1436319683280613377
1436319739949821972
1436321335995740163
1436322620195184645
1436323149398827018
1436323197302026242
1436323339086143488
1436323588311814145
1436324067850735623
1436324131323191300
1436325522057924608
1436326111281963018
1436327101758586880
1436327253747671043
1436327726978412545
1436328608285347841
1436328616992804866
1436331375339229186
1436331619024003074
1436332451266191363
1436332469091983368
1436335835721445379
1436336158653440004
1436337924388401160
1436338455378866176
1436339056246509574
1436339847778689033
1436339977558892546
1436340022899265542
1436340932505395244
1436343574552010774
1436343714704678914
1436343716277485575
1436345860040888323
1436347451288473603
1436348098066911240
1436348538980556803
1436350028801404929
1436350074993446922
1436351258579939333
1436351318478757889
1436351736541859841
1436351945791377411
1436352177870712835
1436354431109500935
1436354543629914119
1436354717551153152
1436355691569197061
1436356319502651408
1436356428894253056
1436356572553359362
1436356870202142721
1436358621315620868
1436359732852371460
1436361323126960136
1436361755018645505
1436363072730386435
1436363545650909189
1436365084285194277
1436366715903004694
1436366990428540933
1436367657087950849
1436368365069783061
1436368530488893442
1436368542178455552
1436368618518990852
1436368957150318606
1436369132954456065
1436370130804436994
1436370408496943144
1436372234428420097
1436372607587307570
1436373147444563980
1436373433131036676
1436373467868418088
1436373768591626256
1436373909037887492
1436374771017699336
1436374818044137473
1436374920720642050
1436375708167819287
1436376445857648643
1436377396219981824
1436378101647396924
1436379211577675801
1436379667490037763
1436380220651712513
1436380340289933330
1436381129809055747
1436381411330646020
1436381457035907073
1436382723262664710
1436385408041066496
1436386181147725831
1436387359981981702
1436388137345880072
1436388490070089733
1436388684031565834
1436390199525879810
1436390778520096773
1436390994774200342
1436391537294839820
1436392779765014534
1436392780423589892
1436393534601535492
1436394038148714499
1436394227534123014
1436394382106808322
1436394921754234907
1436395154693369859
1436395296393674753
1436395296452403201
1436396554454290432
1436397497467949062
1436398230275829765
1436398518743220227
1436400674212810758
1436400701668794368
1436402845897695239
1436402845968846848
1436402848745590785
1436403111514361858
1436403543209123846
1436404104692129792
1436404104742514689
1436404105631567872
1436407456758915077
1436408354184867845
1436408392143228932
1436408424166723584
1436408639816929288
1436409069133254662
1436412189775220743
1436412696891731971
1436412921106501634
1436414546718171149
1436415017403002891
1436415253672251396
1436415428968869888
1436415646825390084
1436417078244876288
1436417562074652675
1436418650823667713
1436419287825240065
1436419495795601409
1436419632785727505
1436419949359210502
1436421031338598404
1436422217735319553
1436423068260372490
1436423207339315200
1436423733716131871
1436424448501030917
1436424576272146434
1436426755280150556
1436429689472618503
1436430246333587473
1436430448817844228
1436432243342417920
1436432873112887296
1436434306994360322
1436434316985348097
1436434330323197953
1436434503023710215
1436436400434552837
1436436541895815168
1436437328579399683
1436439349281923084
1436439783526576130
1436441362770006021
1436441676596322304
1436442064116490240
1436442552962621441
1436443106048630788
1436445373887926277
1436445432218099728
1436445715350315011
1436448530839834626
1436450628235141131
1436452246158561281
1436452404057284609
1436452427797078017
1436452562681491457
1436453312560250881
1436453422631460886
1436453535873486848
1436453633734873098
1436456953866174471
1436458075960090656
1436458164636065830
1436460213956136964
1436462323980451844
1436464483552174113
1436466198854737958
1436467408470884354
1436469950961618953
1436470304080023553
1436470919162208256
1436471142596890624
1436471559745511427
1436472052744179712
1436472773707173889
1436474132946952192
1436475084659740676
1436476749454446599
1436478091723898884
