1396979326273392646
1396979497434591235
1396981727025827840
1396981984921018369
1396983102979858433
1396985615934230529
1396994427076423683
1396996263720128515
1397000468006572034
1397002327433883659
1397002956734619651
1397003261111046145
1397004774243979265
1397007006767194119
1397009527074066432
1397011891801755650
1397013169126744068
1397014373282062336
1397016821492969479
1397020206606823424
1397023356273180674
1397024372917932032
1397025881822941195
1397028820188901378
1397035970239815680
1397036521895731203
1397036732789542914
1397039770115756037
1397042832179875841
1397043214532681729
1397069925987016706
1397082252593356803
1397099616982626304
1397131672349458432
1397135094553395202
1397135348040339459
1397137948659830785
1397142902313259010
1397143480649011202
1397143965737046016
1397148968665112579
1397149193882398720
1397153247777931266
1397157663335751684
1397159933469147139
1397160015107170313
1397160611012808704
1397160766747381760
1397161525589258241
1397163792333746178
1397166452000665601
1397169874032599043
1397172555841261571
1397174713055694852
1397175114618138625
1397178830582919172
1397179396855844866
1397179956363501580
1397181133281021956
1397183025650229255
1397183461727916046
1397184246071152645
1397185029097332737
1397185074953654276
1397190833825370124
1397192958965919753
1397193291880443921
1397196378988859392
1397197779986956290
1397197868755300353
1397199504613548037
1397201549617729540
1397205074158530567
1397205565307293696
1397205570088804368
1397205851249815552
1397205919553970176
1397205968249884680
1397208173644324868
1397208695218610184
1397209215220035585
1397210583141949457
1397211297188651008
1397212629165297675
1397213389689081856
1397214384351498242
1397215372441444366
1397220605762719754
1397220917756014594
1397220980205002766
1397223950367825925
1397224076163289090
1397224364941193229
1397224793343238154
1397228150002753546
1397228474889383939
1397229814558363649
1397230015046201351
1397230226292281353
1397230581210099716
1397230982785376259
1397231030453641235
1397232492726394880
1397232708355600389
1397236044215509003
1397239849388740611
1397242839575277572
1397243577281961993
1397246647537647616
1397247355515191297
1397247994081198081
1397248896481570821
1397251116773953539
1397251367400529921
1397254080318296065
1397254598113517569
1397254890020241409
1397258677963399168
1397261181732069376
1397262440006619139
1397266260476432387
1397268174333218817
1397269158849617924
1397273416781209603
1397273775083855875
1397273836454809604
1397273845640355847
1397284229688483853
1397288172221091843
1397288172233560064
1397290636638830596
1397290840964349962
1397291129062793222
1397292408807727105
1397296418772054016
1397296419397062665
1397297686013952004
1397301446954033157
1397302268014309376
1397304228100644875
1397305952446132232
1397306480194252802
1397308130900385794
1397311972585185287
1397312311539363840
1397312762855010305
1397315292334895112
1397316266856259584
1397319388781596680
1397319607078227971
1397319816688676867
1397320225532559361
1397320526595600392
1397321147537100803
1397321454191058948
1397321579965554693
1397327154262814721
1397329964282884097
1397332358811070474
1397332904439603207
1397333500110462976
1397333517881810949
1397335953543417856
1397336422806343681
1397336679019548672
1397337943640059905
1397341207454523404
