1287177036503699456
1287177824672124930
1287178295835013120
1287178332954656769
1287178597732687872
1287178619211649024
1287178703261388800
1287179167264641024
1287179974169026560
1287180538973831169
1287181802147401730
1287183956316753920
1287184924152401920
1287186133038829569
1287186134657896449
1287187615532355585
1287187867052253184
1287188008425398276
1287188377838792704
1287188631912947714
1287189012160159744
1287189226908454917
1287189575291600896
1287190702166872065
1287190881762779136
1287190904143568896
1287191795227664384
1287192018867892224
1287192614371041281
1287192769631588357
1287193080928645120
1287193108279635969
1287193150294052864
1287193542759243776
1287193686292365312
1287194436615540736
1287195474781446144
1287196951050690560
1287197235768430594
1287198041930432524
1287198527324659712
1287199053953077250
1287200235098447880
1287200753472409602
1287201468840398851
1287201623635374080
1287201725313581058
1287201776962277380
1287203410824110081
1287203655628857349
1287203700520427521
1287205261233594370
1287205329277616128
1287205498148847616
1287205651203198976
1287205826118037506
1287206616249577474
1287206901269368832
1287206960690089985
1287207216076988417
1287207551205904384
1287207817628332032
1287207861970513921
1287207865363714050
1287208133807484933
1287208572300992513
1287209982988111873
1287211033375969281
1287211076728377344
1287211612013834246
1287211879861850112
1287211985776586753
1287212471518924800
1287213622037491715
1287215355555753984
1287215555225755660
1287215654110662663
1287215682388742144
1287215952455598081
1287215971053305856
1287216103891009536
1287217336399929345
1287217735626371072
1287217964102684673
1287218114036412416
1287218316948451328
1287218453468848128
1287218693320187907
1287219973065256966
1287220581654552576
1287224602020765696
1287225184802336775
1287225344207081472
1287226262746882048
1287227642111037440
1287228461095047169
1287229358340440064
1287229994029084672
1287230274787520513
1287230400247533571
1287230793597751296
1287230800992145408
1287231874021101570
1287232904234508288
1287234965369794560
1287235183889076224
1287235330932764672
1287236208012255234
1287236255672131584
1287237390822715394
1287237431490732038
1287237562034278400
1287237682318336000
1287237697598304256
1287237739419762688
1287239274191114245
1287239913138720769
1287240097088372736
1287243835358220289
1287244981175046145
1287246054635831296
1287249312704008192
1287251690236735489
1287252055694999555
1287252453549912066
1287252706843865089
1287253364565086208
1287255620501090304
1287257833210286081
1287259796928749569
1287263075624681472
1287263453435047940
1287272071098064896
1287275176405733381
1287283629186592768
1287283632965648385
1287284657122185227
1287287439162322945
1287290370968125440
1287290376051712000
1287290391163633666
1287291195706679303
1287291197703118848
1287291624343711745
1287291634355523585
1287291886344994821
1287292298640990208
1287294287357435905
1287294850338103297
1287295497649233921
1287295905906020355
1287295912876945410
1287296638734794752
1287296677209083904
1287298746405933056
1287304088338739201
1287307001605902337
1287311270329360384
1287315355451285506
1287317660296982528
1287319325678940160
1287319912025919488
1287321806345576448
1287322664437252097
1287323974653935617
1287325464466530304
1287326610761248768
1287327687367725057
1287330585338433536
1287334934013784065
1287335203946614784
1287335868240474113
1287338439818477568
1287339332748025858
1287340905683456000
1287345046061289472
1287345555123970049
1287349485971083264
1287349830767931392
1287350088138817538
1287350717410242560
1287354718239576067
1287354734387572737
1287354782525665280
1287355750088679426
1287355860155604992
1287357161908178944
1287357225405763584
1287358325873614848
1287358379892060160
1287358667793354753
1287359343898300416
1287359539092783104
1287359707481624579
1287361825236025345
1287362233257820160
1287362526242582529
1287364424567869441
1287365357242638336
1287366001148006402
1287367739204612102
1287367811581587456
1287368381335851009
1287368965933740033
1287369009487327233
1287369778399776768
1287369946184454149
1287371603953803265
1287372379845468161
1287372985918087168
1287373908904153091
1287374607360589825
1287375633367130112
1287375869644640257
1287375913143992321
1287376089988440067
1287379453497225217
1287380164922560514
1287380801722765313
1287381573596254214
1287382104330973191
1287382275508834308
1287382367292645377
1287382618988781574
1287382817844994049
1287382840548757504
1287383263829426176
1287384708758876160
1287385886880145408
1287385891653267456
1287386021852831745
1287386265625731073
1287386734163091457
1287387203530895360
1287387408061861890
1287387437317214208
1287387664300347392
1287387738329632768
1287387807128924163
1287388704290426880
1287388726444818433
1287389611958951937
1287389617386328064
1287389786320273408
1287390218832826376
1287390262214316036
1287391292335456256
1287392535443320833
1287394198979858433
1287394387442503681
1287394898321256448
1287395318464745473
1287395667963453441
1287395879423533057
1287396263269412865
1287397240500367360
1287398048977608707
1287398147736637440
1287398935796097024
1287399047549132800
1287399186833563650
1287399296942452737
1287399433232097280
1287400016743673860
1287400307044102145
1287400469493682176
1287400771189911553
1287401460741832704
1287401551078686725
1287401615507492865
1287402608785793025
1287402757100642304
1287402900445106179
1287403066459934720
1287403437907259394
1287403734625071104
1287404039206993925
1287404638598299652
1287405502612283398
1287405635227787265
1287408327945867264
1287408444677423106
1287408874602016770
1287408881824563202
1287408913541812224
1287409621146247170
1287410486502285319
1287410527765897216
1287411476513382401
1287411735918448642
1287412215256092673
1287412379140198402
1287412450002898944
1287412529329840129
1287412644568354817
1287413492711030784
1287413578283339780
1287414183211016194
1287414197354201088
1287414850843561984
1287415950539661312
1287416051286921222
1287416052154920960
1287416180031066112
1287416372063088648
1287416637428305921
1287417396823764992
1287417420672651271
1287417474628157440
1287417609290481670
1287417773971386369
1287418363212369921
1287418558260097024
1287419364401086464
1287419735445995521
1287419928740532224
1287420990021148673
1287421195281997824
1287421641597825024
1287423567458533377
1287423868873797634
1287424166786936834
1287424819257114626
1287424877817888771
1287425428634968064
1287425661171306497
1287427111054082048
1287427460401975297
1287427622776037376
1287427793966505984
1287427973939965952
1287428406423031808
1287428413708435457
1287428852336263168
1287429040371044355
1287429793793945601
1287430028486152193
1287430134270754816
1287431470877945857
1287431777309646851
1287431835291717633
1287432247105204224
1287432356765237250
1287432545764810756
1287432564785979394
1287432675503079429
1287432706780012544
1287432874115895296
1287433166098178049
1287433496584224768
1287434030934306818
1287434283884384263
1287434516479401984
1287436219048222722
1287436554500218880
1287436708959735809
1287437091392106496
1287437121536565252
1287437214499168261
1287437287790444547
1287437290906824706
1287437336549240834
1287438651245432835
1287438767155032064
1287438860520235010
1287439014618968064
1287439017760497664
1287439098488250368
1287439355615809538
1287439594993135616
1287439634054746112
1287440047034314752
1287440374559113218
1287440460756275205
1287441377601757184
1287441792820969473
1287441910710317056
1287442698157391872
1287442871893753858
1287444106592038914
1287444333747085312
1287444699846934528
1287445026046464000
1287446354533289984
1287446412301602816
1287446816770924545
1287447000909262848
1287447092139622400
1287447206128230401
1287447268421799941
1287447341746794496
1287447441415995392
1287448126840807425
1287448801096151040
1287449176545079297
1287449666544635905
1287449959789481984
1287450068086292480
1287450307191070722
1287451457516601347
1287451507063848960
1287451782441062400
1287452509393616897
1287452517811421184
1287452665400696834
1287452786049921024
1287452873303953411
1287453123984982017
1287453401857564677
1287453657148149762
1287453946831876098
1287454384192991238
1287454655765716994
1287455045110452225
1287455045492056067
1287456507492261888
1287456993238810625
1287457428242608128
1287458548151209992
1287459604759183365
1287459611663114241
1287460272450543618
1287460331581652993
1287461321655685121
1287461889606389761
1287463152343490565
1287463417301934081
1287463666707771392
1287464562200137733
1287464798507028480
1287465458535464960
1287465528190214144
1287466062146080770
1287467350078427143
1287468812753920001
1287469406675783681
1287469968733478915
1287470244940873730
1287470431608373249
1287470438281629698
1287472352582938624
1287472393217118208
1287473025454047237
1287473215841939458
1287473370192400385
1287473863538937857
1287474063259111425
1287475188393742341
1287475321864945665
1287477547954036739
1287477777348939776
1287477794318901248
1287477794704896000
1287478017548320769
1287478588426588160
1287479845711224834
1287480025583890437
1287481338065334272
1287481812567101446
1287481991001182210
1287482300310138880
1287487687902076930
1287488164853161984
1287488884473921536
1287490037492350976
1287490610727915522
1287491016518520832
1287491046163742721
1287491077503672326
1287491172886347776
1287491548188422145
1287492149538426881
1287492409706909696
1287492750078816256
1287492806022508545
1287492828474617859
1287492972276260869
1287493431045107715
1287494215438663681
1287495292372299776
1287495299821383680
1287495971576913922
1287496295872172032
1287496550697107458
1287496879186599942
1287497087756763136
1287497954752790528
1287498099531841542
1287498274832777218
1287500723866021889
1287501985495896064
1287502335267221504
1287502522882686977
1287503115424534529
1287503243069853697
1287503693491974151
1287504339767042058
1287504870216433664
1287506215854112769
1287506985278230533
1287507004647514119
1287507965302505479
1287508583903617024
1287509620966252545
1287510292021346306
1287511086028201990
1287511127581167623
1287511338168844288
1287511381659582466
1287511742273159168
1287513594767310850
1287514070065860608
1287515804666417153
1287516662988771330
1287516936872501249
1287517198781747209
1287517410761875457
1287517581822361600
1287517691150884864
1287517994407649280
1287518018998763522
1287518071855255553
1287518124988932097
1287519050659176460
1287519546631430145
1287520406686007296
1287520566484688896
1287520821091749889
1287521023236222981
1287521956401754113
1287522095577157633
1287522271540719617
1287522431486353409
1287522433688317952
1287522458078150656
1287523492167122944
1287525040884416512
1287525561888366592
1287527047057805318
1287527194500255745
1287527217317191683
1287527276981166080
1287527604715692042
1287528088872640512
1287529011707617282
1287529404344803335
1287529944147537920
1287530327901188097
1287531648184188928
1287533191147003910
1287533281056116736
1287534090795851778
1287534199315013632
1287536342830927875
1287537778469810178
