1420172199265247234
1420172549598633991
1420172659078352898
1420172667752157184
1420172669043896321
1420172681459208199
1420172798182449152
1420173288169512960
1420173699215409153
1420173722523164676
1420174051734081539
1420174096135036930
1420174163478827008
1420174266704748546
1420174433809960961
1420174558791864320
1420174877877751808
1420175409728172032
1420175455081189379
1420175540393218049
1420175656361594881
1420175683226161155
1420175796602298370
1420175801945927683
1420176062344962048
1420176138861694976
1420176411470479360
1420176433528418308
1420176466462052353
1420176471306407937
1420176798646738944
1420177360075251712
1420177841602367488
1420178062449197056
1420178266766327808
1420178337876615169
1420178409381105668
1420178629837959170
1420178646430539779
1420178715187859458
1420179065462566913
1420179286909198345
1420179347080683521
1420179374649790473
1420179612383031298
1420179656427425798
1420179698852761606
1420179706599591941
1420179878368927747
1420180049391669248
1420180082224779265
1420180242212298756
1420180401352478724
1420180565265948672
1420180752340340737
1420180804316053512
1420181134911094785
1420181417909276672
1420181666736316420
1420181729856442379
1420181911637463041
1420181955929415686
1420182131632902146
1420182186762899458
1420182716625084419
1420183028576538627
1420183065540841473
1420183086172618754
1420183242376982533
1420183352456486913
1420183472866414593
1420183481984983044
1420183615485497350
1420183858683826186
1420183897103552516
1420184059351818246
1420184315619651585
1420184519588646912
1420184641370271749
1420185036704391171
1420185074515984384
1420185261623980040
1420185297590145033
1420185676679716873
1420185707373637632
1420185734212882438
1420185757239631874
1420186107883446274
1420186160073265153
1420186372112015363
1420186810207150083
1420186914569609224
1420187216349908995
1420187247828160514
1420187248721494021
1420187391323672579
1420187466397540354
1420187646568157185
1420187737601236992
1420187901929852929
1420187944216842247
1420188016014995462
1420188181589340166
1420188219094839302
1420188242620600322
1420188371402506242
1420188388234256386
1420188410640273408
1420188458849652742
1420188492991279109
1420188789083889673
1420188848882176002
1420188932063498240
1420189235873726473
1420189254555250688
1420189335278821376
1420189529689018370
1420189583107559430
1420189720278183939
1420189727689433089
1420189874255171584
1420190007923462149
1420190027024412674
1420190189377495041
1420190197891977218
1420190445670440960
1420190634955231236
1420191006792851456
1420191035183960065
1420191099671416834
1420191258878914560
1420191408061927424
1420191443897958400
1420191449287729153
1420191724866052100
1420191867413598208
1420192112847564801
1420192302354554883
1420192318259351552
1420192501290385412
1420192561650618375
1420192617552351239
1420192638809133056
1420192730534252545
1420192801166405633
1420192859429474308
1420192873945968640
1420193428067942400
1420193469511835650
1420194215825448963
1420194373518700544
1420194416019509249
1420194515793625088
1420194644550377481
1420194811164905472
1420194994648911874
1420195446081871872
1420195570271105032
1420195943526379527
1420196089957847040
1420196299194896385
1420196683531571201
1420196684437630983
1420196846069325832
1420196864037724160
1420197436077875203
1420197603292155906
1420197708401418243
1420197881886171144
1420197909216337920
1420198020176662528
1420198025121705985
1420198190675107840
1420198269792174084
1420198278273044480
1420198404819402756
1420198500327956480
1420198795443331075
1420198989274746880
1420199229839052802
1420199354049126401
1420199361036922883
1420199441894629381
1420199577689468928
1420199809277960199
1420199819151302656
1420199976471302144
1420199982792167428
1420200211771764738
1420200345368776704
1420200359331565568
1420200491095633921
1420200519436488704
1420200853814796288
1420200875893661697
1420200907556392961
1420200988200296450
1420201209898618887
1420201618037829635
1420201628863401988
1420201639311417349
1420201648622735366
1420201686585511938
1420202016702349315
1420202460317208579
1420202473290145794
1420202874668257281
1420203252159819776
1420203511816638472
1420203601922772992
1420203742297788419
1420204292938637317
1420204383711629313
1420204461184716802
1420205143669235712
1420205251030917125
1420205283658420225
1420205303824539648
1420205775700508676
1420205840892579843
1420205958240821252
1420205995033341954
1420206030521344004
1420206572035248128
1420206690474020864
1420206907676106760
1420207024701427713
1420207199318642690
1420207228527824906
1420207559345061892
1420207851642015745
1420207900559953921
1420207964938457091
1420208344099430403
1420208633560829954
1420208922636558337
1420208945675788292
1420209018119888896
1420209070758367243
1420209152509493248
1420209507368570882
1420209535504035841
1420209538482020352
1420209760780050436
1420209976140865536
1420210072253239300
1420210654024241155
1420211452904972293
1420211604654854144
1420211654420279296
1420211723131367425
1420211764684328962
1420211789418143747
1420211896528084992
1420212413203304449
1420212439015202818
1420212558280249346
1420212967099047936
1420213895936057351
1420213985773826049
1420214506073034754
1420215012430422022
1420215322494177280
1420215880391213058
1420216041750290433
1420216531108220928
1420216541140897792
1420216565623050244
1420216831957110788
1420217015214690304
1420217194621833221
1420217202289037314
1420217634319126530
1420217881338470400
1420218137040064513
1420218220116549635
1420218283396005891
1420218294636748801
1420218549965107205
1420219010822586370
1420219208043008001
1420219280524783616
1420219410548146176
1420219414385934338
1420219675070418945
1420219972622733322
1420220040197120003
1420220071151079427
1420220954672865282
1420221235905142791
1420221355602087938
1420221593935130816
1420221840023298048
1420222506716254211
1420222717610102786
1420222893603098626
1420222991368179717
1420223671776460801
1420224399177703428
1420224457289912320
1420224832193634305
1420225551764185088
1420226034201505795
1420226107643682817
1420226475060510723
1420226683232296967
1420226955287355394
1420227058676994050
1420227651193737216
1420227719162380288
1420227919046135813
1420229874606911490
1420231560368902148
1420231602026827780
1420232135340929027
1420234667706421253
1420234777622372352
1420234990466572291
1420235045181198336
1420235743289614342
1420237672761724933
1420238115923443716
1420238180155068418
1420239285777752064
1420239905360388105
1420240270067646466
1420240375189475328
1420241028578168832
1420241306790543360
1420241743514112002
1420242603975532545
1420243979354923013
1420244149844934657
1420244285031686146
1420245231472156672
1420245492940804102
1420246399359258624
1420246399627632640
1420246446096408585
1420247138689331200
1420249558991376387
1420250585417322496
1420252311809560584
1420252958650994696
1420253983348772865
1420254700100784130
1420255208635052033
1420255208869965832
1420255716623912960
1420255930994860036
1420256852995149827
1420259491870806017
1420261134184194048
1420261915830403073
1420262464923504642
1420263892089901057
1420267057334079489
1420267401946583040
1420270275258732544
1420270321421197316
1420271079327629313
1420271130552700932
1420273979776974849
1420274085146284032
1420274816007933956
1420275943332007939
1420276068641034241
1420277819997835264
1420278004354359296
1420279089718611970
1420280951406481414
1420280996528803845
1420281921809133569
1420281940851232770
1420282756161015809
1420284214612742145
1420284227581587456
1420284234040741889
1420284890717712384
1420285072037588995
1420286919770984449
1420288133812432900
1420288445524717568
1420289477638082564
1420289844589236224
1420290907686019074
1420292944008032257
1420300745463586819
1420301639290925057
1420303651482996747
1420304095697674245
1420306203595329537
1420307150233030663
1420308951191605254
1420309846491111424
1420309953009623041
1420310401976242176
1420310767258284032
1420312807938088966
1420313076620877824
1420313081834524678
1420313762372935683
1420314083799220224
1420316041482162177
1420316042983792656
1420317234480750594
1420318109685194756
1420319187692556295
1420320125027328000
1420320640586813443
1420320864952897536
1420321684964487168
1420322009586733058
1420322963753144322
1420323145869938690
1420323147572776961
1420323205194174466
1420323355304112128
1420323555649146880
1420323812101476354
1420323835119906817
1420324008323653638
1420325182607138817
1420325293705752582
1420325322294243332
1420325394419421185
1420325660149551104
1420326084957061124
1420326462935244803
1420326870701289477
1420327231486926849
1420327812981002245
1420328175981170689
1420328303433498629
1420328319871070208
1420328324417605635
1420329068906442753
1420329177874669570
1420329758441754636
1420330694417469462
1420330770510622720
1420331196051951619
1420331522889068547
1420332477193805824
1420332790512558088
1420332903423221760
1420333596074647554
1420333724424720389
1420333758708961280
1420334615311446017
1420334739681054720
1420334890671878144
1420335072557871105
1420335962249482241
1420336217472765953
1420336618725072899
1420336731321257984
1420337197841063938
1420339214500179970
1420339312290242564
1420339403726143489
1420339849366802434
1420340119760949250
1420340282998939648
1420341230916050944
1420341340672610307
1420341701168844812
1420341701479108608
1420341758085451783
1420342057617575942
1420342555045240840
1420342611274051584
1420343050392547333
1420343058650988545
1420343172497092617
1420343964813647873
1420344301675024386
1420344339562127361
1420344539756339204
1420344916828377091
1420345018225680386
1420345306470703111
1420345479217430535
1420345779865128962
1420345793635094531
1420346269654990854
1420346279591284738
1420346620823154688
1420346759751024648
1420346957155946507
1420347185540083714
1420347548309594117
1420347581431943169
1420347741553766408
1420347825704087555
1420347979278561281
1420348102435917824
1420348160057266181
1420348253816639495
1420348301338202116
1420348468783104004
1420348712874823683
1420348740121071617
1420348767526694914
1420348926465617922
1420348961395707906
1420349157051621377
1420349357434544128
1420349487831306241
1420349533624672257
1420349578319122440
1420349774532861958
1420349864060334083
1420350340474544130
1420350580736897028
1420350584503345156
1420350973088878593
1420351017019916297
1420351050096300040
1420351131977338886
1420351215926489097
1420351221840416768
1420351275842121729
1420351353378033664
1420352340410912769
1420352593436495875
1420352661421965319
1420352676450213895
1420352718191874049
1420353332107952128
1420353346716667912
1420353349052993545
1420353608986632198
1420353753841127425
1420354174424862721
1420354420034916359
1420354500083077124
1420354589874954242
1420354636578443264
1420354662272733189
1420355039122575366
1420355280357838858
1420355865710927874
1420355890516041730
1420356094090694657
1420356128664395777
1420356346353004545
1420356611181367300
1420356645683609602
1420356902844870659
1420356967722373121
1420357343250894853
1420357478412431362
1420358041845837827
1420358240857067525
1420358379759972357
1420358546210934784
1420358639794094087
1420359065604173829
1420359240410177538
1420359249092390912
1420359260127612930
1420359354734284801
1420359402058625024
1420359697811615750
1420360191426564103
1420360361027457025
1420360388210688001
1420360435707035648
1420360446549405697
1420360486898515968
1420360502044205060
1420360593270267904
1420360634416443392
1420360688430686214
1420360765056372739
1420360765823930368
1420360819875921923
1420360891476836358
1420361128224432133
1420361344902127617
1420362402332282882
1420362412654579715
1420362744583315458
1420362921146609673
1420362974942961678
1420363156354969600
1420363374886543363
1420363380532076549
1420363392825630722
1420363393349955586
1420363418029248516
1420363660606820352
1420363687462846470
1420363999049359360
1420364187784695810
1420364345687650307
1420364405431230466
1420364489791361024
1420364490986692611
1420364657974550535
1420364673069813763
1420364853114454023
1420364920038776835
1420364992247963651
1420365047096872960
1420365083545247744
1420365092948873217
1420365103703236609
1420365371312386048
1420365461942853647
1420365468146278401
1420365604737978374
1420365709117468676
1420366085069627396
1420366120075268104
1420366159698857984
1420366280582893569
1420366303005642759
1420366356109791232
1420367080277356551
1420367284695093253
1420367324935249923
1420367559174631427
1420367624970641411
1420367767165865987
1420367867757961219
1420367872682074113
1420368069189414918
1420368155029999618
1420368348961968131
1420368447851175944
1420368452246769668
1420368576901435392
1420368697466707973
1420368826647162885
1420368836902244352
1420368889922326528
1420369032180637701
1420369094419918849
1420369196874141696
1420369318458662915
1420369412708777992
1420369498100670465
1420369646889414661
1420369744205651974
1420369977962602499
1420370117452513290
1420370242308509699
1420370424068718594
1420370586610675722
1420370659650293762
1420370716545929221
1420370860767068163
1420370891737817091
1420370906103394307
1420371047522648067
1420371162698240003
1420371324627824647
1420371582472658944
1420371627104219144
1420371756276146177
1420371875474153474
1420371875776057345
1420371946139799559
1420372029967159297
1420372184665579523
1420372189681967107
1420372427247431683
1420372900150976513
1420373149200363522
1420373244255694848
1420373283183239181
1420373456055635968
1420373472409264140
1420373603200159747
1420373607629398026
1420373741649997826
1420373784012509185
1420373889478270982
1420374113512738821
1420374176955777026
1420374257553625088
1420374346556755970
1420374467231076352
1420374506464555010
1420374617890381824
1420374659258884097
1420375127070593033
1420375147953938433
1420375225154392069
1420375480394473472
1420375535935447040
1420375552201007106
1420375605523226626
1420375701803372544
1420375754102169606
1420375872360550404
1420375913297072128
1420375987448160261
1420375991222943747
1420376065684512768
1420376197603733508
1420376364872519684
1420376507780845584
1420376589423063044
1420376643449798659
1420376741307199489
1420376755806904322
1420376890716610561
1420376980600594433
1420376999198081026
1420377020257775621
1420377074217459715
1420377121294270467
1420377287908679680
1420377359866269699
1420377403021475840
1420377440245927947
1420377501910589442
1420377509221355522
1420377733679493125
1420377741438988292
1420377758471966723
1420377760745328641
1420377901510402057
1420377901862735882
1420377913027932163
1420377937677795333
1420377960914243588
1420378041981800451
1420378047337881600
1420378097094901768
1420378167362129928
1420378304402632710
1420378453497556994
1420378494698151941
1420378514558173190
1420378582321348608
1420378811900776461
1420378896416100352
1420378917114949633
1420379041488642050
1420379173022019589
1420379219918524421
1420379595317161988
1420379602007076871
1420379641861267461
1420379770391564291
1420379797147033611
1420379958136934405
1420380276623089666
1420380417253851137
1420380429958402051
1420380860512079872
1420381039776645125
1420381202075328513
1420381601092022274
1420381633161666563
1420381644188524544
1420381813067837446
1420381813562875908
1420381847478018053
1420381928226754563
1420382052759871491
1420382064008994824
1420382137270915073
1420382242837254144
1420382286625886208
1420382346239426563
1420382502045331459
1420382704965758984
1420382923044257798
1420383051155185675
1420383302565961728
1420383551711760393
1420383731420905480
1420383952783781888
1420383995167133700
1420384144882810880
1420384258644905989
1420384288835620867
1420384378958589953
1420384513369296900
1420384642012749831
1420384649088471041
1420384725533876227
1420384799525523457
1420384809654931462
1420384816164397057
1420384829917450244
1420384842940706817
1420384904924340225
1420384955633393674
1420384983504490504
1420385010595606528
1420385048214245379
1420385077322715138
1420385120066981889
1420385173338787842
1420385193060339712
1420385473453776897
1420385487747960842
1420385557088292864
1420385586268016641
1420385644992413697
1420385660255485958
1420385789045788680
1420385825339043846
1420385833379577866
1420385850723012610
1420386067589513216
1420386124044947458
1420386141136691203
1420386161336401924
1420386325056917509
1420386360972783619
1420386461862567937
1420386505764315137
1420386669832847362
1420386846429827076
1420387069436862470
1420387389088976897
1420387582597337091
1420387724956160005
1420387785861746694
1420387832401629196
1420387894389350407
1420387909975351297
1420387931928375297
1420388190054195205
1420388347751682048
1420388352444960775
1420388469289988098
1420388514437414916
1420388580514541578
1420388635543851010
1420388745925337096
1420388890620399623
1420388921242963969
1420388979547979778
1420389222763147264
1420389234653941763
1420389259022843908
1420389675844448264
1420389681745833986
1420389685642371074
1420389700871802884
1420390043026432005
1420390240582344706
1420390412502585350
1420390511748296707
1420390512700317700
1420390531721535490
1420390665016520704
1420390684536844288
1420390953894961155
1420391005778587665
1420391012917202947
1420391149378887683
1420391201346363392
1420391416522477571
1420391484055080968
1420391530024558594
1420391557077819392
1420391621640790018
1420391688510578688
1420391952923742214
1420392149774909443
1420392151071006729
1420392414800457732
1420392440423399426
1420392567183749127
1420392584871038985
1420392610494099460
1420392626419863553
1420392721504669702
1420392767411396609
1420392788429090818
1420392974190534657
1420393028280274946
1420393070286319616
1420393091027152902
1420393140155031552
1420393181150158853
1420393221100818440
1420393577348206595
1420393583702646786
1420393700895637508
1420393982069252102
1420394262689193985
1420394284302446596
1420394463445372933
1420394489840013318
1420394531523076096
1420394540180164614
1420394780534714372
1420394968414363650
1420394971866222592
1420395009430355976
1420395113528897540
1420395116271968259
1420395148329037827
1420395244584046593
1420395320958230530
1420395346849640450
1420395478026444802
1420395533550727169
1420395624940322820
1420396017925738499
1420396065887592449
1420396086871695365
1420396092223590405
1420396155784024065
1420396261929271302
1420396284603781124
1420396479781429258
1420396833763995649
1420396994988757002
1420397005193588736
1420397212434059265
1420397223398055938
1420397257464160261
1420397276955021313
1420397360014938121
1420397455242416129
1420397652605292548
1420397801595416577
1420397841827123205
1420397884424572932
1420398128130412546
1420398218702098435
1420398625423757321
1420398628141682693
1420398635444064260
1420398651411730435
1420398712736698369
1420398725420232706
1420398744219045892
1420398826188427267
1420398841870815240
1420398882639523852
1420398890092744706
1420399423012675588
1420399577694363650
1420399638562103301
1420399679259414535
1420399888240726020
1420400133905293315
1420400393675284481
1420400438692679685
1420400603017195525
1420400618896773123
1420400818063302664
1420400823419514882
1420400964582920208
1420400983016972291
1420401153515347972
1420401324835880971
1420401393815457797
1420401399075069956
1420401535268360194
1420401546898993162
1420401778508566533
1420401818878857216
1420401886553911300
1420401996247572484
1420402022671687680
1420402074852921345
1420402189273640960
1420402216616173572
1420402477279678466
1420402748005175296
1420403360964960258
1420403389188513796
1420403721360580614
1420403907193417728
1420403990957903876
1420404038512922624
1420404209497911302
1420404306461827074
1420404568341442564
1420404639359451136
1420404678140047366
1420404705688268803
1420404753125806083
1420404837154447369
1420404947984715778
1420405177950027778
1420405194035187717
1420405340038893575
1420405902499356674
1420405962981138434
1420406191298125832
1420406192245940229
1420406198185115649
1420406259732426754
1420406390103937027
1420406791658250240
1420406808192094211
1420406906926030853
1420407139365965830
1420407356433879046
1420407722793742341
1420407737972842499
1420407752623640578
1420407971574517762
1420408012565618692
1420408027895803905
1420408209551110144
1420408322176524295
1420408434810363906
1420408502913314817
1420408505253629959
1420408511520034819
1420408538434883585
1420408792634830851
1420408866513330177
1420408879150772224
1420408951003353093
1420409042070036488
1420409112546906119
1420409328834695168
1420409624272977925
1420409744418816005
1420409855345446919
1420409873733406723
1420409944453562373
1420410061302779908
1420410062812614662
1420410121541271557
1420410267956129792
1420410281512026117
1420410389116956672
1420410604611846149
1420410632608829449
1420410647490269201
1420410703522017287
1420410754621222917
1420411009806778368
1420411111883563008
1420411119668170752
1420411134121848841
1420411191751548929
1420411231165460490
1420411245015052289
1420411250257842182
1420411275591495681
1420411515501436933
1420411582622814211
1420411635043381256
1420411850890563588
1420411914375639042
1420412070466555906
1420412075000705028
1420412277715521543
1420412471291093004
1420412515037679623
1420412776535629827
1420412796202799106
1420413079951745029
1420413360374493187
1420413692378853380
1420413702575165440
1420413740277813253
1420413747047321608
1420413871194624005
1420413997405413383
1420414020817985540
1420414047086956546
1420414057409044483
1420414168142864386
1420414441955409920
1420415167104438277
1420415230262317058
1420415233307336712
1420415607695200258
1420415630277230597
1420415715480379401
1420415848427266050
1420416109141008385
1420416269937938434
1420417045833867269
1420417183201599490
1420417231247261696
1420417356703182852
1420417394560876551
1420417443894337547
1420417655551451140
1420418034175520774
1420418041515429897
1420418132825579520
1420418140303933443
1420418366116929546
1420418419518844936
1420418463651319810
1420418547579334658
1420418630525890561
1420418718883012615
1420418786780385284
1420418803142467589
1420418921824460805
1420418996558606343
1420419075260436492
1420419422632742918
1420419443121852418
1420419505843490823
1420419590438461447
1420419704083165189
1420420203297615882
1420420238827474948
1420420298810269705
1420420348462383112
1420420775664922624
1420420941364989956
1420420960071585793
1420421038144462859
1420421038521921537
1420421307661963268
1420421433730211842
1420421464700882947
1420421483172614148
1420421563980070914
1420421729541820417
1420421747199840260
1420422084493287432
1420422097403359237
1420422511179833350
1420422526296014850
1420422623251636239
1420422859101511682
1420423228099551241
1420423779113709568
1420424193716494339
1420424403309957130
1420424560390803460
1420424592825389060
1420424603285983239
1420424689328001026
1420424704314257408
1420424957163606018
1420425004836179969
1420425091393937411
1420425364673806341
1420425514385395722
1420425569284538373
1420425836335874053
1420426303195557889
1420426320450924556
1420426322761891843
1420426467276693510
1420426503448317957
1420426905833123846
1420427048942768130
1420427360713809935
1420427728948449285
1420428104791728128
1420428114954493952
1420428222127394819
1420428402117447683
1420428753201684485
1420428920860684289
1420428988737064960
1420429412592459782
1420429661847363586
1420430098457665536
1420430424581545992
1420430453970964487
1420430526545108994
1420430591955177477
1420430903239614471
1420431027391143948
1420431032541646848
1420431067274698752
1420431170882445315
1420431397848768512
1420431466551549953
1420431719463784450
1420431827563655174
1420431854742740996
1420431866625204228
1420431945159299077
1420431983130333186
1420432332415193092
1420432386605690890
1420432671625334790
1420432856636067841
1420433039352545292
1420433185683517452
1420433353661206535
1420433552156540928
1420433593583685640
1420433679743062016
1420433793048055812
1420433880830590980
1420433894923513856
1420433949776564225
1420433983356211205
1420434151937871872
1420434447606980614
1420434526837383173
1420434612275359746
1420434624459812872
1420434766076076039
1420434823479431177
1420434853988872197
1420435398799544324
1420435545449287681
1420435618186866697
1420435671274164245
1420435751754420227
1420435771190910978
1420436174435454976
1420436217099862019
1420436376814866434
1420436386935681026
1420436391620603904
1420436548730904576
1420436815836745730
1420436957834981377
1420436989871075329
1420437034032930816
1420437066953920525
1420437198785159178
1420437359724728324
1420437582945656842
1420437646619389957
1420437647487496193
1420437702076403716
1420437743847542784
1420437789737295872
1420438787021225989
1420438813453737988
1420439003896102915
1420439359216668675
1420439493459550211
1420439530608414728
1420440205153161220
1420440260799045638
1420440390843387919
1420440397046816769
1420440500251803653
1420440513262587904
1420440544875106309
1420440575036252164
1420440586897735681
1420440907850080257
1420440988653326341
1420441219151269892
1420441311702835204
1420441420087824393
1420441566603325444
1420441580335419394
1420441722757292040
1420441768391237637
1420441820857786376
1420441920183185416
1420441994682318851
1420442238761459716
1420442417275232262
1420442527077969922
1420442535504318472
1420442570065285122
1420442608350937105
1420442662965063689
1420442664990879744
1420442800538128389
1420442881307947019
1420443086396837889
1420443263950069763
1420443322980749313
1420443559417683972
1420444007465881600
1420444051346706438
1420444067775852547
1420444168917291015
1420444172973191171
1420444388229095429
1420444403781586945
1420444405304107008
1420444422613966849
1420444473801183235
1420444520567779329
1420444675635302408
1420444701547708416
1420444736670867462
1420444951150727170
1420445095514476544
1420445143770058762
1420445251949445123
1420445329200226311
1420445620620472323
1420445740468482054
1420445832596295681
1420445855367172098
1420445862468128776
1420445976930799616
1420446108862533644
1420446150449147909
1420446215498473473
1420446442494251011
1420446846774878209
1420447204804861952
1420447212530700288
1420447217203171328
1420447228364312582
1420447377299812355
1420447425139982344
1420447539527028741
1420447718783213571
1420447898249138177
1420447979350069252
1420448197365964802
1420448213123964934
1420448300713529347
1420448481014071299
1420448512530132992
1420448535632355329
1420448543739944960
1420448646647230475
1420448675130654722
1420448848913256448
1420448862959980544
1420448899500752900
1420449102798729216
1420449223544164354
1420449263046234114
1420449439106351106
1420449702126960645
1420449801754271748
1420449851284803585
1420450454996201472
1420450985357549585
1420451195311828997
1420451202358292487
1420451225800163331
1420451249498075139
1420452015327662081
1420452138191409152
1420452385097453591
1420452456232886275
1420452500583370756
1420452648289964036
1420452887520546822
1420453018559041544
1420453172091437057
1420453271660023815
1420453302467190792
1420453476631519234
1420453692810092552
1420453874352132099
1420454022281109505
1420454312405254156
1420454469297328130
1420454795811467266
1420454996622069760
1420455114595348488
1420455291225772037
1420455661758996480
1420455770882203650
1420455783712575488
1420455795813199875
1420455803765596160
1420455860485115904
1420455952709562371
1420455957931380738
1420456101502459906
1420456199745585152
1420456477769281550
1420456498883334149
1420456952979759109
1420457023444037632
1420457256504729603
1420457366831738885
1420457664060870656
1420457791463038977
1420458058677952513
1420458111064805383
1420458225938440199
1420458252807061506
1420458261283803136
1420458643862994947
1420458660808044546
1420459042846109698
1420459047334162436
1420459139105497098
1420459253467320321
1420459320437788678
1420459377157357577
1420459406551027719
1420459490743406601
1420459759937986561
1420460631094960133
1420460631380086786
1420460969042620417
1420461148663599114
1420461148734902274
1420461323498971140
1420462022928515075
1420462079509684228
1420462277850017792
1420462408695521280
1420462748027269124
1420463350303973376
1420463357916717058
1420463536770256903
1420463633331535872
1420463770107883527
1420463937439604746
1420463995337781249
1420464064287887365
1420464115089354757
1420464124539117569
1420464420375994380
1420464449652199427
1420464873239105541
1420465086989275136
1420465167750553608
1420465167759028227
1420465924616904711
1420466201415852035
1420466586549465089
1420466629893361668
1420466667650437125
1420466730866864130
1420467634177560583
1420467679706628097
1420467870350430208
1420468009416658960
1420468190665183234
1420468311972884483
1420468364174979074
1420468415358246914
1420468709697757185
1420468727968149504
1420468798713368586
1420468828153294860
1420468923481436163
1420469084202864650
1420469466694049792
1420469506179280901
1420469530057342981
1420469535434493953
1420470014830915585
1420470024071000073
1420470359036411913
1420470503446401024
1420470622476455941
1420470698355605505
1420470777623814152
1420470786607955969
1420470849677799428
1420470885333491714
1420471388855492608
1420471392403959823
1420471478840082435
1420471526055350273
1420471594711977988
1420471621396189188
1420471770537103360
1420471949881495567
1420472368242348033
1420472868064874505
1420473298056630275
1420473325655035904
1420473485357355011
1420473526121869319
1420473545335922688
1420473634062209031
1420473781286547463
1420473846881267722
1420474134081966092
1420474141136900098
1420474306073669637
1420474307583614977
1420474368489140230
1420474369466322951
1420474374495383557
1420474377615904774
1420474486936195072
1420474999459225604
1420475088772632576
1420475226371108867
1420475334164680704
1420475341882208258
1420475474661236736
1420475707684233224
1420475791133999104
1420475976182554628
1420476017752354819
1420476019341934595
1420476174338338821
1420476472830173191
1420476632129806338
1420476674555224071
1420476918789455873
1420476957242929154
1420477140185853953
1420477455673040905
1420477664058613763
1420477708836999169
1420477729070276608
1420477915532247044
1420477935136526341
1420478157312962565
1420478329505914886
1420478384250015745
1420478419230470146
1420478437383446535
1420478485978656773
1420478513593921542
1420478877290409986
1420478908110151681
1420479049479110666
1420479132287348746
1420479184384712718
1420479265376776194
1420479287229038592
1420479318476693511
1420479442447704071
1420479487389671430
1420479525700386818
1420479667182743553
1420479778554097664
1420479901057134594
1420479972003643392
1420479982179082240
1420480133983518722
1420480481448050690
1420480536502575107
1420481484310319106
1420481548218941448
1420481838200639494
1420481974360227850
1420482151049531400
1420482157110251522
1420482343790329860
1420482465957916673
1420482487004844036
1420482589421408262
1420482854732107785
1420482865993822216
1420483210878803971
1420483611472576514
1420483784055656449
1420483791567654917
1420483877920034821
1420484150453211138
1420484176839651328
1420484204018556928
1420484204274585600
1420484241129938952
1420484298604486656
1420484474928877577
1420484567748825089
1420484926051389444
1420485044678930432
1420485529964056583
1420485714119122953
1420485848760561672
1420485873985114118
1420485900878897154
1420486411405479943
1420486811504291849
1420486863798870029
1420487073589612544
1420487153906331648
1420487177813823491
1420487235464466443
1420487252413751302
1420487383133327360
1420487410304049156
1420487721877901314
1420487811833159683
1420487943995727873
1420488141199351810
1420488193200304132
1420488225135763458
1420488589884940289
1420488645698543622
1420488692851003395
1420488742087938052
1420488791475773440
1420488978214625281
1420489054815150080
1420489123060535299
1420489343387553793
1420489524057096193
1420489866064846856
1420489880438599681
1420489884553388040
1420489998659461120
1420490076778385414
1420490377933561861
1420490505469714433
1420490524163772423
1420490630522970114
1420490764711309323
1420490810232082438
1420490859087384577
1420491087182024704
1420491478615433217
1420491557329833991
1420491590712311808
1420491764239065095
1420491765489049603
1420491784724045825
1420491959408467968
1420492155320156164
1420492257547935751
1420492448220987400
1420492787074568193
1420492866686701568
1420492874622377987
1420492898387234819
1420492918993920003
1420492979731636231
1420493055417884675
1420493105925664770
1420493265988734976
1420493396586737670
1420493594914430978
1420493610890534915
1420493709364367372
1420493914130243585
1420493951379836929
1420493959642681352
1420494097769537549
1420494128438300678
1420494273720557571
1420494276954361856
1420494305836380160
1420494448513929222
1420494480214532100
1420494597164253189
1420494658665336837
1420494795592634372
1420494840983441413
1420494983828807683
1420495020709318656
1420495062929231883
1420495094034149381
1420495368987586560
1420495786505383940
1420495826351230979
1420495951656013826
1420496221219794948
1420496389306560512
1420496421908791298
1420496478573940736
1420496588905095178
1420496629547814921
1420496669737639942
1420496720149065730
1420496787182219264
1420496808564858882
1420496808854183939
1420496810271981569
1420496814181027840
1420496816282374146
1420496820447420418
1420496900646711311
1420496901745561605
1420497184160718856
1420497387240529929
1420497414973165576
1420497438784299011
1420497533554634761
1420497678161616899
1420497701951651845
1420497739507507207
1420497769270325253
1420497771258421255
1420497875105112068
1420497895661445128
1420498091090882568
1420498179703910403
1420498467982659587
1420498563990163456
1420498579341389832
1420498779619282947
1420498790855884805
1420498895336099842
1420498924209688578
1420499028685512710
1420499309188075525
1420499394265243653
1420499610452348935
1420499806494072836
1420500133448454149
1420500140624945155
1420500276977483779
1420500325987983366
1420500497371475972
1420500562282356899
1420500632398598148
1420500655920369667
1420500816109129731
1420500844441743363
1420500950322663434
1420501121727086596
1420501341554843649
1420501983774089219
1420501985955090441
1420502013163474958
1420502252649857026
1420502299890360320
1420502341405450248
1420502523941736454
1420502874291851273
1420502913902841863
1420503325515075584
1420503465680379906
1420503695909867524
1420503852281892865
1420503853292740616
1420504159711809538
1420504206365110276
1420504307250651136
1420504339773378565
1420504343929782276
1420504419242848256
1420504456748220420
1420504459029983236
1420504570673963016
1420504641650012161
1420504680644415490
1420504723925446659
1420504795161444354
1420504968579141640
1420504997117272067
1420505042487021578
1420505123848138754
1420505307688673283
1420505371307827202
1420505476048072705
1420505498504372224
1420505558545752074
1420505598941073412
1420505821700579339
1420505985270046728
1420506174349320193
1420506191994757121
1420506212601409543
1420506239281377281
1420506278229684226
1420506331916734464
1420506348060647424
1420506424866742273
1420506612729581570
1420506730916728832
1420506767952388105
1420506891864756224
1420506952107495424
1420507146085617667
1420507184732024832
1420507222967296006
1420507246908248064
1420507292886306817
1420507649666428930
1420507652145258497
1420508120820891653
1420508122532175873
1420508179834810370
1420508239641333763
1420508241373671425
1420508298663575553
1420508404565618698
1420508406193037315
1420508512006852617
1420508611462275073
1420508674892632064
1420508717250928645
1420509002161590274
1420509257464696832
1420509451388342275
1420509478651408396
1420509549950377987
1420509758679920640
1420509855123709952
1420509909041524738
1420509916779925511
1420509982789939204
1420510355734863872
1420510464191221776
1420510579412852738
1420510932057395200
1420510953494491137
1420511068628131849
1420511391048511489
1420511439232684034
1420511460476792835
1420511519553564675
1420511664332476418
1420512535854436367
1420512548659597319
1420512551226552321
1420512594792787970
1420512669359083524
1420512691265982466
1420512851115102208
1420512851794464768
1420512893121044485
1420512899257315331
1420513027124830209
1420513125871362053
1420513604957315074
1420513688218374154
1420513719482822656
1420513820439687177
1420513883744313345
1420514164515147778
1420514226360266757
1420514291506102273
1420514512214577155
1420514785532293123
1420514794822590468
1420514810681307139
1420515184825733122
1420515353176821777
1420515414816198660
1420515528850952192
1420515550141222917
1420515661789360128
1420515829171490819
1420516219136978951
1420516559739494402
1420516596607590402
1420516700630437891
1420516799053975553
1420516808616992768
1420516937268965379
1420517024405524481
1420517119205257218
1420517717258510343
1420517968233091079
1420517980018970630
1420518100328386560
1420518174966128643
1420518201608261634
1420518296277983234
1420518466788806660
1420518484723871749
1420518490524602369
1420518750080667653
1420518762311204864
1420518931375218692
1420519017299783681
1420519282681729028
1420519436079927298
1420519539025006596
1420519625419329540
1420519626618834946
1420519678900940802
1420519862695124993
1420519875177496577
1420519982010617858
1420520198004695041
1420520310219186179
1420520333271044096
1420520419497492482
1420520519686889473
1420520563571937281
1420520681981235210
1420520824210132999
1420520881709780993
1420520942917361666
1420521060118708224
1420521128779464714
1420521326520016896
1420521382341971970
1420521616803573761
1420521724211236867
1420521728397221893
1420521762719248384
1420521940838764544
1420521960744886274
1420522052759478273
1420522237761884170
1420522297794908161
1420522560534482949
1420522670421073920
1420522671020912641
1420522700603277317
1420522810636701696
1420522904689815552
1420522980338192384
1420522994225528834
1420523010214215680
1420523042439143428
1420523225109475334
1420523351714504716
1420523735191220226
1420523807408807936
1420523854607392773
1420523863675441160
1420523928934653961
1420524045041348609
1420524097394589696
1420524398897946626
1420524432565616640
1420524451997831169
1420524625705017345
1420524798514434050
1420524857293410307
1420524868651552771
1420524888947892228
1420524915208380422
1420524945386479617
1420524973396041734
1420525020149858311
1420525049061249025
1420525059190448134
1420525320504029186
1420525423256031232
1420525433620213763
1420525503551844354
1420525605100130306
1420525932369022978
1420526032143233024
1420526594909786118
1420526644201148419
1420527252840853506
1420527427248345089
1420527447456485377
1420527476258783238
1420527497280643072
1420527529434169346
1420527569171013632
1420527675656052737
1420527745054953480
1420527859488153602
1420528121204379652
1420528122949111810
1420528172546895873
1420528189810561026
1420528257670262788
1420528382723465216
1420528431024967684
1420528476982030339
1420528521303187457
1420528522985095172
1420528551321874435
1420528811012149249
1420528812748677120
1420529094983356418
1420529202864984065
1420529241867931649
1420529376454717441
1420529448638681100
1420529478883807238
1420529486429409281
1420529518427742210
1420529535217545220
1420529661763891200
1420529726985277449
1420529787328729088
1420529873769148430
1420529948155162629
1420529955574779904
1420530180469231625
1420530293518254080
1420530328041664515
1420530399743287297
1420530572422746112
1420530734679347202
1420530782523871236
1420530849687212033
1420530867810807808
1420530924689702913
1420531093103595520
1420531138070732800
1420531231230468100
1420531344967442433
1420531418896162816
1420531455005007881
1420531633971675139
1420532010683183108
1420532056531120128
1420532068199579651
1420532086046396420
1420532100587995141
1420532248923852803
1420532301046374402
1420532302724190212
1420532757109870596
1420532822612267011
1420533256672448513
1420533282421329928
1420533322690842629
1420533389061394433
1420533638458920962
1420533853127651328
1420533909058691072
1420534037450477569
1420534194070032387
1420534260939862021
1420534303629402119
1420534346767863818
1420534487788699650
