1291524457991827456
1291524468439830530
1291524689328734209
1291524831322820608
1291525194356383744
1291525316561842177
1291525400313593857
1291525617083654145
1291525965546434562
1291526380614811648
1291526487166930944
1291526501360455680
1291527209862209536
1291527324240883712
1291527486866628608
1291527711333199872
1291527797333274625
1291528180872945669
1291528310728646659
1291528426533330944
1291528895477567489
1291529046162059265
1291529247425794049
1291529373066158080
1291529399976820737
1291530437010116609
1291530545504169984
1291530683723190272
1291531384708898818
1291531562597511168
1291532023601995776
1291532073279291393
1291532177117777921
1291532445423153153
1291532448191455233
1291532673048023048
1291533012778262529
1291533163819409414
1291533468070027265
1291533523053096960
1291533636483850243
1291533650694209536
1291533683866951682
1291533783091609600
1291533805178826752
1291533837999251458
1291534345380016129
1291534396231753731
1291534433842012160
1291534521846755328
1291534522069192705
1291534681897410561
1291534711458861056
1291534997191569408
1291535332685406210
1291535797234077696
1291536155008172033
1291536172565635081
1291536589617864704
1291536620764778496
1291537086009487360
1291537834784980995
1291537871829110795
1291538015073034243
1291538116407328769
1291538163035496451
1291538399942389761
1291538702217424897
1291538866105659395
1291539161154035714
1291539369627717640
1291539555615682560
1291539558694137856
1291539720090996736
1291539955483840514
1291540033275596803
1291540100028014597
1291540126900920320
1291540307994083328
1291540369834991617
1291540538764730369
1291540566875021313
1291540569550983173
1291540675234795520
1291540760823771137
1291540767639572481
1291540921201426432
1291540976109051904
1291540990411636736
1291541541920677888
1291541590125748231
1291541670916427776
1291541766672388096
1291542017332445186
1291542111775592449
1291542117215608832
1291542145506172928
1291542242491011077
1291542606061731841
1291542907409903616
1291543170220797954
1291543497800142848
1291543643677954051
1291543647385718784
1291543803879469057
1291544020435468293
1291544650717827073
1291544687761928193
1291544715335217153
1291544766694465537
1291544931044073472
1291545049965170690
1291545567152275458
1291545752783785987
1291545923101904896
1291545943427473409
1291546769432731654
1291546853025239040
1291547015680270336
1291547068721508352
1291547132017741824
1291547186405220353
1291547417515634688
1291547606506786816
1291547703541932032
1291547830470008832
1291548057415319552
1291548254983917568
1291548329776754689
1291548538401370112
1291548726738255873
1291549152942456837
1291549418257342464
1291549479095676928
1291549698747060225
1291549699770654720
1291550048032100357
1291550135722409984
1291550305411305472
1291550383509327872
1291550483111456769
1291550863006273537
1291551118338732032
1291551320680337413
1291551431569346565
1291551682988511237
1291551736046456832
1291551767260532743
1291551800089337856
1291551853927378944
1291551971359457280
1291552010102284288
1291552021838016514
1291552150166937600
1291552212959862789
1291552270237208582
1291552479373660160
1291552492963201025
1291552568863346688
1291552680251449346
1291552868013662215
1291553077162651649
1291553698846593024
1291553826596696066
1291553955890311168
1291554185947693056
1291554198329470976
1291554230583603203
1291554466202816513
1291554501086842880
1291555086687240193
1291555108426113024
1291555406284820481
1291555731783680000
1291555912033931267
1291556162744320002
1291556323205754882
1291556528756002816
1291556856490610689
1291556929798463490
1291557068172939264
1291557078709022720
1291557457592856576
1291557719179132928
1291558585277743116
1291558812374249472
1291558978674216967
1291559200078823425
1291559440743837696
1291559690225229829
1291560637617905668
1291561125390188551
1291561849637556232
1291561930277126146
1291561952528019456
1291562000112406529
1291562059314987010
1291562204484034562
1291562204999770112
1291562206631473152
1291562459116064773
1291562503718215681
1291562508709371904
1291563313160228864
1291563399948709888
1291563421603966976
1291563462552727552
1291563625325506563
1291563717256261637
1291563992566071297
1291564005547479046
1291564687621009410
1291564720911036416
1291564783171502080
1291565406134640642
1291566030888865793
1291566569038983169
1291566761146568706
1291566820433047553
1291566912061702145
1291566946291453952
1291567421065760770
1291568064304230403
1291568164812328963
1291568495709233152
1291568680703229953
1291568800748515329
1291568826207936512
1291569460588019713
1291569609305358337
1291569616075063299
1291569757016055808
1291569759922712576
1291569940336652288
1291570541405536257
1291570622435385344
1291570935892447232
1291570946776731648
1291570979483856908
1291571063982297089
1291571135683887115
1291571176226148353
1291571259420160001
1291571836422098944
1291572556151963651
1291572771131207680
1291573155149078528
1291573666707374080
1291573859125211137
1291573932689154048
1291574072548171776
1291574895483256832
1291575315341422594
1291575322878631941
1291575507973296128
1291575798617563137
1291575967677386752
1291576042637996032
1291577141537251328
1291577163829981184
1291577513240657926
1291577663556026369
1291578393213964288
1291578562076725257
1291578929879416834
1291579204526538752
1291579217424142337
1291579758975881217
1291580109766504448
1291582027939172352
1291582220482883585
1291582278863290370
1291582336581206016
1291584450455887872
1291584855621345280
1291584855902281728
1291584856418160640
1291585019165708289
1291585169263144962
1291585623250423808
1291585687490371585
1291585950091485185
1291586193805791232
1291586265368887296
1291586437020868608
1291586532491632645
1291586974160171008
1291587369959817217
1291587643642347522
1291587901218684928
1291588102272802818
1291588358100131842
1291590728775237633
1291591201951555584
1291591800898150401
1291593055909412865
1291593516808798213
1291593552062013440
1291593738893045764
1291594389345755136
1291594489493180417
1291594919539355648
1291595407529738240
1291597438969667584
1291598630101622801
1291598966988079106
1291599720767541249
1291599904532463617
1291600686103265280
1291600855205060608
1291601025615396865
1291601092917305344
1291601457729462272
1291601811955232769
1291601869849210883
1291601951256453120
1291602523950854144
1291602558541340672
1291602577033846785
1291602609623769088
1291602645636001798
1291602752435625984
1291602857783853057
1291602896946069505
1291602981922779137
1291603065003532288
1291603329043357697
1291603760897241094
1291603829881004032
1291603852861624321
1291604137717768204
1291604594590720002
1291604651029168129
1291604683191197696
1291604754553081858
1291604769631621121
1291604956471066624
1291604971054608386
1291605090097418242
1291605233739628544
1291605259811528704
1291605317453832192
1291605461557481474
1291605615140364288
1291605762171719680
1291605867700408321
1291605969412161537
1291606104099696641
1291606117034930176
1291606528223596545
1291606909624164352
1291606956784979968
1291606971997724673
1291607290034913280
1291607321173463040
1291607688015642625
1291607932015190016
1291608117722185728
1291608130514825216
1291608290678497280
1291609108408414209
1291609444778938370
1291610022137528323
1291610198872936448
1291611571031093248
1291611787746578432
1291611977773654018
1291612090034204672
1291612109726515201
1291612200038170625
1291612319374508032
1291613088760901632
1291614203996971008
1291614656927281153
1291615056170332162
1291615516684103682
1291616075180908544
1291616333952692225
1291617136553721859
1291620998069080064
1291621595405066241
1291621605194502144
1291621841665171456
1291622419313106945
1291622602251759616
1291623000316485634
1291623413400965120
1291624029653282816
1291625182948466688
1291625272127741952
1291625282902917121
1291625391799533568
1291625720565948416
1291626768529489920
1291626846925336576
1291627180443795457
1291627639497723904
1291628651742666752
1291629054009974786
1291629513093390336
1291630192138440706
1291631617027518464
1291632238359130112
1291634475705794561
1291634774394667011
1291636781910286338
1291638870178762752
1291639884961259526
1291645252395134976
1291645255255756800
1291650414732083200
1291658381409779712
1291660354171351040
1291660356692013057
1291660387235106816
1291662912780673024
1291663381028634624
1291663640261799936
1291664773734494208
1291665027632594946
1291665385272553472
1291666202784399360
1291666346850254849
1291667650486177792
1291668180730097664
1291670011392724993
1291670420240961543
1291673874854273027
1291675451727974400
1291676794232418305
1291678223735152640
1291679272235565056
1291680483244474368
1291680483693211650
1291681322826633218
1291682585366671360
1291682889864806402
1291683045699985408
1291685517734678528
1291688611461713920
1291689190737018880
1291690293713043457
1291690552522670083
1291690554783404032
1291691539991846912
1291691997175193602
1291692019090427906
1291692641927802881
1291695583217016833
1291695583959355392
1291696459633569793
1291699324477374464
1291699358308732929
1291699392894959616
1291700492800794626
1291700498026954753
1291700616033710081
1291700616327245825
1291702139119644672
1291703262933127169
1291704005475934208
1291704120563441664
1291705387209691137
1291705655607402498
1291706092037300229
1291706616115605504
1291706619185836032
1291707192085819393
1291708075427147778
1291708197183643648
1291708221351223297
1291708911209390080
1291709110208139266
1291709329545072643
1291710231299461121
1291710615388590080
1291710992397864960
1291711569064341504
1291712353550118912
1291712464426610688
1291713002757029888
1291713386846314496
1291713421021511680
1291713484884004864
1291714220808122368
1291714278920159234
1291714282351210496
1291714676968108033
1291714999883313152
1291715272987082752
1291715809673437184
1291716042927083520
1291716067396587520
1291717333225005056
1291717514381135873
1291717716907307009
1291717721802104832
1291717903981727757
1291718270521937920
1291718497941299204
1291718865311936512
1291718968940605441
1291719876919336962
1291719881155633155
1291720012361871360
1291720149712670720
1291720474553188352
1291720697715159040
1291720750957826051
1291720753721880576
1291720756636692481
1291720845602299904
1291721150540767232
1291721404501688320
1291721684903497730
1291721688288239618
1291722335532331008
1291722678286667776
1291722843986767874
1291723131279814657
1291723300658348034
1291723327568932864
1291723387539091456
1291724032245731328
1291724045667508225
1291724207873765376
1291724213754241024
1291724258465460224
1291724312123146242
1291724438363406337
1291724823853518854
1291725402323537922
1291727076026912769
1291727826975174660
1291727827256127489
1291728074015416322
1291728191003000835
1291728305557651457
1291728637889323008
1291729352057643008
1291730265031811072
1291730496196685825
1291730517465931777
1291730962854936579
1291731441030696960
1291731444411305986
1291731483036712961
1291731791192170502
1291731804966313984
1291732001788239872
1291732040304545792
1291732115093106688
1291732228393832448
1291732231795412994
1291732394932936704
1291732531482697728
1291732899151183872
1291733087714521090
1291733105208971266
1291733152017395712
1291733356472946696
1291733417877544960
1291733437959872515
1291733501910360065
1291733584441614336
1291733616519766016
1291733880647700482
1291734418625908737
1291734863280853000
1291735151257493505
1291735455768162309
1291735603281670146
1291735808031031297
1291735819481419776
1291735843326103552
1291735846870278144
1291735855984521216
1291735856592519168
1291736050096844800
1291736186713759745
1291736555854405633
1291737005836193793
1291737015290155008
1291737030930694144
1291737426969464832
1291737436180144134
1291737574206328835
1291737577817608193
1291737852179558402
1291737945620258818
1291737959314657280
1291738364874457088
1291738630231396353
1291738930631651328
1291738961161924611
1291738972549521408
1291739526428348416
1291739570107817985
1291740004134379520
1291740577789337601
1291740889807806465
1291740894585139206
1291741004215865345
1291741073757405184
1291741288304455688
1291741517107863552
1291741827893264391
1291741872331923462
1291741876521963520
1291742096991424515
1291742144491921408
1291742213291020289
1291742281880477696
1291742367771394049
1291742420225458186
1291742592443588609
1291743294251204612
1291743371275493376
1291743532336775175
1291743864215273473
1291743943294623744
1291744051964915713
1291744136274628608
1291744206592114690
1291744755328716804
1291744759200055296
1291744774379261958
1291744898975248387
1291745071163990016
1291745100284997634
1291745359769862146
1291745446357073920
1291745842903298049
1291745907277430786
1291745990249152512
1291746082679074816
1291746145769750528
1291746174970593280
1291746208302739456
1291746264204402690
1291746267463376903
1291746308529827847
1291746321993551874
1291746393363816449
1291746459092688898
1291746517963939840
1291746563958747136
1291746641037463553
1291746887012438016
1291746957111840769
1291746980037885956
1291747060488773638
1291747142625660940
1291747240973926401
1291747245235277824
1291747328420978688
1291747375984320512
1291747612174016512
1291747664313438213
1291747697242800128
1291747760887169026
1291748082338738177
1291748104769806336
1291748123258376194
1291748207052161024
1291748291122798592
1291748382420148225
1291748462472712193
1291748473772158979
1291748551136083969
1291748649484070912
1291748738189402113
1291748812395089921
1291748947099148290
1291749022240256000
1291749106910715905
1291749400642048000
1291749448289320965
1291749487724179457
1291749508657885184
1291749578786713600
1291749591004708866
1291749675637321728
1291749751214485504
1291749806059196417
1291749897927045121
1291749912921726982
1291749927069114368
1291749939773689856
1291749978340294656
1291750108422443010
1291750206397186050
1291750434646953985
1291750528729448448
1291750541178134528
1291750595884441602
1291750954925203458
1291750963125067778
1291751111922253825
1291751249113681922
1291751485831811075
1291751562432438272
1291751653289361408
1291751799163101184
1291752289628299264
1291752694147952640
1291752751811252227
1291753390041595905
1291753467833442306
1291753602298425345
1291753848864899079
1291754507588767744
1291754740049682433
1291754959806111745
1291755031407009792
1291755151154446338
1291755161946292225
1291755304494018560
1291755442587291648
1291755662939172864
1291755667380985860
1291756206764285955
1291756830134337537
1291757335648534529
1291757446529155072
1291757487041978368
1291757507384356864
1291757526988488707
1291757587160072192
1291757693498281985
1291758069366521856
1291758237797277699
1291758893207625728
1291759280463523840
1291759352337006601
1291759616917987328
1291759657204289538
1291759909797867527
1291759961471619073
1291760119143964679
1291760157026918400
1291760444605181953
1291760519997730816
1291761102523707392
1291761172018892800
1291761250289045504
1291761331977302016
1291761461618855936
1291761498008813568
1291761519345184768
1291761573791444992
1291761701541552129
1291761820433293312
1291762006933090305
1291762495431086080
1291762513248387078
1291762564444151809
1291763017798033409
1291763284547375104
1291763745497194497
1291763765042647041
1291763777382293504
1291763822445854721
1291764185660104705
1291764768244674562
1291764873442070528
1291764922175623169
1291765153432821760
1291765172034572289
1291765204796276737
1291765495763537922
1291765677590806528
1291766052817264640
1291766054780207106
1291766078603964422
1291766140461621250
1291766177081982977
1291766189534990338
1291766305218007046
1291766570788835329
1291766575385784323
1291766697351880705
1291766733989187585
1291767501240643584
1291767536715997191
1291767900710342659
1291768204763844608
1291768543978160128
1291768673879953408
1291768689319186440
1291768712081661952
1291768843715706881
1291768920056180739
1291768953958813701
1291769071877447681
1291769346289737730
1291769692407947264
1291769822372651012
1291770197636939779
1291770399370489857
1291770452432609283
1291770771023507459
1291770802669522945
1291770840258957313
1291771339041394690
1291771358444171265
1291771386319581184
1291771874268020737
1291772120280846337
1291772615787515909
1291773078297616386
1291773331008565259
1291773469810667520
1291774393337749506
1291774815448322050
1291774842119827456
1291774996117721088
1291775303430406144
1291775609438384131
1291775648416043015
1291775752803962882
1291775773309906944
1291775798551162881
1291775800002453506
1291776113799094275
1291776262218948609
1291776950994898944
1291777313626038278
1291777371088052227
1291777418013872130
1291777626504335363
1291778275052855296
1291779038793662464
1291779078744399875
1291779149506449414
1291779765238718464
1291780221050531840
1291780255766777859
1291781153821609986
1291781154098384896
1291781166551511040
1291781233358274562
1291781596446691328
1291782320060604416
1291782859938762753
1291782881615007750
1291783994397392897
1291784033605689344
1291784125729386499
1291784205337333760
1291784433708806151
1291784437911388164
1291784584846356480
1291785377523666944
1291786065083342848
1291786180225372161
1291786262819430400
1291786318351986688
1291786471918252034
1291786562519347201
1291786965503873025
1291787057954791424
1291787079064719364
1291787090183761924
1291787554254213125
1291787804960325633
1291787989778128898
1291788769935400961
1291788806245494794
1291788834263326720
1291788944519176198
1291789166653702144
1291789183204425728
1291790206471933956
1291790224813699072
1291790483929300992
1291790930199142411
1291790962222604289
1291791049019580418
1291791097635758080
1291791121975332864
1291791234227470336
1291791261112963077
1291791473315164160
1291791886097809410
1291792013394927617
1291792172547743744
1291792308741054471
1291793122180173827
1291793246532915200
1291793300060426240
1291793532827697153
1291793716936671233
1291794177903276034
1291794395738628096
1291794562755813381
1291795417642995713
1291795722409512961
1291795744484143104
1291795749987127296
1291795769889099788
1291795778097340420
1291796248073297923
1291796297331113984
1291796349449428993
1291796375118774277
1291796423743279106
1291796707743862786
1291796807308259331
1291796966699982851
1291797048128417794
1291797143385255941
1291797628854906881
1291797759637561347
1291797862444146689
1291798459545157632
1291798594236960777
1291798604965969925
1291798847979544576
1291799422045650947
1291799504765751296
1291800107332120578
1291800257647595521
1291800312924307457
1291801022856335360
1291801135498637313
1291801279933677568
1291801292541693961
1291801314289168390
1291801328600133633
1291802128491610122
1291802224423731200
1291802360893911043
1291802367483052043
1291802420444639233
1291802845415706624
1291802921697529856
1291803131832147969
1291803448942497794
1291803933346689025
1291804981193039873
1291805090349711361
1291805115301670913
1291805403865649154
1291805688436580352
1291805939318894594
1291806312817258496
1291806391427108865
1291806462642200577
1291806735301316609
1291806896576487426
1291806993162928129
1291807087270473730
1291807422181527555
1291807435200573442
1291807604453318657
1291808066191622144
1291808161184321540
1291808772822794241
1291808918939873294
1291809650896187392
1291809890789457920
1291810226052763648
1291810273293205504
1291810851377340419
1291811329297338375
1291811354517467136
1291811422155005952
1291811445433393156
1291811483769282562
1291811825349210114
1291811920601915392
1291811932111081475
1291812113804152833
1291812272164265984
1291812503618494465
1291812682866270212
1291812783399604224
1291812879012974596
1291813136408944641
1291813278545588224
1291813371747196936
1291813432031944704
1291813554136461313
1291813861608349696
1291813981380894720
1291814013295353856
1291814196829720576
1291814307093786626
1291814810670247941
1291815263307018240
1291815388309860352
1291815577405796353
1291815661442936832
1291815681672044544
1291815811104018432
1291815929874198528
1291815982256840705
1291816082626564097
1291816310071005185
1291817439496372230
1291817650897793025
1291818211604942848
1291818417713020928
1291818730545127424
1291819097320300551
1291819135593320450
1291819362626797568
1291820017286361094
1291820102334271488
1291820127135072257
1291820700416778240
1291821412320047104
1291821431408525314
1291821455999672322
1291821859940564992
1291822275994451969
1291822276938211328
1291823098770141184
1291823929225617410
1291824142103326722
1291824476859043841
1291825108131041280
1291825284489064448
1291825367074799616
1291825625569931267
1291825744285442051
1291825745585672202
1291825827710144514
1291825894777131009
1291826047982407681
1291826334692499463
1291826449956077570
1291826685118218253
1291827090317344768
1291827138786742272
1291827460020068352
1291827632699572224
1291828023336067074
1291828415860027393
1291828423640453122
1291829199196626945
1291830389430943746
1291830636995649538
1291831148209934347
1291831258868219905
1291831478851186688
1291831665703161862
1291831873921069062
1291831887619653632
1291832076262678531
1291832137973366785
1291832642774667264
1291832708675624961
1291832836220223500
1291833224541470722
1291833626427088898
1291833940593049600
1291835481928474625
1291835675923316745
1291836017541091328
1291836351348973568
1291836514272448513
1291836682233237505
1291837118176727041
1291837530036473856
1291837939622830080
1291838738180583424
1291839271960109057
1291839927999696899
1291839938783326213
1291840653991780352
1291841041696542726
1291841433981161473
1291841441522692099
1291841545830768640
1291841546338222080
1291841641779802112
1291841753230856194
1291842001940381697
1291842598446018562
1291842775307235329
1291842803455189003
1291842804109447176
1291842913085927425
1291842977040654341
1291843077062168578
1291843193114374148
1291844164452265985
1291844379133595649
1291844831640203272
1291844921461178374
1291845319865466881
1291845321069334528
1291845797961781253
1291846107849535491
1291846212845436930
1291846289932660742
1291846318307135489
1291846467397787649
1291846468257476608
1291846605277147137
1291846626487742465
1291846825138241536
1291847083163516930
1291847107024912385
1291847298645995523
1291847333454532608
1291847340660269058
1291847837156769797
1291847838511640586
1291848570107199495
1291848612264251394
1291848664202215424
1291848953575727109
1291848993027362823
1291849096685162498
1291849475040870401
1291849597158137856
1291850296390549504
1291850548937928704
1291850597285666816
1291851050018799617
1291851095585824770
1291851268206583808
1291851515582459905
1291851611313188864
1291851629222924288
1291851658557718529
1291851731131936770
1291852086179758080
1291852869541302275
1291852870497775622
1291852881335812102
1291852948075679744
1291853009207676939
1291853348346507264
1291853393758216193
1291853932713652230
1291853981757644803
1291854127958499333
1291854131104276481
1291855034305609728
1291855098201726976
1291855332277444608
1291855645201891329
1291855721567522818
1291855735492681729
1291855746804658176
1291856071263428609
1291856645056847872
1291856649011904512
1291856782781014018
1291856819606953984
1291857332981444611
1291857709105545219
1291857735231975427
1291857755930861573
1291858076916744198
1291858101017153536
1291858138455474176
1291858263248707586
1291859171051048960
1291859363859255304
1291859366312914944
1291859392745226240
1291859504037068800
1291859980270870530
1291860419196473344
1291860431187906561
1291860521524764673
1291860753436352512
1291860837775355905
1291861000237592579
1291861135432523782
1291861145700139008
1291861185583751169
1291861490757177344
1291861576262324225
1291861677206646784
1291861728129687553
1291862346793721857
1291862562875809792
1291862701715554305
1291862888114728962
1291862935845736448
1291863024572280837
1291863363392286720
1291863719874646028
1291863752875409410
1291863788791234570
1291863851626123265
1291864045486776323
1291864189837942784
1291864275993198595
1291864510442201099
1291864585448849411
1291864610400870400
1291864714725605376
1291864716772433921
1291864999346962433
1291865568786685954
1291866262667243520
1291866339796230145
1291866639890350082
1291866716675481606
1291866762795839488
1291867003695890437
1291867453044199424
1291867463773302785
1291867948404092928
1291867971275706368
1291868199508738054
1291868498797486080
1291868533719269378
1291868667303657473
1291869057172545538
1291869156460068865
1291869164370563072
1291869188836012033
1291869308595974145
1291869616499818503
1291869720690515969
1291870238720622600
1291870327316852736
1291870807526965250
1291870909142306817
1291871253049913344
1291871576351223808
1291871745423499264
1291872021702496260
1291872049066053632
1291872137737916416
1291872227965771776
1291872384073347072
1291872826018996225
1291872861901197312
1291873072056807424
1291873093250580480
1291873341268283393
1291873766168043521
1291873909374160905
1291874247783186435
1291874503094566912
1291874663539367936
1291875043727810562
1291875093619134464
1291875493831159808
1291875530623660036
1291875553784496128
1291875898585681921
1291876048746012673
1291876087237160960
1291876095269261312
1291876278673518597
1291876332603932672
1291876414707445761
1291876433711767555
1291876508240351232
1291877191974891522
1291877232957444098
1291877347075948546
1291877418664370179
1291877512063131648
1291877651720921088
1291877877110243329
1291877997147033601
1291878037986959360
1291878211966640128
1291878759298215936
1291878928483864576
1291879196004884480
1291879382714388482
1291879383049830400
1291879681344536576
1291879688781148161
1291879817747390464
1291879848554696704
1291879863410921473
1291879936383504386
1291880529885880322
1291880594885038081
1291880830072229891
1291881265474539520
1291881484790505478
1291881809387626496
1291881857429143554
1291882022630305792
1291882102313627650
1291882645077581825
1291883068597428226
1291883195210899457
1291883371887566848
1291883449679323136
1291883472697602049
1291883659528679426
1291883822850744321
1291883962994954242
1291884007219769345
1291884033748676608
1291884149637341184
1291884329661063168
1291884344932536320
1291884470606475270
1291884514164314113
1291884571236208642
1291884806503043079
1291884870088691712
1291884942646022145
1291884956105560065
1291885247047639040
1291885604205142016
1291885850897285121
1291886299696246785
1291886415278743555
1291886665003405312
1291886833282973697
