1377410382931898370
1377410385238630400
1377410410869977091
1377410457942773762
1377410572950532098
1377410590075805698
1377410631587016707
1377410639056957440
1377410642043228163
1377410670870855680
1377410730312404998
1377410736972959746
1377410739128868866
1377410776588185604
1377410878597853186
1377411016724639744
1377411037788442624
1377411147855327233
1377411356568223745
1377411496842457089
1377411582032977920
1377411586948759554
1377411615725789188
1377411641004814338
1377411642992955393
1377411645819904001
1377411658725818369
1377411710953218049
1377411733761880070
1377411771800018944
1377411781518262281
1377411789697257474
1377411804779868162
1377411854343888897
1377411877043585026
1377411886321442819
1377412040197697538
1377412067502743553
1377412068492468224
1377412092605566979
1377412126202077187
1377412216153014272
1377412334625390595
1377412364836868098
1377412405353930752
1377412423884304390
1377412488246013959
1377412568529072130
1377412679120265216
1377412786679021569
1377412872196644869
1377412931021836290
1377412983219888129
1377413085346992129
1377413166045405188
1377413201109741571
1377413285486583808
1377413333519753220
1377413385487327233
1377413472237969412
1377413507700822018
1377413573157081090
1377413637724381186
1377413683777662976
1377413746977501187
1377413773909053440
1377413780250914816
1377413804410085378
1377413813847224320
1377413831798910976
1377413864250167301
1377413915189993475
1377413951609131008
1377413963261083654
1377413975571189761
1377414004155408385
1377414083062898688
1377414118617935874
1377414154592645122
1377414263434702851
1377414338772930560
1377414355185205255
1377414520646201345
1377414544243314688
1377414561263849472
1377414653215563779
1377414750162706433
1377414759746830337
1377414845675433985
1377414995395289091
1377415011518144513
1377415013145567237
1377415021580390400
1377415036700868614
1377415052102279172
1377415106099736577
1377415113481719811
1377415159426162691
1377415217525612544
1377415222458085376
1377415228426645505
1377415242741768192
1377415285267787780
1377415337835163650
1377415360090021888
1377415370726764547
1377415425626046465
1377415442101194754
1377415444081090573
1377415556937052161
1377415557171933191
1377415600239124481
1377415614155853829
1377415634531794946
1377415669411577856
1377415672871931904
1377415756833419265
1377415815524405250
1377415831282274309
1377415901822132225
1377415954221690880
1377416195226279937
1377416201102487556
1377416218953478147
1377416224372482055
1377416231121166342
1377416243766956036
1377416263622828032
1377416278651047942
1377416339787112449
1377416388785016832
1377416483555340288
1377416582087856134
1377416654326358017
1377416672097808384
1377416720680243202
1377416743300177920
1377416771385192449
1377416835730128900
1377416871205597184
1377416912888467460
1377416981087973378
1377416995755286529
1377417073824043009
1377417233794666501
1377417288048128008
1377417337712742400
1377417383841701888
1377417386379239431
1377417395321647105
1377417440859070464
1377417455333634048
1377417461801177093
1377417525923868677
1377417568487546881
1377417714705166340
1377417715539791878
1377417735605391370
1377417738189082627
1377417798230638593
1377417834548981762
1377417839888375810
1377417864664256514
1377417906338680840
1377417942820741127
1377417984881258500
1377418012421054465
1377418017596866561
1377418037981179907
1377418042221600768
1377418090955218948
1377418161402732544
1377418183070507011
1377418262166691840
1377418337240539139
1377418387135979526
1377418463631699970
1377418503431417858
1377418568967450625
1377418587946643458
1377418601146150915
1377418606183473152
1377418626949521410
1377418690216484865
1377418820319506435
1377418821456121856
1377418855832715267
1377418906919387141
1377418925932077056
1377418981221359621
1377418996295684099
1377419059805921281
1377419155050270724
1377419231004749828
1377419294330392580
1377419325989076992
1377419362940821507
1377419461574094854
1377419506394357762
1377419554926718978
1377419795835027461
1377419842613956609
1377419975208615936
1377420002886742020
1377420052723425281
1377420080913522689
1377420090707169280
1377420125591072768
1377420153579843586
1377420181056540672
1377420256579252224
1377420259653656582
1377420413785935873
1377420472388780033
1377420698684059649
1377420803327819776
1377420823753973762
1377420911385567232
1377420911599513607
1377420951923527682
1377420998874570761
1377421054398763008
1377421233487155202
1377421240781078528
1377421269004513284
1377421276214517763
1377421299207835650
1377421380535250944
1377421662790897665
1377421704234901505
1377421711289638914
1377421797499539456
1377421859331866624
1377421918651904004
1377421966395723776
1377422142833270785
1377422209233346561
1377422254024220680
1377422459046133762
1377422706816077825
1377422769256824840
1377422833739948033
1377422910407667712
1377423055471964162
1377423101433012224
1377423330647535617
1377423540735995905
1377423544489893889
1377423569643184133
1377423671195656195
1377423688438407168
1377423693538680833
1377423716607401984
1377423765877923841
1377423804507451393
1377424037610094597
1377424064986324994
1377424228731994118
1377424324869545984
1377424448010153988
1377424472764940289
1377424562988584961
1377424722938433537
1377424807742955527
1377424809324212224
1377425000940990464
1377425036923969536
1377425054800080896
1377425166112710656
1377425401438367745
1377425448016044035
1377425482413662209
1377425582401576965
1377425664811368453
1377425716548108289
1377425721308585987
1377425830289137665
1377425966109089792
1377426247739842562
1377426249312727045
1377426295567581184
1377426302647595011
1377426321265942528
1377426511385530370
1377426545782964228
1377426607191715840
1377426634744213510
1377426681934176262
1377426690666766337
1377426754294403080
1377426836905414656
1377426854169038854
1377426890558820354
1377426931499565061
1377427021479899138
1377427161703849986
1377427186819473408
1377427254100307968
1377427304830267394
1377427332743319552
1377427352112742401
1377427406672162818
1377427516797911042
1377427681424330752
1377427707449856004
1377427784029466626
1377427787611467780
1377427791700967429
1377427886685097984
1377427904460693506
1377427906889015297
1377427955819945984
1377427972844478467
1377428075676233733
1377428130227359744
1377428195385966594
1377428416438276097
1377428521669160961
1377428635880095751
1377428652799848450
1377428792260448257
1377428912456744966
1377428950440239105
1377429102353784834
1377429215306391556
1377429262534201345
1377429265306677254
1377429271270973445
1377429293316329473
1377429302573113345
1377429391697866754
1377429408676413442
1377429508932784133
1377429528121839616
1377429562938642434
1377429719755354114
1377429742635249667
1377429761291522048
1377429805528932360
1377429814911586306
1377429825992847364
1377429904589955072
1377429906728972289
1377429926144585732
1377429983577055233
1377430168495525889
1377430342060146696
1377430443318861828
1377430462558306304
1377430580640370689
1377430625280397315
1377430657912213506
1377430662391603208
1377430801936084993
1377430846773325824
1377430848362868738
1377431015631724547
1377431027644129280
1377431224742944769
1377431241851461633
1377431320540889088
1377431412584841217
1377431422839844867
1377431495661346817
1377431587810316294
1377431644332756993
1377431662158508035
1377431782765834241
1377432123787780099
1377432166699724801
1377432234664189953
1377432243078000642
1377432308039380994
1377432313106141184
1377432319225692163
1377432417342877697
1377432503439433730
1377432519059009539
1377432568899887105
1377432606153695232
1377432669622042631
1377432825398325248
1377432831979323392
1377432922739728387
1377432966796779526
1377432967585230849
1377433030277537793
1377433209756078083
1377433226642288641
1377433280547590149
1377433424269508615
1377433539466178564
1377433555660328961
1377433565722370048
1377433741652557826
1377433751806873601
1377433792164466688
1377433860837937153
1377433886213345284
1377434233778663428
1377434557985681416
1377434559810244609
1377434590550237185
1377434674398691330
1377434681570918414
1377434718208024577
1377434780090822659
1377434837880082432
1377434844490252290
1377434959179214854
1377434967307870211
1377434995837476864
1377435025461809156
1377435185101168641
1377435364780953603
1377435400088641536
1377435439980666886
1377435731656798210
1377435891690442753
1377435982752964610
1377436007738396672
1377436109538398213
1377436247715553280
1377436256053784578
1377436288614195200
1377436383287988226
1377436423779803136
1377436595918405632
1377436689811922945
1377436742882578440
1377436832648994817
1377436848742494211
1377437024001552389
1377437076241571840
1377437100321038337
1377437321457360898
1377437350968532998
1377437378722193409
1377437386855088129
1377437478320177152
1377437651859558401
1377437694905712649
1377437747288367106
1377437799771561985
1377437994479611907
1377438071080112130
1377438232158240771
1377438426274889728
1377438551214723073
1377438633825738753
1377438678436343811
1377438728281554950
1377438841993236480
1377438893117636610
1377439174228275204
1377439236060717056
1377439253311840256
1377439403354718208
1377439500964671492
1377439534292471809
1377439557705027584
1377439794016346116
1377439818762743809
1377439820809695239
1377439951038504961
1377439969384439808
1377440129011216387
1377440242550984704
1377440338403414016
1377440452589182976
1377440513540775937
1377440531148468227
1377440532440313863
1377440761319317511
1377440816759676928
1377440881398018048
1377440920363229190
1377440973136003075
1377440976713617413
1377440985253257218
1377441008321884161
1377441059022778368
1377441110600032260
1377441181076840449
1377441223703625729
1377441266602962944
1377441675556044801
1377441686461181952
1377442130604490757
1377442136686219265
1377442145259421696
1377442223952908288
1377442236904923140
1377442318119268353
1377442583950061571
1377442833884413955
1377442884190883841
1377442886501986307
1377442910736674819
1377442964021071879
1377442988540846080
1377443153284890624
1377443303109632002
1377443308633489414
1377443315541553158
1377443384089059332
1377443553719296000
1377443618772897796
1377443749660393474
1377443791456600066
1377444160337281024
1377444162165956608
1377444183716331528
1377444325462790146
1377444449966510081
1377444462847266818
1377444463572885506
1377444670721122305
1377444868776062976
1377444885851107328
1377444921091719170
1377444954239275009
1377445042151899143
1377445046442729476
1377445092319969280
1377445306153992193
1377445449376751617
1377445518033481730
1377445538396786692
1377445581967265797
1377445642151337988
1377445689945419777
1377445760275464194
1377445862880739328
1377446016732041217
1377446153680269312
1377446156779851778
1377446342637850627
1377446551711256579
1377446594564530184
1377446597445947395
1377446618685915137
1377446636624826371
1377446642811428874
1377446719022104579
1377446770851119113
1377446921841864707
1377446924786270211
1377446940607123459
1377446960332947456
1377447074652913666
1377447100745678850
1377447131611545604
1377447149831663619
1377447201941684225
1377447376110116865
1377447459392208898
1377447489608024067
1377447530074619905
1377447622483570690
1377448027749769217
1377448075082526726
1377448118418075653
1377448128966615042
1377448268939026435
1377448315554570240
1377448344453312516
1377448443254353923
1377448444109946880
1377448512309370880
1377448571247677441
1377448606010068992
1377448745848176640
1377448795752005633
1377448808162983936
1377448858800775170
1377449046411972610
1377449143006822400
1377449217749311490
1377449220991557638
1377449255837777923
1377449344706707458
1377449538752016387
1377449616837332992
1377449696315211777
1377449701742669831
1377449708306759684
1377449804561809409
1377449866507476993
1377449994379096066
1377449995738230786
1377450221718925312
1377450233756585985
1377450317390942211
1377450338307952640
1377450443622727688
1377450458047000576
1377450469333860355
1377450470936096768
1377450641157718021
1377450697319444480
1377450729871400961
1377450758682116097
1377450963250905088
1377451010965258241
1377451050622410754
1377451132499472384
1377451288116523011
1377451591649886208
1377451610528481282
1377451645567647757
1377451650244300801
1377451787850973185
1377451791995052034
1377451795514032129
1377451854339133441
1377452121713471489
1377452156765282308
1377452173169209344
1377452236398325775
1377452307886055424
1377452326756225031
1377452328995930114
1377452427088105472
1377452458075639813
1377452488715030528
1377452579823747076
1377452902789287937
1377452936926797825
1377452963812278273
1377453013657399301
1377453182842986507
1377453283057532932
1377453308072312832
1377453354817875968
1377453416922898440
1377453424040669184
1377453481666215941
1377453503132618754
1377453754325303296
1377453801859379200
1377453898034786306
1377454033275912195
1377454050833272832
1377454119544356867
1377454162699563008
1377454294908211200
1377454705329250308
1377454794600775684
1377454975966707715
1377455174302773249
1377455180925562882
1377455430650171394
1377455677711523841
1377455685512876033
1377455786759163905
1377455883228168193
1377455914861608961
1377455945928863744
1377456177165008898
1377456219569405957
1377456294781669378
1377456336577949699
1377456397386969093
1377456588542390273
1377456731895296002
1377456773506945026
1377456850912878596
1377457032257810433
1377457048443625473
1377457128705814528
1377457207927791621
1377457243210326017
1377457283429502976
1377457314718965761
1377457351591071744
1377457567836831752
1377457641392197636
1377457692474769412
1377457819952222209
1377457915427233797
1377457937367638021
1377457946586648584
1377457952647340036
1377458004509925378
1377458054145380355
1377458058318733316
1377458089234984961
1377458133182873601
1377458146512355331
1377458204012126208
1377458376880308224
1377458459772395521
1377458497655300097
1377458615360094215
1377458891122954240
1377458926506102784
1377459110770311172
1377459193272274947
1377459230299541510
1377459245520674816
1377459249756975105
1377459291263750151
1377459469794304003
1377459492242264066
1377459536794157065
1377459565122424832
1377459726997458946
1377459771759067142
1377459839589302274
1377459928261091329
1377460070406094850
1377460094229708801
1377460101943021570
1377460123979952129
1377460206100172801
1377460375810097156
1377460557419266055
1377460711442542594
1377460719944413186
1377460790526099457
1377460925763031041
1377461085079535618
1377461170290954240
1377461431042510848
1377461494326165517
1377461509027155976
1377461723318353924
1377461737507667972
1377461756323241987
1377461762979692551
1377461935571091460
1377461994605981698
1377462123593400323
1377462175162380288
1377462177964130314
1377462234058723331
1377462560241377282
1377462682287280129
1377462871064506368
1377462904417574913
1377463270727110657
1377463306156400641
1377464392443379720
1377464488690061316
1377464502271291393
1377464893943779328
1377465539572998144
1377465970105651200
1377466013214765056
1377466109599842306
1377466216181293056
1377466314181206017
1377466402706239495
1377466626845577217
1377466642821738509
1377466835738705922
1377466852733972489
1377466874250813441
1377467061413236738
1377467108410454017
1377467182012100608
1377467314266849282
1377467319161647106
1377467965520642049
1377468145363865602
1377468216486809603
1377468421533749248
1377469291964993541
1377469895013765123
1377469903758843911
1377469993030463488
1377470026702336005
1377470400507097090
1377470652970643460
1377470732142321667
1377471037496000513
1377471043133116417
1377471208053207043
1377471326487785472
1377471335463591937
1377471366778265600
1377471776830189569
1377472137624162305
1377472138827988993
1377472172248031237
1377472300874928129
1377472402939072515
1377472513228345344
1377472575044001796
1377472575572430848
1377472793483284482
1377472794481598464
1377473054050226184
1377473192051228672
1377473308753596417
1377473419512516610
1377473513079070720
1377473653504364547
1377473878331699201
1377474286529744898
1377474438447296515
1377474444290007040
1377474451038597128
1377474505065521155
1377474726608695299
1377475273935966216
1377475346333904896
1377475358929387520
1377475390957051911
1377475532649037824
1377475556120395777
1377475709933862917
1377475774345842691
1377476329629749248
1377476377700622342
1377476444696236033
1377476482176585732
1377476551663570944
1377476611184992259
1377476737546792963
1377476766474854402
1377476912273096708
1377477374384734209
1377477695412535297
1377477729713590276
1377478037797736448
1377478069066285057
1377478232614785027
1377478250528657408
1377478793368068101
1377479291399733249
1377479335158939649
1377479776429019136
1377480720764051456
1377480723121254403
1377480763508199424
1377480763881443328
1377480935843708928
1377481005767012355
1377481017473306625
1377481082745057284
1377481218116161536
1377481518780723200
1377481746820825088
1377481826500030464
1377482221175640064
1377482471114178560
1377483452602277891
1377483969755774977
1377484128669548547
1377484223205011456
1377484435893944322
1377484458400563201
1377484595898224640
1377484725154164736
1377484884101509121
1377484903022006276
1377485147084324866
1377485280798777354
1377485310850969601
1377485797222461440
1377485877937532932
1377486259757723648
1377486380637560832
1377486613593399297
1377486914593435651
1377487204348526593
1377487238108418053
1377487708226994176
1377487732419801088
1377487756922925057
1377488131738505227
1377489043651506177
1377489534867283971
1377489652106551296
1377489947729534979
1377490041086205954
1377490347580866562
1377490357986979840
1377490644990623754
1377490720349683714
1377490795427622912
1377490910217445379
1377491054463746052
1377492056742879236
1377492135356825600
1377492235273506817
1377492676157792257
1377492935864893442
1377493667603230722
1377493788629798914
1377494286690816001
1377494492811554818
1377494918571114496
1377495404091224067
1377495448752119808
1377495600661422082
1377495813023268866
1377495960528502786
1377495966379544578
1377497331768115200
1377497665315946502
1377498153226747906
1377498245803442177
1377498938832519172
1377499100468420608
1377499267162648580
1377499452936761348
1377499641583915012
1377499857850523650
1377500018878377986
1377501871905112064
1377502166412320769
1377502235504996364
1377502345685315585
1377502876273156096
1377503052920467461
1377503094175633410
1377503803948294145
1377504041828241408
1377505298093592576
1377505375235227649
1377505785375203331
1377506018012332032
1377506099801288705
1377506168290041864
1377506245171642373
1377506279011229696
1377506372963667968
1377506759695294464
1377507147500634113
1377507798142091265
1377508003285512192
1377508612164173827
1377508776819974147
1377509028071362561
1377510249297547264
1377510308672069637
1377512610183122945
1377513951450173442
1377514976252993538
1377516077811265537
1377516561892786177
1377516778054647811
1377519533372628998
1377519752982245376
1377520442609647617
1377520527359811585
1377520691529056257
1377520706519511040
1377520905086189569
1377522204733227011
1377524302464090115
1377524488083025922
1377525127483691015
1377526698967728128
1377528006382653440
1377528728293625856
1377529297641017344
1377529297662009345
1377529297913720835
1377529297951412224
1377529636771528704
1377531183916064774
1377531197442654212
1377531262626332672
1377531902161195009
1377533893486731266
1377533906472349697
1377535481429254151
1377535637851664386
1377536148533346304
1377536357355118593
1377537278449434625
1377537453263888385
1377538479429722114
1377538652172124160
1377538727707217920
1377538808934195204
1377539490374291458
1377540898507141120
1377542414601183233
1377544068192948229
1377546291467665408
1377546291773906948
1377547533963120641
1377547658206777344
1377549382556520448
1377549451548635136
1377549612903501833
1377549656855560192
1377550196817682432
1377551025616248834
1377551209385582593
1377551248430411777
1377552138876948480
1377552571473276930
1377552653975236613
1377553490747256836
1377553978871984130
1377554039920025600
1377555086465982464
1377555760931090432
1377556348515274752
1377557469531099139
1377557936935952386
1377558239596908547
1377559505630863361
1377559610383536130
1377560157199155202
1377560380046671876
1377560511554916353
1377560885598826496
1377561656759365635
1377562405077721088
1377562492155613185
1377562835933409282
1377563156747329536
1377563343284797442
1377563466756669440
1377563891505397762
1377564119491039233
1377564747617476614
1377564906489319428
1377565168826191873
1377565389979328513
1377565464134565888
1377565607042953220
1377566025160474625
1377566240588320776
1377566407840432135
1377566417428549632
1377566438844723200
1377566755703422985
1377567472589680641
1377567565933854722
1377567620392751106
1377567821840973825
1377567977147600896
1377568067635400709
1377568256672825346
1377568475695222784
1377568558000041984
1377568759657984002
1377569227436081153
1377569351251935235
1377569739304800257
1377569845760393219
1377570075809624066
1377571013299421187
1377571215318061058
1377571434571182082
1377571441156124674
1377571615601479682
1377571773311508483
1377571942929207297
1377572190141480960
1377572462414680064
1377572484153815042
1377572717566730241
1377572787179692032
1377573092348686339
1377573386356940800
1377574348530323458
1377574468743204864
1377574547361259524
1377574775598555137
1377575117614682114
1377575121792208897
1377575364046815237
1377575509463339011
1377575694360834051
1377575738505900034
1377575777210920963
1377576363394207746
1377576476195876868
1377576477001052166
1377576479354204161
1377576525747388418
1377576566327287808
1377576633557782529
1377576682769551360
1377576726813831173
1377576768735961088
1377576798406459392
1377576802449817601
1377576839359705091
1377577265433829377
1377577366524936192
1377577700106235904
1377577843761242118
1377578082140307456
1377578421673426945
1377578485615632387
1377578523284672513
1377578966719082507
1377579242444050433
1377579315836153857
1377579618467782657
1377579624364916738
1377579639577645060
1377580086023569410
1377580203527041024
1377580226100789251
1377580644637761540
1377580784366850051
1377580888767221761
1377580934380261378
1377581205747556352
1377581254401519621
1377581263389913095
1377581483846696962
1377581484907847682
1377581499776696320
1377581507301175297
1377581507305484289
1377581516952326146
1377581772699996164
1377581932461051905
1377582330202759175
1377582378961494021
1377582777017765892
1377582796898713603
1377582815710212099
1377583143964844033
1377583397430824962
1377583604268687360
1377583641971339267
1377583680814780416
1377583810758459395
1377583943340408832
1377583943625683041
1377583973531025410
1377584039297576966
1377584528982732804
1377584588193730561
1377584922580414466
1377585152801574914
1377585295324028930
1377585351301197829
1377585365545013253
1377585553470799872
1377586050441342978
1377586339621830657
1377586540684058626
1377586589442969601
1377586707072172032
1377586785581215749
1377587053873991683
1377587065769037826
1377587412138876932
1377587455013089290
1377587520960094209
1377587632914464771
1377587922682179585
1377588041376751618
1377588206288396288
1377588210184941574
1377588264010387456
1377588431887425540
1377588627467870210
1377588702965235719
1377588760792154117
1377589192163753988
1377589358308495362
1377589418446491649
1377589799020793857
1377589880205758468
1377590020207415297
1377590158309081096
1377590509556883459
1377590547490168835
1377590601101758466
1377590607380680707
1377590649608925191
1377590847001202688
1377591099129225220
1377591591444054016
1377591670833872896
1377591740333441025
1377591796612669445
1377591832708796416
1377591853130915841
1377592035155324932
1377592077639356421
1377592106626252803
1377592358280310786
1377592841980030976
1377592937182298115
1377593049161871360
1377593158700298243
1377593409758707713
1377593507024674819
1377593632371396611
1377593677590171651
1377593698603692037
1377593943874007043
1377594030104657928
1377594038237462531
1377594538735370241
1377594647858528260
1377594684718133249
1377594731857911808
1377594743803248640
1377594761247346689
1377594825860648960
1377594930743418887
1377595101510303744
1377595155260321796
1377595363415228417
1377595439457964032
1377595469602361354
1377595600187895808
1377595600326156289
1377595768303984640
1377595849220444165
1377595907454201858
1377595990136471556
1377596082218221574
1377596108097134596
1377596266796945409
1377596554727596037
1377596616056651777
1377596731731415040
1377596934207254530
1377596981317488642
1377596990545100807
1377596999088889869
1377597035113811974
1377597160645083142
1377597182329692163
1377597478158077955
1377597561373069312
1377597565445754887
1377597583036678148
1377597585226076160
1377597601692971013
1377597732144156676
1377597755271622657
1377598167693287430
1377598285100281858
1377598387785240578
1377598427031298049
1377598459868553223
1377598538322968577
1377598555758661632
1377598605817741312
1377598632237670400
1377598738319994881
1377598822940090370
1377598878070018053
1377598932352663554
1377598980931133441
1377599126204866566
1377599411920986114
1377599763743436802
1377599934946549760
1377600037308542979
1377600148948217863
1377600218888298497
1377600226438086658
1377600478406643726
1377600599777239041
1377600605196288002
1377600629212860418
1377600653267136513
1377601069879070722
1377601149394620417
1377601242927599621
1377601298745466893
1377601349119057925
1377601502555090950
1377601817723469827
1377601891945705480
1377602144963006466
1377602646643736578
1377602663542616070
1377602692382609414
1377602823198797825
1377603323369562121
1377603354101186562
1377603411974184961
1377603457348145153
1377603735950622724
1377603780292841472
1377603861263884288
1377603892201017344
1377604064263995398
1377604157088075777
1377604176088272901
1377604180232265730
1377604205909835778
1377604225404968960
1377604669200039942
1377604854458294272
1377604887689756672
1377604973383593985
1377605048851697666
1377605167277817858
1377605186932383748
1377605257405083649
1377605258138902529
1377605400825069570
1377605509524643843
1377605552226844674
1377605602810200066
1377605817269166091
1377605882276634630
1377605993006211074
1377606174955175937
1377606403095994370
1377606434804822026
1377606558583033857
1377606680817455112
1377606683891929090
1377606726204153857
1377606738963218436
1377606800225267715
1377606820886421506
1377606847880962048
1377606870295265283
1377606941346791433
1377606955800391689
1377607172364898304
1377607327193432068
1377607596241215492
1377607792878624771
1377608030808903682
1377608089231314946
1377608089294270465
1377608376948027393
1377608477670006784
1377608594129104904
1377608746130636803
1377608831144976387
1377608873255768073
1377608900749504512
1377608942742867970
1377608974380498948
1377609024724738049
1377609078097244160
1377609087769268226
1377609284905803779
1377609442636804100
1377609496416108546
1377609616142561290
1377609849681412098
1377609865229705218
1377609873639231490
1377609877623865344
1377609948377546754
1377610008632905731
1377610039171629056
1377610100479770631
1377610159321649156
1377610240326311938
1377610277416542211
1377610296194428928
1377610299621183490
1377610365194883080
1377610652206907397
1377610685253832707
1377610752299831296
1377610794247073797
1377610896479039494
1377611230815354885
1377611238008557576
1377611345676361729
1377611357240094729
1377611568087764994
1377611695468724227
1377611957247868931
1377612026965594120
1377612106187542531
1377612221874720768
1377612255714480128
1377612329588822023
1377612479954448388
1377612502528356358
1377612524397457415
1377612794003083264
1377612865948033030
1377612927667175431
1377612971598307332
1377613042251395073
1377613065642991618
1377613127337009157
1377613207964168202
1377613401246072841
1377613418337857541
1377613787415638018
1377614002277261315
1377614034007158789
1377614261187440643
1377614389960933387
1377614448404398089
1377614490842304515
1377614555703095307
1377614630206459913
1377614631007629312
1377614661307207680
1377614719519965184
1377614728185454596
1377614758212435970
1377614798481989633
1377614856271114246
1377614868493258760
1377614876626014212
1377614915138154505
1377614945488109577
1377614959580942339
1377614968296706056
1377614972763701251
1377614977012535299
1377615024764620817
1377615129760645127
1377615209636958224
1377615329300508672
1377615341354954753
1377615538994741257
1377615682683174914
1377615789008826383
1377616191548764167
1377616386420310019
1377616449968164873
1377616455936671756
1377616813283029000
1377616829166858249
1377617054908432394
1377617172986486788
1377617175545008133
1377617182159470599
1377617194603909122
1377617332059652101
1377617390704467969
1377617477379706884
1377617526264320005
1377617529116442631
1377617531188445185
1377617624603983886
1377617625983954952
1377617686658748430
1377617924463136773
1377617968272707592
1377617969954586627
1377618075533643782
1377618114075049994
1377618120781795339
1377618311505141765
1377618473958924290
1377618474655232007
1377618539012616198
1377618669191192580
1377618795162959876
1377618834601996290
1377618903875076100
1377618990848225282
1377619044795305987
1377619091666710537
1377619320679841801
1377619391823642630
1377619452536221702
1377619460102754308
1377619484635189265
1377619488313589761
1377619507238350852
1377619553413386241
1377619772842647557
1377619790202822659
1377620018779803655
1377620035515088899
1377620086744346633
1377620093945929733
1377620126170763265
1377620265329377287
1377620342097723394
1377620652849565707
1377620681102397444
1377620762136354817
1377620789328015365
1377620801550180362
1377620852833976326
1377620927534469123
1377621229889335307
1377621251804557321
1377621312026345481
1377621363725328389
1377621401541214213
1377621547704332290
1377621558944993288
1377621580210184194
1377621642394877962
1377621681162838022
1377621774058274820
1377621787756859392
1377621807247863812
1377621835995578371
1377621868635688965
1377621928723222543
1377621967575080964
1377622020968620039
1377622115965341704
1377622338607448072
1377622445222400007
1377622461815123973
1377622654178443264
1377622673900077064
1377623053916631040
1377623170530807811
1377623257738850305
1377623417466273792
1377623482234769416
1377623590552633347
1377623617907929090
1377623646471122954
1377623668365393923
1377623676242264064
1377623727991615497
1377623911274283019
1377623938239492100
1377624024893816833
1377624037560627203
1377624051284385793
1377624063192010753
1377624111694905345
1377624187464998916
1377624287666966530
1377624301344583681
1377624425068175371
1377624505976229888
1377624794728906754
1377624916934156291
1377625050493370373
1377625274112704517
1377625287282847747
1377625434603524111
1377625501293027334
1377625548697047051
1377625640854249482
1377625734437552139
1377625818776670208
1377625824732528642
1377625853127983109
1377625876125351936
1377625900515213320
1377625935432843270
1377625957364813834
1377625992068538380
1377625996761956363
1377625996787130372
1377626038256205827
1377626067184287749
1377626099916668931
1377626151728844801
1377626231940726794
1377626246671167489
1377626422475390986
1377626552700186631
1377626597105266701
1377626637588660224
1377626927238897671
1377627106683813894
1377627319066562560
1377627706884521998
1377627767056052228
1377627788878970884
1377627956772753408
1377628160792137734
1377628200315056133
1377628258678804493
1377628272230547457
1377628295466999815
1377628314467192835
1377628335438725121
1377628345542774789
1377628427474382866
1377628570323935233
1377628612468310033
1377628721696346112
1377628773584109568
1377628926663610376
1377628996964388865
1377629142024347654
1377629252384915456
1377629288925700106
1377629400137674760
1377629452084084740
1377629524016431104
1377629531020857348
1377629642920693769
1377629673639841794
1377630004947849218
1377630012669624328
1377630087739277325
1377630094051708935
1377630114465390592
1377630116356972554
1377630310398038017
1377630321353560070
1377630388345012228
1377630433857388551
1377630454069788674
1377630797377732614
1377630879166648322
1377630934242054153
1377630936465076231
1377630975593746437
1377631224508903430
1377631687983644674
1377631770523340803
1377631786231078915
1377631991424761862
1377632096068452356
1377632181015699456
1377632337001844744
1377632371118333953
1377632425988259842
1377632464357720069
1377632549892194307
1377632737918648321
1377632963509239813
1377633106618880001
1377633274772721666
1377633280028213248
1377633286466441220
1377633325486116870
1377633375125659649
1377633388295782409
1377633571297452032
1377633624783216640
1377633650108469248
1377633721118031876
1377633751237328900
1377633792198901767
1377633808078487556
1377633976496631810
1377634125411147778
1377634247528308742
1377634268973838341
1377634396925214726
1377634585513766913
1377634616404799489
1377634619558748162
1377634698734796802
1377634752635752449
1377634777445109765
1377634872668393477
1377634983951659009
1377635025177427973
1377635073818787842
1377635184737128450
1377635199631114244
1377635251602751495
1377635285022949378
1377635329218387970
1377635440031899655
1377635580796932096
1377635587461681155
1377635611008454658
1377635742587969538
1377635743300993030
1377635771767734272
1377635913409429504
1377635914638356482
1377635916114751494
1377636039531978755
1377636140736512000
1377636526801219588
1377636680191119361
1377636873443684361
1377637020445466628
1377637025285689350
1377637124804075523
1377637347752312832
1377637376160370694
1377637383353602058
1377637442585554952
1377637528707207170
1377637563192774658
1377637680952049666
1377637778889007112
1377637795393572864
1377637866440916994
1377637873378328578
1377637886930083843
1377638040089329667
1377638052491853824
1377638114466922498
1377638120582172674
1377638368297816065
1377638431724089354
1377638477362298882
1377638478905769984
1377638544718581762
1377638545532329990
1377638689870737409
1377638874789384201
1377639036001644547
1377639038178353155
1377639056306270208
1377639176422707200
1377639288192503808
1377639404026658826
1377639469357137923
1377639491956060161
1377639588940890113
1377639595978846208
1377639696206069760
1377639869229449220
1377639954063486976
1377640028462051330
1377640045146935298
1377640054768603138
1377640067716558848
1377640292677992448
1377640376039829508
1377640401021075459
1377640409518776327
1377640410806378504
1377640423137681410
1377640647138684930
1377640663580356612
1377640727908343813
1377640798142009347
1377640834137530369
1377640958154670082
1377641033723478017
1377641073695191043
1377641109590044673
1377641154599063552
1377641179270029318
1377641199264206849
1377641252947161090
1377641451111190528
1377641490596442115
1377641679780507655
1377641799292964866
1377641884798029827
1377641912736346115
1377641919375761414
1377641968583458816
1377641982093320196
1377641983540400129
1377642080353275906
1377642126322847747
1377642168039452675
1377642233327988739
1377642250121928704
1377642251938070528
1377642256501518336
1377642279788240898
1377642534109917190
1377642570642296832
1377642597511016458
1377642598127566849
1377642651764326401
1377642714058137605
1377642718776729604
1377643021190234113
1377643057974231043
1377643124835631105
1377643289688563714
1377643422820012037
1377643446022729735
1377643509038059528
1377643579938594816
1377643584132907016
1377643646690922497
1377643680618676224
1377643816333803520
1377643819999526921
1377643860722032642
1377643928321716230
1377644048899575817
1377644073687904258
1377644195951820803
1377644312679305216
1377644318102597636
1377644363468177408
1377644379565871117
1377644423618564099
1377644432053387266
1377644458599153667
1377644544292950016
1377644544997666817
1377644546729857029
1377644612702076930
1377644659086925826
1377644685687201792
1377644688824532995
1377644762128343045
1377644825382584335
1377644935260815360
1377645091125362689
1377645091309957127
1377645104912027651
1377645170984951808
1377645242451685378
1377645254107656192
1377645265042178059
1377645397028581382
1377645428410359810
1377645503773564928
1377645605007187969
1377645641485127688
1377645691980423170
1377645753909272581
1377645766546718729
1377645822632988674
1377645889410510850
1377645916790870018
1377645936483139589
1377645972835164162
1377645986886062080
1377646034185240576
1377646067056058371
1377646075004194816
1377646218780753925
1377646476806000647
1377646502428954637
1377646548734111744
1377646637976272903
1377646733686112260
1377646752132702218
1377646790451855361
1377646880952320003
1377646960769896457
1377647011051282435
1377647021654298625
1377647041896124420
1377647079661522944
1377647088155164682
1377647126935699465
1377647155410829314
1377647177053376514
1377647226000920576
1377647267193221122
1377647363586658307
1377647422885785600
1377647433656758278
1377647652221943808
1377647741652905988
1377647745306087424
1377647796325642243
1377647799895011334
1377647891850878983
1377647925946376192
1377648058964570112
1377648109652742146
1377648130926247941
1377648144356376581
1377648213579214857
1377648253303451649
1377648267610165251
1377648322920452109
1377648381586210816
1377648407754461188
1377648408366874628
1377648426842791939
1377648480764715012
1377648815998709764
1377648912522153992
1377649045154492417
1377649166843850752
1377649183780397057
1377649223970263042
1377649231712899072
1377649249643593732
1377649258594246659
1377649299308343300
1377649300419837955
1377649306216316929
1377649393403330562
1377649412512563201
1377649531937042432
1377649605102428166
1377649736568741894
1377649799193837574
1377649838062497795
1377649879724482563
1377649939921186816
1377649955146510338
1377649972238225410
1377650040269807616
1377650069428707331
1377650339369865222
1377650422656143372
1377650554629947395
1377650565828739072
1377650625740161034
1377650637144530947
1377650698926628867
1377650764395524098
1377650791352307716
1377650841650348033
1377650866661027842
1377650868858798081
1377651142059032585
1377651203270701057
1377651239098400771
1377651303933997058
1377651419830947846
1377651522302054400
1377651585820585985
1377651813860671518
1377651821246881793
1377651868151730177
1377651869204373504
1377651893745426441
1377651899298615297
1377651964125851650
1377651977446846467
1377652061748269056
1377652080505159680
1377652190014287874
1377652308285255682
1377652336013799430
1377652434072444930
1377652491496603648
1377652560371326977
1377652565920321538
1377652611919310853
1377652664863973382
1377652666411708417
1377652738805354500
1377652765061693444
1377652790621782016
1377653118566084609
1377653176934006784
1377653203861393419
1377653282265513986
1377653377329475587
1377653383318925317
1377653421063467009
1377653516475498499
1377653639200800774
1377653675749994502
1377653763054391296
1377653837578788867
1377653918214320132
1377653933309632520
1377654226323709957
1377654228408225794
1377654370851029008
1377654488593395717
1377654509346955264
1377654546730782729
1377654570743119875
1377654648262250508
1377654721817772034
1377654729849901058
1377654746073468929
1377654825404530688
1377654889141141505
1377654900105097216
1377654929884651533
1377655159384375301
1377655213742567426
1377655233891942400
1377655253055725568
1377655403987804160
1377655514520297473
1377655537454710790
1377655855122898944
1377655869618409475
1377655883652546566
1377655906972925952
1377655954087546884
1377656039680659457
1377656228994748417
1377656608885506048
1377656658554392576
1377656699088207876
1377656731036172291
1377656735964479491
1377657004936716289
1377657005163225092
1377657035077091333
1377657054941347842
1377657065661988870
1377657251746447360
1377657335309594627
1377657361670737920
1377657437340205068
1377657464313815042
1377657552658386944
1377657597696819202
1377657638327103488
1377657649467158528
1377657650821799937
1377657664755396610
1377657670560272388
1377657918619803651
1377657939079659526
1377657942984511502
1377658011297144838
1377658132130902021
1377658148736094212
1377658149226876928
1377658232810971145
1377658427967672322
1377658458581909508
1377658461949923328
1377658475048804367
1377658586726289409
1377658599527354373
1377658842977337349
1377658867564347397
1377658898044358664
1377658910925029376
1377658936384446471
1377658974762328065
1377658986321866762
1377659022841683975
1377659142593187843
1377659156862275585
1377659178446057476
1377659189112176640
1377659197714620419
1377659204207448068
1377659210092011520
1377659216031195136
1377659221899022337
1377659290748661767
1377659295588880394
1377659429076807683
1377659445916921867
1377659505467609094
1377659527005356039
1377659555514040324
1377659836733722624
1377659882741059588
1377659933064302594
1377660024500195332
1377660240573923331
1377660283276173318
1377660322148986882
1377660336040464386
1377660376284868614
1377660465438937088
1377660466965676033
1377660515355353091
1377660528298967048
1377660529536331782
1377660791806115843
1377660870063489027
1377660932718010375
1377660944747233287
1377661195197501440
1377661298310176771
1377661323094409222
1377661471761563650
1377661518066638855
1377661560890535938
1377661585922097156
1377661822833147907
1377661891301019648
1377661902432653314
1377661915590234115
1377661993897881603
1377662003259580419
1377662088647225350
1377662167378432001
1377662200177909763
1377662206439997444
1377662275033571331
1377662319791124483
1377662458807119874
1377662463605358593
1377662643352309762
1377662692207554563
1377662767931531266
1377662778660552707
1377662810713432065
1377662816665092098
1377662823485046785
1377662868431208450
1377662888891006976
1377662969203597318
1377662987654328325
1377662989462089728
1377663154897965062
1377663285064044549
1377663304240402432
1377663712581025795
1377663825852391425
1377663861726322688
1377663869385117701
1377664084024381440
1377664175908982784
1377664258184519682
1377664435553189889
1377664531711819782
1377664614578671618
1377664618403921921
1377664619238588418
1377664648191864838
1377664685613404164
1377664850432786448
1377664852785831941
1377665100606214154
1377665134315855873
1377665199294013441
1377665207519051778
1377665241165787138
1377665313882443777
1377665392961806341
1377665486276722688
1377665502231810050
1377665594120622085
1377665711343013900
1377665787314515974
1377665805442293760
1377666001303666689
1377666091325997063
1377666095914569729
1377666129062154240
1377666134200217602
1377666164067762181
1377666178672377860
1377666204408631304
1377666216865714183
1377666335371563015
1377666522718556167
1377666580604100618
1377666708991836166
1377666757813538831
1377666846103646208
1377666873035264004
1377666887874711552
1377667080464441345
1377667110831337473
1377667122617323524
1377667162769399812
1377667183405326337
1377667188048470022
1377667251927715842
1377667294554435590
1377667380466302980
1377667407813152771
1377667481779716099
1377667516118532101
1377667525358579712
1377667607151706121
1377667674025627654
1377667729382064130
1377667730275360776
1377667748755615749
1377667771144736773
1377667826442440705
1377667840212406275
1377667859124514816
1377667881383649289
1377667971255054338
1377668098489131010
1377668122476474368
1377668563142639617
1377668564279255042
1377668808312250373
1377668847516401665
1377668901891346434
1377669008045060096
1377669026416037890
1377669270574927873
1377669405874794497
1377669427030810631
1377669458924294149
1377669460312604674
1377669532781789185
1377669559788965897
1377669587832045577
1377669703469043712
1377669724293767169
1377669726214647819
1377669913645617154
1377670058000986114
1377670090641051655
1377670134790242304
1377670147855507464
1377670151399694339
1377670186627702787
1377670196169732097
1377670380282871810
1377670446888407047
1377670607903600641
1377670621149167620
1377670736450613249
1377670847373135873
1377670864359936005
1377670877773447177
1377670895238574082
1377670902117240832
1377670917560664068
1377670994458992647
1377671027602391046
1377671056350138372
1377671150000615430
1377671157835530249
1377671198943891461
1377671277390012421
1377671286072221698
1377671450967085061
1377671652339814409
1377671666537480197
1377671690013003778
1377671694844899332
1377671777929859075
1377671819096961025
1377671839288336391
1377672019106484229
1377672171259113473
1377672197234393088
1377672282072608771
1377672407431925764
1377672423743569921
1377672485089517573
1377672528475344903
1377672554366767112
1377672622700433410
1377672711732871170
1377672827613147137
1377672878775230476
1377672997130080262
1377673031989006349
1377673075907559426
1377673092055597059
1377673117259206658
1377673119679283210
1377673144794759173
1377673145163911172
1377673165514670083
1377673187497025537
1377673284628676612
1377673305063309315
1377673345655730177
1377673384180518913
1377673459505979399
1377673517894934534
1377673585913905159
1377673597381140489
1377673615219523584
1377673656785108997
1377673718806286340
1377673730369929218
1377674018212433923
1377674077587050507
1377674101217767433
1377674103436546049
1377674103591596034
1377674104933908491
1377674118586306561
1377674202136903683
1377674276405395460
1377674278590631939
1377674418042855425
1377674452322951170
1377674559197954050
1377674642589155329
1377674648310198272
1377674649736208384
1377674689590480897
1377674701749751815
1377675028792246273
1377675241082789890
1377675485388365834
1377675532498825228
1377675758668251145
1377675828302123009
1377675837621866498
1377675967112622080
1377676040768786434
1377676353009561606
1377676401399230470
1377676418830761985
1377676607985438721
1377676796695605252
1377677070529134597
1377677081744642052
1377677102602981377
1377677131136786436
1377677143187013643
1377677152028663812
1377677168147304453
1377677387014496261
1377677410729144326
1377677576173461511
1377677706033311744
1377677798224039941
1377677798354063365
1377677916318879749
1377678029942628356
1377678249883541507
1377678276420849666
1377678305319600133
1377678606437072897
1377678618466340864
1377678682010091527
1377678938168774664
1377678941297725442
1377678991172235269
1377679034201604103
1377679071270813703
1377679221959589889
1377679323570843655
1377679345049866245
1377679469180239872
1377679489971404801
1377679526885527553
1377679595705602048
1377679596146073602
1377679623765495812
1377679744641142789
1377679842288734208
1377679946726932490
1377679964875685889
1377679976460398595
1377679981237706755
1377680060036096000
1377680188805427201
1377680314215116800
1377680391197360128
1377680510189723655
1377680522634215425
1377680569904070661
1377680639537864706
1377680696622338049
1377680914319302671
1377680975707136002
1377681057743564802
1377681234948669451
1377681297217294345
1377681616705839105
1377681679892930562
1377681687316987904
1377681747983351810
1377682170865717250
1377682178377707522
1377682295491072003
1377682318689771525
1377682427871645699
1377682530271379456
1377682645342171142
1377682666619813892
1377682690690969611
1377682837479030787
1377682926192758784
1377682963110973444
1377683064051138563
1377683199158054914
1377683242699132931
1377683262504599556
1377683292284194816
1377683325305913349
1377683339809857542
1377683423783948294
1377683841960325121
1377683952933212163
1377683967940427780
1377684038727692298
1377684125046468608
1377684183896752128
1377684237265084420
1377684251089502212
1377684447038996487
1377684454156742660
1377684459743440899
1377684590186405890
1377684827491602433
1377684927777542146
1377684949151707136
1377685098028544001
1377685102671634439
1377685224860086274
1377685245168869381
1377685247039524871
1377685329595916288
1377685357555245059
1377685527210684416
1377685638112239616
1377685761064103941
1377685905893433352
1377685962587799557
1377686061405601793
1377686106095894532
1377686213507772418
1377686221623762945
1377686227516674049
1377686233506181120
1377686239722147840
1377686251357278211
1377686253559107588
1377686380336320513
1377686425022435331
1377686544400719872
1377686785942286341
1377686918490697730
1377686972160860162
1377687007577669639
1377687086699061248
1377687098094972930
1377687245814124544
1377687263094706182
1377687307390697474
1377687447535034369
1377687480623902723
1377687572156198912
1377687748853829638
1377687776464936962
1377687783322628099
1377687929846435846
1377688128484474896
1377688245002240009
1377688350090522628
1377688353873747972
1377688478046097410
1377688520790306822
1377688562087383042
1377688590130540550
1377688611110465546
1377688620908359681
1377688629020143617
1377688767704805381
1377688776017842178
1377688845806866440
1377688927570685954
1377688928157831169
1377688970033774597
1377689003529543682
1377689045308825600
1377689101730775044
1377689102968033281
1377689182026543105
1377689207922171905
1377689356492677122
1377689856512421891
1377690108246261761
1377690249556467714
1377690251456618496
1377690490817110022
1377690984427970568
1377690985409482754
1377691177542152194
1377691405699649546
1377691571315994629
1377691659702534151
1377691704459984896
1377691767420678145
1377691783434485760
1377691975340732433
1377692058757038082
1377692106953793536
1377692213187112960
1377692241649668096
1377692425548861454
1377692473087160320
1377692501402861577
1377692679069388803
1377692790579212291
1377692827514241027
1377692834401243141
1377693021609852929
1377693145987756035
1377693214673621000
1377693334689492992
1377693360480251904
1377693399189487621
1377693477648146436
1377693541036650502
1377693590504288259
1377693598850899970
1377693681805852677
1377693717394550790
1377693727087542273
1377693808796835841
1377693812898807810
1377693858549657603
1377693862345502722
1377693889759477763
1377693896713646085
1377693928581906434
1377694081648844803
1377694233944023044
1377694274591068162
1377694276512014339
1377694323899269123
1377694335865606144
1377694336406683649
1377694549619933184
1377694727777181700
1377694832194359297
1377695279290400769
1377695509217996804
1377695520320151552
1377695599802343425
1377695647906689024
1377695718085906433
1377695735714611207
1377696090384896000
1377696159897108482
1377696212334313474
1377696295297634308
1377696538525372417
1377696552119066624
1377696758072012801
1377696804813340673
1377696835284918272
1377696847473602563
1377696989350100996
1377697019528155137
1377697247803101187
1377697262315405326
1377697277989552133
1377697440187486208
1377697480775766016
1377697514112049152
1377697590498754560
1377697926819028998
1377698047946326021
1377698075439992843
1377698088949850115
1377698131027066887
1377698325319811074
1377698375055900677
1377698468593041411
1377698583982579721
1377698882910625794
1377698911607996419
1377698997041778690
1377699229913780224
1377699367151407104
1377699398507974657
1377699482524061700
1377699489046269959
1377699553084760066
1377699667786539009
1377699798548090884
1377699817762213890
1377700169299398662
1377700256650043392
1377700527627247618
1377700631151001605
1377701044856098819
1377701173839466503
1377701437908480003
1377701441704321024
1377701513271857155
1377701546276839429
1377701722336940033
1377701997995040774
1377702220150505476
1377702407497379842
1377702615295885312
1377702618844266501
1377702698699608070
1377702909081714689
1377703014727835654
1377703100417474569
1377703345591218176
1377703452785119237
1377703700391600128
1377703929237098502
1377703953614446592
1377704025609662468
1377704148154601474
1377704169121927170
1377704316631449601
1377704378879115265
1377704391252324354
1377704446709399556
1377704472940515338
1377704605170200577
1377704638498103303
1377704752016990211
1377704790851993603
1377704820350541824
1377705264296685573
1377705533013172235
1377705579167223808
1377705777016758273
1377705811473002498
1377706053366874113
1377706064406282247
1377706067166121990
1377706125265616896
1377706358510813187
1377706448793243654
1377706465188777991
1377706465461428224
1377706516929785861
1377706720835723267
1377706770169126912
1377707014852317185
1377707103322771463
1377707163183890433
1377707336740040704
1377707344323342345
1377707468277563394
1377707473730166786
1377707689644548098
1377707699153088518
1377707906171289605
1377707957073424385
1377707967538155525
1377707988811677697
1377708018771591174
1377708334279757828
1377708442266304513
1377708586651025412
1377708604959113221
1377708622554275843
1377708659963215873
1377708740703567874
1377709070967263235
1377709188483325958
1377709301251379200
1377709311737147397
1377709349749989380
1377709437528514570
1377709561012961280
1377709580256428039
1377709658446692352
1377709713056542720
1377709859353862145
1377709864919654402
1377710004007014400
1377710062282682371
1377710228679065601
1377710313240420354
1377710552013799427
1377710608015974400
1377710930860122114
1377710980621348869
1377711174427537410
1377711300759986183
1377711616670773255
1377711666813677568
1377711671939072000
1377711768898789376
1377711772224913413
1377711891745767426
1377712185078611971
1377712385775988736
1377712444479520772
1377712453392465924
1377712526549467144
1377712714970202119
1377712865751277568
1377713131783385090
1377713179866828800
1377713189958381569
1377713235072278529
1377713266844123140
1377713282828664835
1377713375287902216
1377713382653067274
1377713394950737921
1377713609443278852
1377713619551596544
1377713842009075714
1377713925765144579
1377713941778993159
1377714107592364034
1377714267529617412
1377714630299152392
1377714638691962882
1377715007031480320
1377715018091933699
1377715110567886851
1377715367938830342
1377715430018670605
1377715546972635138
1377715639792570372
1377715645408755715
1377715651306000386
1377715663305867264
1377715798177878020
1377716115456069638
1377716337020125189
1377716396998721542
1377716401784434691
1377716503726993408
1377716519501766656
1377716754382786564
1377716789107433477
1377716795273048066
1377716860590899205
1377717066438967299
1377717275793498114
1377717408065073160
1377717466969776129
1377717473584185345
1377717479246503936
1377717489560285185
1377717603972562951
1377717631331995648
1377717738018312202
1377717773082710024
1377717980050624516
1377718039542702081
1377718046937251842
1377718175421194240
1377718311073558530
1377718442481086466
1377718452027330560
1377718553202286599
1377718568578654208
1377718599826214912
1377718619883327489
1377718678339387396
1377718731846062081
1377718809948213254
1377718917569863682
1377718934946844673
1377718961958236168
1377719129021501447
1377719205848625159
1377719746087510018
1377719892649070595
1377719919270313985
1377719966926049281
1377719999985508352
1377720026615144448
1377720049671233543
1377720094239952898
1377720100506198025
1377720140582817795
1377720151773155332
1377720184308383752
1377720410536615940
1377720751214710787
1377721003183333376
1377721214488223753
1377721332616544265
1377721357304266755
1377721501223432192
1377721540326920195
1377721573537382404
1377721714474356738
1377721750511829000
1377721891398516744
1377721893374017538
1377721967529369601
1377722121862967309
1377722482908598276
1377722529431846912
1377722781102710784
1377722912967430144
1377722944135294981
1377723008169742345
1377723123844444163
1377723204958105601
1377723266287218695
1377723491152240642
1377723587596054530
1377723805351743488
1377724069408350216
1377724084914593794
1377724136806621191
1377724243002155008
1377724255480205314
1377724395402231810
1377724664550719495
1377724682116464644
1377724888480382976
1377724909896499206
1377724931295809543
1377724952741244928
1377725105204236291
1377725152046243844
1377725248213245955
1377725259353313284
1377725302017814534
1377725338961076226
1377725358758330368
1377725416580993031
1377725541839728641
1377725552769998848
1377725568876171267
1377725596197810177
1377725784962568193
1377726002923761664
1377726128648028162
1377726316611526657
1377726364363669504
1377726674343755781
1377726950475718660
1377726970503499776
1377727098731778049
1377727114720374785
1377727136983707648
1377727305322205187
1377727367393738756
1377727407994572803
1377727472507133952
1377727473752764416
1377727538940805126
1377727645526458380
1377727679441555457
1377727683874988037
1377727789852459011
1377727853798830080
1377727877014294529
1377727973684604928
1377727984069644291
1377728005041233922
1377728088319139843
1377728163145474050
1377728234624811013
1377728332431773698
1377728368314040324
1377728466494369798
1377728488103243776
1377728527290753027
1377729092859084805
1377729100505305091
1377729179270017026
1377729189600620544
1377729245183574017
1377729246613925888
1377729293418106885
1377729296266113029
1377729303853604866
1377729310560243717
1377729315480219658
1377729370463305732
1377729543721656322
1377729606724239362
1377729611828764682
1377729691033931777
1377729746310737922
1377729818242990087
1377729906977693704
1377730065354661891
1377730209521266689
1377730322830389253
1377730344036753409
1377730346431709196
1377730411154055172
1377730529630502919
1377730609678798855
1377730626938281984
1377730683376926722
1377730725076668416
1377730772921159683
1377730821155618816
1377730902642593793
1377731136873500673
1377731149993246725
1377731151721336832
1377731227378139137
1377731345930190848
1377731359888785410
1377731388452048905
1377731443305119755
1377731551157497857
1377731680388198403
1377731728714960896
1377731761342349318
1377731888572416002
1377731904296923139
1377731968964685826
1377732173067878408
1377732187508867075
1377732193783537668
1377732216277569536
1377732236443811846
1377732378316132359
1377732544205033475
1377732570520125443
1377732633598246918
1377732649209499650
1377732829870710800
1377732874623926276
1377732874821074949
1377733004395745284
1377733065749958660
1377733179956625408
1377733497566208001
1377733581460606979
1377733583813611526
1377733626675224577
1377733773299683329
1377733803918118919
1377733829306294277
1377733836973469697
1377734088677859328
1377734111570370565
1377734122374840323
1377734221352013826
1377734309835079681
1377734337651675141
1377734351262253056
1377734436809277440
1377734468874727436
1377734497731497984
1377734540408594433
1377734603637673990
1377734674433327106
1377734758927597569
1377734820411887624
1377734870772879361
1377735026939412483
1377735041044901892
1377735167129706497
1377735203934846980
1377735242530848769
1377735364366962690
1377735508953038848
1377735553903366144
1377735586048528391
1377735779011731456
1377735862570655750
1377736028748931074
1377736044641185792
1377736179592871938
1377736545776582658
1377736688756269057
1377736860408090632
1377737126486376461
1377737182908190722
1377737291439955969
1377737302940676099
1377737341108895756
1377737512001662979
1377737540380266498
1377737736556281865
1377737737588113410
1377737815178551298
1377738028857327616
1377738274043785223
1377738418906599438
1377738577442971654
1377738663891718144
1377738707722190848
1377738720967802880
1377738751871479809
1377738760746598401
1377738812747616262
1377738992892936198
1377739124183072770
1377739124866703361
1377739379490295811
1377739401393020931
1377739764229636096
1377739921855819778
1377740312991440897
1377740341642682368
1377740391970127872
1377740404179795983
1377740472173617153
1377740567094964228
1377740880149417989
1377741058721918976
1377741139327995917
1377741161314590722
1377741197175779330
1377741217585377282
1377741580656861186
1377741708071477253
1377741759745253379
1377741834294763523
1377741887679959043
1377742205423603715
1377742430372564996
1377742457723621376
1377742515906969610
1377742568461582337
1377742569208119297
1377742571192074241
1377742605300158467
1377742660883128327
1377742978127659008
1377743085778636807
1377743225172152320
1377743237599932416
1377743513832599556
1377743529477292036
1377743612478373891
1377743673098637314
1377743677607583747
1377743742829015040
1377743791248048130
1377743848407973889
1377743881245188096
1377743979501002752
1377744014728908801
1377744044772704259
1377744279720886280
1377744352563367936
1377744429570752522
1377744486277787650
1377744713818718210
1377744727538331650
1377744824854585348
1377744874007580676
1377745005142552576
1377745047353966592
1377745090085523459
1377745104786628619
1377745111002402816
1377745313914572800
1377745525802405897
1377745648385200130
1377745660531896321
1377745840882716673
1377745859258036225
1377745923204395019
1377745924517203972
1377746070206287873
1377746092998029315
1377746143522734080
1377746208907739144
1377746336188141571
1377746343721111554
1377746533026783236
1377746832403673088
1377746886103289868
1377746990054961153
1377747184947499013
1377747274474926083
1377747293558935552
1377747312399769605
1377747383321198592
1377747450883084293
1377747601890537473
1377747729192001539
1377747747974094854
1377748033660727301
1377748071791071234
1377748115265052678
1377748153705902080
1377748425911984134
1377748545105764353
1377748577175359492
1377748595387031556
1377748641474039812
1377748678308429824
1377748872160706561
1377749087840301068
1377749124158660610
1377749206450978816
1377749222699700226
1377749494096351234
1377749563403083782
1377749595871186944
1377749642507657218
1377749723810004996
1377749865929838592
1377749970439266304
1377749982158151684
1377750048109432839
1377750126802919429
1377750130183581698
1377750133446737924
1377750178975903747
1377750275000258562
1377750296466763788
1377750307548106757
1377750629452505089
1377750699602280456
1377750832599425027
1377750848709726208
1377750865818320900
1377750946973892616
1377751095620014086
1377751116771901448
1377751246275293185
1377751284959301632
1377751378710384644
1377751547996745728
1377751745183555586
1377751939786670086
1377752324064559107
1377752623034593286
1377752830417760258
1377753264607928323
1377753280760086533
1377753504131989509
1377753516203200516
1377753543462031372
1377753563980521472
1377753707333480449
1377753797439725570
1377753806205816834
1377753842633310210
1377753880847650817
1377754004604719108
1377754105603633161
1377754238672048132
1377754274298523649
1377754425779965953
1377754701022781449
1377754750637199365
1377754895806251009
1377754923878674432
1377754924533055488
1377754926319820801
1377754987418292224
1377755131219968004
1377755233166712832
1377755301122822150
1377755446052814855
1377755525044178947
1377755560456695810
1377755572632748036
1377755752799031302
1377755904758661121
1377755966062653444
1377756059142651913
1377756409593540611
1377756424877539329
1377756635750395913
1377756661369118720
1377756746521980928
1377756758148530178
1377756778197352449
1377756852470087681
1377756948637057025
1377756948750295051
1377757043151548418
1377757139125604358
1377757140610383877
1377757205651468289
1377757251058929671
1377757372685422592
1377757486665637888
1377757524611436547
1377757591523184640
1377757603426664449
1377757630110822402
1377757668677390343
1377757672221540352
1377757673198919682
1377757954762493956
1377758127471362053
1377758140867969024
1377758201932881922
1377758251379535878
1377758423274696709
1377758476273917955
1377758511367647236
1377758574219235333
1377758769212485633
1377758769795493891
1377758834589118464
1377758849097170945
1377758932299612160
1377758941371887616
1377758942214946822
1377759070908780545
1377759089506271232
1377759148608225281
1377759213523501058
1377759350270361603
1377759527500705793
1377759540683366413
1377759563492044800
1377759610011054094
1377759774557765639
1377759888386965504
1377759946746519557
1377760055924301826
1377760355405996035
1377760407784407043
1377760447500197894
1377760453967835140
1377760567885238276
1377760721325461507
1377760880780279810
1377761210276413441
1377761326165004291
1377761666771869696
1377761670857101319
1377761706580004867
1377761751660425222
1377762086651068418
1377762104481042440
1377762159233527808
1377762210546470914
1377762234072453122
1377762235284647939
1377762255744421890
1377762289395380226
1377762356810420226
1377762468689281030
1377762522384728073
1377762675413909507
1377762675523006470
1377762707865223175
1377762716790710277
1377762747354583041
1377762775280320516
1377762847195807745
1377762918536740869
1377762997398032384
1377763033448120322
1377763049860427777
1377763239350697985
1377763288772182017
1377763333902897159
1377763469257236481
1377763540250075136
1377763546243727370
1377763597577768962
1377763639298506756
1377763647771054080
1377763670101524480
1377763706629677060
1377763806558969857
1377763835122176001
1377763836195921921
1377763851597402112
1377763911605305345
1377763914017079300
1377763994207928320
1377763995759808512
1377764042434035713
1377764211988824071
1377764286131539970
1377764286844534785
1377764288987869184
1377764345514496002
1377764346093256705
1377764361335357445
1377764366486007815
1377764376682364930
1377764450686668803
1377764452473450498
1377764461583405058
1377764524846161922
1377764546417459200
1377764557939216390
1377764562750091264
1377764567636393984
1377764611244630017
1377764670140997633
1377764680047943682
1377764699425636353
1377764753393733635
1377764757185388546
1377764818103468032
1377764824017469447
1377764833626619914
1377764842430418948
1377764877192867841
1377764956834295811
1377764980200628225
1377765093610504194
1377765093962883075
1377765120202379267
1377765142931329027
1377765164284571650
1377765198728138753
1377765200347168776
1377765213970305024
1377765258354434051
1377765268324282370
1377765374855421957
1377765432447397888
1377765432778702855
1377765444254334981
1377765449048412160
1377765454425493506
1377765632280760332
1377765633396510726
1377765702254391298
1377765719786586115
1377765782474657792
1377765809209147393
1377765869892296704
1377765880084369409
1377765893787299852
1377765919435460614
1377765974401765383
1377766005221552128
1377766062675128322
1377766083629834242
1377766115586281477
1377766189670223873
1377766223551811590
1377766312001343491
1377766313507061761
1377766361083052036
1377766362597228544
1377766373141721095
1377766404133388299
1377766428158398468
1377766449918398467
1377766468763455488
1377766501441232897
1377766515815092225
1377766587797794826
1377766611348828167
1377766629807943680
1377766673709727744
1377766677954375682
1377766709659074560
1377766746308902914
1377766801946390529
1377766825216389121
1377766917931417611
1377766943848030212
1377767019815243778
1377767020301844481
1377767021300027396
1377767031043407879
1377767088270508035
1377767093836382214
1377767127000702981
1377767133879406592
1377767144146997260
1377767311592062978
1377767338729168897
1377767371797114881
1377767390516277257
1377767401543106562
1377767421516386309
1377767483554344962
1377767511136079872
1377767521542148102
1377767655487201287
1377767658549080069
1377767704942239748
1377767824756727811
1377767911260045317
1377768018953056257
1377768049609166848
1377768135483330565
1377768184963534850
1377768291771502593
1377768418972217344
1377768423611113472
1377768562757095428
1377768682101874694
1377768834698985473
1377768845079941126
1377768994028011522
1377769007143608324
1377769269384077314
1377769354360721408
1377769415446560775
1377769422400720899
1377769474728857600
1377769490994274308
1377769514960621570
1377769516185362436
1377769522892054536
1377769596141236228
1377769649320890376
1377769722360471552
1377769747803205633
1377769752156905472
1377769762374230021
1377769828598054913
1377769935049527302
1377769974895419395
1377769978091474948
1377770086254137348
1377770123331825666
1377770134950064131
1377770180231766017
1377770188289015809
1377770266827366404
1377770272036634624
1377770310724911105
1377770404115267590
1377770412348731398
1377770417138634752
1377770448692334596
1377770452844699650
1377770518242328577
1377770553675821057
1377770643790438400
1377770660303417346
1377770677768482821
1377770699591401473
1377770853966954498
1377770971877216261
1377771046309351424
1377771094166360068
1377771114991132672
1377771157005422594
1377771198436769801
1377771265902133252
1377771271170187265
1377771290304655367
1377771350098579464
1377771378275926018
1377771399608156163
1377771426820857856
1377771428146204676
1377771460094201858
1377771509448634368
1377771677824737282
1377771762616836098
1377771814168969216
1377772040548143107
1377772261638299652
1377772277278867458
1377772306362142720
1377772427355291652
1377772522209476611
1377772608897302528
1377772651846991873
1377772676413014026
1377772766204682242
