1377410383477141512
1377410497805357062
1377410570924613632
1377410662331162627
1377411086018748419
1377411273755779076
1377411350775873539
1377411424721326081
1377411426466336771
1377411533345411077
1377411652602064898
1377411907062169604
1377412185903665152
1377412655409938433
1377412713467367424
1377412726788513795
1377412913812619269
1377412992111939584
1377412994917875713
1377413033597706244
1377413200535154691
1377413279820230656
1377413524792561666
1377413591523942400
1377413620804374528
1377413665209524227
1377413818238689280
1377413903605321735
1377413906453434369
1377413983863377922
1377414044810936323
1377414143116906500
1377414306749288455
1377414400802312195
1377414699986219010
1377414812217470979
1377414861328539651
1377415018241609729
1377415158306197508
1377415260093575170
1377415351562985475
1377415777767198721
1377415780891959296
1377415872772460547
1377416060895326209
1377416197218709506
1377416216084541445
1377416327476862978
1377416468539707398
1377416971017363456
1377417237032697856
1377417317676511233
1377417516947894273
1377417673437372418
1377417677606555653
1377417703560994817
1377417900126920704
1377417931231883266
1377418205703008257
1377418254252040192
1377418429141934085
1377418453603192834
1377418567667359745
1377418957318066179
1377419076163629060
1377419597838643202
1377419730257018880
1377419962478829570
1377420496350846979
1377420888002465792
1377421077526142976
1377421221210382337
1377421471866187782
1377421487179710468
1377421693069578246
1377421804034162688
1377422119470964739
1377422176144461825
1377422268024807425
1377422479593857028
1377422527249715201
1377422593188225027
1377422806552440834
1377423188834025473
1377423526995456002
1377423818256486401
1377424359757733889
1377424431358746624
1377424573155708932
1377424624057610242
1377424699710337024
1377424926886387714
1377425180188831744
1377425398686838785
1377425480052174848
1377425546808754176
1377425688622465024
1377425721430175745
1377425785531760640
1377425866792271873
1377426055212855298
1377426147366027267
1377426234733441027
1377426249379840003
1377426257902628868
1377426404766228481
1377426518847090689
1377426521862729732
1377426710518358018
1377427298928967680
1377427527463890947
1377427662629572609
1377428594801119233
1377428816021184514
1377429084439986176
1377429217470599170
1377429282616532993
1377429811094679552
1377429850219106305
1377430044012736512
1377430191480266755
1377430284283482116
1377430465439625219
1377430531881660416
1377430736920186881
1377431314522124295
1377431421510385665
1377431743242760192
1377431753292345345
1377432104720506884
1377432132075708416
1377432264720678918
1377432519541407744
1377433007146078210
1377433173991120896
1377433371668738048
1377433385220464645
1377433395362336768
1377433428048576512
1377433454028091400
1377433622181900294
1377434207102771201
1377434210026188803
1377434230653775872
1377435459807141888
1377435641114361857
1377436218120495110
1377436499663147015
1377436803754459141
1377436824981807106
1377437060802445312
1377437221310115846
1377438281143611392
1377438930925068288
1377439772365312006
1377440116956794880
1377440205624418305
1377440370741575681
1377440489071345664
1377440580897288193
1377440581098569736
1377440735180455946
1377441251465719813
1377441447654400000
1377441559629586434
1377441692073095168
1377441899267588100
1377441979034861570
1377442005207318531
1377442096668348419
1377442416555360259
1377442422683283460
1377442709594591235
1377442936053493760
1377443001342042114
1377443054001528837
1377444002417541129
1377444093215793154
1377444521923993600
1377444728879394819
1377444851113996294
1377444865781460993
1377444889198202881
1377445071826604032
1377445198163218441
1377445208732864517
1377445375305453570
1377445629438394372
1377446575526580226
1377446645604917248
1377447502962638850
1377447599809126400
1377447747910000644
1377448255974432768
1377448798956498954
1377449118239457280
1377449502676807682
1377449712475852802
1377449804679286784
1377449814888173569
1377450031335280640
1377450247677431809
1377450279457685505
1377450482415898629
1377450644953391110
1377450657586634759
1377450713178066944
1377450751975378950
1377451038421217281
1377451087398113288
1377451390516232198
1377451855140286468
1377452032534138880
1377452250726027268
1377452263178964995
1377452355629813760
1377452507224551425
1377453126047916035
1377453309724884992
1377453473550241795
1377453504772648961
1377453601002561537
1377453653406142464
1377453818443616266
1377454081170608129
1377454146631110658
1377454238847152130
1377454384402079745
1377454480833175552
1377454537011773440
1377454825592475648
1377454868080832517
1377454914440421376
1377455032996671490
1377455100541669379
1377455223837487104
1377455306830151685
1377455338769760264
1377455715384754181
1377455910273044480
1377456938569641984
1377457084086763523
1377457212344311812
1377457263896637445
1377457535196741632
1377457651592876042
1377457720681435138
1377458010054922242
1377458115390668802
1377458523488026628
1377458724382605317
1377459372838780928
1377459510009327617
1377460044845973506
1377460235770679306
1377460591850295296
1377460608132644867
1377460734989193216
1377461266797760512
1377461578103193604
1377461760379207680
1377461915815972866
1377461921495011333
1377462559587057664
1377462790840066050
1377463376327147521
1377463605898137601
1377463708595675142
1377463738568044554
1377463791714234368
1377463997318975489
1377464442464636931
1377464569287806978
1377464599080017920
1377465227298627584
1377465288493514752
1377465320798097415
1377465322228359168
1377465478478761984
1377465531276668929
1377465663393034242
1377465744548487176
1377465752995958784
1377465812727033857
1377465828753485830
1377466141552041988
1377466557383729153
1377466797214085120
1377467451982675968
1377467571910414336
1377467608191098889
1377467717909950464
1377467900966137856
1377467988450873353
1377468084253032448
1377468635900485638
1377468671833047041
1377468839466823681
1377468873843347460
1377469057688043521
1377469135886647301
1377469516859465728
1377469894413971457
1377470488356720642
1377470779944656903
1377470935721213953
1377471260591071232
1377471767766261762
1377471908657180675
1377472063275814915
1377473338352791552
1377473694675705856
1377473790230298628
1377474153696092160
1377476125568466944
1377476413067030528
1377476559603441667
1377477400926298113
1377477994009268226
1377478022496989184
1377478330623090688
1377478597120757761
1377478960272056322
1377482666631659526
1377484035426025474
1377484818414460930
1377485398734204928
1377485877040021507
1377485880898678785
1377487054230196225
1377488397875490821
1377490910389362688
1377491618991837184
1377491927394881538
1377491960383082497
1377492896757190657
1377493153817722882
1377493427676454914
1377493428246884355
1377493989193043970
1377494339773956096
1377494901047373826
1377495030588395522
1377495395438317569
1377498532119203847
1377498618094088193
1377499262293016578
1377499855925338114
1377500460861550593
1377501252804825091
1377503219719540737
1377504692738134016
1377504967435677701
1377505094992822274
1377505469267333121
1377506535471865856
1377506566656688129
1377508234089619459
1377509537431875584
1377510102429794306
1377513179056594944
1377514596160901122
1377515345884413952
1377519520299032578
1377519616017096705
1377521374659420160
1377523894156922880
1377527104288489479
1377531450883403776
1377535658693169153
1377538726771838977
1377539111104417792
1377544963131604995
1377545560920629248
1377546278901547008
1377546281803948033
1377546288997167109
1377546289714356227
1377549419382460421
1377553826903957506
1377554419718483969
1377554668738510850
1377558579704647682
1377561906748215300
1377563923885346817
1377568926582894600
1377569539211284480
1377571755259260930
1377572699468222466
1377573469563449344
1377573469647302658
1377573957566533636
1377575204734578690
1377575456095019009
1377576482499874819
1377576488422232065
1377576830920704000
1377576865821454340
1377577469184729098
1377577492240826370
1377578051178016768
1377578488237060099
1377578488400642052
1377578488610308096
1377580704452730884
1377581068447064065
1377581507569713154
1377582587447758849
1377582603318988800
1377582765663612932
1377583616809709568
1377584026362449925
1377584806905708546
1377584838803390466
1377586375114031106
1377586540432519172
1377586947066060806
1377587278936207363
1377587731648413703
1377587766649839617
1377588089166647296
1377588108930220032
1377589014186897410
1377589057048477699
1377589249789296643
1377589793891225600
1377589801814257666
1377590315419365376
1377590837643776002
1377590896003321858
1377591396622864385
1377591578051497984
1377591584368197637
1377591592626892800
1377591984873996293
1377592231100551168
1377592509946331139
1377592540938010624
1377594320757342208
1377594409706004482
1377594903845335040
1377596282378850304
1377598493070659584
1377598680295997441
1377598856976818177
1377599439817281543
1377599850716532740
1377599922464305157
1377600252019085314
1377600638922723329
1377600732497600512
1377600801607127041
1377601049280839683
1377601304961413126
1377601717349490693
1377602124444483590
1377602188621516804
1377602197727363076
1377602489151807491
1377602591912255489
1377604037873430531
1377604385669316613
1377604981918941196
1377605461885788166
1377605696250863616
1377605984764452864
1377606673720745988
1377606674337431559
1377606812631932932
1377606909612675075
1377607568076472320
1377607752781008897
1377608590647824387
1377609779460313090
1377610057349742593
1377610140283764736
1377610147586060297
1377611172833288193
1377611628628303874
1377612953000804353
1377613301778092039
1377613368979230721
1377613376554160135
1377613462415753220
1377613870320267270
1377614014411386881
1377614225317634048
1377614474790772742
1377614650347560961
1377614874352746497
1377615053944455175
1377615124257722368
1377615190229925889
1377615199126044680
1377615228091969544
1377615249793196032
1377615407784288259
1377616126499258372
1377616752528523268
1377616819771613190
1377616828965478403
1377616917855404035
1377617119463026688
1377617900429840386
1377617963818291202
1377617984567578629
1377618669761597452
1377618703580332037
1377619188156669969
1377619683977859076
1377619775443107849
1377620088019419140
1377620265799127043
1377621221718757382
1377621586300260355
1377621773764718599
1377621776239185921
1377621776977436672
1377621970481786887
1377622034025476101
1377622174194933762
1377622347671347217
1377622374229626896
1377622927496085516
1377624329467346952
1377624349637758983
1377625095435386885
1377625121259724806
1377625225639124994
1377625239593615362
1377625246610644996
1377625908518002688
1377625999928651784
1377626496664281095
1377627129127518218
1377627137486782469
1377627207519068173
1377627361093550084
1377627641881227280
1377627764023496708
1377628237497565185
1377628376916234263
1377628567014625283
1377629180985237504
1377629347293564933
1377629533986287632
1377629787741687816
1377629879315922953
1377630222389030912
1377630481794138113
1377630773860298758
1377631192963485699
1377631497339953162
1377631691372703747
1377632499703119877
1377632540803137536
1377632730297462786
1377632918701506560
1377633039442980866
1377633275892617222
1377633337175597063
1377633383006793736
1377633413356777478
1377633445342539776
1377633475285692419
1377633505098731524
1377633536631578631
1377633601118859268
1377633732778151938
1377633817448624128
1377634231841607682
1377634451522527238
1377634631630139393
1377635107427790849
1377635156584882179
1377635913774346243
1377636414238699522
1377636890975760384
1377636938233044997
1377636990372478978
1377637017090207746
1377637330752835585
1377637609753735169
1377637618087759878
1377637626338029572
1377637851161100296
1377637981163565061
1377637986859368449
1377638146444247045
1377638179558154240
1377638192275410946
1377638366670360579
1377638440435605505
1377638591992631297
1377638745164419076
1377638767532646406
1377640152219185156
1377640275787517954
1377640351775752193
1377640411573985286
1377640944456060928
1377641343502155784
1377641444094177287
1377641497760301066
1377641685321195520
1377642042667372546
1377642345026445312
1377642578095570954
1377642605262086145
1377642612576948235
1377642924754804737
1377642936826011656
1377643050311282688
1377643321343025156
1377643489001885697
1377644310632427524
1377644459366699017
1377644991862947842
1377645199900352517
1377645293706096640
1377645296495255555
1377645360282210315
1377646282160885761
1377646324334653449
1377646777147527169
1377647132254072839
1377647203263594496
1377647501872861185
1377647515131056130
1377648207849779201
1377648323520311297
1377648691234942977
1377648700172820480
1377648849787875328
1377649381189505027
1377649597787463680
1377649727081177090
1377649877690286083
1377649940957171715
1377650307673493504
1377651334674022400
1377651654259015690
1377651805228834820
1377651858441826304
1377651863072346116
1377651982966603780
1377652001643827203
1377652027644346371
1377652045512118274
1377653342063722500
1377653378562527233
1377653513921167362
1377653549430157313
1377653560440131585
1377653759183097857
1377654132207652866
1377654231864377345
1377654457312366595
1377654488811585544
1377654493341442048
1377654545485082627
1377654842114650122
1377655282764034053
1377655328293150728
1377655481687244807
1377656261601337354
1377656536768516098
1377656904390950912
1377656911626113025
1377657223980199939
1377657250072961025
1377657302912626689
1377657615560364036
1377657629418348545
1377658014010912776
1377658025477992448
1377658415791628291
1377658471559090179
1377658615939616772
1377658753672212480
1377658778477330433
1377658938221600773
1377658997810028544
1377659178412560394
1377659343940816896
1377659521359872000
1377659522542616578
1377659522852921349
1377659562992529419
1377659947731804163
1377660037171056645
1377660909687083011
1377661127195303944
1377661187052208131
1377661269638066177
1377661411468439556
1377661512962166792
1377662005247672332
1377662037975793668
1377662111824949251
1377662301432602629
1377662467568992262
1377662682501877762
1377663313404776448
1377663317192310784
1377663405964808192
1377664097458733062
1377664165305843712
1377664187455787009
1377664192564449282
1377664369983635460
1377664619389542403
1377664938332798979
1377665119937818629
1377665214691303433
1377665242965143554
1377665277404545031
1377665841425178632
1377666096271134721
1377666363947356164
1377666382217809922
1377666410873163779
1377666444490596358
1377666469174120455
1377666589701591043
1377666959085428741
1377666974277382147
1377667073577414658
1377667286786523136
1377667319443431427
1377667445306109953
1377667446262349825
1377667587006291970
1377667784226840585
1377667819337318405
1377668042969264132
1377668085025542145
1377668113077055492
1377668507412934657
1377669179222921220
1377669587777519621
1377669859094433798
1377669859299983360
1377669907177947145
1377669919668600834
1377670032247906305
1377670096798244864
1377670279971885058
1377670628862427142
1377670644242976774
1377670983964708864
1377671222905995269
1377671750918475777
1377672095820345347
1377672797388951558
1377672973293912064
1377673080160579584
1377673155125374977
1377673237832818693
1377673341792837647
1377673508193460233
1377673600614993921
1377673755892146178
1377673826310426625
1377674210521325568
1377674333045284866
1377674401689243652
1377674621021945857
1377674622053675009
1377674740849123329
1377675065802784771
1377675274339377154
1377675660529958917
1377676248231608322
1377676301054709760
1377676421364080648
1377676461511999496
1377677547983532036
1377677873516003329
1377677889861206017
1377677892520321025
1377677900422467594
1377677912606920705
1377678321316728834
1377679340381605892
1377679345716695040
1377679675850326016
1377679680979890177
1377679731047419906
1377679979174113280
1377680174662180866
1377680490065502209
1377680729308594178
1377680923001454594
1377680928475058176
1377681084423475206
1377681178870882307
1377681206930718720
1377681509398757383
1377682045422436352
1377682058634493953
1377682704792051716
1377682715193925635
1377682792868409351
1377682809721135112
1377682873168318467
1377683447653761032
1377683776575258627
1377684185649930240
1377684465393131521
1377684828414308352
1377684920714227712
1377684941501308928
1377685152390873092
1377685604880805896
1377685733650075648
1377685781725249536
1377686599144771584
1377686735400865797
1377687568511336452
1377687592876003339
1377687613004513284
1377687763416453120
1377687950683688960
1377688013250134026
1377688524061880323
1377688850089279490
1377688859878821894
1377688913477787649
1377688935036555264
1377689032872837121
1377689115047649281
1377689149386465283
1377689166276931591
1377689175542132739
1377689617445613578
1377689722659631111
1377689877295345667
1377689939396198402
1377689963005939713
1377690299003236362
1377690685705424899
1377690965029232643
1377690995534536705
1377691671031390213
1377692390429888512
1377692601361530881
1377692868492546051
1377693134298230789
1377693495218077702
1377693500309958663
1377693791247818758
1377693815742533634
1377693950979416064
1377693962987835397
1377693973645553664
1377693983162400771
1377694351451643911
1377694751068160000
1377694925421166593
1377695524355248130
1377695699396136962
1377696105652183045
1377696663616286720
1377697012687196166
1377697045876736001
1377697046883409926
1377697058828775426
1377697151476711426
1377697265763106828
1377697887174471683
1377698231266725889
1377698430261280769
1377698538558210048
1377698730560851970
1377698769932783620
1377698884370231300
1377699056663756803
1377699063185858560
1377699157272621064
1377699803862290436
1377699870128140289
1377700223254925314
1377700289344643074
1377700416746577920
1377700499537981453
1377700500984979463
1377700805470470144
1377700904766431234
1377701631983226885
1377702038914666496
1377702438849761286
1377702805847347210
1377702861174362112
1377702954141057028
1377703561971310595
1377703759531421700
1377703936015097857
1377704078797533190
1377704088314478599
1377704182493425671
1377704323577167872
1377704324831268868
1377704820488990728
1377704830702120965
1377704913170481157
1377704945047252999
1377705071668961281
1377705173217374211
1377705317195247616
1377705495411167235
1377705687007043586
1377705725640781832
1377706034328862720
1377706648706416647
1377707010884517893
1377707404784238593
1377707954246463490
1377708158139908097
1377708230328123394
1377708234199425027
1377708370933784577
1377708927534632962
1377709448886640649
1377710113511903235
1377710163520585728
1377710442349535234
1377710647866183682
1377711038959878145
1377711079711776768
1377711270544220161
1377711523750146050
1377711990135734274
1377712377131540482
1377712855311597574
1377713220954296330
1377713756587843584
1377714038218579970
1377714958104993800
1377715205346562049
1377715246870233088
1377715273675980804
1377715280349175814
1377715495265259521
1377715832302747660
1377716196003446786
1377716261845663750
1377716904190750724
1377717298941812741
1377717402918617092
1377717721622777860
1377717961973243909
1377718148540067843
1377718280367046668
1377718393147641859
1377718549360349185
1377718656210239498
1377718908053037060
1377719359590776837
1377719938832592896
1377719983719997441
1377720129740541954
1377720130193526784
1377720645031694336
1377720972590120961
1377721006673043461
1377721461931134984
1377721558597308417
1377722346698637313
1377722695303958529
1377722886195134471
1377723454900822019
1377723548391899138
1377724090182631427
1377724178191818759
1377724351961792514
1377725227883462662
1377725665403940865
1377726007633973259
1377726548401397764
1377726687631319044
1377726881236201474
1377726942850465793
1377726949154566146
1377727501133307906
1377727862678126608
1377728043821711362
1377728220204793857
1377728236193468420
1377728600883990531
1377728778517020675
1377729590869823489
1377730271538253828
1377730565147930630
1377731018199871489
1377731025497886720
1377731307308998662
1377731628894728193
1377731641532030980
1377731826127626243
1377731998366699521
1377732037621252096
1377732127433887744
1377732369843695623
1377732450558824451
1377732608994508804
1377733106879324164
1377733169626152963
1377733443791024128
1377733518982266881
1377734159905521669
1377734512348651521
1377734692854763527
1377735012158742538
1377735020484395019
1377735086699872262
1377735426425950214
1377735820690534400
1377736093362221059
1377736436842180611
1377736739360477185
1377736779512619008
1377736906016972803
1377737274692091917
1377737334574157830
1377737649662922756
1377738183744577538
1377738411575021572
1377738570518171652
1377738713233494020
1377738732409868288
1377738920864194560
1377738926874574848
1377739265518493697
1377739489112698882
1377739976079728640
1377739987924434946
1377740162357137411
1377740332855668739
1377740600951341059
1377741320064798721
1377741320303820804
1377742244141273088
1377742846363598848
1377743037397409796
1377743406429044737
1377743842087161859
1377744673482096642
1377744996946878470
1377745170209333248
1377745291558989825
1377745605099888642
1377746187684560901
1377746343586893828
1377746845997412358
1377747132581617666
1377747161446760451
1377747279789035520
1377747456029560833
1377747679447371776
1377747834548654081
1377747871466811394
1377747989737824256
1377748208286334983
1377749278291034115
1377749333936902150
1377749697473953796
1377750422790758403
1377750716941541379
1377751211160580100
1377751481915478022
1377751700639977478
1377751742813777923
1377752175389073410
1377753372783153159
1377754166131560450
1377754236738547712
1377754488480661516
1377754540397711362
1377754713756684294
1377754794220216326
1377755084382212096
1377755741017243656
1377755928402006023
1377756487452405761
1377756833364983810
1377757208264515585
1377757338665357315
1377757339554562049
1377757673798574080
1377757682967445508
1377757867315445762
1377757949678952450
1377759114743447557
1377759155935711232
1377759345048485896
1377759541471895557
1377760321234825222
1377760324078563330
1377760585299980290
1377760860056211457
1377760939638976512
1377761252991197184
1377761261505642500
1377761279604051969
1377761411913355264
1377761705867030529
1377761731091558402
1377761792668151812
1377761845847687171
1377762074969960448
1377762395465125895
1377762429694836736
1377763076829818880
1377763620357083136
1377764810574733312
1377764937569812482
1377765256915787776
1377765903266418688
1377766098410557446
1377766851703410689
1377766896959901703
1377767119845138439
1377767361101586434
1377767534506749953
1377767822873526278
1377768280144904194
1377768286646059010
1377768509841629184
1377768713097768960
1377768756873633793
1377768823856758786
1377769098264854530
1377769247506636802
1377769523378552841
1377769956650147845
1377770014506426371
1377770081569157121
1377770594280878082
1377770690741465091
1377770864695971843
1377770924913668101
1377770935911116803
1377771234189058048
1377772438709231625
1377772519424413696
