1423071272339181570
1423071323891376132
1423072052483928075
1423072662939705347
1423072978263228419
1423073391309959169
1423073526517538822
1423073920098373632
1423074834196672514
1423075082625331209
1423077812513218562
1423078561037131778
1423079844712169479
1423080540278857730
1423081395702964226
1423081580751380484
1423081626700062724
1423081760456314888
1423082280667521025
1423082401220157445
1423082648537288704
1423083514606534659
1423084812928176131
1423084930502995970
1423085204453875712
1423085242563375104
1423085343763533827
1423085343939645447
1423087388167790592
1423087665411461126
1423089272794533888
1423089557424283650
1423090337887752196
1423091367333486592
1423091391853387782
1423091837925986305
1423092130524942339
1423092370283827202
1423092788703399937
1423093415726620674
1423093806505893891
1423094022353170448
1423094631206686728
1423095170321502208
1423095181142892548
1423095695729377281
1423096049455964162
1423096169186697220
1423096724432826368
1423098304456544257
1423098960701530115
1423099041643180034
1423099330936848384
1423099440479588354
1423099826628034562
1423100899317198849
1423101596460716043
1423101961285537799
1423102308137717770
1423102967406866437
1423103951109505026
1423104434192662531
1423105252493086725
1423106497035350022
1423106652107010050
1423107913703378946
1423108336816377866
1423108343305019392
1423108369716498433
1423108434581467136
1423108522728906755
1423108683794354178
1423108725783646208
1423108868519956484
1423108896462344194
1423109342392471560
1423110141117882371
1423110478847479814
1423110975025209345
1423111291770753026
1423111425212440577
1423111634000781314
1423112192640143361
1423112618160570368
1423112696111804418
1423113502382755840
1423113800966983685
1423114172837949440
1423114237329674246
1423114423036698627
1423114583124987908
1423114737529786368
1423114745230602249
1423115070364606464
1423115239067897858
1423115627137576963
1423116156911726594
1423116193255264256
1423117209220567044
1423117453421256704
1423117686742077440
1423118333147238401
1423119456985829379
1423120150459518977
1423120402235154436
1423121739953983489
1423122548586336256
1423123291745792000
1423123582662631424
1423124169290657793
1423124602365022212
1423126120598327298
1423126163925385217
1423127849070997506
1423128927178985473
1423129247682551816
1423129480776794112
1423129636628795393
1423130088648978436
1423130363761676289
1423130783519232003
1423131763199651843
1423132547848888322
1423132793996038151
1423132820415946752
1423133006919786498
1423133176000655362
1423133181641904130
1423134450179657731
1423134591276158976
1423135442816405504
1423135599154892806
1423135653076811782
1423135972250763266
1423136006669316096
1423136704416739329
1423136874709803008
1423137259918872577
1423138599348932608
1423138750654263298
1423139112543006722
1423139389966802944
1423139900979912709
1423140107310272514
1423140494494867456
1423140928924143618
1423140954622529543
1423140960863674373
1423141201918767106
1423141284919791618
1423142680402464772
1423142837076570113
1423142870308069379
1423143136772100097
1423143171681304576
1423143633641955328
1423144530715553793
1423145014629060609
1423145332007919619
1423145783755481088
1423145881214210057
1423146524368769025
1423146594057269258
1423146891894837249
1423146938896105473
1423146966377242625
1423147270283931648
1423147289552556032
1423148715477504001
1423148804409339912
1423149030385856513
1423149230810705925
1423151700379058178
1423152144878821377
1423152333287002117
1423152945282027521
1423152957315555329
1423157404838121478
1423158597731635208
1423160314258939904
1423161076800237568
1423161485774270465
1423162301310459905
1423162544156446728
1423163297650642945
1423163382614532100
1423163391518990342
1423166881041567746
1423167326086733826
1423168534784454657
1423169417970700289
1423170179417223171
1423171789748908033
1423172040786432001
1423175684353105921
1423176190278447105
1423177307641024513
1423179708762574848
1423181436316700675
1423184381468938242
1423185841623638018
1423186534069645315
1423188631389450242
1423188952371113985
1423190549482270722
1423194715445366785
1423195559251390464
1423198036654764033
1423204643929268226
1423205294285414402
1423210175855427584
1423215994198118402
1423216260930752515
1423217371821617153
1423217490717462533
1423217593805070338
1423222248702464002
1423223023629393923
1423233759676141568
1423234214443450371
1423236537001652227
1423236622921969671
1423237732600479745
1423237736891260941
1423237738191474689
1423237864784113669
1423238702088720384
1423240182854213635
1423244279556751368
1423245395107491842
1423245699911766020
1423248119526002692
1423248558690553858
1423249278592561154
1423251755941380100
1423252126877298689
1423252452804071427
1423252755154616330
1423254696387616773
1423255239650680832
1423256856819113990
1423257115263635457
1423257431694524416
1423257724566097921
1423259178488016896
1423259372151623682
1423259527877578754
1423259800289304580
1423259932703481860
1423260035782696963
1423260054950752257
1423260106616102912
1423260640399876105
1423260645948989442
1423260714144305159
1423260847678410752
1423262322957733905
1423262908180533250
1423262923519111169
1423263706243284992
1423263769484947458
1423264045033922570
1423264156724121604
1423264272164007938
1423264308214042626
1423264810200829959
1423265275701600259
1423265308010336261
1423265917933432837
1423266062519443458
1423266428187136005
1423267323239096320
1423267904624156679
1423269348597248000
1423270205262860291
1423270638324699136
1423271205654642697
1423271257655713793
1423271266736353283
1423272173301551113
1423273088762880005
1423273434675650560
1423273502182887431
1423273511938834439
1423273888323149827
1423273963489308672
1423275262918201351
1423275325690056708
1423275332661092357
1423275577662976000
1423276235690446857
1423276857013669888
1423277074878320648
1423277901256880142
1423278385812234240
1423278869272952836
1423279799540191247
1423279860412157980
1423280323777810438
1423280711016976391
1423280775248580613
1423280926432194562
1423282647925723136
1423282895586795520
1423284542895362048
1423284779529633807
1423285308091555840
1423285476572626949
1423285480599089169
1423285649633804296
1423285805137596420
1423285827065421837
1423285858208141319
1423286064299450379
1423286418898567168
1423286853998809102
1423286993119707146
1423287285051662350
1423287435023192068
1423289451497738246
1423289501837795351
1423290194095136768
1423292334263787521
1423292722220134415
1423292987673440273
1423293032598630407
1423293069072297984
1423293072104837152
1423293256150831121
1423293968364752896
1423294414290448401
1423294573556633613
1423294633409273859
1423294977249931267
1423296110488027147
1423296386229956614
1423296447307415556
1423296546834165761
1423296670461161486
1423296727163998210
1423297373522915339
1423297695855353857
1423297744408432656
1423298247121113091
1423298448904818691
1423298783828393986
1423299142525198337
1423299333018038273
1423300540264497156
1423301500747517957
1423302002449207296
1423302056371236868
1423303177630322688
1423303974321627138
1423305147459964928
1423305316767309832
1423305709001875464
1423306112263131137
1423306349920899073
1423306833779904514
1423307402267475968
1423307561290420232
1423307607578644480
1423307809869893632
1423307946486796291
1423308550735024131
1423309633872146434
1423309669171351565
1423309914299060233
1423309950877634565
1423310515904913410
1423310552202452997
1423310691335876610
1423310960614326272
1423311129007345672
1423311461984653323
1423311469664473088
1423312233770201091
1423312633332121601
1423312668807602181
1423312745760530433
1423312842652995589
1423312915218718720
1423313346657411077
1423313376973926400
1423313743266689026
1423313762627596295
1423314117633400846
1423314753628250112
1423314753850535939
1423315027436752908
1423315746084491265
1423315767437807621
1423315982051946497
1423316125354401796
1423316373967626245
1423316617723666436
1423317114065235971
1423317753012838406
1423318075806527494
1423318202822668290
1423318225039855620
1423318305394286594
1423318757573906432
1423318907805384711
1423319019570925574
1423319182528102405
1423319315168772098
1423319659076595716
1423319751074500608
1423319982381879297
1423320248233697286
1423320460712980486
1423320554292006915
1423320566791081997
1423320858756583424
1423321029678673926
1423321140131475462
1423321288534159360
1423321526707892224
1423322260258050052
1423322545818906624
1423322800761106435
1423323231566635009
1423324626038501378
1423324694330200064
1423324709274460163
1423325564518092800
1423325641018167299
1423326078760857608
1423326179340308480
1423326189079482371
1423326204350849039
1423326328682520583
1423326388044587013
1423326537059819521
1423327063772209153
1423327314243432448
1423327561967443968
1423327657748570119
1423328439411556361
1423328732551553031
1423329000424976389
1423329182646509570
1423329512679424010
1423330212486524929
1423330717640138757
1423331381636173829
1423331619566342147
1423331658674196480
1423332773545320454
1423332975383650307
1423333113350942720
1423333423301672963
1423333927184441350
1423334516488384513
1423334854704484360
1423335895269351424
1423336012009418754
1423336089297825794
1423336498745823234
1423336703255891970
1423337162800386055
1423337551432228865
1423339049125748741
1423339181078552577
1423339405700382725
1423339790632689671
1423341193509867521
1423342223253549059
1423342298499276809
1423342424777125890
1423342427507630081
1423342787064385543
1423343249360670729
1423343341123645442
1423344091723534340
1423345278799781894
1423345342003695618
1423345698540511240
1423345829776007173
1423345850206629888
1423345907056140288
1423347185236779019
1423347793129783296
1423347801455480834
1423348239433191426
1423348380596678660
1423348383746568202
1423348967916457984
1423349418217050116
1423349556855595008
1423350237024985095
1423350591393239041
1423351976159588361
1423352634191273994
1423352940023226369
1423354091326132225
1423354390832979969
1423354894669385730
1423355024348954625
1423355446786674688
1423355797929697287
1423357249154600962
1423357565765816323
1423358050304462848
1423358202679279622
1423358393180319746
1423360181925122049
1423360418018435082
1423360928674983940
1423360930205818880
1423361743426883584
1423362381007278086
1423362542542413830
1423363188029067264
1423363625083932672
1423365069216362500
1423365691739156483
1423365771837775875
1423365944471064579
1423366516972658688
1423367110726668290
1423367365836910594
1423367700496125966
1423368107486191616
1423368416040296458
1423368629475848196
1423368669225267205
1423368859726368773
1423369596950781957
1423370385563729922
1423370402999541769
1423370532410560516
1423370985974255621
1423371003170861062
1423371035840233474
1423371893290246150
1423372534230171651
1423372555822505984
1423373174973079556
1423373245470978048
1423373510127210496
1423374259385163776
1423374958592462851
1423375325384347658
1423375389632643080
1423375792847966216
1423376694040215558
1423377015915237377
1423377230940487681
1423377285709656064
1423377285785165824
1423378156828909572
1423378721197678598
1423380090038194176
1423380105607491584
1423380155565846536
1423380936444444675
1423381440570535936
1423381449760198659
1423381695802265601
1423381788068655113
1423382061973442566
1423382771012079618
1423382797234888712
1423382877782388740
1423383237209038849
1423383824277381121
1423384026237345802
1423384150300577797
1423384451887759362
1423384909830365191
1423384972380065795
1423385161815797762
1423385351083724804
1423385671281094659
1423386322522284032
1423386490747428867
1423386927349260288
1423387118559170563
1423387231381770241
1423389024274853890
1423389189974990849
1423389630485856261
1423390403609440259
1423390645423681536
1423391461224112129
1423391905379983369
1423392078202130438
1423393385180708872
1423393861913698307
1423393943627108358
1423394455240028161
1423394764645404672
1423394914730008581
1423394916059664385
1423395088579899393
1423395441962541056
1423396735657910275
1423396992789659655
1423397011580198914
1423397711076810753
1423397796883968007
1423397892560195584
1423398183011459073
1423398420526608397
1423398632498335752
1423398634201227266
1423398931300503553
1423399941502816258
1423399944644304899
1423401214922928129
1423401487770738694
1423403043492618244
1423403188376543235
1423403443134373891
1423403459642986496
1423403484884480003
1423404249820680197
1423404623675772929
1423404648958943233
1423406441927479300
1423406948939141122
1423407717809545222
1423408136048844809
1423408366274154496
1423410378696843267
1423410851135074306
1423412096654614528
1423413388852486144
1423413534852100100
1423414251327213571
1423414661261656064
1423414683332222984
1423414853570633731
1423415166876717065
1423415204801650690
1423415744763555842
1423415932903477251
1423416134691401736
1423416689727840256
1423416796049117184
1423416799576530952
1423416803623981060
1423417235461361664
1423417354608943106
1423417595923947524
1423417643953016834
1423417798278230024
1423418339821506573
1423419014152339461
1423419180053848069
1423419348849504256
1423421057613156363
1423421105910464514
1423421298890452995
1423421771588546563
1423422088535318530
1423422449534832643
1423422928155287553
1423424361596391428
1423424818494550016
1423424889843855361
1423425608772722689
1423426187129495554
1423427944257630212
1423428109815140358
1423429928922533892
1423430728717643777
1423431173968117763
1423431373134643202
1423431767436906502
1423432007074435072
1423432204705845252
1423432340202721285
1423432401758212096
1423432403226284033
1423432954894852096
1423433204770426880
