1304570443723083776
1304570570454032386
1304571152107540481
1304571491200241664
1304572332908871681
1304572485673811970
1304572493915656192
1304572954307510272
1304573110704902144
1304573211942834176
1304574483957776384
1304574719019151360
1304575854635364352
1304576742955405312
1304577110607093761
1304577516955480069
1304577749508554753
1304577968891523072
1304577994766376960
1304578358643011584
1304578479338512385
1304578633730842625
1304578735782363137
1304579779165814788
1304579836510457856
1304579850397720576
1304580206288670722
1304580549374345216
1304581351547564034
1304581361328680963
1304582469652557824
1304582501206298624
1304583138430128130
1304583334039871489
1304583641905811456
1304584019632443392
1304584171864686593
1304584344951029760
1304584772342120449
1304584907277074437
1304584952294576128
1304585316645380098
1304585504994873351
1304585597638586368
1304586535556112384
1304586704322523142
1304586775151730690
1304588371453521924
1304588470216777728
1304588872865796099
1304589750620352513
1304590166598848512
1304590980918714368
1304591985408385024
1304592645793230848
1304592777838309378
1304593067975102464
1304593728364044288
1304594399012233216
1304594501541994498
1304595222257496065
1304595592581197824
1304596853510623232
1304597222655492097
1304597318486953984
1304598179363553282
1304598255091802113
1304598545002106880
1304599220477886469
1304599300538802184
1304599872394465280
1304600874283683841
1304601768286978048
1304602304499331073
1304606159836516352
1304607449245265920
1304607451061379073
1304607892868300801
1304608182489305093
1304608393898921984
1304608506100801537
1304608854211268613
1304609500180217856
1304609571210702856
1304609862043795456
1304612040334544896
1304612613050032128
1304612728800243712
1304614053856374784
1304614967874744320
1304617014296743936
1304617954718384130
1304618246071627778
1304618415106199553
1304619216277041155
1304619756503400448
1304620147248857088
1304622186339225601
1304622276944556032
1304626912648736768
1304628909171003400
1304628993019318272
1304629267947552768
1304630577405063171
1304630836373979141
1304631073150771200
1304631076040695810
1304631080054599692
1304631152058265601
1304631682369294336
1304633535517650945
1304634204521672704
1304634280308596736
1304635362426449921
1304635616584519680
1304635734784126977
1304636110077792257
1304636129187115013
1304636628095426560
1304636947990749186
1304637044665319424
1304637259099049985
1304637611395428352
1304638031236870144
1304638283318689792
1304639525533220864
1304640271020429312
1304640895342579713
1304641844417093633
1304642142430781441
1304642181521641472
1304642325633732609
1304643567890071552
1304643847969034240
1304643875995344897
1304644172171874304
1304644612754149376
1304645139814649856
1304646074146197504
1304646428996833280
1304646558571397120
1304647031982563329
1304647197879930880
1304647461177356288
1304647596456239104
1304648683774935040
1304649128291467264
1304649705465421826
1304651277821976576
1304651463398916096
1304653874565976064
1304654716383752194
1304655479050850304
1304655506854875136
1304656389806096385
1304656663924932608
1304656686599360515
1304656924537913347
1304657035254837250
1304657240691847168
1304657250171138048
1304657391343022081
1304658247429820416
1304658835618004993
1304658858854490112
1304660367088513024
1304660456964067329
1304661015519539201
1304661016492625920
1304661020644765696
1304661026483429378
1304661026944815104
1304661171925069825
1304661257363034112
1304661329416945664
1304661519133749249
1304661565447208960
1304661673425371137
1304661844343361536
1304663584526479360
1304663584643911680
1304663751740846082
1304664019182075905
1304664201634471938
1304664601414512640
1304664799654141952
1304664801977626625
1304665088197046272
1304665420809601024
1304665753141022720
1304665785013592064
1304666049502162946
1304666073086689280
1304666139067330561
1304666418886172672
1304666434820333568
1304666706812571648
1304666786416259072
1304667300285612033
1304667514681647105
1304667518800408576
1304667558759534592
1304667625209950208
1304667792348794880
1304668052458536960
1304668149296623616
1304668152006152192
1304668294410940416
1304668309519060992
1304668611865382913
1304668684170993664
1304668760012394497
1304668932301824000
1304669089726631936
1304669207171399680
1304669328017563650
1304669444241752064
1304669452294905856
1304669574265176064
1304669684122480640
1304669805325307904
1304669967367974912
1304670077359456257
1304670110720970752
1304670285803724800
1304670378049130497
1304670429311795200
1304670521049649152
1304670684354949120
1304670789254492160
1304670814483120128
1304670986650910720
1304671005143642112
1304671047082545153
1304671081857527808
1304671091131060230
1304671114245877760
1304671301911621632
1304671413689896960
1304671441074507776
1304672226235412480
1304672344053559296
1304672375078780928
1304672428556259334
1304672765996400640
1304672915728879618
1304673101830148098
1304673247372423168
1304673373016989702
1304673603007414275
1304673609374486528
1304673688235712512
1304673690592911360
1304673840212185088
1304673975197368321
1304674112116269056
1304674234325581825
1304674321542111232
1304674345898389504
1304674421647577089
1304674595581186049
1304674621460041728
1304674674262126592
1304674858467459072
1304675096917835776
1304675136319246336
1304675556328431616
1304675619431747584
1304675916019310593
1304676147578499072
1304676167614525441
1304676172664582144
1304676172702326784
1304676172979208193
1304676187806064640
1304676209809293314
1304676236715847680
1304676245419028488
1304676252708753410
1304676272216432640
1304676293578051585
1304676373378854912
1304676378961469440
1304676424733863937
1304676543017426944
1304676632985178112
1304676679407861766
1304676952352186368
1304676962766643200
1304677014985736192
1304677020157255681
1304677046388428800
1304677114185158658
1304677179431804928
1304677281873440774
1304677308280844289
1304677554918502403
1304677625168764929
1304677626766913536
1304677723718250496
1304677742659727360
1304677770891603969
1304677942145028096
1304677947580862464
1304678475354320896
1304678515049193472
1304679027974836224
1304679078168072192
1304679180433526784
1304679283647033347
1304679359706472448
1304679386730434560
1304679642268401664
1304679668621213696
1304679690532196352
1304679818370469888
1304679827459526656
1304679881310175232
1304679890009030657
1304679902038417408
1304679903992971264
1304679956371431426
1304680096423456768
1304680141692350465
1304680289374011393
1304680298668490752
1304680395175342080
1304680427815395328
1304680670179061760
1304680816484790273
1304680819731169287
1304681122371112960
1304681148304556033
1304681155766124546
1304681356212002816
1304681443449331712
1304681463305175040
1304681531991089152
1304681553428176896
1304681573632147456
1304681723880509445
1304681913618063360
1304682022733074436
1304682049891168257
1304682051145261056
1304682261191766016
1304682348806656004
1304682437860098048
1304682448568152064
1304682481992507392
1304682600213159938
1304682641099292672
1304682650544812032
1304683026157318144
1304683162073812992
1304683170244288513
1304683406031282178
1304683487262314496
1304683648885624832
1304683665612582914
1304683842696105986
1304683899893821441
1304683992524959745
1304684039035588608
1304684111034974208
1304684208003088390
1304684395597631490
1304684561276772352
1304684624199774209
1304684930799206400
1304685214573244416
1304685284416724992
1304685537635205120
1304685821266522112
1304685923741859841
1304686181397954560
1304686198913458176
1304686205766950912
1304686460709277699
1304686611125465088
1304686620533284864
1304686818923819009
1304686867078688770
1304686960506789888
1304687451407933442
1304687594257690624
1304687691506753536
1304687812051177472
1304687881122992128
1304687888479776770
1304687928594042881
1304687997191946241
1304688010831761409
1304688038283489280
1304688040103772163
1304688073234681858
1304688189819551749
1304688215786508288
1304688233637437440
1304688300779868161
1304688380534546432
1304688651050328064
1304688706985644032
1304688709263142913
1304688731694170112
1304688801374236674
1304689018987261952
1304689161551720450
1304689270045773824
1304689284608331777
1304689295630962688
1304689319756562433
1304689329747394565
1304689333295775744
1304689342343008256
1304689353445310469
1304689355877953536
1304689397871374336
1304689452955176961
1304689452963504128
1304689491437907969
1304689613647249408
1304689616952406021
1304689702138793984
1304689905965117440
1304690139583647745
1304690283276374016
1304690339979112448
1304690398187708416
1304690430760628224
1304690492488200192
1304690507008835584
1304690567339802625
1304690604794957824
1304690605017239553
1304690816510722050
1304690897804763136
1304691044743774208
1304691060355076096
1304691111139696641
1304691174259789826
1304691217909899271
1304691219268763649
1304691220237529088
1304691255327293441
1304691359975178240
1304691394729177088
1304691530268114944
1304691540405751808
1304691584265527296
1304691658743840768
1304691778382163968
1304691979851378692
1304691998058831872
1304692087737200640
1304692157689757697
1304692477706854400
1304692482836398081
1304692628622114817
1304692746775670785
1304692882889084928
1304692962543181825
1304693081602691073
1304693120400060416
1304693149479170053
1304693363979902976
1304693389225594881
1304693559426244608
1304693562781638656
1304693673708392448
1304694004131401729
1304694117163765760
1304694350669139969
1304694411998244864
1304694477634797575
1304694603724001280
1304694636724793345
1304694739560730624
1304694833961938946
1304694849204031489
1304694891033907200
1304694989499367425
1304694989503574016
1304694990132719616
1304694993118994433
1304695003101437953
1304695005676744704
1304695016460349441
1304695079702081541
1304695179685888000
1304695273160167424
1304695292692967424
1304695382216187904
1304695449379627013
1304695501447716864
1304695503716839424
1304695530543550464
1304695586642366468
1304695703877320704
1304695704984719360
1304695986984542210
1304696238550339585
1304696255390547968
1304696263032672257
1304696468930953216
1304696499486380033
1304696658022801408
1304696671910146050
1304696683490611200
1304696744756891649
1304696996096344064
1304697082826153984
1304697153097474049
1304697316415287296
1304697324334129152
1304697518295584768
1304697735354998784
1304697795341934592
1304698009540722689
1304698171742978048
1304698175131975685
1304698181587009536
1304698228298874880
1304698248716849152
1304698303741911040
1304698389288947712
1304698434465812480
1304698625294061569
1304698665898999808
1304698693707235328
1304698740431880192
1304698765400518657
1304698772333658118
1304698784694366209
1304698806177587200
1304698957541539840
1304698965544271872
1304699008905027585
1304699017390104576
1304699051452096512
1304699079679762432
1304699200307855361
1304699249641377793
1304699290015727616
1304699432873664512
1304699519083458562
1304699652089012224
1304699654894948352
1304699710922534912
1304699801045327879
1304699840300019714
1304699957501464578
1304700027198156800
1304700032554336257
1304700033342861313
1304700168231702528
1304700229531447296
1304700298854883331
1304700548923490304
1304700552836722688
1304700555403632641
1304700562223620096
1304700638375432192
1304700655639162880
1304700777739493377
1304700821934923781
1304700835948093441
1304701221576626177
1304701276077334528
1304701291315200000
1304701417853259776
1304701442977157120
1304701466070970370
1304701709046906881
1304701748519542784
1304701872817741824
1304701882401730561
1304702080108691456
1304702188313341952
1304702375400177665
1304702588747685890
1304702620658028544
1304702878565699585
1304702900745187328
1304702909091909632
1304703065841381376
1304703074896875521
1304703361946726401
1304703439402827777
1304703495724052482
1304703597456703488
1304703644777033728
1304703656504291329
1304703750058147840
1304703763123331073
1304703829083140096
1304703829938704384
1304703884154335232
1304703903834017793
1304704202653028352
1304704364364390400
1304704562889134087
1304704721765179393
1304704734176129029
1304705161676414977
1304705169209294848
1304705209784991744
1304705243381411841
1304705272007610368
1304705515860172801
1304705545694310407
1304705586060234762
1304705847906496512
1304705970375929856
1304706006186971136
1304706057969774592
1304706193399701504
1304706308277493760
1304706315541983232
1304706319274786818
1304706319669063681
1304706325885210624
1304706348077154305
1304706349360701440
1304706349452988417
1304706385016487937
1304706448417488896
1304706477161095168
1304706566000726016
1304706566092980225
1304706566109753344
1304706567468613632
1304706594744262656
1304706603275386882
1304706681453056000
1304706753637031936
1304706765083291648
1304706891352858624
1304707063013048320
1304707157301100545
1304707220995743744
1304707398066671618
1304707405255770113
1304707572998569984
1304707580019847168
1304707750606274560
1304707824195428353
1304707918202363907
1304707955359707136
1304708085903171586
1304708128060080129
1304708833735041024
1304708837363064833
1304708840102014978
1304708934469591042
1304709064526630912
1304709082096578560
1304709095526739969
1304709125289508864
1304709152464343045
1304709226791604225
1304709288024211456
1304709399458578433
1304709407557783552
1304709647811727360
1304709824870076416
1304709947364605953
1304709994554720256
1304710090323374082
1304710105607397376
1304710159479058432
1304710280262320128
1304710284968448000
1304710366958673920
1304710370939019265
1304710519975301121
1304710528863023105
1304710539189407745
1304710642855706624
1304710802151297024
1304710821642149890
1304710844115308544
1304710930257924096
1304710933982441472
1304711080292298752
1304711092652908545
1304711176660619264
1304711222173077505
1304711240376295426
1304711294965157891
1304711317375209472
1304711322475651077
1304711361570779136
1304711477085917184
1304711609525338112
1304711673354256384
1304711688739053569
1304711698755080192
1304711784855744512
1304711861108006912
1304711862148235270
1304712183130005509
1304712365380861952
1304712430241624066
1304712481739341824
1304712517109809152
1304712536512757760
1304712553470320640
1304712969180385282
1304713072787980288
1304713209522327553
1304713228937822209
1304713348982943746
1304713383757914112
1304713427261296641
1304713545687404544
1304713554625310720
1304713575991312385
1304713583897595904
1304713763870867457
1304713826219286529
1304713856929931265
1304713864215515136
1304713864395677696
1304713886264971264
1304713938802823169
1304713971493154817
1304713972420091905
1304714071984541696
1304714091748044802
1304714115668160514
1304714351530700800
1304714379594792971
1304714391007485952
1304714492690001920
1304714504345849859
1304714581827375104
1304714587623878656
1304714638404333569
1304714677340057601
1304714691743277056
1304714743110938624
1304714800010846210
1304714843681849344
1304715067422838784
1304715329600466945
1304715332972670976
1304715403952783362
1304715469342093314
1304715556420038656
1304715710778744833
1304715713777676288
1304715739467853824
1304715749693558784
1304715887904272384
1304716128858468353
1304716318667616257
1304716389555503106
1304716389605875713
1304716422862508032
1304716444249317377
1304716474519629825
1304716506333360129
1304716512108961792
1304716661493321730
1304716665771491330
1304716676315918336
1304716778954805248
1304716912601989120
1304716976846245889
1304717082555277312
1304717084983791616
1304717092701253633
1304717206828138497
1304717227183276033
1304717257575202817
1304717458356477952
1304717470780084225
1304717611301773312
1304717649620930566
1304717663462096896
1304717689919868928
1304717762577797122
1304717773667528705
1304717831636910080
1304717904743747584
1304718011471990785
1304718069663760386
1304718393380139012
1304718422140477440
1304718528650543104
1304718621512478720
1304718658007191553
1304718685668597762
1304718694824714240
1304718879776743425
1304718889390157824
1304718903789187074
1304718905877897219
1304718907157118976
1304718980654006272
1304719175810777088
1304719248338685958
1304719269503086595
1304719317553033217
1304719458209071108
1304719459265937408
1304719504942006272
1304719539192492033
1304719544284598272
1304719720902471681
1304719849311043584
1304719858215661569
1304719929288077314
1304719932928778240
1304719954906943488
1304720018052005888
1304720090022150144
1304720121139793920
1304720165586767872
1304720200588197889
1304720291512242177
1304720291696963585
1304720382730141696
1304720418897625089
1304720448320614400
1304720524543549441
1304720626326876162
1304720722242220032
1304720748221812737
1304720812470153216
1304720848528584704
1304720915922595840
1304720930837540865
1304721046659125248
1304721063570481158
1304721105886818305
1304721127273648129
1304721145841807361
1304721151617368064
1304721162006532097
1304721180750950400
1304721226691162114
1304721348212731904
1304721414612807681
1304721414621196293
1304721416215048192
1304721418039554048
1304721432652505088
1304721435940786177
1304721451426213895
1304721479154753537
1304721506828562433
1304721549656764416
1304721569005142016
1304721575082700800
1304721734654996483
1304721753336315905
1304721956252590082
1304722011269345281
1304722085676277760
1304722146703413249
1304722173425262593
1304722288139476992
1304722353604227072
1304722356309561344
1304722525084057600
1304722641035702273
1304722672128086016
1304722689546948609
1304722703312711681
1304722722610610176
1304722823127195649
1304722926931976192
1304723094704095233
1304723163184586754
1304723201898033153
1304723205068918788
1304723329333559296
1304723346538541056
1304723400905175041
1304723441275330561
1304723442608959488
1304723666001956864
1304723916993294336
1304723937561997313
1304724101681090560
1304724160548143104
1304724202658955265
1304724256509616131
1304724264155787266
1304724295625715713
1304724346255138816
1304724387325714432
1304724398256148481
1304724526899568640
1304724586215374851
1304724610198507523
1304724649129979904
1304725025426157569
1304725069462220805
1304725198684467201
1304725203403051010
1304725216925544450
1304725573831454721
1304725580458463233
1304725668597501952
1304725699752796161
1304725830657101825
1304725840987672577
1304725904560664577
1304725943563423744
1304725968679047168
1304726074409058306
1304726364583538689
1304726455763587076
1304726456866660352
1304726459592986624
1304726498268639232
1304726631337127936
1304726646080057344
1304726687175897089
1304726703172878337
1304726742414827520
1304726836253986820
1304726957599404032
1304727025823907841
1304727083768336384
1304727170514812930
1304727197631107073
1304727264211472386
1304727287640842244
1304727379240198144
1304727381555412992
1304727411767025666
1304727566172000259
1304727732790669312
1304727910641786880
1304727943390703616
1304727946524069888
1304728011816787968
1304728208525242372
1304728287755874304
1304728332194414592
1304728343384862720
1304728472980398080
1304728510632792064
1304728529695903746
1304728718879981570
1304728764052578305
1304728857451339776
1304728963323838465
1304728963911233536
1304728974170484738
1304728980801695744
1304728982647173120
1304729073000775680
1304729242433982471
1304729453667463169
1304729496709459968
1304729819947692032
1304729926801727488
1304729981197615110
1304730104615104512
1304730118183682049
1304730127440515072
1304730145488621568
1304730151071158278
1304730176186703873
1304730202203983873
1304730232272883712
1304730232377815040
1304730278141874177
1304730356948430848
1304730362376007681
1304730628873695232
1304730658237972481
1304730724986228736
1304730980700303360
1304730996114436097
1304731002305118208
1304731098807705602
1304731106843951105
1304731118839758849
1304731166474465281
1304731365242531840
1304731472197308417
1304731490178207744
1304731526928760832
1304731528237326336
1304731824866947073
1304732071919747072
1304732207483940864
1304732250920030208
1304732258922721281
1304732379878166530
1304732426648858624
1304732467513954305
1304732519703760897
1304732607318503425
1304732740428890112
1304732799044386816
1304732881676316673
1304733007815806977
1304733009309061120
1304733042070650881
1304733238758379520
1304733248061349888
1304733252599443457
1304733317657513989
1304733451774504961
1304733493176401920
1304733568728522752
1304733632196759553
1304733703491457024
1304733760689074176
1304733804750307328
1304733865882333184
1304733909247287296
1304733996643954691
1304734057209704450
1304734249782738946
1304734254606225408
1304734369282772993
1304734373372219398
1304734610191011840
1304734671767470083
1304734764805623808
1304734772556689410
1304735040102776832
1304735085313359880
1304735199436115969
1304735262958858241
1304735319061921792
1304735328465453056
1304735447785054209
1304735487136010241
1304735500838875136
1304735658259492864
1304735658343387136
1304735702010261505
1304735746843127808
1304735789537021953
1304735825012363265
1304735835166846976
1304735857484726272
1304735892712624129
1304736036384387073
1304736060967182336
1304736171487105025
1304736201820254208
1304736223496491008
1304736226940006400
1304736288881414144
1304736433547161600
1304736513863888896
1304736514874765313
1304736516070047751
1304736518351859712
1304736630155218947
1304736644306698241
1304736696009977856
1304736731875422209
1304736748753346560
1304736774883860481
1304736789505232897
1304736851417272320
1304736871667433472
1304736891984543744
1304736906555645954
1304736917393756161
1304736930681311238
1304736967897350145
1304737050172813312
1304737175003594753
1304737236576079872
1304737360135979008
1304737379362668544
1304737520031133696
1304737560908922881
1304737576448937984
1304737604076810240
1304737680262082562
1304737692639539201
1304737694183030785
1304737808171626498
1304737872025718784
1304738049612541953
1304738061092368384
1304738158072922118
1304738158962077696
1304738163261345792
1304738172434354176
1304738181082906624
1304738206005501953
1304738392802914312
1304738428685348865
1304738439598952448
1304738535082094593
1304738574072451073
1304738675155185667
1304738688954490882
1304738780465815552
1304738793585610754
1304738813244305409
1304738845112569858
1304739048821411840
1304739054768943110
1304739168837201925
1304739297560596481
1304739313415053312
1304739347762216960
1304739372093374464
1304739486333632512
1304739516062851072
1304739564481904645
1304739578604068864
1304739810456862721
1304739929369587712
1304740090627977216
1304740093371076609
1304740300007575553
1304740539586220033
1304740541423325184
1304740610063114242
1304740733010743298
1304740753168633856
1304740786752425984
1304740838254276609
1304741034514030592
1304741201422282753
1304741224423849984
1304741274558312448
1304741341642084352
1304741446122000390
1304741447111933954
1304741639320154113
1304741793494372353
1304741798175145986
1304741845872848897
1304741916316176384
1304741931524804609
1304741985526448128
1304742052073275394
1304742064882581505
1304742334177988608
1304742344651141125
1304742356395134977
1304742493993435137
1304742511165014018
1304742523307515907
1304742552965439488
1304742573047721984
1304742617507336192
1304742633206697984
1304742635773583362
1304742643579138049
1304742747983818753
1304742772923158530
1304742834357055488
1304742853701177344
1304742863989858304
1304742878787375104
1304742973888966657
1304742984701935617
1304742986752897029
1304743041178243072
1304743140298051585
1304743143607328771
1304743323001851905
1304743331071692801
1304743392258265089
1304743520360636421
1304743659796082691
1304743666351771648
1304743722584862721
1304743819120914432
1304744062734479360
1304744064789737473
1304744089288683521
1304744097610174464
1304744133731512322
1304744198453821440
1304744292779425792
1304744293979115525
1304744339529179138
1304744439357870080
1304744475516956674
1304744567116267520
1304744762612813824
1304744770863009799
1304744801691217920
1304744922268995585
1304744960500080640
1304745001184899072
1304745009749557253
1304745055656255488
1304745062966767616
1304745138015612928
1304745159666659328
1304745247218565120
1304745262221594624
1304745286502412288
1304745387220185088
1304745392228184065
1304745728120553473
1304745814489739265
1304745848048418823
1304745910681899014
1304745933951950849
1304746145743286272
1304746199447220224
1304746246264033280
1304746295077330945
1304746516591112193
1304746522421202944
1304746579505688577
1304746774943404032
1304746789573210113
1304746818119634944
1304746850046574592
1304746980502110208
1304747132763611136
1304747160571981824
1304747322132385792
1304747413547220993
1304747426285334528
1304747460615602177
1304747556635840512
1304747592522371072
1304747593222762496
1304747680510496768
1304747773640704000
1304747784206254080
1304747829760593921
1304747837985558528
1304747838123978753
1304747852221079557
1304747917723533312
1304748002544844806
1304748124058144769
1304748223261802496
1304748286729949184
1304748324281634816
1304748388257333248
1304748393810595840
1304748420813422592
1304748423225184257
1304748477532876801
1304748559934332929
1304748574262132738
1304748612241547265
1304748644294430721
1304748885366263808
1304749018476666880
1304749109044224000
1304749111418253312
1304749244184776710
1304749268876525570
1304749399239729152
1304749417816358912
1304749447465906183
1304749548624056322
1304749633407721474
1304750221134630912
1304750369373712384
1304750470565695490
1304750473166102528
1304750618091958272
1304750854663286790
1304750905250795523
1304750919922446337
1304750955704078336
1304750972833615873
1304751131508310017
1304751246352494592
1304751456860467203
1304751477072822272
1304751497066901507
1304751503865982982
1304751565866139649
1304751573797687296
1304751606735482880
1304751612603363328
1304751613957959681
1304751614033420288
1304751631343521792
1304751643691491328
1304751656341512192
1304751657910140930
1304751703003193344
1304751720057184256
1304751727653072896
1304751798415233024
1304751819055394817
1304751841612357632
1304751884138409984
1304751884943659008
1304751907118948352
1304751927729836033
1304751944783794178
1304751946348277760
1304751954028003328
1304751957417000962
1304751963788189698
1304751963955965952
1304751973816819714
1304751987049861121
1304752004229554176
1304752005060067328
1304752005731164160
1304752010806218758
1304752029655498754
1304752271092314114
1304752298535669760
1304752325077209089
1304752444920995842
1304752488898277378
1304752494002794496
1304752507902504960
1304752508053540866
1304752508984729600
1304752604946345984
1304752628166012929
1304752734583873538
1304752807858393089
1304752885985665025
1304752903392026624
1304752964653981697
1304753009717579777
1304753043477594113
1304753066986659841
1304753095407267840
1304753379047100416
1304753440120283137
1304753566532468742
1304753677639581698
1304753706039226369
1304753715274973184
1304753768634953728
1304753893478465536
1304753893776257024
1304753923664875520
1304753972318810112
1304754077029543936
1304754129382682625
1304754143790116870
1304754169316868101
1304754219270975489
1304754621362196482
1304754804812587009
1304754805794050049
1304754810504306688
1304754887209766912
1304754950296272896
1304755021502795781
1304755241250889728
1304755269440811008
1304755372251635712
1304755394099777537
1304755430766374912
1304755432318267392
1304755448676052992
1304755696077021184
1304755721960132608
1304755814993858560
1304755872904683520
1304756083249078272
1304756116451201024
1304756141453443078
1304756198022041602
1304756217454170112
1304756381451509760
1304756521839071232
1304756653271781376
1304756873267216390
1304756890665136129
1304756985020256256
1304757029744111616
1304757172753051648
1304757291342868481
1304757374788530178
1304757456829112322
1304757580397510657
1304757661611720704
1304757855350906888
1304757923890028544
1304758126281924609
1304758174545850368
1304758460983267330
1304758637232091136
1304758818853748736
1304758830140739584
1304758936097173504
1304759162706956288
1304759163755601920
1304759168314736642
1304759187470254087
1304759201466642432
1304759213659389952
1304759431750705153
1304759619319889920
1304759882130882560
1304759910408876037
1304759916159275009
1304760306313306113
1304760494562127875
1304760511062577152
1304760630897979392
1304760782060695552
1304760798988861440
1304761118091554817
1304761118468997120
1304761155538374658
1304761190258741251
1304761282437033984
1304761457804967936
1304761491921530880
1304761690660184064
1304762143074586624
1304762159822446598
1304762572126728193
1304762645602590720
1304762714246598662
1304762719028027400
1304762769753993217
1304762939774296065
1304762953086971906
1304762967662235650
1304763029448462336
1304763172885274624
1304763181227802627
1304763246205964289
1304763437201993728
1304763456629936128
1304763521633341440
1304763523650719744
1304763741146406912
1304763792501493762
1304763825900711938
1304763986815131649
1304764033795608577
1304764342248890370
1304764596520128512
1304764635686547459
1304764986301050882
1304765173178269696
1304765358855925762
1304765414459744267
1304765453823172609
1304765511352365062
1304765707041878021
1304765811857518594
1304765832694771712
1304765920368353281
1304766235348021254
1304766235582832641
1304766247784140800
1304766258454376448
1304766306747547650
1304766396149239808
1304766481343885316
1304766712588320768
1304766714266095616
1304766717646626817
1304766769186381835
1304766810361823235
1304766856234962945
1304766961000345600
1304766980298285056
1304767026272010241
1304767032760598529
1304767039962263553
1304767074401742852
1304767156186492929
1304767191661907969
1304767394074759168
1304767467667861510
1304767485661581313
1304767494154928128
1304767513343995904
1304767516963676161
1304767679891374082
1304767852663115776
1304767854416257027
1304767940470943744
1304768037388783618
1304768047979409409
1304768107102179335
1304768197296402437
1304768254511140865
1304768275272929280
1304768486363676677
1304768598972534786
1304768612457119744
1304768613279293443
1304768619017101318
1304768771165499397
1304768840761475072
1304768854690869248
1304768865663160321
1304768973746122753
1304768977416192000
1304769061214093318
1304769086577160193
1304769216466374656
1304769230026539008
1304769471819722754
1304769497224671237
1304769566321651713
1304769581173665792
1304769765727240192
1304769810727866369
1304770174684405761
1304770419262713856
1304770421963751424
1304770455484719105
1304770487386550272
1304770501613686784
1304770505770184704
1304770506596417537
1304770553585299456
1304770771420667910
1304770893390979072
1304770901632782338
1304770935015247878
1304771003780796417
1304771112010690560
1304771124459339776
1304771214494306304
1304771228591443968
1304771372397277186
1304771420413718530
1304771516450639872
1304771530765881344
1304771637133352961
1304771745337847809
1304771745421889536
1304771745425977356
1304771767987208198
1304771778322014208
1304772100708806656
1304772137086001152
1304772342489534464
1304772388240973828
1304772957382807555
1304773105282428929
1304773232084635649
1304773306525024256
1304773342319259649
1304773612164067331
1304773846512349185
1304773896256679936
1304774063752204288
1304774072304373760
1304774150737801216
1304774162901327874
1304774262503473152
1304774282812293120
1304774282896121861
1304774283026079745
1304774290823426048
1304774311295807490
1304774407886381057
1304774509128548352
1304774987417612289
1304775062055194626
1304775153537019904
1304775260030599169
1304775323544846337
1304775404616441856
1304775405019168768
1304775411767934976
1304775522157834242
1304775526238883842
1304775561076789248
1304775583566622723
1304775775078490113
1304775912253128706
1304775912601260033
1304775928179036161
1304776047037218817
1304776141299949568
1304776270924967938
1304776346988675075
1304776443994439680
1304776525787598849
1304776706708983809
1304776778825768961
1304776781023633408
1304777038897786882
1304777128882380802
1304777290564411394
1304777676302024704
1304777722011561986
1304777743830331393
1304777858225770496
1304778094910242817
1304778181174534145
1304778186786562049
1304778217535016960
1304778275953278977
1304778318978387969
1304778366948605957
1304778499618676736
1304778707572273153
1304778716489244672
1304778813059076100
1304778898719281153
1304779034656682000
1304779180899364870
1304779195948695560
1304779255176474624
1304779347887362048
1304779404011343872
1304779466183454722
1304779481299779590
1304779494658641921
1304779533195915264
1304779556386209803
1304779569958969352
1304779689895038976
1304779745763229698
1304779761668022274
1304779767519031300
1304779775689609217
1304779918270771201
1304779929897390085
1304780164828745728
1304780226271080456
1304780236177932290
1304780296114581504
1304780376045506563
1304780385172234241
1304780393346981889
1304780442009309190
1304780471029706756
1304780617427623936
1304780738118774785
1304780799275925505
1304780848034611200
1304780866632192001
1304780871107588097
1304781009607692301
1304781174905208833
1304781192361914368
1304781238050398208
1304781299023073281
1304781383160692744
1304781416811634690
1304781535082618882
1304781537045614592
1304781702716366853
1304781757561044992
1304781815379636225
1304781817892016128
1304781818873475073
1304781865056862216
1304781977439137793
1304782113510699009
1304782219664392192
1304782230733160449
1304782331568414720
1304782367631040515
1304782419371982848
1304782510233092098
1304782580621783040
1304782584266645509
1304782641934237701
1304782964383985666
1304782997267386371
1304783062149074949
1304783087226818560
1304783127110393858
1304783206923800578
1304783209562071041
1304783238045536256
1304783327581306880
1304783384477085696
1304783635954962432
1304783638295437316
1304783665143128066
1304783691504390145
1304783742247079936
1304783873776267270
1304783907670425600
1304783928151113730
1304783929560494088
1304783957054160896
1304784032018903041
1304784036859179009
1304784133336506368
1304784145885941760
1304784195227725828
1304784264656031744
1304784422693150721
1304784520923750401
1304784553047924736
1304784685785112577
1304784952421220353
1304785232030248960
1304785288825319427
1304785297994067968
1304785330772619270
1304785586390212609
1304785606929797127
1304785626882076672
1304785876023676930
1304785899197169664
1304786009830326272
1304786066763808769
1304786075303411712
1304786102117695489
1304786139883155462
1304786171042594818
1304786173567668224
1304786223337222144
1304786295093374976
1304786472059494400
1304786564409700354
1304786608856719362
1304786623297658881
1304786845054754816
1304786872045056001
1304786930392018944
1304787006128611329
1304787054547566594
1304787160831332353
1304787344118210560
1304787354536808449
1304787400149917701
1304787518693441537
1304787596518793216
1304787600058785792
1304787658372272130
1304787684251107330
1304787707219062785
1304788062766071808
1304788135574986753
1304788141421850624
1304788246589771776
1304788295768047616
1304788307142942720
1304788309986680834
1304788334200446979
1304788395697332225
1304788468661456899
1304788765865639937
1304788979909365761
1304789061161418752
1304789081436688384
1304789114831736839
1304789196926783493
1304789213347565570
1304789246960693251
1304789369455247361
1304789393497034755
1304789412736270337
1304789469074202625
1304789519942725634
1304789551257444353
1304789583499071488
1304789623118336000
1304789740806381568
1304789870431346688
1304790146781454336
1304790384221073408
1304790465082990598
1304790629738835970
1304790677369360384
1304790804288995328
1304790882412093442
1304790913890299906
1304791115506372618
1304791360063627264
1304791452724146177
1304791653186768898
1304791877917368327
1304791877972041728
1304791878043398145
1304792014102368257
1304792107002011650
1304792262417829890
1304792306860658689
1304792344324079617
1304792410132811777
1304792421939716096
1304792658079035393
1304792670779387905
1304793131813044225
1304793136271699974
1304793137747910656
1304793138784075776
1304793212649865216
1304793226176614401
1304793292375293953
1304793347903676416
1304793466707288064
1304793651273326593
1304793779493240832
1304793788636975104
1304794402381066243
1304794443434819585
1304794540260417537
1304794856691306496
1304794974257664000
1304795134626803714
1304795224280104961
1304795228671537152
1304795361261891584
1304795383734972418
1304795601993961472
1304795650694012929
1304795792494874626
1304795886049021952
1304795994610184192
1304795995390332928
1304796108871405574
1304796185392283649
1304796384906932226
1304796498920706050
1304796797978775557
1304796900059754497
1304796914819497985
1304796918409822210
1304796918699225089
1304796920523534338
1304796969676742656
1304797112215896064
1304797138363322370
1304797166989447169
1304797324535717888
1304797425769439232
1304797474289221632
1304797535031173123
1304797656556896256
1304797667046952961
1304797859913572356
1304797949050916864
1304797979543560192
1304798027044052992
1304798128307146752
1304798160641052672
1304798173655961601
1304798184896684033
1304798256078172164
1304798320834031618
1304798339658117120
1304798405902901250
1304798625046892550
1304798672907939840
1304798768366313473
1304798819943669761
1304798828218982402
1304798889485176835
1304799256037986304
1304799311562182656
1304799428058976257
1304799438410518528
1304799522615431168
1304799608602849281
1304799655126016001
1304799744984846337
1304799748851892224
1304799848810545162
1304799971410051072
1304800198858813440
1304800408452427778
1304800590053232641
1304800638988103680
1304800659200450563
1304800684903202816
1304800686266290181
1304800760811716609
1304800840536989696
1304801001652748296
1304801085211774977
1304801152643543041
1304801282000068608
1304801315684573185
1304801436920938501
1304801461428248580
1304801512129024001
1304801618823647232
1304801692727218181
1304802004586373120
1304802109179736064
1304802156554473475
1304802173793042433
1304802303036317697
1304802334447472641
1304802362394128386
1304802463573250050
1304802474021269504
1304802582712340482
1304802594452312065
1304802639826345986
1304802695337988096
1304802830486769665
1304802928927084546
1304803071197937665
1304803195600932864
1304803236474478592
1304803258238676993
1304803291482730497
1304803501244063744
1304803536711094273
1304803585545449474
1304803827024101377
1304803831629459456
1304804303069237248
1304804382488264706
1304804461978816512
1304804462691856385
1304804463203373057
1304804483747196931
1304804512385978368
1304804573224329216
1304804577049444353
1304804593231179776
1304804672172109826
1304804797028204545
1304804882050842624
1304804928234426368
1304805057087578115
1304805060199755778
1304805085411672065
1304805389830164480
1304805547800174601
1304805692243673088
1304805748766117889
1304805752226418688
1304805857603891200
1304805870199545856
1304805882010710016
1304805967725580293
1304806130137391104
1304806256394338306
1304806278942855168
1304806357170880512
1304806404939821056
1304806413072576515
1304806474187550721
1304806500746113025
1304806573714345984
1304806623395880964
1304806745882218503
1304806810331869184
1304806977520820224
1304807076611256327
1304807097067077632
1304807124288122885
1304807179510329345
1304807534788837376
1304807639805767680
1304807661154824197
1304807830864760837
1304807855841775619
1304807882970591237
1304807914939592704
1304807959428567040
1304807984258719752
1304808235812057088
1304808265599991810
1304808284805836801
1304808334235701251
1304808380855451648
1304808396172873728
1304808401633972225
1304808420554530816
1304808440641073154
1304808507410206720
1304808627191021582
1304808665782923265
1304808970574540805
1304809231879729152
1304809234773807110
1304809349269917700
1304809437669007361
1304809797590581249
1304809916079788037
1304809916897603586
1304810228291166208
1304810241670881280
1304810316379885575
1304810341159890951
1304810412672606213
1304810426740469760
1304810440195747840
1304810793737891841
1304810824947687431
1304810825794945026
1304811004203872256
1304811006040961025
1304811042355195906
1304811057664454656
1304811287256469510
1304811423852310528
1304811511798431744
1304811526780588034
1304811643612917761
1304811746700427265
1304811800668635143
1304811856402542593
1304811861515403265
1304811885280325633
1304811937365200897
1304812011210104832
1304812011348520965
1304812011604389889
1304812012640313347
1304812107649646599
1304812123835584513
1304812189983952901
1304812214700912642
1304812277682503681
1304812302294806529
1304812312767930369
1304812388806467587
1304812737793593344
1304812808031305729
1304812831448141824
1304812983223283712
1304813074210324480
1304813269308207105
1304813270130479108
1304813284181372928
1304813412732604424
1304813522128384000
1304813627053166597
1304813694724046849
1304813704073142273
1304813759886749696
1304813828635586560
1304813881840283649
1304813949179891714
1304814058097569793
1304814089647140865
1304814204680110080
1304814292043268098
1304814300901634049
1304814411455115271
1304814416165175299
1304814508133814275
1304814555533578243
1304815135433908225
1304815261418246144
1304815284369326081
1304815310613164035
1304815341017747457
1304815630026145792
1304815646824443906
1304815728147693568
1304815785760579584
1304815788885336066
1304815794979831810
1304815798918287360
1304816047334154245
1304816275508604928
1304816387463041024
1304816490332467205
1304816755634831360
1304816869589823488
1304817005846032387
1304817295504502784
1304817296402251776
1304817321236721664
1304817416816537600
1304817655229145094
1304817871416066049
1304817896158367746
1304817979981430784
1304818063322341376
1304818118108344320
1304818125423153152
1304818304561930241
1304818546774405126
1304818562767491079
1304818568882724866
1304818715180097538
1304819000430530561
1304819096069058561
1304819101412581378
1304819198384889857
1304819225400348674
1304819402760740864
1304819562970480641
1304819606952046593
1304819609107861504
1304819619287437312
1304819641345363968
1304819661935083520
1304819746320322563
1304819812040953858
1304820526825836546
1304820635944792064
1304820736104824833
1304820829864296449
1304820973162713088
1304821034630230022
1304821330030649344
1304821360162746370
1304821365736968192
1304821472708493313
1304821612697522182
1304821889894940674
1304822024058044416
1304822154366717952
1304822316191412225
1304822396503891968
1304822580814254080
1304822613676617736
1304822741800046599
1304822938215034880
1304823022625402882
1304823100337459200
1304823308433739777
1304823335788969985
1304823336275501056
1304823351731466247
1304823433428185089
1304823449551069185
1304823587153440774
1304823774919958530
1304823781358219265
1304823788924801025
1304823850614558720
1304823852623712258
1304823879505006594
1304824040129994758
1304824147579633665
1304824380938215434
1304824402278862853
1304824620059701249
1304825181521747969
1304825242699866116
1304825376435306496
1304825443007303687
1304825869798486016
1304825892250714115
1304825897942487043
1304825935405944835
1304826044407574532
1304826137445650434
1304826609552232454
1304826814104207362
1304827110700339200
1304827111476203524
1304827111715340289
1304827141612277760
1304827193915310084
1304827201276215296
1304827242221113346
1304827299146104841
1304827355354071044
1304827365592371201
1304827402611232769
1304827405958287364
1304827465911668736
1304827570551230465
1304827637517426689
1304827865268133891
1304827921157283842
1304827944909639680
1304828009254445063
1304828014879019008
1304828254054883328
1304828278608400385
1304828368504971265
1304828375123587079
1304828435446063105
1304828500038373381
1304828701385818113
1304828950628139008
1304828951823560705
1304829084908826624
1304829251238100995
1304829482226921473
1304829535788183552
1304829606965456898
1304829657951461381
1304829699147927552
1304830037733113857
1304830247448215553
1304830299793174530
1304830551732482049
1304830641897451520
1304830677968392192
1304830876568686593
1304830898341376001
1304831078897782785
1304831142860914689
1304831272347336709
1304831274931105795
1304831388437434368
1304831568402354176
1304831580498784265
1304831632768196609
1304831892924006403
1304831903493550080
1304832156045316099
1304832326959071232
1304832369124429827
1304832462992928770
1304832794078703623
1304832799493496834
1304832958663139332
1304832996533559296
1304833035981000705
1304833562101927936
1304833634738860035
1304833702699171840
1304833736643674114
1304834077871271937
1304834107004923906
1304834156338188288
1304834218443366400
1304834345732132869
1304834425033650178
1304834448790351872
1304834527144091650
1304834571603783680
1304834601827930113
1304834654386696195
1304834661135405056
1304834685047054336
1304834723391459329
1304834729347354624
1304834746032238592
1304834748196454401
1304834946553409536
1304834998298710023
1304835362062323712
1304835518551732225
1304835709216468995
1304835740598231042
1304835759103455232
1304835801604390914
1304835923792756736
1304836216114814978
1304836308951609344
1304836314240516097
1304836388781731841
1304836447061635074
1304836602729050112
1304836778289967105
1304836788670918658
1304836911161397254
1304837044628336641
1304837078073700352
1304837149859221505
1304837188887154689
1304837348434345984
1304837428151070720
1304837441673625600
1304837461525368833
1304837599186616322
1304837732812943360
1304837740987584512
1304837744364007428
1304837756284174337
1304837911196696577
1304838285831831552
1304838370745618432
1304838435849621504
1304838437191680002
1304838712266829825
1304838730855964673
1304838836204298247
1304838842919391232
1304839000117727233
1304839181097725960
1304839227415433216
1304839405660758016
1304839492503822336
1304839507737563139
1304839702009319435
1304839711693963270
1304839725283512327
1304839848768008193
1304839905185607681
1304839949770948610
1304839962093912064
1304840058932015105
1304840099587391488
1304840121007722497
1304840685149974531
1304840697476980748
1304840713968984066
1304840731023081474
1304840793237192704
1304840833489940482
1304840968814944256
1304841065220968451
1304841215314198528
1304841307286798339
1304841418209472518
1304841624355250177
1304841737664331778
1304841767125241857
1304841973262462976
1304842003537186818
1304842083962966016
1304842085992992768
1304842100538781698
1304842101650329603
1304842123808829443
1304842206545686531
1304842209607417858
1304842210148585474
1304842210618286081
1304842211473981441
1304842211725635585
1304842214821027841
1304842253576343552
1304842254151016450
1304842293183217667
1304842325424779266
1304842516555083777
1304843148011728897
1304843160603037696
1304843224067059712
1304843238080217089
1304843276369965058
1304843588300406787
1304843603722874880
1304843805850587138
1304843852491239426
1304844074151809024
1304844474485559296
1304844673614319618
1304844813473206272
1304844845039706112
1304844943677153281
1304844994356756481
1304845142155763713
1304845278323904513
1304845283600334850
1304845455172530177
1304845644541108226
1304845732763938816
1304845953984352256
1304845984522997766
1304845984816672769
1304846066014138372
1304846242510442503
1304846286106095617
1304846655506853888
1304846825002872833
1304847117748498433
1304847118662762497
1304847164531761152
1304847211864502273
1304847461295456257
1304847483638554625
1304847754053574656
1304847779618058243
1304847881312940032
1304847902469128193
1304848025135853569
1304848097437245440
1304848277851058178
1304848297979502592
1304848331030646785
1304848342824910848
1304848397703184386
1304848581627707395
1304848906585616384
1304848939343114243
1304848992963047425
1304849121824706560
1304849142523494400
1304849267144773632
1304849458346291201
1304849570443255813
1304849571596693504
1304849597915967494
1304849752723468288
1304849761472835587
1304849775590866945
1304849795723538433
1304849816615297024
1304849823766544391
1304849830913740801
1304849894360756225
1304849963017527298
1304850011029602304
1304850044877705222
1304850204370313217
1304850312268845057
1304850316953890820
1304850482616295425
1304850685494792194
1304850898682863616
1304851021919932416
1304851206888656903
1304851219194753026
1304851548758052865
1304851565879099395
1304852276041920512
1304852290445213697
1304852291124633607
1304852301576892417
1304852629856628737
1304852703106027523
1304852710290632704
1304852719795134467
1304853455023022080
1304853546542804992
1304853548371410945
1304853669482037248
1304853676746567680
1304853905684279307
1304853971996151809
1304854095744897024
1304854223029448705
1304854273931571200
1304854300007464962
1304854636764033024
1304854764673544192
1304854779349393408
1304854792561332224
1304854937768165379
1304855417437253633
1304855594977951745
1304855686178889729
1304855736846032896
1304855812033179650
1304855828894289923
1304856249683644416
1304856425366257666
1304856569750978560
1304857002410225665
1304857039806627842
1304857066389954562
1304857254559207425
1304857296179265537
1304857309835857922
1304857310012080134
1304857312205639681
1304857316383232000
1304857330413178880
1304857354370985987
1304857369462083585
1304857496188784641
1304857513993613313
1304857521568600067
1304857560835649537
1304857566531420160
1304857630192656395
1304857735331278856
1304857779547578369
1304857816235216896
1304857823021428736
1304857857570074624
1304857945704980480
1304857974406615040
1304858153037766656
1304858258419732481
1304858328984621057
1304858337339736066
1304858392662626305
1304858474292092928
1304858726403366912
1304858851737563144
1304858862206562305
1304859214326751233
1304859349895045122
1304859416467042304
1304859424088117248
1304859494250356736
1304859557324369921
1304859646163931136
1304859975001477120
1304859989454909445
1304860332381409281
1304860435498307584
1304860520848273408
1304860613651427329
1304860629539450880
1304860716885667840
1304860720257851392
1304860871672332289
1304860932166819842
1304860978119573513
1304861083799293955
1304861084046815237
1304861116216954880
1304861161209425920
1304861188757614592
1304861212002398210
1304861389719248899
1304861526990434304
1304861527162449921
1304861631357366272
1304861670888607744
1304861813864005632
1304861871565144064
1304861897079095299
1304861939584184321
1304862029996531713
1304862039349833729
1304862315616010245
1304862352131723266
1304862407618113537
1304862534051287041
1304862580238946308
1304862597989249025
1304862628125315074
1304862650980016130
1304862685956321280
1304862740532559877
1304863110721875969
1304863158440521729
1304863265747595264
1304863316121202689
1304863392407134208
1304863458782044160
1304863595898048512
1304863718195503111
1304863813854998528
1304863862936801285
1304863867294674945
1304864020944621569
1304864051722321921
1304864055262416898
1304864068256362499
1304864092193202177
1304864139962130433
1304864143938383873
1304864162934394883
1304864209390440448
1304864303858814976
1304864354714738688
1304864603311091714
1304864633375793152
1304864738111885313
1304864771276263426
1304864852582838274
1304864859327062017
1304864876238602251
1304864877832531969
1304864893091315713
1304864910522884097
1304864924036993024
1304864964130344965
1304865009256853509
1304865022036914178
1304865049987645440
1304865075140931584
1304865110557519872
1304865145085210627
1304865325163458566
1304865376203759616
1304865385670377473
1304865461088194561
1304865486765785090
1304865490112843781
1304865503618371584
1304865536577282048
1304865574997159936
1304865827620032512
1304865978434686978
1304865995987836929
1304866018716778497
1304866083015458816
1304866111280877570
1304866118075658240
1304866204096630785
1304866275626287104
1304866332240994306
1304866370895654912
1304866918780882944
1304867132056846336
1304867177082880005
1304867205985849345
1304867230015016960
1304867308293238785
1304867308884566016
1304867386055589889
1304867472349241344
1304867561725718530
1304867578687426562
1304867611495325696
1304867822791786497
1304868082045911042
1304868299159805954
1304868386942390272
1304868397860171777
1304868473835851776
1304868527904632833
1304868600575127553
1304868630505627648
1304868654152966145
1304868746339778560
1304868924463476744
1304869146740563970
1304869373665042434
1304869428086083588
1304869433299664902
1304869889350479874
1304869909801963524
1304870029393948673
1304870251654455296
1304870376607035395
1304870472245534722
1304870478406995968
1304870740580356104
1304870905097662467
1304871092289441794
1304871137139208193
1304871141589344261
1304871161113776131
1304871191631605760
1304871326369357825
1304871374264074240
1304871419612983296
1304871505071927296
1304871579445325824
1304871880000712711
1304871908865867777
1304872020447047681
1304872073093951489
1304872298059632647
1304872408440926208
1304872412102774785
1304872479345737728
1304872543468294145
1304872559339614210
1304872620060540931
1304872643095658496
1304872814273495040
1304872850839482370
1304873055462793217
1304873194545983488
1304873262850211841
1304873379938234368
1304873439006728192
1304873625271652354
1304873849125769216
1304873915228057612
1304873961013104646
1304874017376133121
1304874422931783682
1304874526937952259
1304874936260005889
1304875061959036928
1304875069731213313
1304875176862113794
1304875251428470785
1304875548951355400
1304876186426900480
1304876197470507008
1304876201031413763
1304876225312305152
1304876470481846278
1304877161317380096
1304877275587006466
1304877321418145792
1304877538523648005
1304877561806282752
1304877574531751936
1304877655536422912
1304877840261935110
1304878153991704579
1304878174686375937
1304878188275920899
1304878194743488512
1304878234014711814
1304878288175853569
1304878316948721664
1304878349144207360
1304878536315072514
1304878735317970950
1304878783783219201
1304878862514425856
1304878979321679873
1304879240861675521
1304879378401296384
1304879384487243776
1304879960772038656
1304879991524659202
1304879994729107459
1304880007567867904
1304880174710882305
1304880187478286337
1304880244667670528
1304880372698828801
1304880841382940672
1304880959070773248
1304881156060524544
1304881223773433870
1304881224968794118
1304881630109151232
1304881742143254529
1304881814037762048
1304881929154711554
1304881978861326343
1304882240405598216
1304882298526064640
1304882301722132480
1304882354004152321
1304882621399302148
1304882820737794050
1304882981044203521
1304882985544683528
1304883057002979329
1304883175257182209
1304883325241360386
1304883740053852163
1304883745862889473
1304883772014419968
1304883974498639872
1304884529316986880
1304884765229821952
1304884878605987840
1304885411202953219
1304885560394354688
1304885765441294338
1304885774215770112
1304886069826027532
1304886185886707712
1304886255486984194
1304886742273720320
1304886865552642048
1304886884024365056
1304886945361932288
1304886947513602050
1304887316536799235
1304887508828917760
1304887536779702272
1304887799649316864
1304887850442334218
1304887877227159552
1304888457861509127
1304888485778776064
1304888615667892226
1304888698216083457
1304888760451117063
1304888777849135104
1304888783691812866
1304888862603448321
1304888893079158784
1304889064546541572
1304889086260449280
1304889228640301062
1304889393430355968
1304889507490209792
1304889674448736256
1304890028980666368
1304890038455619592
1304890177207382016
1304890303871098881
1304890372586434560
1304890518841831424
1304890617646940162
1304890977291771904
1304891033612955650
1304891221400223744
1304891283928907776
1304891297296199680
1304891407979753473
1304891517744619520
1304891750864089088
1304891762993963008
1304891766965964800
1304891882124849152
1304891979046805504
1304892208290639878
1304892418882445314
1304892550294245377
1304892552185884672
1304892786043428865
1304892793991704578
1304893135907172352
1304893296301416448
1304893520445087744
1304893646379061251
1304893870954684416
1304894169492664323
1304894255966584832
1304894275608629248
1304894461848309760
1304894553690906629
1304894565988610048
1304894701938581504
1304894865227108354
1304894983225274369
1304895057724497920
1304895216084713472
1304895298872004608
1304895380081999873
1304895391100436483
1304895685989462016
1304895889673199617
1304896090643333122
1304896178677518351
1304896356948025345
1304896503228628992
1304896707482865666
1304896826412339201
1304896936042991617
1304897085213376513
1304897194525372418
1304897365980176384
1304897399513636864
1304897545664163845
1304897651847110658
1304898255554326529
1304898823714746379
1304898832485023749
1304898866697863168
1304899032553226241
1304899058478309376
1304899262006861825
1304899267417591808
1304899327802970112
1304899573622747136
1304899661355012097
1304899722159755269
1304899761238093825
1304899906197487618
1304900101832404992
1304900173693358082
1304900391059025920
1304900513725640707
1304901067218604034
1304901285041274880
1304901401206812675
1304901402993491969
1304901420571914240
1304901423331672064
1304901535906910210
1304901625224585217
1304902102683185152
1304902407936237568
1304902669518155780
1304902752473100290
1304902753676820480
1304902758575697920
1304903371560607744
1304903899367776257
1304903967944695809
1304904186233061376
1304904365258539009
1304905170862698499
1304905215112548357
1304906003020943361
1304906431880204290
1304906448707747841
1304906936853434370
1304907339171090432
1304907863622668289
1304907897181278208
1304908269450821634
1304908504386371592
1304908651019358209
1304908808741941249
1304909469692973056
1304909572679913472
1304909645438423040
1304910216362889217
1304910235426004992
1304910308419473408
1304910364434477056
1304910366632271874
1304910768782168064
1304911430295212034
1304911472716328965
1304912170732453888
1304912256736677889
1304912495124111360
1304912906807652354
1304913279991644165
1304913459717402626
1304913532685881350
1304913997209186305
1304914357684445184
1304914411954593795
1304914513700028416
1304914816776142850
1304914824627916800
1304914938100674562
1304915117482672134
1304915603820548096
1304915770443522050
1304915950718857217
1304916030767140864
1304916080268324869
1304916108819017728
1304916120273596417
1304916143451373570
1304916210371366913
1304916242881368064
1304916444854079496
1304916566358855681
1304916694670872577
1304916768826195969
1304917169852088322
1304917500702924803
1304917569623781383
1304917747550347265
1304917802567036929
1304917822389334016
1304917972130164736
1304918434447269888
1304919552195784709
1304919557753237504
1304919672500912134
1304919843297210368
1304920120767254531
1304920255777722368
1304920393468305414
1304920886907154434
1304920951373606919
1304920962383728640
1304921341041278977
1304921550186053633
1304921640891973634
1304921673964171264
1304921984774680577
1304922074838970368
1304922125480976385
1304922140307869696
1304922635512487942
1304922777087021059
1304922778345312256
1304923450797105152
1304923495294525447
1304923703004803079
1304924304698757120
1304924501772308481
1304924612036308994
1304925055902797826
1304925299948351488
1304925668212379649
1304926018537390086
1304926361715388416
1304927437218869253
1304927891474579456
1304928987823644672
1304929547264184320
1304929552699973632
1304930052874940416
1304931072367570944
1304931741426216960
