1304570507497533441
1304570603408506882
1304570642247954437
1304570755007623168
1304570771637964802
1304570848926404608
1304570905046253570
1304571065868443649
1304571086403768320
1304571118125232128
1304571227684642823
1304571232826912774
1304571295997341700
1304571303509323776
1304571574528475137
1304571612704968709
1304571639431147520
1304571865390821378
1304571955631325184
1304571957090955264
1304571997641416706
1304572012761878528
1304572322649604101
1304572495580868608
1304572570046533635
1304572578430943233
1304572755011084293
1304572824187797504
1304572827169951744
1304573090345742343
1304573320860512262
1304573476418838528
1304573735911948289
1304573791285186565
1304573880632324096
1304573914908102659
1304573915335987201
1304573923225468930
1304573973859119106
1304574008025927680
1304574205204332545
1304574275068850176
1304574296795250694
1304574442551627778
1304574503478087680
1304574515628986369
1304574705244999686
1304574712060805121
1304574719262429184
1304575033180934144
1304575121953357824
1304575247073636352
1304575388740444162
1304575633511583749
1304575746787155968
1304575772754145280
1304575779272101892
1304575862487031808
1304575877989175296
1304576100702531587
1304576255103307788
1304576325123014658
1304576387408429056
1304576489376157696
1304576511400448002
1304576571932581889
1304576700953616384
1304576705210781704
1304576785091383296
1304576789138804739
1304576793672900616
1304577020505075713
1304577173492322305
1304577190521077762
1304577226210447365
1304577293914984449
1304577341889314816
1304577405852487681
1304577446717652992
1304577522177277952
1304577566590881792
1304577607586009090
1304577628872085505
1304577659146567687
1304577675856617472
1304577698916859905
1304577928907444224
1304577979603804160
1304577987115876352
1304578058481958912
1304578064517603330
1304578198294982663
1304578232805621761
1304578245162082305
1304578274715148289
1304578290011836416
1304578304175943680
1304578426146295809
1304578467858731008
1304578504839880706
1304578506584711169
1304578599454945280
1304578644476559361
1304578645332234240
1304578664919699457
1304578670535811072
1304578714966032385
1304578804149616648
1304578808339673088
1304578820243103750
1304578889243656192
1304578982638166016
1304579096341622785
1304579125416521730
1304579148657160194
1304579172900143104
1304579174326300678
1304579224628613120
1304579252671700993
1304579268643618816
1304579320627843079
1304579326105579527
1304579416677326848
1304579442694553606
1304579580276232199
1304579600480174082
1304579611582492672
1304579616171008000
1304579639466250240
1304579653768744961
1304579828021186562
1304579902289608704
1304580126743695365
1304580152941252608
1304580154786746370
1304580166799196160
1304580189742075904
1304580196117475328
1304580258981654528
1304580329534038022
1304580358520950791
1304580527371038720
1304580541090615298
1304580542243966978
1304580580793872385
1304580592990932992
1304580637874171904
1304580710766960647
1304580716865490947
1304580727758094337
1304580751036424192
1304580883773566979
1304580884755034112
1304580938865704965
1304580950773305344
1304580968255193102
1304581077038755846
1304581096672198656
1304581116616208395
1304581131367591941
1304581283478151168
1304581373055897602
1304581377241817088
1304581399433809921
1304581498759241729
1304581536109531142
1304581590559981568
1304581631508914176
1304581745526878209
1304581975672586240
1304582067636891652
1304582181663145984
1304582298558320640
1304582300542398466
1304582345165541376
1304582569728577537
1304582588808429570
1304582591308333058
1304582764465979392
1304582833957220359
1304582852441509889
1304582955923369985
1304583025779453953
1304583027587244043
1304583049934499841
1304583127688523777
1304583299873079297
1304583339526041601
1304583383113232387
1304583416793501696
1304583543155306496
1304583606812258305
1304583616903753728
1304583681848365058
1304583686759866370
1304583696624877568
1304583738655944704
1304583906180636673
1304583948626993155
1304584101995917317
1304584144647647232
1304584145067220992
1304584239481057288
1304584418850410497
1304584516904812547
1304584557795201027
1304584577072144384
1304584635486212098
1304584706571276288
1304584734232719360
1304584755820847104
1304584759574753285
1304584855230066689
1304584856878354434
1304584908216692743
1304584922347311105
1304585142644756483
1304585156506779648
1304585217429123072
1304585280997949443
1304585356466163714
1304585379081789442
1304585419745636353
1304585492223209475
1304585511005192193
1304585516105564161
1304585540885512199
1304585573286457350
1304585576591560705
1304585586758606851
1304585624633200640
1304585738785357824
1304585846193090560
1304585848827138049
1304585850894905344
1304586012077830144
1304586016225931264
1304586047452573698
1304586088871350273
1304586168525357056
1304586193439522820
1304586287115055116
1304586305721053185
1304586334464618497
1304586390483668995
1304586445173084161
1304586458376925185
1304586468044701696
1304586497740472320
1304586537036902400
1304586605177470980
1304586648991207426
1304586673582465029
1304586912095760385
1304586952532996098
1304587089401573377
1304587101913190402
1304587159475806208
1304587253348524032
1304587271232946177
1304587299011862528
1304587430247399426
1304587490611863553
1304587738646228994
1304587916539244550
1304588137763672064
1304588193782734849
1304588247952224264
1304588288745975810
1304588346551873537
1304588418215825408
1304588436930691072
1304588543214399488
1304588579075772417
1304588672541626370
1304588712010043392
1304588768138219521
1304588850635902977
1304588920148164610
1304589075769425920
1304589082958409731
1304589157553954816
1304589477952790533
1304589667304648704
1304589670869762051
1304589822661668868
1304589834229616643
1304589859080810496
1304589921341054976
1304589971374911488
1304589977515421698
1304589988504444928
1304590049800081411
1304590051297329158
1304590109577293824
1304590160940720129
1304590163641761792
1304590180469403654
1304590199243055110
1304590241890795521
1304590302037135361
1304590437840191488
1304590828762009601
1304590860034736130
1304590951755771904
1304591051408248833
1304591103061045249
1304591123529203712
1304591297668427782
1304591389070700545
1304591467021729792
1304591682562912256
1304591751529857024
1304591794563407877
1304591796505370624
1304591797419737088
1304591896157790208
1304591927883567108
1304591955322691586
1304592002579943424
1304592037765881856
1304592048666873857
1304592264728129536
1304592296382541825
1304592340103958528
1304592483599425538
1304592740580237314
1304592887993249798
1304593066725122048
1304593264033648642
1304593270526353412
1304593291867025408
1304593498503622656
1304593571438309376
1304593602752974848
1304593604061560832
1304593756390334470
1304593809699934208
1304593948284006400
1304593956215443456
1304594156493438977
1304594164785479682
1304594169328029697
1304594217264721921
1304594226362167296
1304594269580263424
1304594336265441281
1304594575017869312
1304594584022835201
1304594697877426176
1304594791951486977
1304594799358607361
1304594854647861249
1304594973636132867
1304595047745286144
1304595119564259329
1304595196005543939
1304595478571606017
1304595479347560448
1304595650722639872
1304595676869865476
1304595898215862277
1304595912207998976
1304595952037232641
1304595953257771010
1304595982894669824
1304596041241702400
1304596136548798464
1304596220879413248
1304596235328909316
1304596268111536131
1304596307001081857
1304596403176574978
1304596525817958401
1304596568738328576
1304596636321099777
1304596720869834755
1304596798724505600
1304596898561642496
1304596982539972609
1304597068498034688
1304597106280275973
1304597250702802944
1304597274987765763
1304597319686463491
1304597396110880772
1304597449923678210
1304597590294573057
1304597776102297600
1304597776802746369
1304597828128440320
1304597866707587072
1304597953244430337
1304598100774854656
1304598236011933697
1304598294920941568
1304598392807579649
1304598494389436416
1304598520775798785
1304598549934600192
1304598666221686785
1304598876926758917
1304598892575707137
1304598963182620672
1304599039007174657
1304599121190219776
1304599126542352385
1304599165830418432
1304599177519923202
1304599200710250496
1304599298672390144
1304599342964256772
1304599344998481921
1304599423968841728
1304599632350269440
1304599653913165825
1304599790630641665
1304600029055905794
1304600102770749441
1304600122668593152
1304600426571091969
1304600724878360577
1304600747720544256
1304600939492511744
1304601260209958914
1304601314245177347
1304601435271819267
1304601698753802244
1304601993986662400
1304602097867018240
1304602357771235328
1304602367338446849
1304602606858362880
1304602634284863488
1304602676425109504
1304602735216558081
1304602821161959424
1304602891915857922
1304602913717841922
1304602994894348292
1304603085331890176
1304603091308818432
1304603134233399296
1304603223861452803
1304603599473905665
1304603625734496258
1304603692310638595
1304603810740961282
1304603867867381760
1304603897705771010
1304603994992541701
1304604090182373379
1304604207643852804
1304604263264514048
1304604403161235462
1304604454688378881
1304604519058243584
1304604694992621568
1304604745022296064
1304604791042117632
1304604821211746305
1304604842153914368
1304605152868007938
1304605196258103296
1304605411102937091
1304605414441594880
1304605474562736128
1304605548919296002
1304605549187735555
1304605603097128960
1304605620218335232
1304605640610983936
1304605966088929280
1304606098998136833
1304606139150217217
1304606155705143296
1304606244473372673
1304606354875842560
1304606670266527744
1304606713228726275
1304606724951887872
1304606909266354178
1304607056280915968
1304607304860434432
1304607425480323072
1304607640203530240
1304607705710166016
1304607806616743936
1304607818226511872
1304607842306060288
1304608138881126400
1304608147697532931
1304608167754698752
1304608180375355398
1304608393076838400
1304608479336902656
1304608501692608512
1304608524123754496
1304608553261563905
1304608737974419456
1304609069475549184
1304609156977111040
1304609328809357319
1304609413093785605
1304609669235773441
1304610959328186368
1304611185908645888
1304611261104230401
1304611275188645888
1304611366364418048
1304611515446841344
1304611610561052678
1304611675233017861
1304612046458286080
1304612257956016130
1304612536755593216
1304612583962554373
1304612617856651265
1304612720881422336
1304612799662886912
1304612859020705792
1304612880940183553
1304612889714733056
1304613185522225153
1304613208301416453
1304613282930716679
1304613301507305472
1304613591509880833
1304613798947454976
1304613809760489473
1304613929352654850
1304614127839653889
1304614132919001090
1304614188522774530
1304614272337670145
1304614292512296963
1304614446774521857
1304614505180262405
1304614505369022465
1304614708528459777
1304614737213370370
1304614787414921216
1304614830922444800
1304614956462215169
1304615047575097347
1304615102054719488
1304615113387896832
1304615125404483585
1304615201954770945
1304615340727513088
1304615666725654535
1304615721759125504
1304615736699228160
1304615793104162818
1304615947018403840
1304615989422813186
1304616166875451393
1304616195245723649
1304616223758602240
1304616298043838464
1304616395687292928
1304616412183490560
1304616662432395267
1304616672905625605
1304616917395795969
1304616952493727744
1304616979198861315
1304617024207945729
1304617234535452673
1304617877648138241
1304617931372933121
1304617956194824192
1304618173073850369
1304618438464278529
1304618677476749314
1304619067437916161
1304619079051948033
1304619613813055488
1304619622466027521
1304619667588341761
1304619683648352256
1304619727038414854
1304619779991404544
1304619796831645696
1304619905950588928
1304620020807458817
1304620027044298757
1304620075266306048
1304620078445584389
1304620189934333953
1304620340128223237
1304620519279529986
1304620663710375936
1304620769234825217
1304620873589108739
1304621268180914177
1304621374166663169
1304621405431107585
1304621431792242688
1304621492823633922
1304621557143216129
1304621661313003520
1304621884642930688
1304621921091362816
1304622131943297024
1304622203401629702
1304622259940843520
1304622402358386688
1304622690158870530
1304622807482064896
1304622811080732677
1304622956421812225
1304623116350562309
1304623253625937925
1304623365769093121
1304623483880648704
1304623558442790912
1304623572850270209
1304623716291272704
1304623818913312768
1304623902216335360
1304623933929525248
1304623938866155527
1304623968746385409
1304624229212712960
1304624384078946304
1304624419336343552
1304624490651975680
1304624615159984128
1304624727160426496
1304625339906363394
1304625367454539778
1304625880048771072
1304626171515219971
1304626303358906368
1304626584134004741
1304626790825111552
1304627351700074497
1304627971823742977
1304628054631866368
1304628061900423169
1304628102212071424
1304628195950551045
1304628308563255296
1304628396140441601
1304628503053299712
1304629205498564608
1304629513863733250
1304629626615017472
1304630171266412544
1304630481514901504
1304630481737191425
1304630597177008128
1304630730933391360
1304630797937381377
1304630818917105664
1304631011012157441
1304631025239293952
1304631180017512449
1304631208119341057
1304631405524197378
1304632194787405825
1304632350479921152
1304632578318585859
1304633242667102208
1304633637539926016
1304633642195525632
1304633920248520705
1304633989253279744
1304634690515668992
1304634822950817792
1304634829154193410
1304635094511091713
1304635317501210629
1304635460908654592
1304635996261187584
1304636062409596930
1304636639684243459
1304636759809159169
1304637029754572800
1304637110733996033
1304637198214533120
1304638147058429952
1304638276989526016
1304638449274716161
1304638906311364608
1304638943611301890
1304639100872527873
1304639175170437120
1304639519870849024
1304639840135385089
1304640775628689408
1304641128831094785
1304641320871497729
1304641555593125888
1304641739811155972
1304641767397101570
1304642353798565888
1304642911401803776
1304642944574599169
1304643039164588032
1304643588140216320
1304643727466536960
1304643736601796609
1304643762203889664
1304644217722081280
1304644222381953024
1304644884997996544
1304644965318918144
1304645000832180224
1304645115269591040
1304645907397447680
1304645954507870211
1304646018630385664
1304646723063746560
1304646733478203392
1304646981105614848
1304647157329342464
1304647269413720065
1304647834055172097
1304648232941821952
1304648240428716034
1304648267893006336
1304648601281400837
1304648607220543490
1304648993662808064
1304649638398615552
1304649956842758145
1304650278428438528
1304650656989548544
1304650687842746368
1304650794076049408
1304651315029643264
1304651834603311110
1304652242092515328
1304652777919049729
1304652803684605953
1304652818691821568
1304652826308677635
1304653056454336513
1304653187132141568
1304653366216228865
1304653406406144000
1304653983957610496
1304654434430058496
1304655302126690304
1304656271853920262
1304656385293127681
1304657381499056128
1304658661772492807
1304659757467348992
1304660315443953664
1304661233803632641
1304661352892465154
1304661485851947009
1304661686821859328
1304662063567065088
1304662456464269312
1304662998431264769
1304663291524984832
1304663782975836161
1304664056511561729
1304665006366248960
1304665441210642435
1304666513262206976
1304666533730361344
1304666700705603590
1304668737241526272
1304669441612021762
1304669799029538816
1304669949806473216
1304671088102825984
1304671452931788801
1304671975047127040
1304672672803180548
1304672745104515073
1304676262225555456
1304678015096500224
1304678034054750210
1304678180872167424
1304678519356698624
1304678523085488128
1304678541083267073
1304679494201073665
1304679651915247617
1304679654712901632
1304679656663195649
1304680055843495936
1304680168649363456
1304680440800911360
1304680450556821504
1304680453308375042
1304680460941959168
1304680465006198784
1304680476469268480
1304680497260490752
1304680501811335170
1304681558406828032
1304684878483644416
1304685339496321024
1304685860718350337
1304686998431637504
1304687822641729536
1304689491937030145
1304689604105302016
1304689803322159104
1304690844491018240
1304691211794612225
1304691273417269255
1304692181953916930
1304692184923467777
1304692201834852352
1304692559869030402
1304693641101938688
1304694682245574656
1304695363748737024
1304695578459353089
1304696563403546625
1304696734061391872
1304698434029584386
1304698990252961792
1304699444257054720
1304699823044648960
1304702291317067782
1304702549841281024
1304702855597748226
1304703024867270657
1304705921512333312
1304706048922660864
1304706317337030657
1304706379593252864
1304707143975800833
1304707189987311616
1304707285768376320
1304707641818714112
1304707875848282112
1304709518853578757
1304710101429874694
1304710574597705730
1304711948974653440
1304712278726643712
1304712290860699649
1304713553581158400
1304714464126791680
1304716931178598403
1304717469723045888
1304717898670366721
1304719395168673793
1304723930322788353
1304724013537730560
1304725437982167040
1304726259679756288
1304726452890464257
1304727368200839168
1304727414430412800
1304728024202596352
1304728087112880128
1304728343728869376
1304728377774010369
1304728972555513856
1304728983343423489
1304730776563585025
1304731379905761281
1304731403364585472
1304731440211472385
1304731889782140928
1304732914928812032
1304734851363475457
1304736515088699392
1304736538098630661
1304736555823771656
1304736782911766528
1304736965628133376
1304737120909754369
1304737409339240451
1304737416729640962
1304737426456211456
1304737921900085248
1304738082483302404
1304738107930050560
1304738384934567936
1304738438432911360
1304738567361527808
1304738595710869505
1304739036691562498
1304739219668074496
1304739601165189121
1304740230990266368
1304740559064641536
1304740852955320320
1304740980038553600
1304741164394962945
1304741337909153792
1304741546441535488
1304742005474549760
1304742062240264193
1304743178097090560
1304744102873964544
1304744107827494913
1304744677560573953
1304744736939413504
1304745723229995011
1304746388220248064
1304746440607043586
1304746590515662848
1304747092070395907
1304747405615734786
1304747851000537089
1304748108379811841
1304748539919163393
1304749191336546304
1304749863377104896
1304749947577872384
1304750346049331200
1304750366999814146
1304750743455498240
1304750862791847937
1304750873499889665
1304750961525755904
1304751089850478593
1304751576813273090
1304751612536250371
1304751613345591299
1304751745650876419
1304751778760663040
1304751842027614208
1304751998231867392
1304752200065974273
1304752381905768448
1304752528488366080
1304752830344032256
1304752867564281856
1304752955619500032
1304753414426046464
1304753434550206465
1304753639353806848
1304753988273876992
1304754010398875648
1304754043089289216
1304754080666054657
1304754203676606464
1304754273461436417
1304754292079951872
1304754420543033344
1304754697916555264
1304754704522653696
1304755403973185538
1304755481848750082
1304755762695208962
1304755778616778752
1304756103507574786
1304756157043671044
1304756277734715397
1304756394256732161
1304756561072488449
1304756629657788422
1304756704324857861
1304756828983701504
1304756904506294273
1304757033334386689
1304757131300700166
1304757551834300417
1304757677692801026
1304757979682615297
1304758031373172736
1304758038306447361
1304758090026422272
1304758111442526210
1304758127452094464
1304758212219097088
1304758411943440384
1304758442029191173
1304758770665500674
1304759161805299715
1304759234379354113
1304759246618271744
1304759400889020419
1304759738748612613
1304759746155741184
1304759829345566721
1304760130962173952
1304760225082245125
1304760305113800705
1304760603920273414
1304760664808976394
1304760844878782464
1304760957235867648
1304760969244147712
1304761032297119744
1304761056380833793
1304761528764243968
1304761558736801793
1304761786848215041
1304761822919131138
1304761997679042562
1304762011864240129
1304762212704288768
1304762355251900419
1304762362969423873
1304762430619226118
1304762472008740866
1304762555651559425
1304762620520681473
1304762697460994048
1304762698304032768
1304762733552902147
1304762801588764673
1304762944824242177
1304763148860260353
1304763537609428993
1304763626222481410
1304763674515644420
1304763774474366976
1304764166687858690
1304764191467884544
1304764202788114432
1304764522096480256
1304764783649009670
1304764828372946945
1304764934501347328
1304764964293554176
1304764967938396162
1304765019981320193
1304765187522793474
1304765357438185472
1304765397720236032
1304765434818854914
1304765558236295174
1304765654340378624
1304765686338777093
1304765794384064514
1304766358643765249
1304766373466431488
1304766451404943360
1304766521290481666
1304766548423462912
1304767380120367104
1304767490891939840
1304767770790375424
1304767783796908032
1304767844291358720
1304767914810187777
1304768006107598849
1304768045118881792
1304768154120400896
1304768168162983937
1304768291878170624
1304768361872723969
1304768365622374400
1304768511764553728
1304768580660199427
1304768627137183745
1304768680400760833
1304768842103746560
1304768945526841344
1304769164587028487
1304769197436739585
1304769214750875649
1304769218122928132
1304769502056460290
1304769542116331520
1304769690804289536
1304769720294440961
1304769826397790210
1304769869007802369
1304770121215422465
1304770240564297728
1304770280464801793
1304770401516617728
1304770487432732673
1304770504113434624
1304770513118650368
1304770547549601795
1304770649509056512
1304770651631349760
1304770727984455680
1304770868044849152
1304771073557303298
1304771073821609986
1304771237852348416
1304771261093076994
1304771265375490048
1304771304441217024
1304771344484233218
1304771403460345856
1304771413308567552
1304771512142983168
1304772127195836416
1304772295102271489
1304772900692557825
1304772971454697472
1304772977859407883
1304772979625205760
1304773024202264576
1304773063528140804
1304773103935987712
1304773116997046272
1304773213067583494
1304773321775554563
1304773463509553153
1304773548188327936
1304773600629620738
1304773775456645121
1304773862954070018
1304773887780163584
1304773942209581057
1304773954477981699
1304774007473008650
1304774044198350849
1304774335425646593
1304774602133049345
1304774700866981891
1304774740893216775
1304774747608223744
1304774798946467840
1304774864792956930
1304774957113769984
1304775027141873665
1304775049916932097
1304775059714781186
1304775065150656516
1304775158683643904
1304775303873671168
1304775497675608064
1304775868087185409
1304775906901340162
1304775952992526337
1304776056310763520
1304776149986357248
1304776220308111360
1304776294312280066
1304776297772580864
1304776530871160839
1304776630175510528
1304776655769133057
1304776663365025794
1304777179625123841
1304777208322498563
1304777300626505730
1304777450564530176
1304777493463945216
1304777524912762880
1304777799128018945
1304777805834719234
1304777869135142914
1304777968355545088
1304778048714215426
1304778048752025600
1304778278121734145
1304778384925483009
1304778439803707393
1304778572192788484
1304778663951585282
1304778794184605699
1304778917442719744
1304778963357773825
1304779248960495617
1304779428950491137
1304779512950009857
1304779606998818818
1304779678125821953
1304779778273222659
1304779859672133633
1304779887270596610
1304779920925655041
1304780013905027079
1304780140883447809
1304780155789942784
1304780185984790528
1304780413383118848
1304780455422681090
1304780490298347521
1304780497529307139
1304780567699914753
1304780656510144513
1304780696335060994
1304780702723051521
1304780760495292416
1304781012233314304
1304781279620104192
1304781311878414336
1304781316358131713
1304781411191263234
1304781750573432832
1304781948456521730
1304782211221262336
1304782381245554688
1304782409385336833
1304782432026198022
1304782543070416900
1304782566923395080
1304782637630857216
1304782759165132800
1304782763707506690
1304782828928987136
1304782863615877121
1304783023339118594
1304783180009017345
1304783181078556675
1304783324624433152
1304783397366231040
1304783451590144000
1304783650836414464
1304783735066419200
1304784137585414144
1304784220628418561
1304784222541017089
1304784245915869186
1304784350597255169
1304784385779150850
1304784389100969984
1304784389570801667
1304785057245167617
1304785208877744128
1304785506891431936
1304785527904841728
1304785601208688642
1304785663129157632
1304785707752452097
1304785972371107842
1304785991945932800
1304785992180805638
1304786046413164544
1304786051492458497
1304786085478883328
1304786108673404928
1304786172728815616
1304786245223157762
1304786301577814030
1304786394104160257
1304786566175428608
1304786657485484037
1304787218804940800
1304787244595793920
1304787285444038660
1304787299532668930
1304787484820279296
1304787504336441346
1304787559155994624
1304787703901298688
1304787733970325504
1304787868846563328
1304787974761185287
1304788066016677888
1304788116784455681
1304788404056608769
1304788735507263491
1304788778775699456
1304788829019176960
1304788846660460547
1304788913282846722
1304788921591754752
1304789031990046720
1304789039808118784
1304789216224829441
1304789246184763392
1304789290988298240
1304789405706735616
1304789409489915904
1304789535310655488
1304789878467710977
1304789887363805185
1304789895131680769
1304789947245887488
1304790129047990277
1304790189533995008
1304790342953304065
1304790445353041922
1304790465460482048
1304790465502470144
1304790467331137537
1304790614316331009
1304790619815116801
1304790619856859138
1304790824618782723
1304790854834552839
1304790862019338240
1304790894684434432
1304791335573086211
1304791346620887040
1304791394012352513
1304791610442616833
1304791648153546754
1304791756702199808
1304791848750329857
1304792067412029441
1304792145258258432
1304792243300118529
1304792294491553793
1304792528026247169
1304792545193603078
1304793065379553280
1304793079354859525
1304793114104737793
1304793153673854976
1304793173261193216
1304793232874901505
1304793658806468611
1304793671728996360
1304793754679873536
1304794037254336518
1304794098080116736
1304794159576907776
1304794196071665665
1304794296122564614
1304794582752862208
1304794596959027200
1304794653011709953
1304794814366584834
1304794855529480192
1304794933363081217
1304794938434093060
1304795192667631617
1304795478299758592
1304795657580945408
1304795665596284928
1304795665810194432
1304795666808475649
1304795709825318914
1304795803337326594
1304795942424637440
1304796022170963968
1304796146506911746
1304796330217308163
1304796356414976001
1304796377323638784
1304796440200437761
1304796597642027008
1304796676943761408
1304796677799391237
1304796759911215104
1304796764793438209
1304796775228878848
1304796846976643073
1304796868321439746
1304796911501635584
1304797432312729608
1304797440718057474
1304797470346686465
1304797494287708163
1304797510884564996
1304797573069373443
1304797608259526659
1304797612890087425
1304797666459648000
1304797680414208010
1304797734814318592
1304797742645080065
1304797858311417856
1304797930021359617
1304798041732526081
1304798089585229825
1304798136007876609
1304798176931508227
1304798420402569217
1304798437129547777
1304798627907465217
1304798879335034880
1304798905725595648
1304798969462247425
1304799138660462599
1304799154330390531
1304799315206926337
1304799569390301185
1304799615506620416
1304799711736598528
1304799746255663104
1304799757811015680
1304799801117233152
1304799836823326720
1304799865654870017
1304800203036295168
1304800212100284416
1304800324625063937
1304800394053324805
1304800447232958464
1304800595325251586
1304800664669872130
1304800704125640705
1304800713575407621
1304800718197579781
1304800734664368128
1304800786707288064
1304800898636537861
1304800986964295681
1304801090593054720
1304801273879953409
1304801304439590913
1304801415110557696
1304801443866644482
1304801613735956482
1304801699874234370
1304801709290553345
1304801729419055105
1304801870888800257
1304801968330866694
1304802154658574336
1304802164368441345
1304802184601665536
1304802194944929792
1304802340600504320
1304802396867043328
1304802433579786240
1304802502420901889
1304802519483322370
1304802599225503745
1304802636424601600
1304802755484282881
1304802801197907968
1304802972388515843
1304803054244560898
1304803059533574164
1304803081352290305
1304803130945744897
1304803457690406912
1304803459498217473
1304803460433412098
1304803464535572481
1304803464862674944
1304803532697145350
1304803833458163713
1304803837971238912
1304803873467568128
1304803962483281923
1304803978685882368
1304804251382710272
1304804266389966848
1304804363655950336
1304804423294693377
1304804453690810368
1304804461756338176
1304804815386574848
1304805137307832320
1304805414681415683
1304805446205800448
1304805687910952962
1304805716176375810
1304805752339652611
1304805802348285954
1304805936918392832
1304806092812288001
1304806570707038209
1304806710067036162
1304806866682286084
1304806927050911744
1304806987847397379
1304807201417158662
1304807538316259328
1304807671414091776
1304807743702917124
1304807764443750402
1304807868894343169
1304808173694574594
1304808195953745920
1304808200596795397
1304808288614256640
1304808294914174977
1304808303457902593
1304808412853800960
1304808424379756545
1304808432713846790
1304808540041891850
1304808849048731650
1304808922155569154
1304809055173701634
1304809059133030401
1304809200032395264
1304809304537673728
1304809352033964033
1304809655173033985
1304809684013064192
1304809709459865600
1304809826841694213
1304809953702670339
1304809958496759808
1304809982031007749
1304810418024701954
1304810511419273216
1304810525054902272
1304810549352558592
1304810555522322434
1304810576741367809
1304810614297161729
1304810615282765824
1304810760367869953
1304810809416126464
1304811073577586688
1304811086252781568
1304811090702938113
1304811270269472768
1304811459877060608
1304811468756582400
1304811516374454273
1304811696456970240
1304811945581834241
1304812076058247170
1304812076322484225
1304812102255874053
1304812380250136577
1304812558436753409
1304812585448017921
1304812776460660737
1304812796203487233
1304812926130364416
1304812928340721671
1304812981910466560
1304813087854395392
1304813134457208833
1304813174038953985
1304813241663664128
1304813269358505985
1304813400409755648
1304813716236636160
1304813774399057920
1304813781550272516
1304813890392461312
1304813913985425413
1304813999230509057
1304814223156015105
1304814335525629953
1304814365233864705
1304814458930372616
1304814598273544193
1304814620591390720
1304814714715860992
1304814789282148354
1304814869519257604
1304815082061336577
1304815460429565952
1304815527370600453
1304815527798484992
1304815534798778369
1304815563278028803
1304815657201143808
1304815709583794178
1304815923677757441
1304815924495540226
1304816045870333953
1304816051612344321
1304816088698454016
1304816094914412546
1304816118763323392
1304816274497769472
1304816475312619520
1304816507780820994
1304816577611812865
1304816630380232704
1304816805836238849
1304816821275693056
1304816821892194304
1304816884219551744
1304816905207918594
1304816936996540416
1304817040641986561
1304817043166953472
1304817066118131712
1304817085411987461
1304817286923137025
1304817365054623744
1304817471980003328
1304817482377629700
1304817792177319937
1304818070058397698
1304818181232562176
1304818371825934343
1304818583516708864
1304818743646789634
1304818869664731144
1304818931073454080
1304819124674146306
1304819125236178946
1304819209428402177
1304819288130359296
1304819404018978822
1304819423837118464
1304819512907386884
1304819518091427841
1304819541592113153
1304819561498247170
1304819610722734087
1304819691718836224
1304819734110769153
1304819812284002304
1304819917737414656
1304819921432518657
1304819927858196484
1304820138269696005
1304820139272155136
1304820245799096320
1304820274311892992
1304820356360929283
1304820558748676097
1304820559369441280
1304820705914220545
1304820794762158082
1304820982570455040
1304821051495460866
1304821169552609280
1304821192336044032
1304821231749943297
1304821438302638081
1304821494556569603
1304821537065840640
1304821570712543236
1304821756151160832
1304821784315863042
1304821891203465218
1304821933209513986
1304821982509367302
1304821985059405824
1304822078915457024
1304822109508640768
1304822246964420609
1304822501252509697
1304822701324996610
1304822754898841600
1304822780169457664
1304822786590937089
1304822839590162432
1304822860280737792
1304822917780439041
1304823004870987778
1304823157283606531
1304823243250036736
1304823250019647495
1304823340289449990
1304823456018714628
1304823475320893449
1304823491175354372
1304823728191221762
1304823844352528384
1304823935616331782
1304823972022939650
1304823991790575620
1304824002796556288
1304824086468722690
1304824149748129797
1304824159663525890
1304824305486909440
1304824316626956294
1304824653958045696
1304825065306021889
1304825243069018113
1304825422555893768
1304825661786333185
1304825738747670529
1304825944889266176
1304825950891245568
1304826007434731520
1304826065093824512
1304826112359444480
1304826621921316864
1304826662253670402
1304826676132675594
1304826730029502464
1304826781212520449
1304826846853443584
1304827000281063424
1304827114143862787
1304827247669522436
1304827262152454144
1304827306104492034
1304827373750235136
1304827384361820161
1304827614398418944
1304827801061806080
1304827989646077953
1304828076803665922
1304828079433539584
1304828434208747520
1304828529570439170
1304828559169650689
1304828561661009920
1304828658603962370
1304828792997900289
1304828854939381760
1304828944395448321
1304829044408676354
1304829129825501184
1304829184167030785
1304829507979927558
1304829675928195080
1304829752159731720
1304829782039965698
1304830127637958657
1304830315983233025
1304830400485822467
1304830441212575747
1304830452176478208
1304830748734771207
1304830752811626496
1304830782855405568
1304830797342441473
1304830901478739974
1304831063873785856
1304831226860244992
1304831373321154561
1304831404090458113
1304831433526177793
1304831852625227776
1304831857872310278
1304832368142888961
1304832446005940231
1304832551635292160
1304832765481844738
1304832812793630722
1304833090498555905
1304833280739618816
1304833313564176385
1304833365489717250
1304833394304573441
1304833466295558145
1304833508037324800
1304833681132064771
1304833815471370240
1304833881934376960
1304833931896934408
1304834092970708992
1304834121110368258
1304834231827345408
1304834252132016129
1304834367978696712
1304834528448589824
1304834561638125568
1304834618487705600
1304834633130016776
1304834659893772290
1304834772305313792
1304834834225917952
1304834844153839616
1304835391908872192
1304835392244527105
1304835435995291649
1304835640979329025
1304835960908247040
1304835968885813248
1304836271550930945
1304836450291253254
1304837020875972609
1304837124135563264
1304837188224458753
1304837189214310404
1304837210647166977
1304837266330791936
1304837275109462017
1304837700932034560
1304837746096320514
1304837931446624256
1304837947292815361
1304838015446069248
1304838036551761920
1304838244610330626
1304838417918894080
1304838510105391110
1304838536244482049
1304838569530404866
1304838686450888712
1304839453219774464
1304839468843708416
1304839632303960066
1304839638457221120
1304839680685273088
1304839849166417920
1304839900651556864
1304839930758287360
1304840046084853760
1304840057795338241
1304840136186830848
1304840163546353664
1304840227408805888
1304840232156762113
1304840526684925952
1304840595203072001
1304840927182286850
1304840966520664064
1304841265117356032
1304841271580790785
1304841415848071168
1304841450216185856
1304841922553544704
1304842225956904960
1304842281904734208
1304842292700774400
1304842315106865155
1304842360921128960
1304842608229974018
1304842699573530624
1304842709824348160
1304842944193716232
1304843031133159427
1304843043179302914
1304843112477532161
1304843589088731137
1304843993730215937
1304844364334739456
1304844484471996416
1304844491661037568
1304844682611118081
1304844705298079744
1304844748050530307
1304844782007709698
1304844927323471874
1304845095536074754
1304845162020036609
1304845625209622530
1304845839521787904
1304845891371663363
1304845984514613257
1304846106824708096
1304846344184639489
1304846535532912640
1304846576947466241
1304847069899821063
1304847243921575936
1304847597400731651
1304847747112226818
1304847777529294848
1304847814409809920
1304848171311431684
1304848194069725184
1304848205927133192
1304848398508593153
1304848474446454784
1304848613026258945
1304848811605594114
1304849025544400897
1304849094448422913
1304849139780530177
1304849276737073152
1304849302578233344
1304849493750362114
1304849759291629568
1304849777616662528
1304849791063674880
1304849799410266112
1304850000632066049
1304850121029488642
1304850184304832512
1304850238730129409
1304850464580808705
1304850667442507778
1304850700220981249
1304850913182584832
1304850935903137793
1304850951019343872
1304851090807181312
1304851311830142976
1304851372316254214
1304851859425943553
1304852284560596992
1304852820353527808
1304853355483877384
1304853494592163840
1304853551362043904
1304853908603404289
1304853921194749958
1304854483457970176
1304854723770675201
1304855174322810880
1304855566750306304
1304855668046864388
1304856063909548035
1304856151511781378
1304856530693611527
1304856671425093633
1304856723069509636
1304856775485796359
1304856975793156097
1304857277904687104
1304857306371420166
1304857309756100608
1304857425216929804
1304857436998729746
1304857489960206341
1304857580125261824
1304857640422567937
1304858060213678081
1304858117218459648
1304858400916934659
1304858447662415872
1304858774423982080
1304858819781185537
1304859220806905858
1304859502005624832
1304859707878899718
1304859985768312833
1304860090273464320
1304860092030877697
1304860150365380608
1304860190160846850
1304860236910600192
1304860259455037441
1304860393907552257
1304860792802676736
1304860868727971841
1304860882112045057
1304861125922742273
1304861286895726593
1304861587216281601
1304861764249583622
1304861834860736513
1304861971674791942
1304861979660689419
1304862034799087619
1304862079409696768
1304862155401986049
1304862180706320391
1304862595824877568
1304862635968602123
1304862653488279553
1304862761202208771
1304862918610243585
1304863056871260160
1304863093969780736
1304863109241331717
1304863355732197376
1304863670900600833
1304863671651389441
1304863925234741248
1304864034852872193
1304864328244490241
1304864442019086336
1304864517785092099
1304864666754125824
1304864859922731010
1304864977120100360
1304865066563633153
1304865099501441031
1304865105092530178
1304865119642374149
1304865123010396160
1304865319425638402
1304865886415859713
1304865919689207819
1304865984646451201
1304866151781068804
1304866250187837446
1304866348477157377
1304866396178984960
1304866723972161538
1304866884223934465
1304866966587543552
1304867073294848001
1304867385661366274
1304867569548111873
1304867595410198528
1304867652964417539
1304867691585581058
1304867716331974659
1304867827380350979
1304867887471980544
1304868098416218112
1304868351576027137
1304868721706450944
1304868819127721984
1304868914271326211
1304869037554401283
1304869097667284992
1304869173013753856
1304869204982673410
1304869262381649920
1304869487066390529
1304869650061295616
1304869788850827264
1304870162299006976
1304870335225921536
1304870468634267649
1304870843193884677
1304870957555822592
1304870987473858560
1304871037935521792
1304871180751560704
1304871235973767169
1304871280206897152
1304871285667885056
1304871287773306880
1304871296023568386
1304871385156780033
1304871518984380417
1304871610332196864
1304871795842068480
1304871829581029378
1304872118786686977
1304872188760256516
1304872651396186113
1304873134273826822
1304873504433745921
1304873685300514819
1304873788018954241
1304874041107513344
1304874125559820288
1304874490921447430
1304874709406937089
1304874719804624896
1304874738410491904
1304874801455132674
1304874939049299971
1304875061938135048
1304875192611733505
1304875203051298816
1304875280876666883
1304875538843082755
1304875574331084800
1304875799938576384
1304876413426819074
1304876640380448768
1304876650849501186
1304876655672991746
1304877217604870150
1304877393417506817
1304877517812137984
1304877705503166464
1304877888567750658
1304877976090222594
1304878010466795523
1304878062836867077
1304878700014571521
1304878726967164931
1304878742561529857
1304878798631038978
1304879269747843072
1304879414744936449
1304879430947528704
1304879648665460736
1304879803494027268
1304879987942731776
1304880197762781184
1304880215177523201
1304880222173564934
1304880280470196226
1304880313668177920
1304880475291475971
1304880694716497920
1304880785531559937
1304880792179535878
1304880819585024003
1304880996723105792
1304881048585670663
1304881071595630593
1304881097310900230
1304881354329468930
1304881438030954496
1304881582784868354
1304881656139001857
1304881739773259777
1304881740176150529
1304881989426782208
1304882010016677888
1304882021907542017
1304882352041144320
1304882671802355713
1304882703234457601
1304882790396309504
1304882960240381952
1304882978133168129
1304882989155913729
1304883024887152640
1304883042222256128
1304883068218601479
1304883201031188480
1304883311291125766
1304883476651540482
1304883506720448513
1304883575167373313
1304883698056212480
1304883959659212806
1304884081897943047
1304884131495636994
1304884466020741122
1304884488598626311
1304884489517256709
1304884594395820034
1304884692739600387
1304884881508491264
1304884905801809920
1304884956863266823
1304885018859376640
1304885025620594688
1304885091609571329
1304885297071693824
1304885888913149953
1304885937449697286
1304885956277874690
1304885956424749056
1304886175665131521
1304886188881346563
1304886273220456455
1304886323933851648
1304886443446333441
1304886501856116736
1304886652842766342
1304886718961799172
1304886974768181250
1304886975359594499
1304887054136991745
1304887550365048836
1304887663300878338
1304888003429621761
1304888022446596104
1304888290039017473
1304888493357903872
1304888659854925830
1304888682554560512
1304888906857447426
1304889055029624839
1304889161971769344
1304889243223941120
1304889370856558594
1304889377336815616
1304889458374967296
1304889740941037568
1304889773031448576
1304889792350519298
1304889812198076422
1304890163353587712
1304890223948705792
1304890283759460359
1304890518242029568
1304890546687815682
1304890677755510788
1304890814779228167
1304890900930330627
1304890925685125121
1304890936783179780
1304891169919234048
1304891302975242240
1304891371074072579
1304891385556930560
1304891415873441800
1304891519074209792
1304891640490975232
1304891683738398720
1304891732736331778
1304891738692227073
1304891817217994753
1304891930296418310
1304892137000009729
1304892257292689409
1304892328579133440
1304892351526166529
1304892512117682176
1304892546221568002
1304892857606647811
1304892861196967943
1304893017850105857
1304893121013125121
1304893130236465153
1304893199807393799
1304893362227613703
1304893370519695362
1304893490871119872
1304893523586691072
1304893590267723785
1304893745360506881
1304893812473581569
1304893849609940997
1304893948968808450
1304895117397045248
1304895140885139457
1304895430929645569
1304895520788414464
1304895546155511809
1304895769657446402
1304896002965540864
1304896045852364803
1304896393711177729
1304896758611402753
1304897015613206528
1304897103785791488
1304897368664481797
1304897557232062466
1304897572901969920
1304897583605846019
1304897675939241985
1304897676639694852
1304897814690922496
1304897984291897344
1304898067087454225
1304898163258658818
1304898344108675074
1304898431434002435
1304898475721732096
1304898906732613635
1304899302410588160
1304899319921860610
1304899460917592064
1304899577099804673
1304899725498277888
1304899946420805633
1304900112766980102
1304900141229518860
1304900208162148352
1304900264512675840
1304900384880758784
1304900667304300549
1304900881092161537
1304901028354105345
1304901117818568704
1304901661001949184
1304901730879053824
1304901986186334210
1304902434138083329
1304902529654894592
1304902597350961152
1304902607585058816
1304902608985808896
1304902610084749312
1304902656733908992
1304902757455925251
1304903014357098496
1304903037601931264
1304903079578546190
1304903139464806403
1304903243655450627
1304903257375084544
1304903299175456769
1304903767721205763
1304903813783056385
1304903841532567552
1304903868262895616
1304903905474744320
1304903940379738113
1304904009568989190
1304904120801923072
1304904134697639936
1304904325198680065
1304904406769565696
1304904581823033345
1304904751004487681
1304904859934765057
1304904879811502086
1304904915660275712
1304904944890318848
1304904967996821504
1304905121005015040
1304905169600212994
1304905170791395339
1304905313800327169
1304905577261342720
1304905672920829954
1304905737928409088
1304906000391196685
1304906046864003078
1304906070226333706
1304906261490741248
1304906321154707456
1304906584091496453
1304906608938545153
1304906663225368582
1304906831421153283
1304906877126443009
1304907307822862336
1304907356212539394
1304907402500648960
1304907466153635840
1304907750984617988
1304907844890886146
1304907975971270657
1304908094133108737
1304908250224132096
1304908300593618944
1304908426930270208
1304908622846210048
1304908792958771200
1304908801204772867
1304909282626985989
1304909335949123584
1304909402382589956
1304909483827748865
1304909519370293250
1304909550970167299
1304909578010849286
1304909601440182272
1304909647351029765
1304909674010103818
1304909713834995712
1304909761968832521
1304909796756221952
1304909820894605315
1304909862481137665
1304909922589605889
1304910004323926017
1304910056471900160
1304910157294514176
1304910173241307138
1304910410655641600
1304910438363168768
1304910590570369026
1304910623323676674
1304910688570281991
1304910839464550401
1304910862516391936
1304910931420499981
1304910998374100995
1304911037821485056
1304911056314269696
1304911190653571072
1304911197121196034
1304911298942169093
1304911417347276800
1304911444706758657
1304911454706036736
1304911672004481024
1304911687900975104
1304911704384471046
1304911805295333379
1304911807300198403
1304911895594442759
1304912081590849538
1304912194883198977
1304912197601157120
1304912202139402240
1304912202504245248
1304912325682569217
1304912343248371712
1304912373237645313
1304912492527747080
1304912702402420736
1304912808409210888
1304912829204623371
1304912830458736642
1304912856345964555
1304913032540303361
1304913143169257473
1304913153759891457
1304913205077200903
1304913222080892931
1304913345376645125
1304913439593299968
1304913444890697728
1304913465140801537
1304913472141000711
1304913528835526658
1304913538306191361
1304913618455195648
1304913831697809409
1304913849083142144
1304913901562277889
1304913942842662919
1304913990070546435
1304914042419654657
1304914049700966401
1304914054906089474
1304914169905524736
1304914203304775681
1304914226755100679
1304914576966737921
1304914678397767681
1304914678863331329
1304914837038866432
1304914850662043648
1304914881750196225
1304915075627495424
1304915146545000449
1304915198575247362
1304915202194976768
1304915275477852161
1304915600712531969
1304915850684706828
1304915891637940235
1304915919198711808
1304915949854904321
1304915961351491585
1304915980460658690
1304916019413233664
1304916028108034050
1304916258387832834
1304916439686668289
1304916587074342912
1304916589200904192
1304916697191714816
1304916710420623366
1304916782495531014
1304917036687134721
1304917055750234112
1304917064776388608
1304917105893089281
1304917108325781506
1304917182208512000
1304917293214949376
1304917424580460544
1304917530398666753
1304917707788173317
1304917708211806209
1304917760103849985
1304917809168879617
1304917872334995456
1304917884355973132
1304917922398306304
1304917938416373760
1304917939926323203
1304918174933098496
1304918218675429377
1304918383205535746
1304918395737997321
1304918397356998659
1304918436502540290
1304918506174062595
1304918564781072386
1304918597777715200
1304918610125651970
1304918621114728448
1304918627473391616
1304918654451101696
1304918797363613698
1304918833455652866
1304918837637283841
1304918956415881219
1304918980360953856
1304918999566823425
1304919029807808513
1304919091652722688
1304919101572296704
1304919186997743616
1304919237786566658
1304919277083004932
1304919277124935681
1304919296095723522
1304919308217315328
1304919399464349696
1304919413683097600
1304919425905287172
1304919465910566912
1304919475481907201
1304919589625761792
1304919755971796994
1304919771197190144
1304919863027261440
1304919942215720961
1304920019269300226
1304920139624783875
1304920208507887616
1304920223653429248
1304920260697632768
1304920305194995715
1304920353618243586
1304920386862227462
1304920387566874624
1304920439697924096
1304920541254627330
1304920582794997762
1304920744447574017
1304920769630294017
1304920956742381570
1304921025407332355
1304921326369624064
1304921398637465600
1304921433198546944
1304921493432827905
1304921496104599558
1304921524781056000
1304921729773506561
1304921794156077057
1304922064952930306
1304922128186212352
1304922239742226432
1304922258255876097
1304922431182770183
1304922576813162496
1304922623684509698
1304922649819316225
1304922752004968448
1304922988249317376
1304923058591989760
1304923145028227073
1304923233620197382
1304923332018610176
1304923354521120769
1304923579855896577
1304923604363157504
1304923608943394822
1304923750647902210
1304923763994251265
1304923918696943618
1304923998439067648
1304924020660469760
1304924069494771714
1304924249434587136
1304924418519584769
1304924502334242816
1304924529941127168
1304924557246181378
1304924679531094016
1304924851396907017
1304924876663336961
1304924896410075143
1304925084642144262
1304925257019523072
1304925262086393861
1304925266779746304
1304925359700414467
1304925475459026944
1304925591255347202
1304925636797104135
1304925700558913537
1304925818695618566
1304925927785279488
1304926120920444929
1304926133989900289
1304926325971525638
1304926752897150978
1304926771217920000
1304926939455647745
1304926988646391808
1304927010968526849
1304927187888484352
1304927272047185920
1304927415718809607
1304927508593283074
1304927550867673088
1304927575630901253
1304927579745509382
1304927670799667201
1304927681914589184
1304927689510445056
1304927870867910656
1304927903176679426
1304927919249256448
1304928038656905217
1304928074652364800
1304928159389945857
1304928391552999424
1304928495261409280
1304928509614227458
1304928588492402688
1304928676392337408
1304928901286842368
1304929047219245056
1304929066206801921
1304929158447935488
1304929210767740928
1304929345987846145
1304929371531227136
1304929525852237831
1304929567757475841
1304929923430219776
1304929965658472449
1304930065961160704
1304930243719974912
1304930261830963202
1304930364364918784
1304930496187633667
1304930677993791488
1304930819841183745
1304930824169627648
1304930928800739328
1304930962690768896
1304930997981589505
1304931186691715073
1304931315872133121
1304931376253280262
1304931414408867840
1304931454238052352
1304931544210067456
1304931657930158081
1304931661231128579
1304931819591266304
1304931837316411394
1304931948746493952
1304932136324149248
1304932238614827009
1304932260752261120
1304932352683016192
1304932375433019393
1304932430491586568
1304932437521248256
1304932637098815488
1304932685555605504
1304932719361744896
1304932805038796800
