1358203822749880320
1358203823530123271
1358203827657330693
1358203827837575169
1358203866811162633
1358203930929467392
1358204067638616066
1358204100450676736
1358204122072285187
1358204201642430466
1358204229916241921
1358204326464925696
1358204343271440386
1358204360069697537
1358205015270301698
1358205053295882243
1358205056747794432
1358205326131134468
1358205328731627521
1358205381437227012
1358205906165653504
1358205973731631106
1358206058494312448
1358206150072754176
1358206164593381376
1358206179671949319
1358206277168562180
1358206328272015363
1358206389433335808
1358206401856823303
1358206450628231175
1358206539560087554
1358206728211484675
1358206805575405568
1358207055937613832
1358207153102798849
1358207499036471299
1358207597585833984
1358208469548023809
1358208720119988228
1358208862827012098
1358209122001248257
1358209195896676354
1358209244244430849
1358209919988752385
1358210011969839119
1358210216857399299
1358210445312733190
1358210639618007042
1358210665085820929
1358210826012921856
1358210933424848897
1358210987938246657
1358211242440146951
1358211282277662720
1358211343283851265
1358211372694204416
1358211374019534848
1358211381296791552
1358211509671907330
1358211590785560579
1358211691394179073
1358211816170680320
1358211896973885440
1358212151194890246
1358212503419957251
1358212630989668355
1358212704746536962
1358213100697247745
1358213113452109829
1358213464901226496
1358213729108779018
1358213779167789056
1358214439900700673
1358214539305746435
1358214545039380481
1358214791790292992
1358215000880472064
1358215147441934336
1358215374643339267
1358215588427018243
1358215653128347650
1358215742655778817
1358215751015010306
1358215983895298053
1358216261411491841
1358216302100443140
1358216831698370563
1358216947486367744
1358216966255874054
1358216979409227783
1358216998560358400
1358217032727027712
1358217253842546691
1358217330552102920
1358217444242972673
1358217672249458689
1358217759251906562
1358217815468212224
1358217882577027072
1358218148068143107
1358218228972060675
1358218563560091651
1358218810755592193
1358218860512608256
1358218922336559104
1358218925297737730
1358218926610653186
1358218953903009793
1358218993480433665
1358219067967102978
1358219183985598465
1358219185537437696
1358219331700686852
1358219484209758209
1358219598852669441
1358219816025399299
1358220355073105920
1358220673085284352
1358220731860062209
1358220843390754816
1358221141660356609
1358221276750446597
1358221463241826305
1358221537304842240
1358221558263726082
1358221856143204353
1358222380003446785
1358222592465903629
1358222680093253637
1358222697143107584
1358222697319178241
1358222854530170882
1358223221204647939
1358223313760366594
1358223653419294721
1358223669407997955
1358223752316805120
1358223968235364352
1358224020748046336
1358224036799655942
1358224243654328321
1358224282233540610
1358224610739826688
1358224891720462337
1358224907587485701
1358225247003107329
1358225645944377350
1358225713309093889
1358225818158329857
1358225968641437698
1358226261341069312
1358226361681391617
1358226472092143617
1358226472129810432
1358226587423043590
1358227149010857984
1358227305093615618
1358227317118685185
1358227362576543744
1358227570362351617
1358227893978021890
1358227969236492288
1358228094360973312
1358228944688939009
1358228977077346304
1358228988703830017
1358229025886531585
1358229214005260288
1358229482713329671
1358229539994935305
1358229914923769856
1358230225159602177
1358230246948966401
1358230904745959424
1358230940762468354
1358230951638294528
1358231454958952451
1358231514027286534
1358231668868415488
1358231700011180032
1358231729681670150
1358231756948856835
1358231839769583616
1358231925496905730
1358231950889259009
1358232106598555648
1358232702688899076
1358232729637302272
1358232749832830977
1358232763414044679
1358233190402576387
1358233267384832007
1358233295679610880
1358233343788212231
1358233500059652097
1358233790536122375
1358233867107397639
1358234025287061504
1358234026675326976
1358234251985051654
1358234362676994056
1358234373846429698
1358234525411782657
1358234761043578882
1358234828630614020
1358234979621363714
1358235556099014656
1358235603939315713
1358235721056858114
1358235782507606016
1358235783384104961
1358235804783554560
1358236286704783364
1358236547900973060
1358236557120012297
1358237111804116994
1358237211871883264
1358237239956934658
1358237261905727492
1358237358731243521
1358237480865189890
1358238066436018177
1358238348092076032
1358238901958303744
1358238988281270272
1358239077380849665
1358239137355227142
1358239795697373184
1358239884826325001
1358240011062280192
1358240065437241346
1358240313265979392
1358240324926246918
1358240828263694336
1358241471921610753
1358241506306498563
1358241571393712128
1358241571548913668
1358241571930468353
1358241580260417536
1358241700485996544
1358241743645376513
1358242212228784128
1358242214384701444
1358242741650677762
1358242742632140800
1358242835741442048
1358243091577266181
1358243092265127938
1358243254655995907
1358243333273833472
1358244096129777666
1358244501362520066
1358244778647949313
1358244840157413377
1358244856552968193
1358244877629333504
1358244936798396417
1358245016142032896
1358245020231495682
1358245160774234112
1358245179820490753
1358245192759975937
1358245678045085698
1358245870794399745
1358245916977815553
1358245917724454913
1358245959130578944
1358246604872929280
1358246735420743680
1358247129815396352
1358247559450492933
1358247600818966531
1358247762668773377
1358247875055075328
1358248232447578117
1358248329919008770
1358248627693625349
1358248628377239553
1358248678851563522
1358249112651587584
1358249121220616192
1358249121308692482
1358249121811996676
1358249126123737088
1358249162270195712
1358249186144174080
1358249200723648512
1358249290578202627
1358249475664465926
1358249479980384258
1358249513345982465
1358249876832677891
1358250101681094660
1358250266139664388
1358250390991568896
1358250548101840897
1358250652951011337
1358250803941830657
1358250900159156224
1358251337817931779
1358251503677546496
1358251513836109827
1358251644560019456
1358251917282070529
1358251937465053185
1358252220001751046
1358252248984346625
1358252360179580929
1358252371931979779
1358252414340657155
1358252502068699138
1358252575301189632
1358252676874706951
1358252905812402177
1358253053481213953
1358253149350465536
1358253219688890370
1358253386865467393
1358253407212101634
1358253697604726784
1358253804035129347
1358254154464940033
1358254240477626370
1358254626072592384
1358254893060997123
1358255026305654788
1358256440859893762
1358256544694075395
1358256571441152000
1358256671739551747
1358256672343527425
1358257671535812614
1358257677969870848
1358257757271584773
1358257929414053888
1358258346583818242
1358258483548798978
1358259187755679745
1358259415833583617
1358260453982502912
1358261005168627713
1358261344517120004
1358261381464805376
1358261963315421184
1358262043594416131
1358262273601654786
1358262341729726466
1358262392501714946
1358262458482327552
1358262541739253761
1358262702741807104
1358263103897665536
1358263230548701185
1358263232516026369
1358263283942379521
1358263339231682562
1358263695084838912
1358264217837666304
1358264441859637249
1358264514345598977
1358265145097662466
1358265323468840961
1358265356415078401
1358265459703971841
1358265567673802752
1358265696271097857
1358266052187222019
1358266426906279936
1358266715054997504
1358267178227802112
1358267240798371840
1358267315863887874
1358267401167634432
1358267450278768640
1358267553316036610
1358267609565696000
1358267911945781249
1358268008414797825
1358268179814973443
1358268566320123905
1358268656858390532
1358268734029271043
1358269194861707267
1358269342794862598
1358269913970933762
1358270025178771458
1358270234914934785
1358270260563095555
1358270356482629633
1358270960957276162
1358271640258412544
1358271770642554881
1358271987538354176
1358273650412015622
1358274067795763201
1358274668692701184
1358275197565042688
1358275521872814080
1358275556496846853
1358275702517284864
1358276136736800770
1358276300285313029
1358276336297590784
1358276587138015234
1358276625813635075
1358276626195353602
1358276637691949056
1358276697108475904
1358276740787879936
1358276817128407040
1358277114047258625
1358277180615180288
1358277535222661122
1358277771949178880
1358278460414849024
1358278472766996483
1358279322377854982
1358279333912211456
1358279353180835840
1358279452615139328
1358279565102170115
1358279572110807043
1358281476110974977
1358281633032523776
1358282201889009664
1358282478566440963
1358283940805677056
1358283946295975936
1358285074702204929
1358286075689639937
1358286288814821377
1358286391621353475
1358286870866665473
1358287921921609729
1358288379742474240
1358288416849481728
1358288690963963904
1358289806925697024
1358290642347122689
1358290656473530368
1358290911277559814
1358291953289490432
1358292621425270784
1358292920114290690
1358293336554110980
1358293975732518912
1358294736243679234
1358295444468756482
1358295864469581826
1358298201384697861
1358298289121165312
1358299905824067585
1358301057936457728
1358301969442603014
1358302423719305219
1358303237774843904
1358303240018825216
1358303454586937345
1358304038165561345
1358305199165702146
1358306247695421441
1358307757607256064
1358312065501396992
1358312591886594048
1358312919801475079
1358313303882219520
1358314797079662597
1358316436054245381
1358317078323867650
1358318336820527105
1358318870436728838
1358320853545607176
1358322307710791688
1358322514406092800
1358324785168732160
1358324931252084738
1358324933605150721
1358325920789123073
1358326027777433604
1358327287565926401
1358329440447721479
1358330472665866240
1358330722361233408
1358330760017698824
1358330764312592384
1358330808944197636
1358331321324613635
1358332161640837121
1358332168443944960
1358332169328881674
1358332731734769674
1358333285374562305
1358333295562543105
1358333297689001986
1358333299664576513
1358333306979426305
1358334530164252672
1358334571893391360
1358334867289833474
1358335360523259905
1358335362360348672
1358335543545909248
1358335595714650112
1358335950389186561
1358337092116504584
1358337752014729216
1358337787171332096
1358339588012597257
1358339629456457729
1358339658996973569
1358339723354247168
1358339723991928837
1358340089764577281
1358341320922845188
1358341737274634240
1358343950139088897
1358343993139089408
1358344097493352448
1358344141453860865
1358344884147601409
1358345525972541442
1358346396781453325
1358347198820409344
1358347270186389505
1358347275832066049
1358348404309577729
1358351051733237761
1358353242804092928
1358353336605499393
1358354200384598016
1358354820202000386
1358354821116477446
1358354823083556866
1358355132359000066
1358356300401360899
1358357334569881602
1358357453109424129
1358357797369487360
1358358601501454336
1358358604802367493
1358359586303008768
1358359961298960389
1358360018698072069
1358360304472752128
1358362220527255555
1358362368707874818
1358362508680167424
1358363361617076227
1358365913616166919
1358366053764657155
1358366553700499459
1358367516863717376
1358369157285306370
1358369805435342848
1358369919721734151
1358369923903406081
1358370169232347136
1358370169307844609
1358370261700083713
1358371187034906627
1358371491662995463
1358371679144054785
1358372200953360392
1358372468004696065
1358372919638958081
1358373785750155265
1358375480844562433
1358376057552969728
1358376317444628480
1358376348503449600
1358376583883608076
1358377466973343751
1358377487353450496
1358377664759951360
1358377890677719040
1358377914912407552
1358379109492158464
1358379193055252488
1358379259413233665
1358379282347753472
1358379496886337538
1358379983563984896
1358380013389766659
1358380013637230593
1358380462935318542
1358381099773276160
1358381101589401602
1358381247949639680
1358381275543973893
1358382046838738947
1358382382664065024
1358382508543512577
1358382689808748545
1358382891420569602
1358383166621425665
1358383183948095492
1358383190981943298
1358383606398345220
1358383634667962369
1358384394826903559
1358384660980649986
1358384754987585544
1358384973502427138
1358385017865469952
1358385018544869376
1358385020214407169
1358385020763856903
1358385216650424320
1358385341456080896
1358385919640928260
1358386079129366535
1358386088662958080
1358386227301466117
1358386468671086593
1358386808724283401
1358386953499066370
1358387476050640897
1358387545235685378
1358387622817763334
1358388148200484870
1358388306355101701
1358388581480472577
1358388791988387848
1358388826020995072
1358388880060334080
1358388941624344576
1358388983621947393
1358389585944973312
1358390233486745608
1358390270157598720
1358390292181827584
1358390299454799873
1358390502773694466
1358390901073182725
1358390989057105920
1358391342053941252
1358391613794488324
1358392030108467201
1358392158005452800
1358392191933177858
1358392196676919296
1358392396069949440
1358392434909184001
1358392442500841474
1358392548960665601
1358392569080672256
1358392665054806017
1358392717634641925
1358392731492626432
1358392848224292869
1358393012200615943
1358393326693720067
1358393377050554368
1358393455907602435
1358393656135286806
1358393824859586560
1358394099653632003
1358394252515028992
1358394506840842246
1358394650302767105
1358395079296172032
1358395092596367368
1358395228680556548
1358396137036804098
1358396330993987587
1358396341689307137
1358396352607223808
1358396358756032512
1358396443741065224
1358396500418711552
1358396552050577408
1358396593381154818
1358396611878129669
1358396626474323976
1358396683751739394
1358396989751320576
1358397125109907457
1358398157747544066
1358398245651816449
1358398308255956992
1358398347053326337
1358398468725866498
1358398727241801732
1358398822486073346
1358398864772980741
1358398870699585536
1358399023439351808
1358399212896079875
1358400079296618503
1358400116160364546
1358400117108219905
1358400121835147265
1358400361388769287
1358400383685701635
1358400871567130625
1358400871625818113
1358400871671816192
1358401318818373633
1358401332806352897
1358401401441972229
1358401497344729088
1358401501350268929
1358401591066394624
1358401598402224128
1358401675309027329
1358401708154638336
1358402109536878593
1358402129447186432
1358402159486844928
1358402287224389633
1358402629248946180
1358402629840338950
1358402726896500740
1358402833108905984
1358402845633085444
1358402884619169793
1358402888549212161
1358402967163002881
1358403205449850884
1358403450124595200
1358403531510861824
1358403548942372866
1358403654219419651
1358403891163971584
1358403891197599748
1358403892233568259
1358404121741656064
1358404354697555970
1358404501271633926
1358404934580994055
1358404966201835520
1358404976545038336
1358405154643525632
1358405157134999553
1358405161832636417
1358405221672747013
1358405550074167296
1358405794862088193
1358405847974633477
1358406152904712198
1358406487522050048
1358406696025137152
1358406932722286593
1358407168647692291
1358407624711163907
1358407666129793026
1358407667283234820
1358407672463302657
1358407677781639168
1358407826117439496
1358407886662156289
1358407952705683462
1358408008930381827
1358408072637612034
1358408895337799683
1358408932943941635
1358409123885445120
1358409228285837312
1358409364349063169
1358409429738209283
1358409539092176896
1358409677390942214
1358409701512409088
1358409970492952577
1358410704693456899
1358410803267964928
1358411440965758976
1358411482120216577
1358411539645157377
1358411720897789957
1358411728468520961
1358412118681354241
1358412196015869953
1358412406712659974
1358412625495945219
1358412636849901574
1358412699344986115
1358412721096687622
1358412741485166600
1358412833789267975
1358413009148928005
1358413033912074241
1358413116028162055
1358413189470449664
1358413202409869314
1358413370261700614
1358413454181240833
1358413454260903940
1358413471784779780
1358413545583611906
1358413708431605763
1358414144920248323
1358414193788076032
1358414704557895686
1358414757007667201
1358415194880421896
1358415217080872961
1358415218204807168
1358415219438010372
1358415220205637646
1358415220281143296
1358415224622096385
1358415343643987969
1358415427567779840
1358415582060826628
1358415588259954689
1358415588998193154
1358416041672589314
1358416107313463305
1358416139651592193
1358416222791077889
1358416349215805445
1358416646868766720
1358416670855999489
1358416765601128457
1358416820768829442
1358416933356462082
1358417229289713665
1358417480767602689
1358417587869261824
1358417607137894402
1358417609977454594
1358417666298544128
1358417688213790721
1358417692525527040
1358417732493078530
1358417801355137025
1358417904866385921
1358418007014391809
1358418019064684545
1358418154909798401
1358418178322427909
1358418508984573952
1358418602756554753
1358418746507984904
1358418790145482757
1358418842352037895
1358419030487539721
1358419099223797763
1358419215867400198
1358419242773696515
1358419250466152450
1358419251481243656
1358419519941795842
1358419592742371334
1358419739173879811
1358420106343309313
1358420259481530368
1358420380608851968
1358420535164760064
1358420682070233092
1358420694644711426
1358420739343474689
1358420960177709063
1358421004108849152
1358421325661032448
1358421449426501635
1358421507341385731
1358421523791556609
1358421577415688198
1358421851307925504
1358422010548920323
1358422241831251969
1358422310781390848
1358422466130022406
1358422527689777154
1358422765737439232
1358422766593204226
1358422767469699072
1358422794573385730
1358422817738551297
1358422897744879621
1358423052422438915
1358423363560046593
1358423433613344771
1358423480535052288
1358423545076977665
1358423639385919496
1358423719232884736
1358423839487762432
1358424043540664325
1358424153716588545
1358424571096010752
1358424640964722688
1358424677400662017
1358424873996087296
1358424942035963905
1358424959861862401
1358425282059796482
1358425387445985282
1358425709052637186
1358426360721588230
1358426408339570688
1358426473900736514
1358426499049795589
1358426544000163849
1358426575008657410
1358426626846052353
1358426696400199680
1358426782412791809
1358426810157989888
1358426830861197317
1358427051582226434
1358427178505887746
1358427272651358209
1358427331514228737
1358427404230922247
1358427446819909635
1358427474149994497
1358427490876817412
1358427781143683073
1358427989378228228
1358428156684873731
1358428432170909697
1358428484079616004
1358428491830689792
1358428553809911810
1358428752456351748
1358428799210258432
1358429095521050631
1358429287964114944
1358429308658749442
1358429329961717763
1358429495036940290
1358429759408070657
1358429782288048149
1358429796393435153
1358429818921119744
1358429873581289475
1358430315228745728
1358430315274977284
1358430316533145600
1358430319075086347
1358430323306975234
1358430483667943426
1358430567554031621
1358430684143050758
1358430752535441408
1358431007494598661
1358431075693977601
1358431234112819204
1358431293005041665
1358431477680271360
1358431478410063872
1358431574291742721
1358431579262050307
1358431654113607681
1358431933215178752
1358432328629055490
1358432581067427841
1358432822973898754
1358432831853056000
1358432861771206659
1358433052955971584
1358433101375041537
1358433127199350788
1358433233612980231
1358433335278792707
1358433830206636040
1358434013602529280
1358434090140139523
1358434099451604992
1358434112227467264
1358434216812417025
1358434278846181377
1358434355224453120
1358434460094636042
1358434603116077057
1358434634737061890
1358434706979717122
1358434795311751174
1358434982516060163
1358435156101648387
1358435290164117514
1358435360741744641
1358435380564004866
1358435686806913026
1358435783414276099
1358435811478409222
1358435831338463237
1358436032119775234
1358436089925672961
1358436427571335168
1358436606697377793
1358436841364586496
1358436900223266820
1358437254935572481
1358437480052232195
1358437819086237697
1358437864997089280
1358438056047632387
1358438082354286605
1358438090122092546
1358438181956440064
1358438214646775811
1358438581187002370
1358438618570842114
1358438620089077762
1358438732739788801
1358438742923620354
1358438822606954507
1358438865422401540
1358438989976506375
1358439077952036871
1358439123560763392
1358439123569307649
1358439389509132288
1358439477753044996
1358439683471122433
1358439767529181191
1358439769018146817
1358439830741475329
1358439832415068167
1358439878422368268
1358440359454519297
1358440396943163396
1358440771486113799
1358440846945882112
1358441195140169729
1358441446613938180
1358441500191916039
1358441640264802304
1358441708015517702
1358441918892568579
1358442040934232064
1358442112270946309
1358442143333941250
1358442257750327296
1358442269406339076
1358442287668359174
1358442288091979776
1358442395709415433
1358442442358476801
1358442606716465153
1358442796932354049
1358442808059842560
1358443309258137600
1358443606902788099
1358443722900389889
1358443810473320457
1358443880673382402
1358443942627393537
1358444116439425028
1358444132365176832
1358444133749313540
1358444203076943874
1358444260056576002
1358444403996639232
1358444590274138113
1358444681131151360
1358444759904382976
1358444896630288385
1358445255260049414
1358445333647413248
1358445415490859011
1358445416275140609
1358445421387911170
1358445423145418762
1358445458805432323
1358445509640409089
1358445584659718144
1358445615596855297
1358445643027603457
1358445643497418753
1358445718705438737
1358445738779435009
1358445756873662470
1358445870690271239
1358445886683164673
1358445944409325573
1358445985672888329
1358446233371758598
1358446336341925891
1358446422845247490
1358446476683325447
1358446541221072899
1358446633298649089
1358447394820612096
1358447459287056385
1358447585221050368
1358447624349704195
1358447821830172673
1358447894974640135
1358447952566489090
1358447962209329153
1358448115674669057
1358448317588512772
1358448622103314439
1358448724721205249
1358448725690040321
1358448803590901760
1358449043358285827
1358449108697120772
1358449189601087496
1358449189785583616
1358449290654461953
1358449795766116354
1358449820021760000
1358449829538631681
1358449845330206720
1358450215427010565
1358450370255740933
1358450448034746370
1358450655254499329
1358450701970595840
1358450703350530049
1358450708455034883
1358450709398753280
1358450710568964100
1358450734845542401
1358450734937833480
1358450772535566337
1358451176434458626
1358451346408620032
1358451373319348224
1358451383159181314
1358451604714901504
1358451936702459906
1358451977986973702
1358452011944079360
1358452074082631681
1358452217632669697
1358452288889778178
1358452458230579200
1358452474315747330
1358452567408320529
1358452570864422915
1358452691052220421
1358452872975949824
1358452956182568970
1358452964361334784
1358452965049159680
1358452966122872832
1358452970745171970
1358452974918524928
1358452985140023296
1358453123568832512
1358453345464299525
1358453471503081478
1358453589790842884
1358453764655636480
1358453776538025986
1358453826232209413
1358453857571979266
1358453903344418819
1358453954192023559
1358453963524308992
1358454113575579650
1358454233012580360
1358454260975943693
1358454377661534208
1358454646512250882
1358454741697769474
1358454820185772050
1358454854558093314
1358454967913369600
1358455030018416640
1358455250299088899
1358455402816487425
1358455497649717250
1358455542302167043
1358455613123092480
1358455667544227840
1358455722560937987
1358455737287114761
1358455842362777601
1358455902316199937
1358455990757322753
1358456052644261890
1358456345847074816
1358456375370776576
1358456378445213698
1358456439296172032
1358456461643419648
1358456500746878986
1358456639188312066
1358456739478179843
1358456746185027591
1358456907959312384
1358456951194214400
1358456967698776065
1358457418271834123
1358457556163821568
1358457774867419139
1358458271724687366
1358458416482684928
1358458669202108418
1358458787980595200
1358459087831388161
1358459277061615616
1358459390077067265
1358459429646139394
1358459501557514245
1358459583950381064
1358459693061074944
1358459839505199104
1358460014143373316
1358460353802350592
1358460517807886340
1358460632966828051
1358460700461588480
1358460708422352897
1358460732631879680
1358460766211497994
1358460766224064513
1358460771680804864
1358460824327753738
1358460886218899464
1358460916245934087
1358460981593145344
1358461025088135168
1358461026950348803
1358461042574188549
1358461043593338886
1358461088677920769
1358461102397489153
1358461108563173382
1358461124371505162
1358461489800167424
1358461508380950531
1358461521265790979
1358461656334888961
1358461782990475264
1358461784756269061
1358462032664739841
1358462064910557186
1358462397284024323
1358462470579507200
1358462892996259843
1358463102640132100
1358463299671719937
1358463450255605761
1358463545717964811
1358463554442194947
1358463556379942923
1358463643495653376
1358463846969712641
1358463861838532623
1358463865454026752
1358463905471807488
1358464186033070081
1358464207000322049
1358464289133199367
1358464327439839240
1358464362885840898
1358464516586151940
1358464529470918662
1358464630847397894
1358464814218174464
1358464844865933313
1358464881964552199
1358465098751348743
1358465542986817539
1358465747241033729
1358466042524229633
1358466154759675912
1358466399216291843
1358466571937718272
1358466596390469640
1358466663621025793
1358466716456673284
1358467102148096009
1358467225573863429
1358467237535956997
1358467382579191808
1358467477861203971
1358467673525526528
1358467689400918016
1358467781038116872
1358467854962724865
1358467904937877506
1358467965964926976
1358467984428326913
1358468023502397440
1358468063973228544
1358468629394825216
1358468662169128961
1358468868025577474
1358469081360457732
1358469105351819267
1358469110280187906
1358469216077303812
1358469462291329031
1358469463536975882
1358469600745312257
1358469791430901762
1358470028648153088
1358470252749869062
1358470298425823233
1358470313353297925
1358470461319962626
1358470545872986113
1358470584485740551
1358470708779769858
1358470859070070784
1358471187630870530
1358471241309560832
1358471376550641664
1358471766566449153
1358471839224188928
1358471954949419027
1358472284089044995
1358472608254103554
1358472729633128451
1358472818443354112
1358472910583824385
1358473036589117447
1358473234094637063
1358473333323530240
1358473534297808897
1358473593496166400
1358473771816992769
1358473782848020480
1358473800262840323
1358473974267719689
1358474034023964672
1358474132212580352
1358474172830265350
1358474199514443784
1358474220779560968
1358474328938078215
1358474488778743808
1358474511365124097
1358474744312512512
1358474755746185218
1358474761991573516
1358474799375388673
1358474998374137858
1358475082608345093
1358475249239678988
1358475252435714051
1358475256063795209
1358475433872941061
1358475574671507460
1358475616480329728
1358475619890323457
1358475620800368640
1358475699208810498
1358475710093012996
1358475776883097601
1358475844159737861
1358476025580167174
1358476038158880770
1358476175539077126
1358476208162426880
1358476239556800513
1358476381928255488
1358476401373032448
1358476415096807428
1358476488702627841
1358476535569743879
1358476537872449543
1358476620667908097
1358476630927290369
1358476715111165953
1358476831939248132
1358476852961116165
1358476891422924801
1358477010771857409
1358477465732153346
1358477491900399617
1358477654194860038
1358477720934563851
1358477739133657089
1358477778652454914
1358477812219465737
1358478033120882690
1358478392908263426
1358478535392911361
1358478678058037259
1358478729861861380
1358478806563094528
1358478860774481927
1358478885512310784
1358478906207133697
1358478980022738946
1358478982270881792
1358479118640234499
1358479262668447746
1358479383321858048
1358479439147991042
1358479557066694656
1358479713010921478
1358479716282478595
1358480171737694209
1358480290302332940
1358480362087866370
1358480504828399616
1358480614345875458
1358480806411386888
1358480899705298945
1358481074314223616
1358481226835906567
1358481230153609216
1358481239100030978
1358481280292315140
1358481324168863750
1358481365759627266
1358481509515202565
1358481653539110912
1358481705603063808
1358481840332537860
1358481964257316864
1358482730439344131
1358483148837965824
1358483164801417230
1358483170765778949
1358483188310548485
1358483270565040135
1358483736317349888
1358483921302937602
1358484447163789313
1358484570656628736
1358484604542451714
1358484737338331137
1358485055878934530
1358485056428335109
1358485436889456641
1358485452450316289
1358485511552315393
1358485528837029894
1358485707086561281
1358485714812420097
1358485833259626504
1358485890180521985
1358486522606084105
1358486938353733632
1358486938408411138
1358486947803652096
1358486953658896392
1358486972705218560
1358487055987318788
1358487714895704085
1358487792234430464
1358487870290485248
1358487875302612994
1358488056723079169
1358488113585287171
1358488392321937409
1358488460496093185
1358488687651282947
1358488709876707328
1358488748678406147
1358488774460788737
1358488899669131266
1358488994791702531
1358489093802459140
1358489203181555712
1358489215483457539
1358489216649420808
1358489221875572736
1358489399860862988
1358489746352332801
1358489753369337857
1358489821531037699
1358490509279387652
1358490718168375296
1358490906765197312
1358490934778990594
1358490956354486273
1358490965053300738
1358490965170921478
1358490980425609221
1358491033412251649
1358491231773478913
1358491555410100224
1358491611995508738
1358491733915561987
1358491998060240898
1358492095967813636
1358492160883101700
1358492241480867845
1358492314222682114
1358492674567905280
1358492726526791680
1358492747804659715
1358492832487604226
1358492961894449153
1358492983759433728
1358493127766638596
1358493427483213833
1358493473746415619
1358493547935236102
1358493639299784706
1358493680559149056
1358494084898373634
1358494122655453184
1358494123427127296
1358494161993883660
1358494187390386177
1358494488369373185
1358494633840545798
1358494747543887874
1358494960358621184
1358495237618999305
1358495293046743040
1358495774993170435
1358495948561907727
1358495998436233217
1358496047421620229
1358496363240120330
1358496397239214086
1358496439761068034
1358496586272284685
1358496929378885634
1358497015601254401
1358497126569902089
1358497191753641989
1358497318014767104
1358497545136336900
1358497639197736961
1358497802670735360
1358497919930933262
1358498041582530562
1358498134347952131
1358498174177058818
1358498200836071427
1358498262924296195
1358498264132313090
1358498264614461441
1358498272059482113
1358498378330607617
1358498563773394947
1358498724914356224
1358498910243876868
1358499054632771586
1358499274342957059
1358499347235819524
1358499415409975297
1358499429758758912
1358499465917845506
1358499467507474437
1358499561233391617
1358499698936586242
1358499784940732426
1358499812174405641
1358499874648559617
1358499898476408832
1358499928994119680
1358499976486223872
1358500017162584067
1358500100235026433
1358500199161860096
1358500230166171658
1358500499293671425
1358500511423553540
1358500514426720256
1358500518323249153
1358500668160491521
1358500727954558987
1358500748133347328
1358500755230121986
1358500792655876100
1358501028392493060
1358501125872304129
1358501128510521345
1358501613242056708
1358501664110628865
1358501951839866880
1358502037852479500
1358502042508161024
1358502069653692419
1358502139564331009
1358502184174911492
1358502410654797833
1358502422293876737
1358502493936889857
1358502589663428616
1358502594143006727
1358502792189607937
1358503182696132608
1358503188744318978
1358503267962130435
1358503307736670212
1358503453987921921
1358503476041572353
1358503601778360328
1358503618710827013
1358503768833347593
1358503785795092485
1358504152331083780
1358504165165719553
1358504178281308161
1358504212972331014
1358504349417275396
1358504533270425606
1358504617332641794
1358505077372317696
1358505261036687365
1358505537361616899
1358505683499556871
1358505812813963265
1358505812830769153
1358505813757755392
1358505816773382145
1358505817104912384
1358505949917569026
1358506046365593604
1358506316302606336
1358506960572870658
1358507071310753792
1358507079166816257
1358507080022446082
1358507338093764610
1358507826075734017
1358507972482187266
1358508029004689409
1358508101696118786
1358508341031493633
1358508342562459660
1358508409679736835
1358508778338086916
1358508895694684164
1358509204949057543
1358509262188797953
1358509575540903938
1358509631413231616
1358510513014124546
1358510622472814604
1358510857592975365
1358510967173300230
1358511034810703873
1358511051571134471
1358512186998599691
1358512246155001857
1358512397284220942
1358512467664592896
1358512558391631878
1358512610346487809
1358512834812993543
1358513402570813440
1358513448309698561
1358513614307487744
1358513618195742720
1358514204718866442
1358514289401864193
1358514417260969995
1358514452400902147
1358514800079339523
1358514951216898050
1358515153738862595
1358515327102050307
1358515516323856385
1358515604379103241
1358515609693261832
1358515838136049667
1358515927839612930
1358515989340704769
1358516050179014657
1358516494678769668
1358516885596237824
1358516931259695104
1358517027145711621
1358517028173283331
1358517163108237312
1358517315357315073
1358518407092719616
1358518907171000320
1358518935025577986
1358519278555848705
1358519316866600962
1358519616495042562
1358519858456109056
1358519880543264768
1358519881189236738
1358519907302977540
1358519957605273601
1358520512654303237
1358520563229204480
1358520631306969089
1358520775943323652
1358520912123994120
1358520912249643008
1358520913386496003
1358520915672371205
1358520915827458048
1358520916704063489
1358521017099030529
1358521093116604416
1358521107163283467
1358521111756029953
1358521114914414593
1358521235131535360
1358521288348811265
1358521293038051328
1358521338617606147
1358521411875319815
1358521592586903553
1358521732760559620
1358521757888610304
1358521992434094081
1358522023681605633
1358522090345951232
1358522283506212877
1358522795789938689
1358522871837061123
1358522941898588165
1358523011620560898
1358523396838064137
1358523402257055744
1358523422473617409
1358523428685426692
1358523513095794696
1358523571333693446
1358523626597855237
1358523645874831360
1358523675725750274
1358523807829475331
1358523816507506696
1358524132619657219
1358524172847177729
1358524435591008257
1358524569364094986
1358524721940361218
1358524744895655941
1358524928287457280
1358525476713725958
1358525489435049984
1358525595563491337
1358525768360460290
1358525915047804928
1358525953958424580
1358525957120868354
1358526196993122304
1358526459938275329
1358526463314714625
1358526468100399105
1358526626863185921
1358526884225703937
1358527066011017218
1358527275378049024
1358527371498954760
1358527440214228993
1358527536867729432
1358527812945199105
1358527900442591233
1358528039743873025
1358528103618908160
1358528291129462785
1358528336851525635
1358528463997718529
1358528464169631746
1358528510197907458
1358528699411349506
1358528783184138240
1358528786610991112
1358528947378610177
1358529262891003908
1358529606534524930
1358529808125288448
1358529869156605953
1358530002510372865
1358530031748866053
1358530520402038785
1358530978583633921
1358530986372452355
1358531304309030916
1358531487210098694
1358531577458929670
1358532101000359938
1358532146638581768
1358532194663301120
1358532237164216321
1358532242235088901
1358532244529426432
1358532294550708224
1358532371327422471
1358532810357768196
1358532877454032896
1358533194186899457
1358533264185688070
1358533339628658692
1358533348671578117
1358533819712868357
1358533861207142401
1358533864004739074
1358533874888953868
1358533922943094787
1358533962755436545
1358534438146220040
1358534523152121862
1358534677712285699
1358534824089247744
1358534832725311493
1358535015072677894
1358535016389697542
1358535033842241539
1358535234636120065
1358535250243162113
1358535475238158336
1358535768994627586
1358536011635171335
1358536013195272193
1358536014625652736
1358536014848012288
1358536015456178177
1358536015976144897
1358536016513163278
1358536031184642048
1358536363809906694
1358536499654967301
1358536622913052676
1358536959598157825
1358537471005519874
1358537516064903168
1358537551745871882
1358537559559860231
1358537577641426946
1358537807984214019
1358537852393553923
1358537873268633602
1358537882336641027
1358537926343331841
1358538204878626825
1358538372441137152
1358538436215455744
1358538689614381058
1358538720845168640
1358538821982371848
1358539103692861443
1358539265131577349
1358539275554406401
1358539413106614273
1358539431200886787
1358539640538607621
1358539792749899779
1358539794029154314
1358539929098346502
1358540108488663041
1358540334511382534
1358540550526427140
1358540557140787200
1358540564577325057
1358540584571592704
1358540601306861580
1358540617345884161
1358540691073355778
1358540692193218561
1358540707129081863
1358540951715778560
1358541152765509637
1358541225012379648
1358541233740804099
1358541314250452998
1358541536624054275
1358541564918845441
1358541742618931200
1358541806837911555
1358541918519623682
1358542182454620162
1358542273785573383
1358542288977338368
1358542313199386633
1358542542678216708
1358542845452386306
1358542848262623234
1358543228572733440
1358543296038133760
1358543463684460548
1358543562829271044
1358543567615098880
1358543628466069520
1358543852794175496
1358543961422446593
1358543962215239682
1358543995685732359
1358544034835410947
1358544108688654337
1358544109443682304
1358544172748328966
1358544244005367808
1358544328977747974
1358544358090412032
1358544401950203904
1358544670373085185
1358544902951473157
1358544908257292291
1358545066734854152
1358545226256769029
1358545402644029442
1358545421065474049
1358545592587345923
1358545677933019138
1358545687244394507
1358545824872022017
1358545839317213193
1358545997773832196
1358546047233048577
1358546166380642305
1358546199440207876
1358546219824541700
1358546251311157248
1358546439073366017
1358546450695802880
1358546486175358976
1358546523072692225
1358546834390736897
1358547117803986946
1358547193309888513
1358547290668040206
1358547336276766721
1358547459774021632
1358547465381810176
1358547551188828160
1358547649360764931
1358547691500957696
1358547928198098945
1358547931683581964
1358548192468598787
1358548477073125376
1358548573638582280
1358548769130840065
1358548792707014662
1358548880917491713
1358548945807564800
1358548981056479237
1358549043878723584
1358549298896654336
1358549299756466176
1358549314704977925
1358549316709801990
1358549323001327618
1358549324842610697
1358549507181535235
1358549650291257355
1358549726916988928
1358549769350754304
1358549807661535238
1358549862200061970
1358550140546654208
1358550252165488641
1358550409871323137
1358550429035098119
1358550471875657730
1358550472890740736
1358550483342925825
1358550499293863936
1358550793423638528
1358550873769705477
1358550907789672452
1358551112543072256
1358551112710672385
1358551112857620487
1358551113650298881
1358551113700577280
1358551114430390276
1358551114975563777
1358551115617427465
1358551121686634496
1358551144461697026
1358551195426635782
1358551237780766720
1358551271486205955
1358551276104126464
1358551291790823426
1358551363098054657
1358551363114831875
1358551363181977601
1358551387618050048
1358551408790941700
1358551458078195719
1358551826463866883
1358551863386374146
1358552457236934661
1358552566418800640
1358552587566526464
1358552770132008961
1358552922427166722
1358552974470086660
1358553027339296769
1358553033727172617
1358553145740304387
1358553153143250945
1358553259745677315
1358553356382388226
1358553627724496904
1358553635672719361
1358553852459552772
1358553866443309059
1358553879470866433
1358554012145041410
1358554030839103510
1358554087499984900
1358554130768396292
1358554678141865985
1358554836401352710
1358554864293396480
1358554936427114496
1358555044573044736
1358555225305530368
1358555389298569219
1358555416402292744
1358555557578350593
1358555641585963008
1358555779461246979
1358555884511784968
1358556088094883843
1358556134689419266
1358556152183816194
1358556157850361857
1358556453905326096
1358556530149367810
1358556585568727040
1358556784433246212
1358556838204178439
1358556968579915777
1358557228572237825
1358557289452621824
1358557342070145031
1358557370553688064
1358557422382702595
1358557510911856645
1358557685390716928
1358557727375708170
1358558074995421190
1358558123619926021
1358558219493396481
1358558307091443724
1358558661505937413
1358558661765861378
1358558661837287434
1358559078080000001
1358559153183207427
1358559349665386499
1358559427029254148
1358559528061665280
1358559825416830980
1358559984578101248
1358560051632476164
1358560132184039424
1358560157995839489
1358560202774241283
1358560476062449673
1358560498472677379
1358560622661820416
1358560676218691585
1358560787728596999
1358560891176943617
1358560901515915267
1358561017089978368
1358561108131516418
1358561120341155840
1358561141463658499
1358561185830998034
1358561204336275459
1358561316575850502
1358561391850979328
1358561511204085765
1358561592774959105
1358561625704435717
1358562106384257024
1358562177079250944
1358562444264751104
1358562558928707585
1358562622308835329
1358562629422362627
1358562735349456900
1358563040640327682
1358563133967765505
1358563143044202496
1358563231976013827
1358563537682063362
1358563551917522944
1358563604338008064
1358563652392148997
1358563817601572867
1358564102675845122
1358564184225685505
1358564197303545857
1358564332339154944
1358564531866337282
1358564608391446534
1358564654868480000
1358564767737270272
1358565090383917058
1358565236438097926
1358565294340464640
1358565613237583881
1358565768582070275
1358565871933919235
1358565886265810944
1358565905068945410
1358565982873264130
1358566019766366216
1358566035549532160
1358566099063865346
1358566102683549696
