1407126185616674829
1407126188531748865
1407126189953761287
1407126196161294340
1407126219716505607
1407126242013421573
1407126334355214339
1407126349001658368
1407126350230609922
1407126357226704897
1407126368794599426
1407126419373756418
1407126448956137474
1407126491863949332
1407126511363231747
1407126516165754880
1407126566782504960
1407126579126444033
1407126601247121416
1407126710299025408
1407126732755378179
1407126733812338693
1407126740825251844
1407126786970902535
1407126788652871680
1407126865878323200
1407126867166044163
1407126957460951047
1407126971138686987
1407126994874163204
1407127028969742341
1407127061731418117
1407127194544095232
1407127197266198534
1407127226236248067
1407127354439262211
1407127358235197441
1407127382872440834
1407127425864044544
1407127437847187456
1407127462312656898
1407127525793406977
1407127556659240960
1407127563659534339
1407127689341845512
1407127691384532999
1407127691736797185
1407127699701776387
1407127746451476483
1407127776822497285
1407127826566893568
1407127862642188295
1407127974235848704
1407127985967280133
1407127996209807362
1407127997463863304
1407128042837794823
1407128056112848897
1407128064287555584
1407128091055513601
1407128131950022657
1407128213537579010
1407128234626535425
1407128278515736581
1407128303698432005
1407128353358897153
1407128374028480513
1407128390340120576
1407128433470103564
1407128447789551617
1407128503879876609
1407128516026585089
1407128546015944704
1407128558259032069
1407128708322840576
1407128709992173571
1407128845312987137
1407128851981930502
1407128865126948864
1407128926586015745
1407128962183143428
1407129029199765506
1407129031284301826
1407129040935346177
1407129071935541249
1407129095641632769
1407129237585379328
1407129239359528969
1407129284075008000
1407129329029599235
1407129407957909504
1407129413800632324
1407129423715909633
1407129430397493250
1407129463985479680
1407129465961037824
1407129531908042752
1407129571095367690
1407129582482898952
1407129598924570631
1407129616884568071
1407129665983201280
1407129829242200064
1407129856635195395
1407129959236243457
1407130003704320000
1407130020267671556
1407130066069372932
1407130092283834373
1407130143034904577
1407130185103781890
1407130228053381122
1407130230796521473
1407130231765360644
1407130277865005064
1407130360434016260
1407130405191524358
1407130431196172289
1407130439224020992
1407130444492115968
1407130450351566849
1407130499227734019
1407130522346741765
1407130553686577155
1407130558556221440
1407130593117286400
1407130663497736193
1407130664680542210
1407130700378161153
1407130725690839041
1407130870167871489
1407131003328602113
1407131013847859203
1407131135268827139
1407131203350761472
1407131233394561025
1407131332862517259
1407131379456954370
1407131436877074432
1407131526047883274
1407131578732630018
1407131579030421506
1407131614371536896
1407131713671766020
1407131784945545217
1407131815362449408
1407131870383546368
1407131936896790534
1407132060049981445
1407132101221232649
1407132121458778112
1407132168074244097
1407132200961818633
1407132217143435265
1407132249699520513
1407132463076368385
1407132508928499715
1407132572291829766
1407132639551762432
1407132642156351488
1407132712989769729
1407132722544484352
1407132781327622147
1407132790060105731
1407132893445607425
1407132901620305923
1407132919467065344
1407132951041691649
1407132992137568260
1407132996742823939
1407133010357542919
1407133010944798729
1407133017567633412
1407133033501712385
1407133083380367364
1407133108051267585
1407133132223090694
1407133216167890945
1407133297386438656
1407133318219448322
1407133330399707136
1407133344089915395
1407133351857864705
1407133353061531648
1407133376197373956
1407133393607925762
1407133440911228928
1407133447110500355
1407133451803840514
1407133497072963588
1407133528190603264
1407133549359255552
1407133604308819971
1407133633752797184
1407133735737348096
1407133735896633344
1407133789793538057
1407133790128906244
1407133806037975047
1407133820999045120
1407133833716285445
1407133943615344641
1407133949349052416
1407133979095056386
1407134059726356486
1407134184641019910
1407134237178859521
1407134237858304001
1407134300357771270
1407134356955701253
1407134382939332609
1407134525751169028
1407134571796353024
1407134678474186755
1407134778101579777
1407134924981903362
1407134992849948675
1407135034704814092
1407135092762370055
1407135179974529025
1407135325391032322
1407135363483815943
1407135422061416450
1407135472648966149
1407135493029089285
1407135674076057601
1407135726391676930
1407136022052454401
1407136101723164676
1407136198770970625
1407136235005562883
1407136238105239558
1407136261601742852
1407136357739286528
1407136384243146758
1407136410965004295
1407136518037200901
1407136541546328064
1407136566099824643
1407136595342471169
1407136638174695424
1407136722001989634
1407136754373595136
1407136764599357445
1407136809914667012
1407136899786018821
1407136994325676039
1407137005956370433
1407137088894640135
1407137118594514944
1407137164354273287
1407137249750405121
1407137263805472770
1407137294193152000
1407137298223882242
1407137313604374532
1407137544748290059
1407137544777707524
1407137553736667139
1407137800286257152
1407137843588308992
1407137900035182594
1407137927315038221
1407137941059743753
1407138033313402881
1407138091228438529
1407138106000674817
1407138116108959749
1407138155791331334
1407138160581173255
1407138257129836547
1407138317141958659
1407138386859773967
1407138504140902402
1407138511128514564
1407138514693672960
1407138515977224193
1407138524827107328
1407138539318431758
1407138578640084992
1407138587552980994
1407138697636614150
1407138739932086272
1407138767568314368
1407138767689945095
1407138843321503744
1407138908589207552
1407138957469618180
1407138993095970818
1407139140257337351
1407139155277144065
1407139163909066753
1407139193059487744
1407139325578448896
1407139346881433602
1407139348911300608
1407139404653682690
1407139450472349697
1407139570286792709
1407139642122592256
1407139882712158209
1407140020469833729
1407140057752948743
1407140089491243009
1407140095233302533
1407140174702784514
1407140222698143744
1407140247612297216
1407140338519752707
1407140342089105408
1407140385147719684
1407140400779890689
1407140430471385093
1407140489502072834
1407140508850339841
1407140565943296000
1407140638467014656
1407140821896474631
1407140843102904326
1407140853995474944
1407140860098142214
1407140878850867203
1407140938317709312
1407141033452965892
1407141056144187401
1407141086305337344
1407141111513161730
1407141190143782921
1407141194665242628
1407141197496389633
1407141284037357582
1407141286960848909
1407141290073112579
1407141291419336707
1407141371450961926
1407141407136043022
1407141418888536064
1407141426580832256
1407141602196340744
1407141807134175232
1407141830685253637
1407141865581862915
1407141879808942081
1407141911404625921
1407141919059230720
1407141945898680321
1407141980929507333
1407142011912732672
1407142012755787777
1407142111116500992
1407142170746888192
1407142268226711559
1407142459117903872
1407142542718554113
1407142559982526471
1407142626315407363
1407142813888921600
1407142939856412674
1407143132953821184
1407143167011528706
1407143207453011974
1407143226100813827
1407143275434283008
1407143288314945544
1407143331063283730
1407143427842711552
1407143598903148546
1407143631618809864
1407143641181794309
1407143676636282885
1407143768193744902
1407143823189422086
1407143925362610181
1407143971248279560
1407143997366210564
1407144015619891205
1407144084226052096
1407144084804866052
1407144144636686343
1407144265579327492
1407144311729405956
1407144452993454082
1407144466847211520
1407144508345700354
1407144595339845633
1407144633189253122
1407144808272089090
1407144934533124105
1407144990728409090
1407145100392730626
1407145129421455361
1407145172320899074
1407145409802346497
1407145616023724033
1407145617135185922
1407145667924013064
1407145671614947328
1407145732398891008
1407145771984642048
1407145816138059776
1407145885079945221
1407145922090373122
1407145950687248385
1407146046803918851
1407146098398007296
1407146134120849410
1407146263078969348
1407146317369937923
1407146317479137280
1407146410957586437
1407146509842399239
1407146510916128770
1407146511922872320
1407146517647998976
1407146528435810306
1407146554587234304
1407146583549005824
1407146601110556672
1407146603119624391
1407146679510487043
1407146744073310209
1407146810691444737
1407146834447982592
1407146879863898115
1407146881491275780
1407146918170578951
1407146918938087426
1407147036949073923
1407147193660751875
1407147240028790786
1407147246735527937
1407147264196419584
1407147417632448512
1407147477724274688
1407147593512194050
1407147682238537733
1407147755764600839
1407147764912435206
1407147787217690625
1407147827235495936
1407147992654753792
1407148057209323520
1407148057305681920
1407148111907147778
1407148169910235137
1407148221030338563
1407148236448673795
1407148315427418113
1407148330501558272
1407148361644380162
1407148371069001732
1407148434801504262
1407148600946212866
1407148606801559566
1407148688531759106
1407148737768665091
1407148834229084162
1407148834711650305
1407148834984189952
1407148851908296704
1407148925296025607
1407149069991096320
1407149131508953088
1407149165252067328
1407149198693257217
1407149249897267207
1407149279874064389
1407149301025980417
1407149498648911875
1407149573399793664
1407149601027620865
1407149789792378892
1407149948479721472
1407150017266257926
1407150020533628931
1407150061235146754
1407150070374469633
1407150092411363333
1407150173223112708
1407150267842367488
1407150416874385408
1407150523833360384
1407150688132644865
1407150689856409602
1407150742360805379
1407150766935117824
1407150773641822210
1407150831141638151
1407150917066149890
1407151080585240582
1407151108842217477
1407151350400491521
1407151435352051713
1407151450166370310
1407151602918645761
1407151629401473029
1407151754526040075
1407151826475139075
1407151841360633856
1407151858280452106
1407151870284533763
1407151901695750145
1407151976740237313
1407152019589246976
1407152045879181312
1407152062882779137
1407152076468203522
1407152087541194754
1407152127097643012
1407152157250424832
1407152192281272322
1407152313798729731
1407152617923485705
1407152627989762050
1407152653319221250
1407152738580971520
1407152839701544960
1407152896609865729
1407152901894688769
1407152955040714754
1407152972564361218
1407153052000428038
1407153063199186948
1407153063706648579
1407153094933233665
1407153102097195009
1407153128127045637
1407153252739817479
1407153297019047938
1407153302891008002
1407153370247294981
1407153428070076416
1407153541710585858
1407153615479914502
1407153617849786374
1407153739782311952
1407153768337133574
1407153867121479683
1407153989674835972
1407154044674752514
1407154092418424837
1407154114220417028
1407154151658827785
1407154160299130883
1407154240750034948
1407154259674779660
1407154317648404480
1407154321687564290
1407154326477410314
1407154367980093441
1407154449202679808
1407154527757901824
1407154579112923136
1407154645613658116
1407154684159303682
1407154704660975618
1407154788341538816
1407154852610949121
1407154886144364544
1407154952024301573
1407154965647351811
1407154968000405508
1407154976053473282
1407154976753917957
1407155074879602689
1407155153300557826
1407155212205367298
1407155281960783872
1407155363523215367
1407155463028891649
1407155485296500743
1407155532985737217
1407155548433358849
1407155570604380171
1407155597989003264
1407155657304907786
1407155697662443522
1407155708412448773
1407155815862185989
1407155880311803916
1407155934774935559
1407155940181299200
1407155943461302275
1407155975526752259
1407156038093127680
1407156243718889473
1407156264757518337
1407156292993511437
1407156297586417665
1407156387466018819
1407156576973172736
1407156626512138247
1407156950698278920
1407157024060751872
1407157068709220352
1407157068814028804
1407157127156752387
1407157160967036929
1407157163273953283
1407157182056046593
1407157538609565699
1407157573011320834
1407157642376585216
1407157675666837506
1407157852188426243
1407157941866803201
1407157976973119489
1407158161530830848
1407158173849563140
1407158238521536512
1407158326945894409
1407158453114638339
1407158595242844168
1407158687710552065
1407158711358050304
1407158718719012872
1407158748947308546
1407158823488573440
1407159026169810944
1407159192344014850
1407159267191296002
1407159472099893248
1407159478085169152
1407159485634957316
1407159515091439616
1407159632645197828
1407159656082989056
1407159682758742020
1407159789608738816
1407159867064860680
1407159894411776004
1407159949361307648
1407160039870189574
1407160158589906945
1407160158795571200
1407160160234217472
1407160161622540292
1407160166773051392
1407160381592768515
1407160516691251215
1407160583091335171
1407160596995395587
1407160599247732744
1407160678180401153
1407160779980345344
1407160786477322244
1407160898272301056
1407160925296205824
1407160935001829380
1407160983764746243
1407161015154970627
1407161033303773184
1407161155387199488
1407161158289833987
1407161172932038657
1407161173531938817
1407161298266296324
1407161390801039362
1407161416906272771
1407161647211417609
1407161938593918980
1407161961738088448
1407162030390452224
1407162060874584065
1407162257579073537
1407162257658855425
1407162334800449541
1407162469315928066
1407162501368791043
1407162502186680323
1407162647506792449
1407162655991861248
1407162939614937089
1407163147992113155
1407163151104319490
1407163244435808257
1407163273489825792
1407163425793445891
1407163544706158592
1407163606421192705
1407163613765320706
1407163743331569667
1407163933346066446
1407163933979406366
1407163934746963974
1407163977411485700
1407164005324623880
1407164021397143553
1407164103953637376
1407164203903946759
1407164242822840321
1407164286833733634
1407164316349050883
1407164349140156418
1407164539389583363
1407164597036105731
1407164619504881666
1407164664606334978
1407164854100807684
1407164866226536454
1407164965505601536
1407165013295616001
1407165019486306306
1407165238840119297
1407165248436641793
1407165339520147459
1407165361917730816
1407165391047217153
1407165437813661697
1407165484957589504
1407165495153934339
1407165529253625856
1407165647734415361
1407165781654261761
1407165784384851968
1407165853129490436
1407165880849534980
1407165920951386114
1407165953528500227
1407166159934349314
1407166450075418624
1407166553318170625
1407166623199502336
1407166638575738881
1407166644728836101
1407166738043711489
1407166742028341250
1407166761993129984
1407166772957134855
1407166920793608192
1407166932005031938
1407166941081575425
1407166985729974284
1407167095977164800
1407167162695958531
1407167233411977217
1407167265628377088
1407167273689878532
1407167335077658624
1407167350189723649
1407167507585286146
1407167626477019137
1407167646244782085
1407167708437696515
1407167762527571970
1407167875568312320
1407167877329866758
1407168007294570496
1407168019302961155
1407168047077638152
1407168055378071553
1407168071660453888
1407168154363703297
1407168250748850178
1407168302821134338
1407168329572302848
1407168338657226753
1407168350388723715
1407168418952929281
1407168443611336704
1407168509164015617
1407168635521622016
1407168639074177032
1407168714949136387
1407168953508634627
1407168966519255047
1407168966687027213
1407169252369522691
1407169278219018244
1407169301585539074
1407169438458257411
1407169479784775680
1407169485891584008
1407169549125013505
1407169799176740866
1407169864092037120
1407169941845970944
1407169954265321473
1407170126605135874
1407170476569358339
1407170576599465989
1407170613375082497
1407170629393125379
1407170763455700992
1407170795659534336
1407171057757396994
1407171061670686721
1407171076921176064
1407171250833825792
1407171323630063616
1407171485932789763
1407171556401364993
1407171576643084289
1407171582850650126
1407171592283639808
1407171623556354049
1407171645496651776
1407171702853976064
1407171835159011328
1407171889055911939
1407171956508663809
1407172074259550210
1407172087840641024
1407172390946283525
1407172660367400965
1407172676721033216
1407172764977532929
1407172818874290184
1407172870451703809
1407173015364935682
1407173184831606789
1407173310128005122
1407173321377132544
1407173745039577092
1407173830523736064
1407174000178962435
1407174232602202112
1407174311580995592
1407174315976577025
1407174383534288896
1407174407060181001
1407174411208306688
1407174442137096193
1407174454405472267
1407174946598670336
1407175019780874248
1407175025560543235
1407175071731531776
1407175129403121665
1407175258478571522
1407175292041433088
1407175470240632844
1407175522904428544
1407175606547189763
1407175650394480640
1407175669902102528
1407175739116560386
1407175740827877377
1407175866027806721
1407175955697831938
1407175965172711424
1407175978611261440
1407176007644336128
1407176012211888129
1407176152792317959
1407176225475289097
1407176295096754176
1407176310984790016
1407176510591614983
1407176516388147200
1407176516493004800
1407176862653165569
1407177048582406146
1407177266329706497
1407177536216444934
1407177545938841600
1407177621155287042
1407177774742216704
1407177779569999872
1407177803083259904
1407177931412099098
1407177984117809154
1407178026190790656
1407178033790959616
1407178081480085504
1407178082922991619
1407178117660225537
1407178416030457860
1407178447672295425
1407178525728198658
1407178561702797312
1407178570217164802
1407178636134912001
1407178698734833664
1407178778753867782
1407178859519356930
1407179033402478594
1407179033415143424
1407179090466123778
1407179137178087426
1407179159764451330
1407179203053862916
1407179258196340746
1407179416552284160
1407179418372562944
1407179426786426886
1407179491965865984
1407179747113803776
1407179901535502344
1407180005478707203
1407180285360455680
1407180288900358144
1407180380705333250
1407180422614749185
1407180544048250880
1407180657562984450
1407180733756723200
1407180740983406593
1407180766954463238
1407180914212409344
1407181071842791428
1407181173843968003
1407181381642326020
1407181882706518018
1407181921340190721
1407181957583212544
1407182329911644160
1407182444344840192
1407182449092837377
1407182696556679179
1407182845819461632
1407182854992322560
1407182892132864000
1407182916225019904
1407182926643609600
1407183073607925763
1407183141069000706
1407183316386816005
1407183471479492609
1407183758101516293
1407183785758691329
1407183905233453056
1407184023772860423
1407184066126954499
1407184380511100928
1407184383182790659
1407184762276614146
1407185070637686788
1407185364268290050
1407185395457142787
1407185473936711688
1407185480827932674
1407185586058842114
1407185652098256898
1407185682347462657
1407185716396892160
1407185723334316033
1407185760525205512
1407185822340763649
1407185968139022336
1407185974568882179
1407186068827426821
1407186079384444934
1407186471086346245
1407186583661551621
1407186716604129283
1407186726083174404
1407186934645071874
1407187300006739968
1407187367337857026
1407187477576757251
1407187557704732672
1407187592534130689
1407187784251719682
1407187789767229440
1407188092675526660
1407188097356505089
1407188181162893315
1407188307310792707
1407188463284277251
1407188562383196163
1407188621560590341
1407188787264901125
1407188858991693827
1407189284604547073
1407189369425965056
1407189453827940354
1407189522203426817
1407189524371943426
1407189797530112002
1407189847312306182
1407190048395730948
1407190149721698305
1407190252771495944
1407190373630349312
1407190562386714625
1407190719861825538
1407190796558815232
1407191184070660098
1407191746686164993
1407191779913383936
1407191821697028108
1407191907281821701
1407192272576339969
1407192812651745287
1407192922731200514
1407192950015201287
1407193352324407298
1407193967545012227
1407194448895909890
1407194549311651840
1407195087075950595
1407195806835384323
1407196034997145603
1407196200063975427
1407196640352550916
1407196725069193217
1407196828836237312
1407196900688904194
1407196926567718915
1407197093886935041
1407197287282061312
1407197436435705861
1407197484292657152
1407197655705415682
1407197710697091072
1407197834475098115
1407197953924767756
1407198110489714695
1407198168773808129
1407198956107542529
1407198957097398273
1407199164493090824
1407199214006935554
1407199362942373900
1407199481267900416
1407199925604073474
1407199948349886464
1407200269805535233
1407200322095882245
1407200550224117760
1407200784685703168
1407200841765953536
1407200884241674248
1407200938348134403
1407200989384478720
1407201039472803844
1407201093105422340
1407201147534905345
1407201523105423362
1407201682090446850
1407201720837591040
1407201837745385474
1407201932242939905
1407202335915397123
1407202378902917126
1407202709506301958
1407202853454856195
1407202857623883778
1407203250554740736
1407203522928689152
1407203586694651904
1407203589597151232
1407203654608855041
1407204225721974788
1407204450368897025
1407204458027646981
1407204517452685314
1407204612361359360
1407204711665655809
1407204800874352640
1407205044802490368
1407205089153007622
1407205212893351938
1407205269034225665
1407205315167334401
1407205598337241091
1407205780420444161
1407205823311278080
1407205902835404800
1407205989439451137
1407206164782272515
1407206205718683650
1407206295468494863
1407206354197139458
1407206461181149185
1407206510049046533
1407206566563127297
1407206792875085825
1407206846226649089
1407206885191651328
1407206895639842822
1407206974261968896
1407207028192391174
1407207088128933888
1407207145288998915
1407207186598699008
1407207231494438912
1407207985038888961
1407208225183879169
1407208716739485701
1407208896557576196
1407209127693139973
1407209388364939268
1407209841572130819
1407210638439596033
1407212977028321282
1407213423574798336
1407215093746749444
1407215545611603970
1407215645863956484
1407215824998391810
1407216278255722497
1407216531314970628
1407216784604766214
1407217022539382784
1407217487293435906
1407217627345326081
1407217689966350345
1407218265563222018
1407218861301194761
1407219297634631685
1407219922133041157
1407220092153348098
1407220187246567424
1407221690879418369
1407221828490301440
1407222679908892672
1407223202896650240
1407223510997647360
1407223660809707521
1407224190713860100
1407224286377660417
1407224313414094849
1407225210189889537
1407228371524796418
1407229049106206730
1407231263002574853
1407231379688017920
1407232195559886848
1407232468537720832
1407233004360060932
1407233012845142019
1407233443528859651
1407234715992657920
1407235430697865216
1407236110732906503
1407237175322845184
1407238675851665410
1407239146800877570
1407239433099759620
1407240519709777921
1407240524487172098
1407240666086785029
1407241414396760066
1407241681196535808
1407241845659385856
1407241847286767620
1407241896980844544
1407242000253042692
1407242166699765766
1407242302016393216
1407242469104828418
1407242875478421505
1407242997771739136
1407243223777562628
1407243480993349632
1407244367073579008
1407245123428175873
1407245864863686657
1407246477353652243
1407248097940361218
1407248740071710722
1407252278948642818
1407253375956160516
1407255978668658689
1407256407674662913
1407256732938690560
1407257553306849281
1407259027453657090
1407259135431876609
1407259691156131841
1407259708403195906
1407260171500392450
1407260834527653891
1407262190697132033
1407262418040991744
1407263241504497665
1407263746217578521
1407265194993139715
1407265548807950339
1407266014400696322
1407267454930276355
1407267458516402179
1407267542389886977
1407268383926726657
1407268874798698497
1407269721527959557
1407270046062157829
1407270062705233922
1407270412636000256
1407270652113874944
1407270679356051456
1407271054288977925
1407272062499045396
1407272475214417923
1407273826480803846
1407274047487021056
1407274619078418432
1407274989859004417
1407275941353689089
1407276345965613056
1407276676480835586
1407277391324483589
1407277583213944834
1407278316202123264
1407278524356960262
1407279083436773379
1407279364421586946
1407279635251990528
1407279696178552833
1407279756987572228
1407280179282649089
1407280197892780032
1407280891785842692
1407281049953001472
1407281466418024448
1407281559812587527
1407281825207230467
1407282002999529472
1407282304393830401
1407282365571993600
1407282745148071942
1407283486361272322
1407283582184341504
1407284025845288961
1407284224927862786
1407284412690186244
1407284442729750531
1407284703204462592
1407284718521966594
1407284729410330628
1407284783223279617
1407284920523833349
1407285023066165249
1407285306404048896
1407285651360337925
1407285956592517122
1407286084598382593
1407286085969981445
1407286162922913792
1407286167838601221
1407286206061289473
1407286737034940416
1407286807755165697
1407287056997486597
1407287122114101253
1407287132310446084
1407287349025857541
1407287863448936453
1407287984886538244
1407288224851152896
1407288264864808963
1407288337073901574
1407288504258682893
1407288504472674309
1407288609774899202
1407288714187972609
1407288883507834880
1407289063175036930
1407289228329947147
1407289234805886977
1407289249469243400
1407289479002533888
1407289551928840194
1407289783408283651
1407289799946510339
1407290215060889603
1407290287819575296
1407290494300872707
1407290681723215875
1407290924410023936
1407291112612667393
1407291127607312386
1407291239544860675
1407291393106747396
1407291470671974407
1407291590406774786
1407291601697792006
1407291738461544449
1407291991847837696
1407292153580199940
1407292238640685056
1407292282731220993
1407292284605845505
1407292284689960962
1407292285147045890
1407292286313041921
1407292573287391250
1407292723875491846
1407292759048916993
1407292780678987776
1407292782448893956
1407292893363064836
1407293010321289216
1407293074691215367
1407293153732972546
1407293527143419908
1407293789350203403
1407294115717521409
1407294121920942082
1407294296022192132
1407294303223922692
1407294322685456387
1407294375982518273
1407294403518025732
1407294465534988293
1407294519041724417
1407294565325942787
1407294645600768004
1407294741595791367
1407294960781627396
1407295087944646661
1407295175601295361
1407295323316408325
1407295550890799105
1407295556930650113
1407295567210893312
1407295585841995777
1407295718365204481
1407295754268467200
1407295777697931267
1407295792549969922
1407295892462485507
1407295919616401409
1407296278892101634
1407296305689292802
1407296370176823297
1407296465328877568
1407296562955534336
1407296606546841600
1407296665242025988
1407296681071333376
1407296781294125056
1407296809156845575
1407297008537329666
1407297049742151681
1407297127253000194
1407297323865153540
1407297325102518281
1407297532745732098
1407297551544598534
1407297647803830277
1407297994731446272
1407298082354700292
1407298143172112384
1407298148616261636
1407298237904609282
1407298265717133314
1407298318233911298
1407298386022203399
1407298432935546882
1407298511503249408
1407298570722725891
1407298660560519177
1407298674418458627
1407298682265997319
1407298696987955208
1407298730538291205
1407298732421431298
1407298747718111244
1407298953905909761
1407299055022182401
1407299073934127107
1407299149557645320
1407299280759627781
1407299436909375491
1407299490348822537
1407299520120119302
1407299786882093061
1407299828758061058
1407299832176267268
1407299891035095043
1407299977043492866
1407300174045761540
1407300367239499779
1407300396805201920
1407300532025368583
1407300704478322690
1407300868190388226
1407301396102357007
1407301463819304960
1407301490042183681
1407301500934709250
1407301524481626116
1407301552663154691
1407301563962605577
1407301581939347461
1407301702500458497
1407301754459467776
1407301837351497737
1407302046613655553
1407302132743688195
1407302196799098881
1407302209172295685
1407302300859830272
1407302345499811840
1407302386369056768
1407302419508305925
1407302485962891274
1407302547828883463
1407302586030514178
1407302609510281216
1407302826410266632
1407302950255529984
1407303021902635009
1407303032170287106
1407303078307577857
1407303116853334024
1407303147136208904
1407303342691389443
1407303407489138693
1407303549021835270
1407303603761516552
1407303604445212678
1407303721416069121
1407303827355844613
1407303960176828424
1407303987838193666
1407304178083545091
1407304196647424010
1407304268906967045
1407304411580403731
1407304430949748736
1407304610348425219
1407304685539807233
1407304806117556232
1407304872324648960
1407304969666154496
1407305007339347970
1407305045264277509
1407305049089482752
1407305064566476813
1407305114432507907
1407305369454624773
1407305430364311554
1407305492913926145
1407305674976075777
1407305901749555203
1407306004979724294
1407306152283627524
1407306195254272001
1407306276296605696
1407306353761296387
1407306735673561091
1407306823728779266
1407306866091245568
1407306869262200838
1407306875209621511
1407307008483676161
1407307022039650310
1407307025596440577
1407307127048183813
1407307294916976646
1407307378647703553
1407307380338180100
1407307382523404290
1407307383349518338
1407307385505521672
1407307385593470979
1407307385790779394
1407307422402760704
1407307437846183936
1407307508306354179
1407307705434398721
1407307811927822337
1407307998481960969
1407308027833700356
1407308086042316808
1407308199892508674
1407308382416031746
1407308586573783044
1407308629783482376
1407308890103029760
1407308963369132033
1407308979630399494
1407309104335536131
1407309143514488836
1407309186778734597
1407309226800779266
1407309248304930823
1407309353422569475
1407309526345396227
1407309581148168195
1407309813441249283
1407309832571559941
1407309845330530305
1407309900846440450
1407310007788523520
1407310090097545218
1407310165930545154
1407310388522323970
1407310588171239429
1407310597339877382
1407310598757666817
1407310628872654851
1407310831973548034
1407310838881456136
1407310967097155590
1407311136089903112
1407311339576610822
1407311535274352642
1407311583169155073
1407311832197603330
1407311875474345986
1407312126016884740
1407312165628002305
1407312324793339910
1407312334566141959
1407312411946848264
1407312412009631744
1407312865850167296
1407312906128183296
1407312914659393537
1407312987287953416
1407313012420120578
1407313061661319169
1407313101394001924
1407313192481660930
1407313307896369158
1407313327513014284
1407313350497816577
1407313466935984134
1407313633617514496
1407313650805784579
1407313672507113473
1407313713485451267
1407313736591937537
1407313789415010314
1407313962010517507
1407314002255003655
1407314027114602503
1407314098791014406
1407314131758243843
1407314154596208650
1407314173491613697
1407314206492397570
1407314252138962953
1407314265552400387
1407314274897301510
1407314353678921730
1407314359026651142
1407314425560829958
1407314493202386948
1407314800418377728
1407314856622034945
1407314902293876739
1407315113942601733
1407315173526970381
1407315180120387584
1407315188047564801
1407315233681690629
1407315375176523786
1407315474992570368
1407315492910534661
1407315513353637900
1407315581204828160
1407315600293126146
1407315947719954437
1407316178884771856
1407316184400384005
1407316328881561607
1407316493843509249
1407316525829263368
1407316543013281792
1407316595349807107
1407316639658524672
1407316766267740163
1407316778552811520
1407316966990389252
1407317132380098565
1407317145814454272
1407317166395953158
1407317223253884944
1407317241683759106
1407317247207616512
1407317364690018307
1407317374467031051
1407317377121988612
1407317387054039051
1407317401465765895
1407317435599003656
1407317444939587584
1407317445115850754
1407317536191004676
1407317538841804808
1407317545451937793
1407317570160676865
1407317579278995457
1407317581636243456
1407317709625479171
1407317715518464009
1407317742299058183
1407317823106523138
1407317828877836306
1407317912239710208
1407318033010397187
1407318092498231306
1407318153454133250
1407318155391901701
1407318205589303301
1407318212300230658
1407318212308619276
1407318212832866305
1407318261679656962
1407318278113005570
1407318319674310659
1407318422396882952
1407318516420722691
1407318701544771586
1407318703558074371
1407318706338910214
1407318717323747335
1407318824597217280
1407318870944329732
1407318908663697414
1407319015496851458
1407319031347089411
1407319061516726273
1407319094144258051
1407319244853874692
1407319311509819397
1407319314722603020
1407319356267241474
1407319395697897474
1407319436068012036
1407319552535547907
1407319580834512900
1407319637717618689
1407319696379109380
1407319823667838977
1407319860175151108
1407319862939107329
1407320019877482500
1407320136453955588
1407320440649957377
1407320489425522692
1407320503069687814
1407320860118093828
1407320891030003714
1407321044931727364
1407321069854330883
1407321135688134661
1407321333789249540
1407321363602235393
1407321455575056391
1407321463615598593
1407321571329462272
1407321597740998663
1407321738824851457
1407321743656632324
1407321746819190791
1407321795456294914
1407321907142213643
1407321957763366916
1407321973496090642
1407322054274265090
1407322104933109763
1407322213460623365
1407322323263406084
1407322333136687117
1407322378640703497
1407322389134860294
1407322481233432583
1407322482198024195
1407322484961988615
1407322487529017351
1407322487562588165
1407322508030791683
1407322509242945543
1407322547486695432
1407322619641278465
1407322655771004939
1407322656404393986
1407322730450407438
1407322813476839424
1407322885492969473
1407322906053447686
1407322925204656136
1407323050643763201
1407323145871233033
1407323201278038028
1407323330282197008
1407323482598350850
1407323526567059459
1407323563737161730
1407323618569240578
1407323756859691009
1407324090415910913
1407324124125532164
1407324181138640896
1407324197567840263
1407324232892272643
1407324239619833859
1407324491663826953
1407324497171070985
1407324511087775749
1407324640582774784
1407324744811220994
1407324768672653313
1407324828760215552
1407324874746601475
1407324925287931913
1407324953033297925
1407324985832755205
1407325044984975362
1407325150836674561
1407325205106774021
1407325267509514245
1407325310882881539
1407325417720143876
1407325463115087872
1407325498087141379
1407325534405681157
1407325683106340866
1407325702668656647
1407325725754114051
1407325913595977732
1407325940682797063
1407326043606749187
1407326138905530370
1407326139887017984
1407326162846691333
1407326270090842115
1407326297836113928
1407326380682010629
1407326417080229900
1407326450299047939
1407326452866035715
1407326515545661449
1407326516615258112
1407326518662008832
1407326546457681926
1407326586920185857
1407326694747291648
1407326730906447879
1407326756420325376
1407326804348706826
1407326849122725888
1407326966722830340
1407327074734555138
1407327197782855684
1407327290393088004
1407327366452555783
1407327369136721923
1407327464775376903
1407327507632640009
1407327549869395969
1407327638243381248
1407327660263497730
1407328069929652224
1407328072907378698
1407328096869662729
1407328135545303045
1407328205187518464
1407328223470538752
1407328456355061761
1407328517692481541
1407328519269535744
1407328590148997123
1407328680582471682
1407328785708507146
1407328847893311500
1407328886468251655
1407328905808207887
1407328945347907588
1407328981909749761
1407329045344362504
1407329064319434770
1407329087849381890
1407329108070182913
1407329155172245515
1407329376505581572
1407329449729724423
1407329455547244561
1407329514607230980
1407329521465016322
1407329524686090241
1407329559528280065
1407329689228648449
1407329811094179859
1407329842454990863
1407329862076010497
1407329948067667972
1407329973917126663
1407330024282337282
1407330028119990278
1407330028212326405
1407330028656873472
1407330028661080064
1407330029969629187
1407330030330421248
1407330043660062734
1407330077747167235
1407330088442552323
1407330103844130822
1407330106322915329
1407330173847019520
1407330183754010635
1407330273948311561
1407330294206771205
1407330309675356163
1407330354906775552
1407330358798999557
1407330938330222596
1407330975458209802
1407330998564622348
1407331078663254019
1407331095981535233
1407331117691289612
1407331187035709452
1407331247718866952
1407331297958170630
1407331402668982280
1407331417705562128
1407331452023361537
1407331615232114693
1407331703522201612
1407331734207795208
1407331798879703046
1407331905364758531
1407331955629334530
1407331957621637133
1407332155118669824
1407332205081382921
1407332312572960777
1407332380306771972
1407332408656109572
1407332478566686726
1407332499055861761
1407332506370822146
1407332511521427459
1407332544404549632
1407332544933023744
1407332602814603264
1407332714651525122
1407332718237696008
1407332744762433542
1407332813037355013
1407332839486545937
1407332846012874766
1407332935745814531
1407332947376717835
1407333010052206594
1407333414861217800
1407333451078983697
1407333485182914577
1407333488945205257
1407333551243108352
1407333559665401856
1407333633162154001
1407333684634697734
1407333721104125961
1407333752573997068
1407333795380989959
1407333802846920712
1407333839521910801
1407333895419355149
1407333968844820482
1407334065175465987
1407334120485797888
1407334134981312522
1407334479874727958
1407334739845976072
1407334756984016917
1407334858863566856
1407334902060703750
1407334980460724239
1407335022680547343
1407335061037457421
1407335061104517126
1407335214905446405
1407335249688793092
1407335321507962887
1407335379167027215
1407335575699398657
1407335688576569356
1407335724228169737
1407335735749926920
1407335744180457474
1407335794155606019
1407336068005904384
1407336131302236174
1407336169654865938
1407336256443404289
1407336273526853637
1407336305143521285
1407336316145111048
1407336335841583108
1407336387960094724
1407336475755257863
1407336541765222408
1407336770539339779
1407336869940113425
1407336927943180305
1407337010633875466
1407337011803996170
1407337174257831936
1407337242121707529
1407337325877628928
1407337326083297291
1407337447789314048
1407337449051787272
1407337562843271178
1407337581830803456
1407337584095895557
1407337588436914178
1407337685199507458
1407337745463267342
1407337753466085376
1407337776345976847
1407337794100510721
1407337877927780362
1407338224809349125
1407338385958703114
1407338401121116166
1407338501851521027
1407338576547913733
1407338655874699264
1407338697025019911
1407338726351572992
1407338783410999296
1407338788607692809
1407338828176801796
1407338952873365508
1407338980513828865
1407339111606784001
1407339265982349319
1407339313147297807
1407339351839813641
1407339374136733706
1407339400942473223
1407339413269630983
1407339427689549828
1407339451840335885
1407339481724854287
1407339514188775436
1407339533419565064
1407339540184977416
1407339579745636363
1407339652252569616
1407339777997918214
1407339810650480645
1407339842627801088
1407339844301434891
1407339901461405707
1407339950916386817
1407340001864601603
1407340044290072578
1407340046215221261
1407340127668641796
1407340175328518149
1407340178214162432
1407340290575421446
1407340322804350984
1407340387384037379
1407340487061745666
1407340498260578317
1407340553231024136
1407340596021403653
1407340817421848584
1407340822769643520
1407340848031936522
1407340923948867589
1407341113900507142
1407341177872031750
1407341182758309908
1407341222440718345
1407341235963150337
1407341394184843276
1407341426820669459
1407341482311393283
1407341490003755016
1407341494969700363
1407341507020009473
1407341542843498496
1407341661584306191
1407341946373345291
1407341979428663303
1407342014836903952
1407342031781892100
1407342040749334539
1407342158525390852
1407342261877231617
1407342263559233540
1407342321008529411
1407342400792666122
1407342435525697537
1407342585153216528
1407342611032166414
1407342611468328976
1407342620888768515
1407343020068986881
1407343046811963398
1407343084267094030
1407343085055533061
1407343327851188234
1407343404233670656
1407343478409945089
1407343553085386753
1407343569300602891
1407343609054175240
1407343720064815104
1407343862880915473
1407343890290642945
1407343952638906371
1407344131219898379
1407344152501800966
1407344204502777862
1407344257019662341
1407344368541962240
1407344403354722311
1407344408144629773
1407344410648580107
1407344484447404034
1407344702991605764
1407344715494723591
1407344760071798786
1407344783077613576
1407344880414769163
1407344880779735040
1407344923846791177
1407344997763010573
1407345074694930434
1407345127346016256
1407345127950110723
1407345128776212480
1407345130030321665
1407345130445500416
1407345216231780353
1407345261589024779
1407345287732019202
1407345304035340301
1407345457416790033
1407345575461281806
1407345576392470537
1407345707728703496
1407345711998459910
1407345728574398466
1407345771306008595
1407345774430670849
1407345869620400136
1407345882794807304
1407345924045684739
1407346102748209154
1407346176391790595
1407346182075174935
1407346423612518415
1407346454948200454
1407346472052482053
1407346655729491985
1407346666840150028
1407346797996019717
1407346846465417224
1407346956876369921
1407346976480448519
1407347062446989314
1407347099637854209
1407347140964331531
1407347223420145673
1407347259734429699
1407347323173326851
1407347384858943489
1407347395348869131
1407347430392274946
1407347507479388163
1407347553679593472
1407347575674507267
1407347643873828864
1407347653789290496
1407347777768726532
1407347817568518149
1407347862942404619
1407347895905443850
1407347943733088259
1407347954416033796
1407348130824269824
1407348179188727811
1407348184322613250
1407348190223994881
1407348298667773969
1407348412769521665
1407348428888227842
1407348443455143942
1407348517849473034
1407348579602206723
1407348605271396357
1407348623722037256
1407348746397143041
1407348749739962370
1407348779892813829
1407348790802124809
1407348902307807246
1407348902366416912
1407348982699921422
1407349104309592080
1407349154129629184
1407349159481466893
1407349209595006995
1407349319863242755
1407349332194516992
1407349337798107144
1407349365472169995
1407349376410963976
1407349417569624067
1407349453032460303
1407349497957584900
1407349563527151617
1407349576093274128
1407349734117883909
1407349812287180801
1407349839281655827
1407349902854742018
1407349954063093764
1407349961155661833
1407350040738336771
1407350075613925380
1407350160582008832
1407350160716300288
1407350201250201600
1407350256682024962
1407350372411318286
1407350558818701314
1407350630851788803
1407350631963234318
1407350662250340353
1407350700183543810
1407350814767726606
1407350832757104646
1407350857411215366
1407350871969697800
1407351129332191244
1407351155886374916
1407351180129406983
1407351288707403782
1407351343241641988
1407351375718240276
1407351511823400970
1407351620783034394
1407351695533916172
1407351707613401098
1407351713720418308
1407351944734195713
1407351947921969164
1407352003613896723
1407352003819343876
1407352190172340237
1407352206983110669
1407352230794174475
1407352245428031491
1407352293188587520
1407352304928538629
1407352474109943821
1407352680054333440
1407352680994033669
1407352681493004289
1407352683305000967
1407352685536362500
1407352685909577728
1407352688363204610
1407352690011684866
1407352691106398212
1407352695661473802
1407352701177020425
1407352727080931342
1407352761256120327
1407352771813253138
1407352797532667911
1407352804168155138
1407352812950982665
1407352959005085701
1407352959663587332
1407353128777887751
1407353376719921154
1407353602843332611
1407353695310946323
1407353700516044809
1407353706425864193
1407353716999548928
1407353873761718284
1407353897015033859
1407353904803848195
1407354035997401105
1407354052669755398
1407354072777252872
1407354082872922116
1407354172475908103
1407354542388285447
1407354617084710922
1407354869594394643
1407354942218637314
1407354958790508555
1407354968760328200
1407355000058265610
1407355193994452995
1407355335283707905
1407355369807126531
1407355416384835593
1407355453705752589
1407355499943809036
1407355529522028547
1407355539550617603
1407355788310499333
1407355858653257731
1407355998763991054
1407356019026632706
1407356085497892867
1407356270269640704
1407356290691633152
1407356391514333203
1407356484787265542
1407356499521847301
1407356529494441988
1407356578051788804
1407356685954469893
1407356703050551300
1407356708423454725
1407356747191312389
1407356771803488256
1407356812958093316
1407356836504813568
1407356976292667392
1407357025240195078
1407357037441339394
1407357103665254410
1407357105967882241
1407357197106008076
1407357265242374151
1407357301049204752
1407357355352805383
1407357488391991296
1407357666926731269
1407357668310851594
1407357769922060295
1407357782701985794
1407357907663044612
1407357929674657795
1407358069261094923
1407358085102977026
1407358193500626947
1407358263469948928
1407358398400761860
1407358408223768583
1407358450108178438
1407358479526993928
1407358553128636425
1407358568702087168
1407358900274348037
1407358978045140999
1407359279506526209
1407359459681243140
1407359581244768261
1407359695061458948
1407359722257330181
1407359797528252422
1407359921876877315
1407359975173799941
1407360072368463882
1407360083839778819
1407360228203638784
1407360284201832450
1407360285443334144
1407360318288928775
1407360420134981639
1407360478205075457
1407360529862213641
1407360544848420869
1407360605028298756
1407360671285657602
1407360755473735680
1407360776109703176
1407360943890305027
1407361044679479303
1407361122483716101
1407361147142127616
1407361251307630605
1407361323273441284
1407361366512607239
1407361508191920128
1407361579268587524
1407361661447639046
1407361705651355655
1407361735875571713
1407361791852793862
1407361896597049350
1407361902737506308
1407361952381296647
1407361995188359171
1407362052201529346
1407362172217442308
1407362176826945543
1407362313586417671
1407362433010835457
1407362466955341830
1407362724661710852
1407362735613095940
1407362755099873290
1407362776494968832
1407362837366939649
1407362838440644614
1407362913287999494
1407362928492306435
1407363008406433806
1407363055982370816
1407363175398481930
1407363224962469888
1407363277273939970
1407363287738683393
1407363297247043588
1407363305237364743
1407363367241666567
1407363495486705665
1407363574402629636
1407363642039828487
1407363695345348612
1407363709362749444
1407363859426447365
1407363873896865801
1407364002464796675
1407364075659710472
1407364119741833219
1407364206836555780
1407364328156798980
1407364447975399429
1407364450206769152
1407364650543595527
1407364666259615745
1407364696114671621
1407364811986456582
1407364895276998662
1407364986024960010
1407365016391753733
1407365016488136705
1407365042639679489
1407365046402007043
1407365073870393345
1407365123136688139
1407365125594570757
1407365153935577092
1407365181068427270
1407365214002159619
1407365246210166798
1407365295367413764
1407365398115274758
1407365412527001610
1407365426779131906
1407365561059790851
1407365593263755266
1407365614696534023
1407365624939126784
1407365646128648195
1407365789548752897
1407365919857430531
1407365955093729288
1407366009321930759
1407366013734227978
1407366048513499140
1407366072899194880
1407366122412908553
1407366180407496713
1407366231229972484
1407366276939403268
1407366311856988163
1407366351484821505
1407366417935130630
1407366492480585730
1407366534574444548
1407366569081163776
1407366643089608705
1407366839907278851
1407366853400399876
1407366888271843332
1407366933448699904
1407366960246145024
1407366965816172568
1407367026528641026
1407367045415583745
1407367119281475588
1407367132501975041
1407367227532140547
1407367433854259205
1407367524333854721
1407367656571916297
1407367723806515202
1407367776625254405
1407367781259956229
1407367782971310080
1407367783856414720
1407367788038025216
1407367790181421062
1407367826311106561
1407367834661965827
1407367880052772874
1407367928979337223
1407368242386063364
1407368334081933317
1407368435282157570
1407368487136333824
1407368523345805313
1407368535622533122
1407368561815863301
1407368572519788553
1407368617008762887
1407368705357537281
1407368754938494977
1407368783639896065
1407368818469617673
1407368950221000704
1407368960610390017
1407368963298893824
1407368970311716868
1407368998669492229
1407369051903598600
1407369126436343815
1407369163094564867
1407369213589721093
1407369242555584517
1407369345798389776
1407369374391017478
1407369403142918147
1407369469400424453
1407369574815780866
1407369663349235713
1407369719586471945
1407370205257478148
1407370293333532673
1407370305216167945
1407370331904413702
1407370340473487374
1407370382760452096
1407370385105039365
1407370385889370117
1407370391916535808
1407370460917125123
1407370515338219524
1407370516961316865
1407370628731002886
1407370654014492675
1407370701619843078
1407370752458956800
1407370970474627088
1407371069284139013
1407371099734745097
1407371118009360394
1407371213517819912
1407371262561853447
1407371567705825282
1407371662912274437
1407371671502270464
1407371703148240902
1407372003430912001
1407372069227188227
1407372121051906051
1407372215780249602
1407372267311570946
1407372302413709321
1407372421536129029
1407372443627491329
1407372493988507658
1407372745638305793
1407372783827435525
1407372863464787968
1407373010751864835
1407373104171585544
1407373113072001027
1407373121959731201
1407373170470961165
1407373216285351941
1407373277878759428
1407373399664566277
1407373409001127939
1407373456975405057
1407373473261969409
1407373509177888771
1407373530921062408
1407373598826930182
1407373701222473735
1407373701788717058
1407373839093350410
1407373845015707659
1407373934908092425
1407374006647394307
1407374204211712002
1407374230950486028
1407374235471917060
1407374327717244928
1407374735982333957
1407374744576528386
1407374840890331141
1407374877082984456
1407374891028996096
1407375001523736581
1407375046889422853
1407375128816766979
1407375327823863818
1407375387592626181
1407375464340074501
1407375519474143243
1407375544010870785
1407375717696954375
1407375738882428928
1407375782176038915
1407375834390859778
1407375885221629955
1407376009998045184
1407376067711623171
1407376482780037124
1407376651776839682
1407376727874093056
1407376851220140034
1407376859365580803
1407376862133772297
1407376863119425537
1407376869004132359
1407376936532316160
1407376944958775296
1407376952684695557
1407376964508336134
1407377148915208195
1407377263813922826
1407377336345956355
1407377342633156608
1407377359251165187
1407377371544555520
1407377393296281601
1407377515350532097
1407377581695979520
1407377592471195650
1407377604882190336
1407377749782806537
1407377796725448705
1407378058613608451
1407378062371704834
1407378193095479299
1407378238477942787
1407378263043944458
1407378337861967881
1407378397723045889
1407378456581750785
1407378499690708997
1407378708340563973
1407378993368637448
1407379013962764288
1407379071512846338
1407379139699613696
1407379270876504064
1407379370772140032
1407379434844438529
1407379556009381888
1407379575420641280
1407379578180542470
1407379625370660871
1407379640038084608
1407379767125549063
1407379810683441161
1407379911585800203
1407379923845718022
1407380243292295170
1407380322845593603
1407380359902289921
1407380376377454594
1407380427426471938
1407380490194128902
1407380531277352962
1407380534737739780
1407380888099381253
1407380920441704448
1407380953723506688
1407381002020872196
1407381065027698696
1407381096967413761
1407381098200506375
1407381518926848000
1407381642335985668
1407381693506392070
1407381826969145344
1407381956338257920
1407382025267560452
1407382076039516160
1407382266725253120
1407382326305345542
1407382355833241600
1407382450792185861
1407382513450995720
1407382626059628545
1407382648952168450
1407382876086161413
1407382877747126276
1407382877906477061
1407382881622691842
1407382882331594757
1407382887150678019
1407382894620856326
1407382918679384067
1407382948043800583
1407382974182608896
1407383065123565569
1407383101353910274
1407383124519096320
1407383181041545225
1407383294484832259
1407383375267106825
1407383380031938564
1407383481789865987
1407383619690242052
1407383632730337283
1407383632788983817
1407383644201705476
1407383656662982663
1407383766708867074
1407383829124366348
1407383922925834241
1407383967477768193
1407384026638344198
1407384059840507905
1407384108444139521
1407384115138211846
1407384146352263178
1407384253340565506
1407384331316781063
1407384386249572366
1407384607595638786
1407384706086211584
1407384765968392193
1407384871614492679
1407385226943336456
1407385316009316359
1407385338016931841
1407385360804499457
1407385371915259906
1407385492841242625
1407385500541988875
1407385695342170113
1407385699268141062
1407385839794012161
1407385904726085642
1407385928008704004
1407385968982757383
1407386046912937989
1407386405567934471
1407386410856943617
1407386458114101254
1407386554386030596
1407386558529998852
1407386651081396226
1407386653782593537
1407386670039584774
1407386699156672512
1407386734338392068
1407386786515542017
1407386967776632843
1407387111247040513
1407387215945162759
1407387232948961282
1407387246110576646
1407387296782032905
1407387364511596547
1407387428097347587
1407387519730307075
1407387707253342215
1407387846604898304
1407387909448028163
1407387996802871296
1407388198427299847
1407388221571485696
1407388277292871680
1407388347396411394
1407388357831843848
1407388364731518979
1407388365046099968
1407388371207458816
1407388377507373059
1407388470956408833
1407388558869123084
1407388562576793605
1407388732353810433
1407388773999075328
1407388841091153933
1407389033014173696
1407389047945846785
1407389076244766724
1407389149707988992
1407389194155139073
1407389214984048643
1407389323557756932
1407389326854569990
1407389327567593482
1407389648209522692
1407389793080672256
1407389841042595845
1407389930725199877
1407389947468947459
1407390026716041221
1407390056852164615
1407390265908793345
1407390323890917380
1407390427758665734
1407390474550366211
1407390482850893826
1407390483089854471
1407390536382754819
1407390555101859846
1407390570591445000
1407390621782921220
1407390656037900292
1407390672584384520
1407390704259764225
1407390706784772106
1407390894085521414
1407390961571860482
1407391073337581571
1407391319941697549
1407391424144936966
1407391506403577857
1407391695361163276
1407391706291580935
1407391919517351946
1407392018972790788
1407392042481762305
1407392240985640961
1407392439850123270
1407392439892054018
1407392441381105665
1407392478613868547
1407392631441825792
1407392647363301382
1407392653008834564
1407392745220628480
1407392936812236806
1407392942579499009
1407392954851942408
1407393067775283203
1407393110158680070
1407393111605719040
1407393199342112777
1407393210532573184
1407393241914392588
1407393248017014784
1407393380544430088
1407393405102133251
1407393415340249088
1407393456566194179
1407393562451456007
1407393653522370560
1407393733210001413
1407393746921136129
1407393796657233921
1407393807096762373
1407393875992453126
1407394057312145408
1407394104632348673
1407394125364744193
1407394201021517824
1407394201126543361
1407394201164255235
1407394201629716483
1407394214393090052
1407394227600998400
1407394281560719363
1407394341421817865
1407394470866395139
1407394507889446917
1407394592916389890
1407394693344804865
1407394865386864645
1407394959028785153
1407394960400392199
1407395106060222469
1407395149353738250
1407395245973819392
1407395310108876804
1407395358125268994
1407395385488941062
1407395459237257219
1407395459421724679
1407395468397666312
1407395477977505797
1407395480049532930
1407395517018034178
1407395590959415304
1407395603659866114
1407395839069282310
1407395846786666499
1407395876486668288
1407395904672481281
1407395934011592718
1407395935865520128
1407395990924054528
1407396045907279873
1407396066945810433
1407396220419534857
1407396231056404488
1407396283950800899
1407396311310245889
1407396366872190977
1407396519146369029
1407396522325688324
1407396602235568129
1407396616139595778
1407396684942938116
1407396705042042881
1407396733135556613
1407396795643215875
1407396898797936644
1407396933619048451
1407396941764481030
1407396959657279509
1407396963914555403
1407397071884374016
1407397297110011906
1407397299479851017
1407397381566566403
1407397416580550668
1407397604699299848
1407397845557260289
1407397943540432900
1407397976734113799
1407397981226213385
1407398018614272000
1407398218976088065
1407398232431464448
1407398338614468615
1407398408629985287
1407398423809175559
1407398472463028224
1407398565157212165
1407398580613226502
1407398591296163843
1407398650410582019
1407398669356314629
1407398734430941187
1407398843751321606
1407398844422266880
1407398868975767556
1407398877443940354
1407398955621703691
1407398964937306113
1407398979655061507
1407399165710176262
1407399180054695938
1407399245209088007
1407399273944207369
1407399390948495361
1407399454374871047
1407399457445060614
1407399505960456193
1407399556040605696
1407399590270283776
1407399599803863040
1407399613116604420
1407399621211602949
1407399659480440837
1407399790015660034
1407400014431801344
1407400021159522305
1407400045738180609
1407400221223575552
1407400238793596933
1407400340262170625
1407400421182906368
1407400665182265346
1407400705292447748
1407400796057133057
1407400819230707712
1407400822640721923
1407400839250157573
1407400980174540805
1407400986130403335
1407401015284994050
1407401099846377473
1407401119568039936
1407401163817955329
1407401332064063488
1407401341014654979
1407401399747493900
1407401428881117184
1407401540487421953
1407401734146756612
1407401936102567943
1407401954117099526
1407402229473202181
1407402363850268674
1407402491428409348
1407402672039383043
1407402690762653696
1407402895067254789
1407402913710972928
1407403077481734145
1407403099732561929
1407403189465350145
1407403233065287681
1407403233778282499
1407403247900540933
1407403351541792779
1407403351709474819
1407403397922365440
1407403409519616016
1407403483196755972
1407403506881945611
1407403519179644932
1407403543997321218
1407403617049530369
1407403624163053577
1407403654030655488
1407403944398176265
1407403978074243072
1407403982943920129
1407404073817718786
1407404123532713984
1407404124296171520
1407404165144494080
1407404269020536837
1407404560147230726
1407404630993219585
1407404684181180416
1407404716875735045
1407404720554131460
1407404723649630213
1407404832802148353
1407404919968223232
1407404921247371264
1407404933972963331
1407405033793245186
1407405043272278024
1407405070468227075
1407405167989956611
1407405273635987459
1407405284545400838
1407405335401349125
1407405379756171266
1407405390711693313
1407405474992082954
1407405526833631242
1407405528284745730
1407405568025841670
1407405574959083524
1407405690008883203
1407405754060095497
1407405761731469317
1407405844279480322
1407406002081832968
1407406060500099079
1407406064941809665
1407406067198435330
1407406069656211456
1407406214875594756
1407406429061926916
1407406702438367238
1407406783711170561
1407406784000708611
1407406912572907520
1407406915144065024
1407406918700781571
1407406927940829194
1407406956231397384
1407406988154257418
1407407031041105935
1407407203607355396
1407407234053775361
1407407245588111367
1407407260012265483
1407407545044590599
1407407595552448527
1407407704856055812
1407407878672166918
1407407914608889864
1407408002139889668
1407408041905950725
1407408062160412676
1407408283011502081
1407408548288532481
1407408582350577669
1407408664886063108
1407408762047062019
1407408762734977024
1407408846331580429
1407408935032672263
1407409051785441293
1407409158408785924
1407409243377045509
1407409274586865664
1407409300671111168
1407409314252394502
1407409423119757325
1407409454014885888
1407409501863563266
1407409652476760064
1407409765727326210
1407409767044243467
1407409845024743439
1407410042970820613
1407410056971395084
1407410146687565834
1407410414154039296
1407410417484304388
1407410424170037253
1407410558580658176
1407410568546373635
1407410580961513477
1407410589178249217
1407410599366217732
1407410670069587970
1407410688520228866
1407410711010103296
1407410737128128514
1407410760901345296
1407410776185442308
1407410914706571264
1407410932477739014
1407410943210962951
1407411020822462464
1407411361114734597
1407411597832765447
1407411813332013065
1407412026780041220
1407412040050823168
1407412111609843713
1407412150575013898
1407412220854738950
1407412280418095105
1407412318477197316
1407412332062461957
1407412338018295815
1407412341277282311
1407412341495373824
1407412353696632833
1407412418683211777
1407412541467287555
1407412549084237827
1407412598233042946
1407412684920868864
1407412756232482818
1407412786439720963
1407412904081690630
1407412943143288838
1407413067500171270
1407413075481825283
1407413079844036609
1407413081140076555
1407413084054900737
1407413105001439237
1407413121422180353
1407413129022263296
1407413177004998660
1407413266033385476
1407413284073000964
1407413301122940930
1407413327022657536
1407413527325941764
1407413534431092741
1407413537874534404
1407413587543478279
1407413600558280708
1407413919904321536
1407414106894839813
1407414307479080967
1407414349615009792
1407414587507544064
1407414779157880835
1407414831532150787
1407414858841300994
1407414865615011844
1407414959311568900
1407415122142896129
1407415154984329222
1407415358005252100
1407415358479388672
1407415371024322561
1407415372840587273
1407415405354926083
1407415591623929856
1407415592261455872
1407415601954426891
1407415603204403202
1407415678081114114
1407415827524210690
1407416055966863363
1407416095028383749
1407416137630031872
1407416173667442691
1407416188750155781
1407416211495915529
1407416341238255616
1407416355419262984
1407416386650087428
1407416426189803525
1407416456669716480
1407416724639653906
1407416808827723777
1407416854193246209
1407416871951814658
1407416897180667906
1407417077342822405
1407417152198660100
1407417270419271688
1407417487327703040
1407417680911646729
1407417838789332993
1407417976266149897
1407418108269109249
1407418119526793219
1407418611548004356
1407418761779449858
1407418783166201856
1407418799750533125
1407418922379497478
1407418945955565572
1407418991602196491
1407419041489227778
1407419045868146689
1407419123437641731
1407419328069308416
1407419366501601289
1407419405445873668
1407419425138130954
1407419554406481921
1407419622752718852
1407419834405621765
1407419954622865410
1407420011426336773
1407420041776226305
1407420142301163520
1407420317664899073
1407420393523232770
1407420574217932805
1407420626198056964
1407420626462183428
1407420626998939650
1407420799053598723
1407420814597754887
1407420884101566465
1407420892964130826
1407420894520152072
1407420901365256200
1407420914136924166
1407421019963416579
1407421020609253377
1407421057204641792
1407421357252612098
1407421367708946437
1407421391809490944
1407421478484811778
1407421587494735880
1407421611381243904
1407421683074584590
1407421836430807042
1407421959210680320
1407422139238653955
1407422230343073793
1407422305903419394
1407422388720095246
1407422397578452998
1407422449898098688
1407422485247692800
1407422526846865413
1407422732145418242
1407422763216912393
1407422771978817547
1407422799162003456
1407422908495020041
1407422928329838598
1407422977969430532
1407422988023107584
1407423055945682948
1407423066658033664
1407423084571901953
1407423130046451713
1407423152221741065
1407423157095571460
1407423161520562187
1407423271679766529
1407423278587826179
1407423353791598596
1407423358455648268
1407423437547741191
1407423472180006917
1407423585560535054
1407423600899112965
1407423687037444107
1407423716385083399
1407423722659717129
1407423776216788993
1407423811826421770
1407424022707593225
1407424227179995139
1407424230355095552
1407424278035845121
1407424311548329986
1407424353978007553
1407424399662329857
1407424461746417667
1407424542075621376
1407424629245984785
1407424811807162375
1407424821865156608
1407425038186385415
1407425085749743622
1407425189705519105
1407425191777554440
1407425197477486593
1407425280269066247
1407425603209502725
1407425657915772933
1407425818121416708
1407426026003644421
1407426085415964672
1407426127346421762
1407426304954228736
1407426318459752455
1407426344976257033
1407426362097516550
1407426425783738368
1407426465860308995
1407426545275355136
1407426573607833602
1407426696303857681
1407426830525739012
1407426911526129667
1407426916244541445
1407426982896361472
1407427041906003976
1407427177696608257
1407427182692081666
1407427188392071181
1407427194524213251
1407427216028409863
1407427266024558594
1407427330985824256
1407427365429469186
1407427414511214595
1407427667754995725
1407427933682212871
1407427967966384131
1407427993870516224
1407428034995630084
1407428151987290116
1407428176666451968
1407428176792281088
1407428177471754244
1407428233746862083
1407428331172159491
1407428338700914696
1407428492174712835
1407428505210589192
1407428562148278277
1407428731686338565
1407428824871145473
1407429315223068677
1407429341550632960
1407429433234014210
1407429458726948865
1407429613987549186
1407429688633483265
1407429693016576003
1407430024085610497
1407430187927572481
1407430242864619525
1407430261588041731
1407430265203564547
1407430278012981254
1407430291900207104
1407430294039416836
1407430330764640256
1407430378944667650
1407430495017881601
1407430498163605508
1407430521303539712
1407430644720865289
1407430691202158601
1407430748907397122
1407430770642272265
1407430871372775436
1407430903157063680
1407430947662880775
1407430970962231302
1407430980810465280
1407431005317763078
1407431052134596611
1407431242509922314
1407431303511916564
1407431344574115842
1407431446130696192
1407431481991974914
1407431599998881792
1407431670865747973
1407431733939687431
1407431855897513986
1407431871932387333
1407431949522771976
1407431953528365063
1407431973606346752
1407432264435253260
1407432475060621320
1407432633798299649
1407432725490016258
1407432863813877764
1407433106659987463
1407433130420604931
1407433175446568968
1407433179540115459
1407433222728810498
1407433233411805200
1407433233772552197
1407433234154098688
1407433248821624844
1407433403654418441
1407433555991580684
1407433742604505095
1407433976969584642
1407433979867893764
1407434214417616900
1407434269539115012
1407434271015514122
1407434285913722881
1407434569209556992
1407434660305686534
1407434799841677318
1407434895643840513
1407435159759200256
1407435411010510850
1407435532423020546
1407435588760969218
1407435678267416579
1407435724367007745
1407435725310611458
1407435725771923460
1407436308365070342
1407436344490659849
1407436477739552771
1407436485918400524
1407436494864797701
1407436510761304068
1407436597373636613
1407436624045150210
1407436794669502466
1407436879704825864
1407436952060809223
1407437046021492739
1407437193006792724
1407437249197731840
1407437255162187782
1407437403581726728
1407437488638078985
1407437545349263372
1407437672025632770
1407437752363196416
1407438212377759745
1407438240924061698
1407438241045823494
1407438252919906306
1407438589777092608
1407438689546997766
1407438706030649348
1407438855477813254
1407438991113306119
1407439088731537414
1407439157484457987
1407439247506825217
1407439400276054019
1407439514092642307
1407439611920535557
1407439644082454529
1407439666694000647
1407440121968816131
1407440173848268813
1407440456707870726
1407440528942243846
1407440535422394370
1407440640523255813
1407440758462877699
1407440789538488322
1407441024843145216
1407441039187755016
1407441085345980421
1407441173254443008
1407441198868926469
1407441205504331779
1407441451101921283
1407441668354228225
1407441683374084098
1407441737228898306
1407441886609031174
1407441937729196032
1407442251941388291
1407442445529403393
1407442476965810183
1407442480681963522
1407442640111648771
1407442649775235072
1407442721107755019
1407442764648923144
1407442798807240707
1407442806554173441
1407442829299924994
1407442914482036743
1407442971054727172
1407443125275070474
1407443180371562502
1407443228740235264
1407443274114076674
1407443274831335424
1407443275494080512
1407443276580392960
1407443278685827074
1407443280007241731
1407443286160203776
1407443286223163396
1407443287586246662
1407443289503109120
1407443298327961605
1407443369454936064
1407443519913041925
1407443532302983174
1407443659423891458
1407443686728810497
1407443789942300673
1407443826835214339
1407443898620956675
1407444162912391172
1407444245020135424
1407444292663193601
1407444339731599360
1407444377493028870
1407444396417617932
1407444525136687117
1407444701079298051
1407444788505362439
1407444877533757442
1407444908194111493
1407445026767085569
1407445035579285507
1407445187283013634
1407445225719615494
1407445746518048772
1407445780353454081
1407445790885302273
1407445839082049537
1407445916068503558
1407445998402785282
1407446003805044739
1407446153420066817
1407446177386319880
1407446181513502723
1407446234240016390
1407446298136035335
1407446332579667968
1407446584950992897
1407446697232547840
1407446727674695680
1407446732804329479
1407446811934179331
1407446954649522177
1407446967907717125
1407447049377746944
1407447071892905993
1407447123377987586
1407447153346334724
1407447267506860034
1407447479126200320
1407447511460200454
1407447654444015621
1407447761570643968
1407447862552805377
1407447863769042945
1407447944559796234
1407447948389126145
1407448085429641223
1407448124159934466
1407448276316704773
1407448283862253573
1407448330301587458
1407448566025666562
1407448658149351425
1407448935048830981
1407448999666257924
1407449126720180224
1407449363106959361
1407449579486863364
1407449718746234885
1407449846995423232
1407449995985444867
1407450163854127104
1407450178601299972
1407450229075415043
1407450521649225737
1407450537231110149
1407450616226590721
1407450665408942082
1407450801400918020
1407450824532430851
1407450825786494978
1407450884452323332
1407450995739738116
1407451071878926336
1407451178426896385
1407451200014913540
1407451255790784516
1407451318789230593
1407451375097819143
1407451389601718272
1407451392952918017
1407451409801531396
1407451666207682564
1407451673581195268
1407451758746611725
1407451801289433091
1407451812261679104
1407451883422339080
1407452060572864515
1407452155662024705
1407452161005572098
1407452318640095238
1407452332946776069
1407452372733939717
1407452492305211395
1407452517466837001
1407452547657445399
1407452558671626250
1407452633565216774
1407452693065568259
1407452710480355331
1407452870983704586
1407453173724454912
1407453205806604293
1407453255240671238
1407453340334624768
1407453340439482368
1407453462368075793
1407453497596035075
1407453583935782922
1407453636603650053
1407453699971031042
1407453730547634180
1407453737103335425
1407453924441874437
1407454156554653699
1407454599217299466
1407454690879680512
1407454753563496456
1407455368855179264
1407455419358982155
1407455744396496905
1407455856921235457
1407455950919843841
1407456079953412096
1407456181078069249
1407456250527354883
1407456334279327745
1407456374724956160
1407456456945852416
1407456488289976327
1407456571492212742
1407457084237660160
1407457103300726784
1407457125249527814
1407457265960075267
1407457313020170244
1407457494117531653
1407457638468755456
1407457691740610568
1407457705493766147
1407457796371648518
1407457956229222401
1407458006070091787
1407458009098428417
1407458030267027459
1407458059371356160
1407458072050741255
1407458121983959045
1407458343724146688
1407458402201128960
1407458407574126592
1407458413756522500
1407458439727661061
1407458474779463689
1407458609378779139
1407458664697536514
1407458771945725952
1407458950816178181
1407458961180274700
1407459051836002304
1407459128922890248
1407459144056070148
1407459266391207939
1407459285848690691
1407459341926608904
1407459457513279500
1407459472314863621
1407459516577468417
1407459567349424132
1407459587851173894
1407459640523333639
1407459714074660871
1407459883436359682
1407459899538280454
1407459909596295172
1407459930320351237
1407460088697262087
1407460168347029509
1407460290611105794
1407460376468393987
1407460429274681350
1407460609688494087
1407460676998676480
1407460796658077697
1407460823166033923
1407460890203492357
1407460900831956993
1407460940287819783
1407460975859486722
1407460999423275009
1407461012685692928
1407461028116447235
1407461052908978177
1407461229040386053
1407461298447785986
1407461373601325070
1407461415963742213
1407461683593949186
1407461700262141953
1407461769359118339
1407461811180519429
1407461880940175362
1407462000461070338
1407462010707656709
1407462016319639564
1407462020597882881
1407462161425764353
1407462170758160387
1407462219609214980
1407462335862693892
1407462398752182277
1407462591413342211
1407462726599905280
1407462755209297920
1407462968707764226
1407463114539405313
1407463175616876545
1407463203748122628
1407463406777499652
1407463418328764416
1407463510301360129
1407463644351414276
1407463667113803787
1407463751331221508
1407463803512446978
1407463804250705921
1407463806242942976
1407463806465306626
1407463806834413569
1407463841940885505
1407463959167385609
1407464016994308096
1407464182946095109
1407464668751450114
1407464700842070022
1407464792420388871
1407464819482148864
1407464890701393920
1407464946649157636
1407465092850110469
1407465119798415360
1407465154170793987
1407465295518875657
1407465380793159687
1407465420005773317
1407465540134883339
1407465641569890304
1407465666681225223
1407465722859724800
1407465807106482191
1407465877784739847
1407465924047822857
1407465934407753735
1407465941005484036
1407465956775968768
1407465974538850306
1407465990275874822
1407466121888927748
1407466175181869056
1407466231049883651
1407466292672700416
1407466344145162245
1407466505982431237
1407466727617748999
1407466778050154513
1407466871377514501
1407466900913901572
1407466916822892544
1407466917804265473
1407467299473346560
1407467318804992000
1407467361561726977
1407467654462455812
1407467690063708168
1407467773849227271
1407467811329363970
1407467957731659777
1407467995329437697
1407468002405199873
1407468044243324929
1407468160429797382
1407468182781239297
1407468254088642567
1407468288876052483
1407468301534511107
1407468435878166535
1407468438545633284
1407468439887761408
1407468450247811078
1407468464579780611
1407468536839217152
1407468672474566657
1407468840074809346
1407468873687965696
1407468934329155588
1407468947486785540
1407469097651163140
1407469407362822146
1407469500790870019
1407469560714907653
1407469698111860739
1407469700045586432
1407469753757753345
1407469833659236352
1407469880933224449
1407469942765654030
1407469997316874241
1407470135519100933
1407470165768421382
1407470201617014784
1407470312279744513
1407470320945086464
1407470359004205060
1407470369817206788
1407470643524812803
1407470706280091648
1407470799481679873
1407470956625362945
1407470978364477459
1407470992042172419
1407471100603289603
1407471208153579523
1407471398604443650
1407471459853815809
1407471479923654657
1407471492657565698
1407471524064514049
1407471676162457601
1407471974822068227
1407472026537824256
1407472158612332544
1407472204669935618
1407472308827078659
1407472318658584580
1407472473457713152
1407472515077836801
1407472541438971904
1407472577342328836
1407472680178262021
1407472688642199557
1407472760641703941
1407472865742557188
1407472884029796355
1407472935095443456
1407472981635371010
1407473473832685570
1407473508968550407
1407473538458558467
1407473588798636039
1407473673150271497
1407473740565389316
1407473792629284873
1407473850426789891
1407474129301803010
1407474146137804801
1407474218724429825
1407474383535419393
1407474436966694921
1407474535851569153
1407474542734413824
1407474556948910080
1407474573671555078
1407474683696533506
1407474762566324227
1407474852852817920
1407474919101931520
1407475029885997058
1407475095958872071
1407475180482576387
1407475186681712645
1407475345662660615
1407475620515299335
1407475687376703491
1407475954964959238
1407475998577278979
1407476114788859906
1407476255641935875
1407476368166764547
1407476382817525768
1407476415482716165
1407476467009822723
1407476585024966663
1407476744576147457
1407476950235557889
1407477041172291584
1407477144494739456
1407477149355941888
1407477185863106565
1407477273939353609
1407477280356581384
1407477336941993993
1407477373726044165
1407477375428923395
1407477382521499654
1407477525115195395
1407477641402372106
1407477650252251137
1407477656036294660
1407477707357790211
1407477937356611601
1407477955366993923
1407478032605003778
1407478072874504195
1407478268954095616
1407478503818379266
1407478533035675654
1407478574139969537
1407478580880326656
1407478646571520002
1407478652078538760
1407478662773895170
1407478897952931845
1407479029335273473
1407479035580620802
1407479045286158339
1407479080363171847
1407479232884789249
1407479256410624003
1407479268955803650
1407479306293497856
1407479342230392832
1407479373763076099
1407479393069453314
1407479420160512003
1407479492319363075
1407479501072785414
1407479514037460993
1407479625123516417
1407479661467111428
1407479672498184196
1407479764613578755
1407479888974692352
1407479925133676544
1407479994201395203
1407480034592530437
1407480123423703046
1407480174770262017
1407480175290355720
1407480195876069377
1407480234220339201
1407480244257406976
1407480325580677127
1407480352319455235
1407480483022348288
1407480525997150213
1407480684453761025
1407480701281345538
1407480835192807425
1407480857032540166
1407480945398239234
1407480994006028291
1407481023038836740
1407481024402149378
1407481024980738052
1407481049127559168
1407481069000142848
1407481162008760324
1407481189796093954
1407481230157750276
1407481300722851842
1407481302874533891
1407481391206572035
1407481411217600521
1407481455836549120
1407481527664099332
1407481536534962183
1407481616096796674
1407481663630856194
1407481805620588545
1407481847844573184
1407481909312163844
1407481917931507715
1407481937539776515
1407482070948007936
1407482165575757826
1407482179555315715
1407482180872384517
1407482324481097729
1407482375878189065
1407482511031144448
1407482514290118657
1407482557520830465
1407482569327845380
1407482653566291977
1407482671937241088
1407482677154959361
1407482713817243650
1407482722491174913
1407482740795117572
1407482778816548867
1407482830767198218
1407482884315824128
1407482896475099139
1407483010241400838
1407483160141742080
1407483217842610179
1407483219323273219
1407483335186714631
1407483340496814081
1407483384293695488
1407483397530923010
1407483400370405380
1407483411216879618
1407483438622519296
1407483524916170757
1407483595745341441
1407483603630559239
1407483640381165569
1407483685914517510
1407483734438432772
1407483743258951680
1407483868928790530
1407483948930945030
1407484002244628485
1407484217693556741
1407484221367726082
1407484318952345609
1407484327563350016
1407484328884441093
1407484333275942916
1407484409280962565
1407484559902576640
1407484622741590017
1407484654299590658
1407484788219469825
1407484797891530753
1407484932935589895
1407484965420425218
1407484995598524418
1407485030876827651
1407485067543330831
1407485073394475014
1407485117224869888
1407485174783352833
1407485255993499649
1407485351300632578
1407485549087268864
1407485565327581190
1407485648404160520
1407485655345664004
1407485749348421634
1407485778800881671
1407485785763368968
1407485879648722944
1407486005561774080
1407486055935209472
1407486056069480449
1407486077552807937
1407486086465609732
1407486257542926339
1407486277683974150
1407486418469986306
1407486535478489090
1407486589685673992
1407486612653625350
1407486642823352322
1407486703561064455
1407486713329504257
1407486784242601987
1407486839062249472
1407486845450178560
1407486875544215556
1407486977151275009
1407486985560862729
1407487003868946439
1407487033929613313
1407487143879008259
1407487244160716803
1407487256038973443
1407487387769450497
1407487509928550403
1407487562474795012
1407487582213115908
1407487816494469126
1407487830247493633
1407487837952524303
1407487876405895173
1407487965186646017
1407488026004045826
1407488190831812608
1407488226420572161
1407488232691048458
1407488265670770690
1407488358150967297
1407488383421751302
1407488481417441283
1407488548295561224
1407488561968975872
