1387196371229233152
1387196756560162816
1387199389983195141
1387199462284607491
1387200324214169602
1387200325111762949
1387202581018128386
1387203197714960386
1387204918566481923
1387205428157710340
1387206181232553986
1387206940665671681
1387211971548778501
1387212980182425602
1387214984816435200
1387216027482836992
1387218510527533057
1387219202587639810
1387227316024090625
1387229586501427201
1387232320076271620
1387233320489127936
1387233896216006660
1387279085550899200
1387281925736321025
1387282023753125889
1387285458917281802
1387285492148932609
1387285508292845569
1387286464006791170
1387286964794130438
1387288478245740546
1387297031815790597
1387306427010670593
1387308099636142083
1387321696290426882
1387321939564318720
1387323709367537664
1387326879753981958
1387336048171261952
1387339953663840257
1387344798735011841
1387345312335998979
1387345855045267456
1387351169631244289
1387352138997661696
1387354191291719680
1387357423397228550
1387358142049267713
1387358738856693760
1387359065538445315
1387359688338165762
1387360953122000896
1387361455683497987
1387363463496753155
1387364958367801345
1387365296294531073
1387365985062031361
1387370523219218433
1387371406321651714
1387372271497617410
1387372864052023297
1387378376822906881
1387381048514859017
1387381838457544709
1387381955755454464
1387386112411267079
1387386144443281411
1387386261674016769
1387388593673588736
1387389132268204034
1387389635840598017
1387390601692426244
1387391203902111745
1387391654143819784
1387392716632326149
1387394920789561346
1387396973725106180
1387398463156015111
1387403728777629705
1387403802488225794
1387404407017463813
1387404502328827905
1387405638880403456
1387406412888817671
1387406717630259202
1387410787170504711
1387411953023438851
1387412665736253447
1387413795123855360
1387413796533178369
1387414058597457933
1387419077447200768
1387419215032950789
1387424372026089472
1387425598834872323
1387425664345718788
1387426060262850562
1387427636100558853
1387428490862006279
1387428898842062853
1387428901928935428
1387428998154792961
1387430472515469318
1387431331341103105
1387433266647650314
1387438280325615619
1387439486263496704
1387439606145159172
1387439916292968450
1387440029140766722
1387441009357959172
1387446510799949830
1387446904137547777
1387449580908855302
1387452058173906945
1387456576823300099
1387459094915784715
1387459153887649796
1387460312299888644
1387460351822680069
1387463891698003968
1387465395800530945
1387466706235297793
1387469662959534080
1387470062727188491
1387470174500966401
1387471088997879819
1387472482542698499
1387473396359827457
1387473575146315776
1387474193197932545
1387474195324575748
1387474199984230400
1387476212335857664
1387476709314727936
1387476996113018881
1387477723719684100
1387477967555547136
1387479268557574149
1387479332839477257
1387481394843107341
1387483114918793220
1387486022712369160
1387486549206503430
1387486683122343936
1387489548414996485
1387489939193958400
1387492951262220288
1387493751304691712
1387495124112920577
1387495270372585473
1387495631128834055
1387497777316433923
1387499364629708800
1387503877671596034
1387504785285337095
1387505457837838344
1387507947580891138
1387508423277772800
1387509428778323971
1387509989997268993
1387513458128609280
1387513826153746432
1387514458386288642
1387515717013049345
1387517240694743040
1387519294293032963
1387522007970025478
1387524829377699840
1387528010912477184
1387529060612509706
1387529064240451584
1387529564499312642
1387531765988970505
1387532874363150337
1387534148701671426
1387534326737276933
1387535679744356361
1387535849320075268
1387537115110465538
1387537480019333121
1387537895544786949
1387538135526031360
1387538356486221842
1387538675882471428
1387539277320445952
1387539508690837504
1387541249851330562
1387543836931629060
1387544159708270593
1387544510801002499
1387545204627025923
1387548587781988356
1387555687958470659
