1261446263146340352
1261446353353203712
1261446494902554627
1261446542386487301
1261446609390514181
1261446673219244032
1261446742064726016
1261447027507867649
1261447056624889856
1261447141668487168
1261447212657238019
1261447535358509057
1261447551225434113
1261447595425062912
1261447897968545797
1261448353344155648
1261448407450869767
1261448565676601345
1261448694672568320
1261448766747316224
1261448797764440074
1261448826772090880
1261448838620999681
1261448840760049664
1261448877800030210
1261448925472587776
1261449095756931072
1261449167265816581
1261449426540748800
1261449477652652038
1261450037588000768
1261450050586046465
1261450573036961793
1261450705644249088
1261450954811080706
1261451075866877952
1261451282772045832
1261451314048851969
1261451543796039680
1261451651388301312
1261451764835987459
1261452875634372609
1261452888074641408
1261452914675064832
1261453217516392448
1261453646882955264
1261453812717543425
1261453819969507333
1261453821022220289
1261453821244473344
1261453852592742400
1261453990086144001
1261454123406409728
1261454209288937473
1261454407243161600
1261454815055446016
1261454820264706049
1261455010556076032
1261455023298527232
1261455293050847233
1261455369248706561
1261455548983193601
1261455690356400132
1261455695511085056
1261455943885340674
1261456108973101056
1261456146046615555
1261456839750934528
1261456854195924992
1261456864815939590
1261457337765806081
1261457386230829058
1261457504698945536
1261457593312120832
1261457593739833344
1261457736635527168
1261457756567076865
1261457791090405376
1261458241533341698
1261458263368962048
1261458483330908162
1261458689564778499
1261458730643841024
1261458954825027586
1261459018746388480
1261459253010690048
1261459350201044997
1261459602559897600
1261459613532094464
1261459615922958338
1261459762358530048
1261459840959836161
1261459948896215040
1261460401138647041
1261460613617848320
1261461003818196993
1261461112144506885
1261461112207310854
1261461137540997120
1261461362762371073
1261461363039203328
1261461364943413248
1261461442752122880
1261461511152611328
1261461556748890112
1261461685073739776
1261461931807907841
1261462531358494724
1261462662824685570
1261462830269845505
1261462892559433731
1261463503740694530
1261464229715955712
1261464326575185920
1261464729748291584
1261465039057403905
1261465874180923394
1261466093132136448
1261466461513662465
1261466558989168642
1261466626987143168
1261466688584736769
1261466694968471553
1261466826288103426
1261467077250080768
1261467700401848320
1261467777572892672
1261468157933281280
1261468457759105030
1261468493641216000
1261468539552034820
1261468605226471424
1261468912627052545
1261468934009696260
1261468938719895552
1261468995179380738
1261469165820342272
1261469367549624321
1261469417143230465
1261469556725481474
1261469694789185538
1261470059198844928
1261470139511439360
1261470153352642561
1261470170775576576
1261470378200834050
1261470388279742469
1261470647550504960
1261471095921635329
1261471190876450818
1261471541683826695
1261472083143536640
1261472149128335362
1261472149945987073
1261472590411030528
1261473074383392773
1261473342315548673
1261473827164426240
1261473913357377543
1261473949545889794
1261474303519973378
1261474599717527554
1261474663940665344
1261474860842332165
1261474895323631616
1261475096453095425
1261475405409792001
1261475717801484288
1261476075533733894
1261476232379740160
1261476461698940929
1261476487322120196
1261476855296798721
1261477131504291841
1261477601857634311
1261477733403680769
1261478207234113536
1261478336943009797
1261478638379302912
1261478726849703937
1261479064319254531
1261479088503562240
1261479629438631936
1261479655774793730
1261479861408989184
1261479935388069888
1261480083497369601
1261480155907850246
1261480346400546821
1261480620854779908
1261480911440416768
1261481299656822784
1261481816369909762
1261481829514842118
1261482073061232645
1261482376062009360
1261483254491774983
1261483393285570563
1261483481365991424
1261483490568278016
1261483532179947520
1261483548252438533
1261483776611360775
1261484011349663746
1261484041355890690
1261484157483520000
1261484309069942786
1261484494630068224
1261484900168974336
1261485287039000581
1261485754628227073
1261485780419166208
1261485852762537984
1261486562346520576
1261486779716206593
1261487137599471616
1261487240624189441
1261487473676468224
1261487700042973189
1261487721748496385
1261487962044465158
1261488009481981954
1261488302538010630
1261488756638523394
1261488956602028032
1261489234864746497
1261489307761639424
1261490135956426753
1261490599833845760
1261490716859084800
1261491232594956292
1261491250412339200
1261491265239240706
1261491585667280897
1261491701622939649
1261492698797785088
1261493123596849152
1261493277624274946
1261493868924674054
1261495517181358080
1261495728687505408
1261495775089098759
1261496051611172864
1261496644891291649
1261496708116164608
1261496758489829376
1261496917097361409
1261497103769047071
1261497299588571136
1261497554690244613
1261497811713097728
1261497999651471360
1261498133361680390
1261498326350016519
1261498327952228352
1261498543845650432
1261499001720823809
1261499360375910401
1261499409977794562
1261499484036575235
1261500361858318337
1261500814075596800
1261501175800762368
1261501331921088512
1261502557756719109
1261502633870790658
1261502694432391168
1261502800758005775
1261503938995662848
1261504623371849731
1261504681785864194
1261504683656519682
1261504963647287299
1261505477420015618
1261505518947966978
1261505993885863937
1261506667746856962
1261506670448050179
1261506841319747585
1261506983917649920
1261507748438650880
1261508068787007488
1261508547277438977
1261508693717323776
1261508823761727491
1261509177211596800
1261509571295809536
1261509635686703104
1261510229080125442
1261510435636985857
1261512114461605890
1261512158548054017
1261512696576577536
1261512964743593984
1261514054482436097
1261514226843160577
1261514228881653761
1261514378773508097
1261514816948183041
1261515478914170882
1261515914828283905
1261516363778138112
1261516727126421505
1261516744776171520
1261516783523168256
1261517213976203265
1261517405702049793
1261517495837614081
1261517553324765184
1261517727321198593
1261517963963912194
1261517978568400901
1261518411059904512
1261518846617362432
1261518924941791232
1261518951529537539
1261519160003215361
1261519566284492800
1261520266414489600
1261520481888411648
1261521895624769536
1261522090211119105
1261522595368906752
1261522899409809408
1261523123335311361
1261524446722117632
1261525802698657792
1261526030818390017
1261526135407509507
1261526474609299456
1261526685108899845
1261526821096603648
1261526873881919489
1261528865182298112
1261529867922935808
1261529888034603008
1261531155700092930
1261531397254152192
1261532416528863233
1261532568849125382
1261533100296884230
1261535480547553280
1261535868629770240
1261535956777263104
1261536295639269376
1261536860486217729
1261536905398755330
1261539892162592770
1261540315816697861
1261540325027450881
1261540354605617152
1261540643957903366
1261540648403865600
1261540812447457280
1261541322780889088
1261543036170973186
1261544064190644224
1261544409490915328
1261547419973693442
1261547571111215105
1261547771871531009
1261549460154396672
1261549626714460165
1261551960873934848
1261556677880446976
1261562160322351105
1261562859600990208
1261562875233124352
1261562880488505345
1261563419343257601
1261568415069876224
1261568886413107200
1261573027160088576
1261573274053545984
1261573381742309377
1261576645929992193
1261580787918548993
1261580953786482688
1261582221372162049
1261584058951360516
1261611983805300736
1261612605933838339
1261612747743285248
1261612846254874624
1261613627494281216
1261614896216752129
1261616683648790529
1261619932208472065
1261620335113363457
1261622021701734400
1261622145936998400
1261622384555175936
1261622799803834368
1261623533836402688
1261623645849423873
1261623809725120515
1261623852402192384
1261625055630499840
1261625149264183296
1261625275189731333
1261626826293538816
1261627543918125056
1261627906670944256
1261628169192443909
1261629963633033216
1261630719438307328
1261631236818305026
1261631320997928960
1261632400087494656
1261633369407881216
1261633683120889856
1261633727270203393
1261634109111177216
1261634523378270208
1261635022295117824
1261635046349377536
1261635076997120000
1261635527410946048
1261636030391877633
1261636042957959168
1261636168682287104
1261636304200237059
1261636429383417856
1261637580501762048
1261638092798263302
1261639153231552514
1261639436997197825
1261640231213768704
1261640249119301632
1261640525511372801
1261640751043293184
1261641028102246401
1261641594274549765
1261642558242828288
1261642865450651649
1261643215524020226
1261643266296033280
1261643631758278657
1261643830643904512
1261644377992105987
1261644869916930048
1261645562350362625
1261645701081174016
1261646078790832130
1261646367472128002
1261646916422680577
1261647459178156033
1261647797901811712
1261648474233344000
1261648785668812800
1261649077609078785
1261649306081263617
1261650126441000961
1261650190332723205
1261650207948881922
1261650212042543104
1261650391177080832
1261651458849681409
1261652311555952641
1261653107655802880
1261653411973513216
1261653579494043648
1261653756892020736
1261653996206542852
1261654228013023232
1261654442258116608
1261654753890754561
1261654942701494273
1261655019260194816
1261655167075835904
1261655568550449155
1261655720812052480
1261655786234748930
1261655979814539270
1261657083839160321
1261657799228108801
1261657827795513351
1261657946120957954
1261658203751886851
1261658262639910912
1261658420794535937
1261658684599525377
1261658755219013635
1261658854376583174
1261658934055776256
1261658997695959048
1261659247655424002
1261660055537102849
1261660413323853827
1261660698033229824
1261660750399094785
1261660796708323331
1261660863011926028
1261660965466185729
1261660973057933313
1261660990485090304
1261661133532004354
1261661399773843456
1261661651008397312
1261661742087712773
1261661862925565952
1261662081125953537
1261662487210070016
1261662985262706688
1261663125578932229
1261663333243146246
1261663391132913664
1261664514392698885
1261665122759651336
1261665198005510144
1261665206440267778
1261665286283034624
1261665293128040448
1261665399784996864
1261665484656836613
1261665891927953409
1261666426689126405
1261666831418437632
1261666861181214725
1261667013208027139
1261667505694793729
1261667573558583298
1261667741716660224
1261668071678361601
1261668073226096642
1261668624210767872
1261668822941130754
1261669497418678273
1261669759332073472
1261669841695621122
1261669875707260930
1261669905415450624
1261670283083231233
1261670494824210438
1261670716484829185
1261670901793333251
1261670990121140228
1261671335689945088
1261671350244179968
1261671488983359489
1261671559820910594
1261672531544682499
1261672613392396288
1261672755981774848
1261672757500284928
1261672884889583617
1261672980523950081
1261673084303671300
1261673669472006150
1261673931469176834
1261674048205082624
1261674202471510022
1261675309927145475
1261675494866550791
1261675589028777984
1261675863722033160
1261675985776320518
1261676084103393283
1261676148578287621
1261676344234172419
1261676564397404162
1261676977934737408
1261677316587036672
1261677497994838016
1261677851801239552
1261677980167876609
1261678097977479168
1261678390928687104
1261679399528738820
1261679410761138182
1261679673001553924
1261680070407729153
1261680198724005888
1261680300351946752
1261680315828973569
1261680354076884995
1261680682578870272
1261680765932355587
1261680811759349760
1261680895313969158
1261680957486137349
1261681181914996739
1261681234532581380
1261681759869075457
1261682042783313922
1261682065130520576
1261682388486291458
1261682391082565632
1261682408157523968
1261682467796328449
1261682731504799745
1261682993556533248
1261683447392845824
1261683977003417601
1261684151582949377
1261684401836036098
1261684416751026179
1261684762722349059
1261684887595233281
1261684916384944129
1261684973389713409
1261685311786147840
1261685473635979264
1261685665676365826
1261685736765558784
1261686217139159045
1261686313843130370
1261686380054355971
1261686472157147143
1261686477844553728
1261686671860432898
1261687321784696837
1261687324259352576
1261687430169706496
1261687653143130113
1261687729806618624
1261687754209067013
1261687854687760384
1261687854998093824
1261687855195316224
1261687856457822208
1261687857175048193
1261687857321635842
1261687923151450113
1261687952612171777
1261688008975306752
1261688077346656256
1261688232397410305
1261688357043818496
1261688477508403206
1261688717221203968
1261689183455887360
1261689193283141633
1261689595487571968
1261689888774279168
1261689947679002624
1261690166403633152
1261690213073661959
1261690512924434432
1261690907272925184
1261690977271627777
1261691162911485952
1261691263780298752
1261691299159212032
1261691325063335936
1261691571709280261
1261691639199698947
1261691893043380224
1261691962777833474
1261692071380951040
1261692494577913858
1261692600349855746
1261692695342440449
1261692843342602240
1261692844017844225
1261693173983776770
1261693450858254338
1261693512602525698
1261693943873486849
1261694237067882496
1261694483860729858
1261694690220441603
1261694798873968641
1261695156941701120
1261695216085540864
1261695296926412800
1261695300663533569
1261695370578591746
1261695404355117057
1261695494369218560
1261695527831375873
1261695528213110784
1261696045215604738
1261697109427916800
1261697380342214656
1261697502551605252
1261697621065940992
1261697996737204227
1261698157970427904
1261698673555255299
1261698758271696898
1261699192461963271
1261699201982963712
1261699230890176513
1261699496204959744
1261699535350497280
1261699680024571906
1261699744520421376
1261699780511752192
1261699872278839296
1261699893925761025
1261700003816517635
1261700387536502788
1261700506596118528
1261700509347479552
1261700516255580160
1261700588015955978
1261700654701121536
1261700766533853185
1261700768790347782
1261700787064971265
1261700828135673859
1261701270148132865
1261701273784631297
1261701374649282562
1261701902565285888
1261702181180395520
1261702562501312518
1261702640704110592
1261702958917357568
1261702972515516417
1261703050378514433
1261703089842774017
1261703121333518336
1261703161909317632
1261703175146528768
1261703203390922752
1261703240380448775
1261703247959666689
1261703301764177923
1261703409520054272
1261703672410619906
1261703697517723648
1261703972290809856
1261704031950508035
1261704160447250432
1261704674710880257
1261704765593079809
1261705235988430848
1261705604432871425
1261705645365121024
1261705718446555136
1261706073725177857
1261706357692157952
1261706649326235648
1261706856290009088
1261706992579760128
1261707064545554432
1261707090588053504
1261707127518887937
1261707667699007493
1261707793691705344
1261707962441183233
1261708399382794241
1261708623186661377
1261708717214576640
1261708899587174401
1261709198888448003
1261709238646210562
1261709322251272197
1261709329960493056
1261709886490017792
1261710503803449344
1261710503862247424
1261710504323698693
1261710534925262851
1261710583625322498
1261710735404675074
1261710920058798081
1261710991399759872
1261711704205000704
1261711894206914563
1261712413432467459
1261712671193411584
1261712719499210756
1261712776889860097
1261712861207896065
1261712908850954240
1261713090527277056
1261713302650060802
1261713414038024195
1261713434305011713
1261713868298076161
1261714056127315968
1261714155062558722
1261714199853613057
1261714278635261952
1261714463847309312
1261714566406430720
1261714732114939904
1261714742776864769
1261715018116145154
1261715265366167554
1261715414599585793
1261716332921454592
1261716450647199744
1261716500026740737
1261716652808429569
1261716663772250118
1261717363998654464
1261717515299889152
1261718141887004672
1261718165832302598
1261718245238849536
1261718372296908800
1261718443109253121
1261718574433021952
1261718832055533573
1261719069381873664
1261719259841007616
1261719280892157954
1261719380712394762
1261719599369912320
1261719771206295552
1261720460817059840
1261720463543341056
1261720738794438668
1261721325590261763
1261721447501881346
1261721912704749569
1261722544840859649
1261722739603316737
1261722784209739778
1261723338214379520
1261723385282940930
1261723791618650116
1261723919167488000
1261723972019855367
1261724196310310912
1261724296885526529
1261724322365931520
1261724355303702529
1261724713417609217
1261724871555338240
1261725099411079173
1261725204130168836
1261725603679678465
1261725640291647489
1261725804897189889
1261725961869053954
1261726320427491328
1261726330745491456
1261726641056874500
1261726708987805696
1261726904635310080
1261726976060121089
1261727099288780800
1261727216402083843
1261727246693392384
1261727923419123713
1261727925877047298
1261728095456854016
1261728102658576384
1261728249312395265
1261728380677795840
1261728649448960001
1261728726007590914
1261729191122341892
1261729366863687686
1261729378301546497
1261729575849078784
1261729884558278656
1261729993832443904
1261730001604534274
1261730297802035201
1261730353972117504
1261730356341940226
1261730514622439424
1261731404951556097
1261731423867809793
1261731787279151105
1261731800461774850
1261731914777583617
1261732103391260678
1261732462842929152
1261732599531257858
1261732600328212483
1261732858487545857
1261733149391892487
1261733156018741249
1261733262575243264
1261733343399424000
1261733351477608448
1261733479861096448
1261733574669189123
1261734340133863425
1261734737762271234
1261734996320157702
1261735045586456577
1261735050527289344
1261735094919868426
1261735165224800256
1261735238092443651
1261735291221618690
1261735664036560898
1261735723625066499
1261736367144517633
1261736900290908162
1261737135268339713
1261737178155175936
1261737278696591361
1261737635732770816
1261737645216075777
1261737661968121864
1261737712765280256
1261737983314624514
1261738021210198020
1261738109055746049
1261738185597636608
1261738211157647361
1261738262621614081
1261738274915303426
1261738288777494531
1261738385120477184
1261738590532501504
1261738713693986816
1261738834267705345
1261738838227066880
1261739729554477061
1261740038888534017
1261740045352013827
1261740060564733952
1261740703140331520
1261740774720507904
1261740984339173383
1261741498820943873
1261742053471457281
1261742341347573762
1261742567416303617
1261742608121987074
1261742610357592064
1261742788229705728
1261743002231472129
1261743250391666689
1261743304703696900
1261743407023771649
1261743888605360128
1261744012203098114
1261744015013281800
1261744504605990912
1261744548759457794
1261745167356375040
1261745245126971392
1261745392804380672
1261745492427517961
1261745736020090882
1261746231455473669
1261746271154589696
1261746283611635717
1261746360396759040
1261746405892329472
1261746691902001153
1261746702547144705
1261747248708358144
1261747727853146114
1261748128392323073
1261748253504057344
1261748253927735297
1261748254074527744
1261748290779054082
1261748292473556992
1261748301688438784
1261748344503894017
1261748382563008513
1261748389143773187
1261748466008678405
1261748485965197313
1261748554512695297
1261748630517514240
1261748664755802114
1261748736356757504
1261748761254080513
1261748935980449792
1261749490903584768
1261749530250432514
1261749573216874501
1261749868663582723
1261749897872605185
1261750013190967297
1261750016022056962
1261750192661049349
1261750303759663104
1261750354720501760
1261750634929434624
1261750708958892033
1261750849010896896
1261751253056532481
1261751330080686086
1261751404651298819
1261751449035431939
1261751476822716419
1261751944579813376
1261752027580899328
1261752100872228867
1261753246344978435
1261753298648006658
1261753413752303624
1261753437479452672
1261753476427677699
1261753666199044097
1261754082873823234
1261754392711245824
1261754516883550209
1261754616254996485
1261754738766491648
1261754969394483201
1261755078383460365
1261755294134272002
1261755309887852544
1261755385440067585
1261755460102819841
1261755648519307267
1261755802630721539
1261755807412244482
1261755807642849283
1261755824902463488
1261755825065992196
1261755856309424129
1261756233855483904
1261756268299063297
1261756278461825024
1261756292940603400
1261756450516471809
1261756803207122945
1261756927660429315
1261756989199183873
1261757014218137601
1261757060766629894
1261757082941956096
1261757107445141505
1261757460395720706
1261757701027237888
1261757799379406851
1261758234358153216
1261758247180132355
1261758287185416194
1261758461706153985
1261758508082569219
1261758558108033026
1261758607282094083
1261758722336067594
1261758882898219008
1261759577290309636
1261759849978880001
1261760292712841218
1261760493246693388
1261760688919384065
1261760917366362112
1261760980318588935
1261761923957301248
1261762045936099330
1261762321850007557
1261762430717353986
1261763059250593792
1261763160786325506
1261763230805917696
1261763447609532418
1261763508640927745
1261763596914249728
1261763670864007169
1261763734659350534
1261763889102020608
1261764050490478599
1261764064587497472
1261764105532248066
1261764145579507714
1261764194195714048
1261764284050296833
1261764546324201473
1261764759281561600
1261764817750306824
1261764820312797189
1261764858393042944
1261764868279021571
1261765109153779713
1261765193291440128
1261765199696101378
1261765240649330688
1261765344567234560
1261765469222121475
1261765479162576897
1261765519142727680
1261765570527191045
1261765597106405376
1261765719185920000
1261765868586856450
1261765991115247622
1261766102360653830
1261766350860664834
1261766665433481218
1261767158050283520
1261767410123771909
1261767524397522951
1261767575270195201
1261767603959336960
1261767628424654857
1261767653728927746
1261767848294256647
1261768209742598144
1261768269322690560
1261768306920427520
1261768451221262336
1261768521828179976
1261768690988732417
1261769044711088131
1261769061270200320
1261769632098258944
1261769674620010502
1261769763279249408
1261769821315903488
1261770066623954944
1261770168323244034
1261770170437074944
1261770657475506176
1261770716027990022
1261770939450249217
1261771066042658817
1261771718403805184
1261771729170583554
1261771889464217611
1261772287583367168
1261772662843506690
1261773087495856128
1261773157326827521
1261773268249448448
1261773447279116288
1261773453847400448
1261773798682112000
1261774723509354497
1261775147297619974
1261775463334195202
1261775857833697287
1261776370625019909
1261776422353416195
1261776435196411905
1261776494361182208
1261776596031229952
1261776957072707584
1261777397415915522
1261777661367640065
1261777675099738112
1261777876191457281
1261778451486277632
1261778452614692868
1261778453952593923
1261778470343974919
1261778490124390400
1261778538212048900
1261778573112860679
1261779134499508225
1261779327680753664
1261780161181204480
1261780362780385285
1261780600471650304
1261780942538117123
1261780942877798401
1261780982086152197
1261781389218848768
1261782112451072000
1261782948157763585
1261783282238271488
1261783342518861832
1261783406288998401
1261783502762266624
1261784025091407880
1261784228984913921
1261784358442205185
1261784833983942656
1261784939827269642
1261785570747047936
1261785604842455041
1261785782425137154
1261786031168409600
1261786050306940928
1261786200597245958
1261786407078690817
1261786773866319876
1261786904971882496
1261786911263375366
1261787102078959617
1261787252818169857
1261787823616786432
1261787916969353217
1261788559566127105
1261788738348134400
1261788801350893569
1261788807038406656
1261789064241590272
1261789363060555776
1261790176612843520
1261790289104113677
1261791575698550786
1261791803176558593
1261791974916599814
1261792478694379527
1261792497065394177
1261792922204241920
1261792998041554944
1261793092094566400
1261793173980033025
1261793639363198982
1261793659915325440
1261793807491883015
1261794243019976707
1261794917019455489
1261795118526365696
1261795224617193472
1261795372424482817
1261795750884700160
1261795933374885889
1261796053927559169
1261796120092696576
1261796262569000966
1261796403434717185
1261796457406922753
1261796511710674944
1261796608330682377
1261797201266737152
1261797712107696128
1261797713202475008
1261798009559490560
1261798277256806401
1261798327538135041
1261798871497310215
1261799599720804355
1261800561554468873
1261800565757087747
1261801016137261056
1261801100878819329
1261801100962717696
1261801101159854081
1261801214758486017
1261801285965221900
1261801461362700288
1261801773834080258
1261801922111197184
1261802197186154496
1261802375456620544
1261802409543827458
1261802654285598720
1261802907571281920
1261802974151663618
1261803049728856064
1261803141735088129
1261803144432009216
1261803662587953152
1261803948022927360
1261803954263994369
1261804808043978752
1261804828193435648
1261805056577490944
1261805144838152194
1261805236513116160
1261805706585522176
1261805728085532674
1261805893022371840
1261805921463873538
1261805997900914688
1261806015277862913
1261806252587433986
1261806616803979268
1261806898011090944
1261807236550201344
1261807404188123136
1261807858984849408
1261807920938921991
1261808033199513602
1261808173339598849
1261808391464378370
1261808542924902400
