1312542952426700800
1312542953206841345
1312542953206878208
1312542953718644736
1312542953815117827
1312542954138075136
1312542954267967488
1312542954276306945
1312542954683346945
1312542954951565313
1312542977219276800
1312542978116911105
1312542980205694976
1312542993782435840
1312542994797535233
1312543008198471680
1312543014217162752
1312543024103161862
1312543042923094016
1312543046618279938
1312543080818630656
1312543104218652673
1312543133935124480
1312543142273576961
1312543174963818496
1312543203707375617
1312543211995435010
1312543238717427712
1312543242412535814
1312543282552074241
1312543291980873730
1312543340316037122
1312543389909422081
1312543413519044608
1312543455231397888
1312543565164285953
1312543567466901505
1312543616989003777
1312543812770693120
1312543819662077952
1312543854319620097
1312543958669701120
1312543958757588992
1312543970493444099
1312543977107861504
1312543984775036928
1312544029700096000
1312544069839663104
1312544111891755008
1312544125380685824
1312544203138793472
1312544283182985217
1312544315428745218
1312544319404797952
1312544325922951171
1312544353584377857
1312544397200961536
1312544400283582465
1312544450028204032
1312544495339286530
1312544497599868928
1312544510447157255
1312544663237201922
1312544707952685059
1312544720887992322
1312544754333356033
1312544769411866624
1312544774365286404
1312544804610473985
1312544893500362752
1312544909765873664
1312544920272613376
1312544952774164480
1312545002476564480
1312545022324203521
1312545077240233984
1312545221125656578
1312545222539304960
1312545259478380544
1312545285386559488
1312545300557463552
1312545310414000129
1312545336376860673
1312545344471945216
1312545361244966912
1312545444048760832
1312545468346445830
1312545471781629953
1312545487636123653
1312545502563573760
1312545514060230656
1312545539670462464
1312545551485857793
1312545643127353344
1312545644985364484
1312545697741369345
1312545722508734465
1312545727298535426
1312545755123548161
1312545849805807622
1312545911965450252
1312545955615440897
1312545961483304961
1312546005183803395
1312546011861184512
1312546070619013120
1312546073383141378
1312546096728756224
1312546130195030017
1312546141716832256
1312546166815420417
1312546230040514560
1312546233307795457
1312546238152097793
1312546238609453056
1312546263058055168
1312546290983727104
1312546491035193344
1312546496362012673
1312546498245201921
1312546529140445186
1312546567161868288
1312546603689938944
1312546670693974018
1312546701555761152
1312546726587236352
1312546726750892033
1312546726771793920
1312546728550166528
1312546733365182464
1312546785248722945
1312546846045343745
1312546879029141504
1312546879763169281
1312546900529143808
1312546933865553920
1312546988110614528
1312547062651785219
1312547110093574144
1312547121757913089
1312547174723461120
1312547184513085440
1312547237541502977
1312547263458074625
1312547299524976641
1312547302343671808
1312547382891028480
1312547411261304833
1312547481230680065
1312547481494810624
1312547526785015810
1312547610314649600
1312547707962171394
1312547727646097409
1312547742963716097
1312547755131170817
1312547755873759233
1312547792901083138
1312547798982832129
1312547800782008321
1312547835276128258
1312547860102012928
1312547900472389632
1312547953073098752
1312547992604303362
1312548000560943105
1312548011629850625
1312548044974354434
1312548161056014336
1312548189166276610
1312548245306892288
1312548246687043584
1312548313414225920
1312548325812588545
1312548355722145793
1312548389180108800
1312548419152609285
1312548426706563075
1312548462743842817
1312548513977425922
1312548530616242177
1312548626930053120
1312548644344811520
1312548644407648257
1312548685096669187
1312548688372412416
1312548768554913792
1312548780714196994
1312548816856535041
1312548818634919941
1312548823684833283
1312548842588471298
1312548849773359105
1312548861710413825
1312548991532503040
1312548998847311873
1312549057823465473
1312549092644597760
1312549204724641793
1312549243421224960
1312549265932193793
1312549376670289922
1312549439849091072
1312549456261320704
1312549491455729664
1312549657403363329
1312549763297009668
1312549773589786625
1312549799669968896
1312549846931304448
1312549879730843656
1312549907035717634
1312549911116673024
1312549938845356032
1312549964669689856
1312549993044115457
1312549993526378496
1312550039856717825
1312550087743152131
1312550237362442241
1312550277078188033
1312550281691922438
1312550302902620160
1312550325161582592
1312550364793589762
1312550500445892614
1312550501804904452
1312550501872001024
1312550502022799360
1312550502345830400
1312550502408818694
1312550502467432449
1312550502610026496
1312550502706696198
1312550517072158722
1312550524659601412
1312550638669099008
1312550676757585920
1312550753253437440
1312550761310478336
1312550810438389760
1312550825324163074
1312550947189649409
1312550979599052803
1312550999480041475
1312551002395021312
1312551063334064140
1312551103066714115
1312551270352379908
1312551272671858689
1312551305202880514
1312551343320633345
1312551433087201281
1312551481803829249
1312551527781859329
1312551530818678786
1312551544898965504
1312551734905053186
1312551738201657349
1312551756329607169
1312551826613440512
1312551896310312961
1312551984424157185
1312552102598672385
1312552210329464832
1312552300813135872
1312552380676878336
1312552532699480069
1312552548927242240
1312552563108126720
1312552577956024320
1312552591390318593
1312552660764160000
1312552734172811279
1312552799306121217
1312552887990452224
1312553018047582208
1312553018110345216
1312553053329911808
1312553057444454400
1312553066256838656
1312553209991516161
1312553276995506176
1312553296658399233
1312553355626057728
1312553382016622592
1312553436357947393
1312553468746502144
1312553557262991362
1312553577869582336
1312553583276032001
1312553605816365056
1312553615622631426
1312553854936940545
1312553979193298948
1312553989452558339
1312554017956999169
1312554024751648768
1312554070264045570
1312554123196272641
1312554152434774018
1312554204741996544
1312554271896993792
1312554276321853440
1312554276351336453
1312554276439293954
1312554283607363586
1312554287541760005
1312554307607126016
1312554313789579269
1312554335251955712
1312554421264412672
1312554510829711365
1312554566672478208
1312554586356543488
1312554648633569281
1312554740425863168
1312554851583262720
1312554999965249536
1312555024124440576
1312555034853478400
1312555053283241986
1312555089727545345
1312555100125032448
1312555168500600835
1312555396465262592
1312555512949506049
1312555534701142016
1312555534856286209
1312555589298540546
1312555604435783680
1312555680377835521
1312555684769169408
1312555708706156545
1312555750808580097
1312555755908870144
1312555803048583170
1312555870367019008
1312555936393957377
1312555969465978882
1312556001577574402
1312556022171668480
1312556037996773376
1312556059819732994
1312556060436312070
1312556138643230720
1312556273494261760
1312556301273235456
1312556305073270785
1312556308831313921
1312556323247013889
1312556344042557440
1312556384047697920
1312556467023564800
1312556514809466881
1312556579292499968
1312556739703853060
1312556754996207616
1312556759534448641
1312556791356706824
1312556792250011654
1312556792845463552
1312556822142816269
1312556836298649600
1312556865121914880
1312556898491736064
1312556941202333696
1312556968792543232
1312557001571008517
1312557025700671488
1312557028192198658
1312557038371770368
1312557051504144384
1312557114917900293
1312557134547169283
1312557173340282882
1312557227459448832
1312557238918148096
1312557344157511682
1312557407042777088
1312557447505117184
1312557538316091395
1312557569702010881
1312557585032245268
1312557726317371392
1312557731786698753
1312557814880051200
1312557843837521920
1312557849491443712
1312557883331170306
1312557975249268736
1312558020191281158
1312558035798118406
1312558051359158274
1312558052185387009
1312558052273459201
1312558053498269697
1312558053586214915
1312558053917630464
1312558054106443776
1312558054144081920
1312558054391664640
1312558054747992064
1312558075715477504
1312558075862290433
1312558088273108992
1312558099203489793
1312558128567922690
1312558187288043521
1312558190811320322
1312558202307911680
1312558208297431040
1312558281068630017
1312558303025737728
1312558334462099457
1312558344318717952
1312558353764278273
1312558422366199809
1312558474665000961
1312558477580136452
1312558532336603136
1312558625576058880
1312558757302460417
1312558806367449089
1312558895064379394
1312558947845517313
1312559046264852480
1312559085716475904
1312559200392937472
1312559334686162945
1312559431561904133
1312559501514604544
1312559532774653952
1312559535991779328
1312559561300205570
1312559623703068672
1312559653574803456
1312559733665038336
1312559802283954176
1312559812870250497
1312559821187473408
1312559884815273988
1312559912484995074
1312559967728148480
1312559970643140608
1312560033822015489
1312560051287097345
1312560099693559808
1312560220154011648
1312560329436491777
1312560361451794432
1312560392674123776
1312560420977356801
1312560488945836032
1312560575977844738
1312560577840140289
1312560734346379266
1312560785256841216
1312560891825655814
1312560895021776896
1312560968279490560
1312561027813462017
1312561060520624128
1312561162811105281
1312561188442648576
1312561317371424770
1312561388620075009
1312561395716829184
1312561473865084929
1312561554559315974
1312561557054853122
1312561582677929986
1312561736562741250
1312561826035634177
1312561826140491777
1312561826161254400
1312561857929056257
1312561949134131200
1312562023599935488
1312562045204619265
1312562049566810113
1312562137907097600
1312562180534001664
1312562288373592064
1312562366043885568
1312562405021368320
1312562412969693184
1312562457324539904
1312562487611580416
1312562496885133312
1312562551578923014
1312562880454234114
1312562942899089408
1312563024427966467
1312563032942403584
1312563081193480193
1312563082481328128
1312563084649660417
1312563086545559552
1312563088051367936
1312563089238261763
1312563093210267650
1312563094514814979
1312563217801961472
1312563299326726145
1312563318914199552
1312563327046950912
1312563332948393985
1312563340573433856
1312563401890160642
1312563403794329601
1312563417769807873
1312563450921603075
1312563452276355074
1312563481279823878
1312563501282385920
1312563502968700929
1312563555732910081
1312563580886110208
1312563616202317825
1312563658489290754
1312563731122061312
1312563976660815872
1312563989247922177
1312564103861460992
1312564149638107136
1312564156688723968
1312564223235493888
1312564294429671425
1312564307968827393
1312564342705983488
1312564427967913989
1312564482942603266
1312564569810907137
1312564587246608385
1312564738811858945
1312564804335403008
1312564978608558080
1312565073685217280
1312565098712649728
1312565262915457026
1312565323657338880
1312565488971649024
1312565573054656512
1312565600938385409
1312565601001304066
1312565601668272129
1312565601718607872
1312565612607045632
1312565629967306752
1312565670001995777
1312565734913069056
1312565735579889664
1312565834917707776
1312565856346542080
1312565879406764039
1312565988399943680
1312566011959410688
1312566152468537344
1312566198530441217
1312566202116448256
1312566239609249792
1312566262669639681
1312566269615443968
1312566282638839809
1312566409449234432
1312566460548612096
1312566616530415616
1312566807090409473
1312566814841466881
1312566821099393024
1312567016398692352
1312567024485195777
1312567061432983552
1312567085424414721
1312567105175289857
1312567141846192129
1312567170669383680
1312567223995727872
1312567293222813696
1312567359538900992
1312567391713292288
1312567443471163397
1312567559204601857
1312567594663190528
1312567605539082240
1312567630365167616
1312567937358852103
1312568073237532672
1312568112349351937
1312568144905592832
1312568170503450624
1312568204091428864
1312568206402424832
1312568224437993473
1312568309657862147
1312568357011419136
1312568369283964928
1312568416092516352
1312568420102295554
1312568548972142594
1312568553623744512
1312568579833774084
1312568626860511234
1312568706506076165
1312568765058609152
1312568826798780419
1312569046483628032
1312569050405441537
1312569076607266816
1312569207209570304
1312569247072219136
1312569340403875841
1312569372272197639
1312569375749214208
1312569375753461760
1312569375766052864
1312569461979967488
1312569503004282880
1312569571719733248
1312569609464279042
1312569625599709184
1312569686748532737
1312569793329987584
1312569801890500609
1312569870014324737
1312569992223821824
1312570011400036352
1312570016173178881
1312570021609119744
1312570107214913536
1312570192271204358
1312570287691501571
1312570500950962178
1312570541795024896
1312570634166104066
1312570685034770432
1312570730618462209
1312570783793807360
1312570853020893188
1312570875116490754
1312570930321715201
1312571051667271680
1312571073800531969
1312571137323233287
1312571236728418304
1312571272195239936
1312571311965851649
1312571370056880129
1312571372116291585
1312571382312697857
1312571399987294208
1312571435580358656
1312571456853860353
1312571727147274240
1312571734239911936
1312571767051837441
1312571856940138497
1312571876519096322
1312571892423819264
1312571894206406656
1312571995876278274
1312572100373291008
1312572116538138629
1312572128277995520
1312572152269348864
1312572154190483461
1312572324080742402
1312572470562566144
1312572647717449728
1312572657833971713
1312572678230822917
1312572718068441089
1312572749773119488
1312572758069477376
1312572849815781378
1312572885576421376
1312572889665765378
1312572939565498371
1312573099020296194
1312573108872794113
1312573110751825920
1312573150937452545
1312573151390433280
1312573151973388290
1312573151973433344
1312573152107454466
1312573152246013952
1312573152271110146
1312573152317317125
1312573152585605120
1312573152896012288
1312573153168814080
1312573160815034374
1312573171787325442
1312573180175880197
1312573184252600323
1312573184940666880
1312573190976217088
1312573199457095681
1312573227819044864
1312573278347653120
1312573281216626690
1312573289613660161
1312573323906363393
1312573325328044033
1312573377219948547
1312573402696294400
1312573434849898496
1312573450301693953
1312573474582548480
1312573514642321408
1312573535030837248
1312573572871790592
1312573583806300161
1312573609160908800
1312573691633508352
1312573695093862401
1312573744922202112
1312573826048327685
1312573847087058945
1312573888199614464
1312573937126055940
1312574145801203712
1312574185185570816
1312574244048396288
1312574361342283776
1312574364928282625
1312574365758828544
1312574486353375232
1312574504321810433
1312574536840249345
1312574550232629248
1312574626095140864
1312574717975564288
1312574745137811458
1312574847244005377
1312575062554275844
1312575081315352576
1312575171362992128
1312575181492162560
1312575249381122053
1312575252220780544
1312575405015080960
1312575610422730754
1312575667381231618
1312575668010577920
1312575709559304192
1312575794603012096
1312575840572465152
1312575849519091712
1312575875846672384
1312575985141911552
1312576003093323776
1312576036366942210
1312576067316613120
1312576073763299329
1312576091043835905
1312576110803259392
1312576116549472257
1312576132647194625
1312576156755996672
1312576378123026432
1312576454090280962
1312576482066259969
1312576483056070656
1312576690955186176
1312576703038853120
1312576742209597440
1312576834589073414
1312576915899727872
1312576925651668999
1312576936430964736
1312576958027497472
1312576958199455744
1312577094136877056
1312577209626841088
1312577263955857409
1312577286638645248
1312577343379079171
1312577372483276801
1312577434479362048
1312577457673785344
1312577572803358731
1312577590033408004
1312577595200864256
1312577819319447552
1312577827578023936
1312577920548966400
1312578135129456642
1312578146638745601
1312578183854780418
1312578184043356160
1312578194214711296
1312578297746907138
1312578299621670912
1312578342227410945
1312578426117804033
1312578590136041474
1312578615335292928
1312578692288315392
1312578713645576192
1312578722881564672
1312578802904686593
1312578805261889537
1312578854402187265
1312578928276578304
1312578938892242946
1312578947276779520
1312578950586040321
1312579001190354945
1312579020295462912
1312579067649155073
1312579076759134209
1312579148817276928
1312579208699314176
1312579445258104832
1312579459107762176
1312579485733130241
1312579499222065152
1312579527411982338
1312579577298919424
1312579668327960576
1312579795801305088
1312579833558265857
1312579945210744832
1312580043579817984
1312580043718172672
1312580114597715975
1312580150978985986
1312580158658936834
1312580239311204359
1312580242897358848
1312580263264677889
1312580282466414592
1312580449009532930
1312580467049152512
1312580477304352769
1312580485529427970
1312580510623961088
1312580632472621056
1312580659580342273
1312580689506693121
1312580700504285184
1312580700785303552
1312580700936310785
1312580701032574976
1312580714433572865
1312580721559646208
1312580736029843456
1312580750336696322
1312580756129157120
1312580793080967169
1312580818745929729
1312580842322092033
1312580887452643328
1312580896726413312
1312580917194522630
1312581017417383936
1312581035511742464
1312581100838027265
1312581203854331904
1312581277745393669
1312581288554041346
1312581304194531332
1312581313841500160
1312581349040173056
1312581398046310402
1312581401825476608
1312581414517379072
1312581427536502784
1312581434343907328
1312581478849671168
1312581531693576192
1312581538526244866
1312581558151401472
1312581609066037248
1312581666448134144
1312581672739778560
1312581716649730048
1312581733049683969
1312581874309623811
1312581886368264193
1312581888909938688
1312581892194131968
1312581894568062977
1312581930756403200
1312581966588456960
1312581972431048704
1312581994094776328
1312582205210791936
1312582428112814080
1312582435918340101
1312582445229895683
1312582556005675008
1312582587039322112
1312582601820065793
1312582768950341633
1312582807030386688
1312582846230548488
1312582903621201920
1312582915126169601
1312582964165959681
1312582974253264901
1312583031673282567
1312583053894615046
1312583162518794240
1312583216943906816
1312583216969052160
1312583255548456960
1312583347072311296
1312583450512113664
1312583480438599681
1312583548340236288
1312583620947841024
1312583648294699009
1312583745254371328
1312583749910106115
1312583777978286080
1312583855396859907
1312583858894917634
1312583905036267520
1312584015749275648
1312584185865998336
1312584186599927811
1312584283513593856
1312584421992783872
1312584459682627586
1312584475298025472
1312584475306389505
1312584515341045760
1312584570986881025
1312584615039705088
1312584666977763328
1312584769331433472
1312584805796765696
1312584823295356932
1312584992208363521
1312585007647477760
1312585130721116161
1312585139579432963
1312585230356680704
1312585314284822528
1312585405687042049
1312585484267335680
1312585490881679360
1312585509257043968
1312585639045537792
1312585651167145985
1312585655201996802
1312585742527483905
1312585830884614144
1312585873339248640
1312585958190129152
1312586000640565250
1312586010149101568
1312586083369062400
1312586144945770496
1312586191787548674
1312586307739299840
1312586338856775681
1312586370011996166
1312586378232950784
1312586379549908992
1312586383417057282
1312586494402531328
1312586498013790208
1312586501310631937
1312586511712317443
1312586541970194435
1312586627240218625
1312586720660070408
1312586913543487489
1312586937409175554
1312586960926502912
1312586967046139904
1312586967733985280
1312586998415269889
1312587105718210560
1312587251939856385
1312587350204063744
1312587372299608064
1312587429900152834
1312587472031936512
1312587477899763715
1312587623664418816
1312587759756828673
1312587773199564800
1312587776416788480
1312587903701311488
1312587943836626944
1312587974568218624
1312587992410750983
1312588025428402176
1312588061621051392
1312588072333324290
1312588095963885568
1312588146991800322
1312588250582720512
1312588251035840512
1312588251975364609
1312588252315095041
1312588253233590272
1312588253430640640
1312588253598449664
1312588253841649671
1312588254588227584
1312588254818889729
1312588255108489217
1312588255544709120
1312588258967126018
1312588278957314049
1312588279892639744
1312588296120406017
1312588298779533318
1312588301790928898
1312588305846984705
1312588451099926535
1312588482641043456
1312588502203166721
1312588520041701378
1312588532255465472
1312588546029559808
1312588548143558657
1312588551327014912
1312588570268332032
1312588627344609281
1312588631748427776
1312588649549180929
1312588685234393092
1312588690867154945
1312588726204280833
1312588888766963712
1312588892470534145
1312589169743593474
1312589231429218306
1312589339013140482
1312589422525702148
1312589450858254336
1312589514993537024
1312589741259276289
1312589753989169154
1312589807982243840
1312589865616207873
1312589894150025219
1312590044822208513
1312590066116702209
1312590101608828929
1312590109288681473
1312590188091072513
1312590246375165952
1312590293439397888
1312590398838239233
1312590542698545153
1312590557466759168
1312590730758705153
1312590741080768512
1312590830079741954
1312590892746719234
1312591029745451008
1312591034749198342
1312591039560134656
1312591107809779712
1312591144266723328
1312591180194963456
1312591207411843073
1312591287804194816
1312591290115207169
1312591344263626752
1312591481459412992
1312591533292617728
1312591738184368129
1312591741598535682
1312591744836476928
1312591784535494656
1312591825409056773
1312591827485298689
1312591859391356929
1312591883286310912
1312591885270241282
1312591910427598851
1312591970699603970
1312592019517329408
1312592025334808576
1312592025397714947
1312592045546954752
1312592090577211393
1312592091625775105
1312592189864775681
1312592203189952514
1312592247095951360
1312592266901549058
1312592335688011777
1312592357955719170
1312592425576095744
1312592431955746825
1312592602202505218
1312592650671927301
1312592665561698306
1312592713439744000
1312592778895949826
1312592808658841601
1312592858269052928
1312592860638859265
1312592942532448257
1312592965022310400
1312592993006780416
1312592999831003136
1312593008467021830
1312593061717979136
1312593202008846336
1312593223693398016
1312593283432947714
1312593283458056197
1312593350839676928
1312593635700092928
1312593750875660291
1312593763940864000
1312593817258713089
1312594045626187776
1312594071097991169
1312594226077732865
1312594278124711937
1312594372408598528
1312594514641661956
1312594585340833793
1312594601853804544
1312594611743985664
1312594834432159744
1312594845417066496
1312594958432587776
1312594974429581318
1312595020537647105
1312595089848504321
1312595224380805121
1312595238121242624
1312595368845205504
1312595799843332097
1312595799956549632
1312595800032075778
1312595800111816705
1312595800376000512
1312595800850079747
1312595800963383302
1312595801118572547
1312595814741618688
1312595877639356418
1312595897080066048
1312596245865619456
1312596324496408576
1312596353374138368
1312596400094543872
1312596588121001984
1312596729284513792
1312596778047373313
1312596811975020544
1312596867432185860
1312597048680763392
1312597077185232896
1312597115688935425
1312597132466180096
1312597132470349825
1312597194071928832
1312597220214988800
1312597358753001473
1312597495327883264
1312597568925261824
1312597656427008005
1312597951458541568
1312598316484419585
1312598316484444162
1312598316560113664
1312598316589314048
1312598322922819585
1312598426023088128
1312598774276120576
1312598876046741504
1312598956329893894
1312599071454978049
1312599309972467712
1312599524808912896
1312599583873269772
1312599718858547203
1312599847120375813
1312599858587590661
1312599963872919557
1312600016360529920
1312600019627839488
1312600193725071361
1312600270354804737
1312600389041168384
1312600603445596160
1312600671456243713
1312600839618527232
1312600924712558593
1312601010045620225
1312601098813943808
1312601252577128449
1312601385721004032
1312601547147218945
1312601641229725698
1312601723987537925
1312601747332960258
1312601784481914880
1312601846901424129
1312601860168130561
1312601913666473985
1312601980003647494
1312602173801365504
1312602183351894016
1312602243519188992
1312602288628924416
1312602348762484737
1312602388059115520
1312602464441556998
1312602498998431744
1312602818721845251
1312602825076150272
1312602866255831041
1312602868084473858
1312603123798749184
1312603179528450048
1312603184309903360
1312603187275329536
1312603259048263681
1312603265138384902
1312603270196715521
1312603333153222656
1312603342456061952
1312603350597283840
1312603350978891777
1312603351016759296
1312603351578746881
1312603352035987458
1312603352157556737
1312603352182796288
1312603352228716544
1312603353109721089
1312603353122254854
1312603359417823233
1312603391407915011
1312603442725216256
1312603501638414337
1312603553291214848
1312603606076489729
1312603625500229632
1312603650318106630
1312603713018777601
1312603801828970496
1312603834196221952
1312604104779329536
1312604116993146880
1312604260354469888
1312604319968038912
1312604394584596480
1312604608146149376
1312604655919280128
1312604686990573568
1312604928762761217
1312605091703271429
1312605292409090048
1312605297559601152
1312605963459817472
1312606031890055169
1312606175637245957
1312606191017746432
1312606259011440640
1312606368290009089
1312606439387492353
1312606465702727681
1312606523529420800
1312606578479173632
1312606659408166912
1312606698247516161
1312606800429096966
1312606829474611200
1312606884021497856
1312606892540166145
1312606984391266304
1312606998123479040
1312607046940884993
1312607135654502404
1312607144861147136
1312607163811016704
1312607459480006656
1312607512957337600
1312607690858721280
1312607726195924992
1312607789517213696
1312607832492126214
1312607936124866561
1312607955381035013
1312608066328825856
1312608085492588544
1312608095013462016
1312608165654130688
1312608184721461250
1312608282926743552
1312608356708876288
1312608394411466753
1312608473750867968
1312608518806020102
1312608634702979079
1312608641678151682
1312608807852228609
1312608860922937344
1312608886273249288
1312608943580106752
1312608965247852544
1312609049255440385
1312609127995191296
1312609297822613504
1312609449723473921
1312609686680670209
1312609824086032385
1312609837365309443
1312609910975234050
1312609955288154113
1312609975387258881
1312610181092646913
1312610231965290497
1312610493740322817
1312610550292140032
1312610581149614080
1312610722174599168
1312610757998080000
1312610869889572865
1312610899379851266
1312610899384041472
1312610899409154048
1312610899467804680
1312610899820253184
1312610900008869888
1312610900092702720
1312610900205948928
1312610900675710976
1312610900759711745
1312610944904695808
1312611077432242176
1312611111766691840
1312611233439182853
1312611323335839745
1312611349827137536
1312611393955401728
1312611403006644224
1312611967635390465
1312612013227597825
1312612015144345604
1312612077278687232
1312612157754806272
1312612247802449920
1312612271386812417
1312612690943070208
1312613028408356864
1312613033122856962
1312613287687786497
1312613363411714049
1312613370382741506
1312613416045998087
1312613416054349828
1312613416129888256
1312613416192802817
1312613594773635074
1312613638545448960
1312613659361734658
1312613830845960192
1312614011977039872
1312614349454798848
1312614402437386240
1312614431524818945
1312614504199462913
1312614540245303296
1312614674437791744
1312614681127915521
1312614686853128192
1312614720222957568
1312614801407832064
1312614829417529346
1312614925118910464
1312614925995397121
1312615000893263872
1312615193361281025
1312615326748684288
1312615388505542656
1312615393920520192
1312615530570932224
1312615575776972800
1312615651865841665
1312615673798045702
1312615684975800320
1312615731826167808
1312615855188971520
1312615895253082112
1312615944095780864
1312615957299253248
1312615965767729152
1312616150648467456
1312616179459002368
1312616265119391744
1312616289492504577
1312616296228347906
1312616611312996352
1312616731689586688
1312617000724824064
1312617016272904193
1312617208850259968
1312617233097650177
1312617330577293313
1312617447598350336
1312617558189563904
1312617564397277186
1312617739068956673
1312617901346615298
1312617940961955840
1312617965402161154
1312617967386013698
1312618025531715584
1312618047971250176
1312618108591407104
1312618426855235584
1312618449600827392
1312618450683002881
1312618451039649792
1312618451505221634
1312618459109355520
1312618509684408320
1312618511215325184
1312618512062578689
1312618685207588865
1312618723979808769
1312618744099811328
1312618802786586626
1312618806661931008
1312619077798510593
1312619086799491072
1312619204307288065
1312619289124450305
1312619467289980929
1312619471576551425
1312619473258643458
1312619523888107524
1312619618901598208
1312619707577634816
1312619837538013185
1312619923273850882
1312619938687795202
1312619945449136129
1312620146930974721
1312620210860548097
1312620655830077440
1312620661773398017
1312620987691732992
1312621263819427840
1312621359617445888
1312621517092651008
1312621729957593090
1312621866696216576
1312621954059337728
1312621986263121920
1312622054303305728
1312622182841933825
1312622193189302272
1312622250819018753
1312622494860312576
1312622630202212353
1312622785794117632
1312622888546168832
1312623196093513729
1312623587568816128
1312623740631482369
1312623927378751495
1312624047637712896
1312624112368578560
1312624157931307008
1312624315255468034
1312624646756331520
1312624724376248320
1312624750498394113
1312624811189862401
1312624940110282752
1312625042182856704
1312625049082507264
1312625051347431424
1312625054254018560
1312625121262284801
1312625257841217539
1312625381480906759
1312625384840667136
1312625503681966080
1312625531746217986
1312625791008677889
1312625859262582786
1312625868481667072
1312625982122188801
1312625999557865472
1312626132446048261
1312626422956142593
1312626452735590401
1312626630867607552
1312626643073024003
1312626761247657984
1312626772203237376
1312626836027797504
1312626975870201857
1312626979276021760
1312627189414846464
1312627233954189312
1312627277037879302
1312627372059815937
1312627475202150400
1312627727204257793
1312627999750131717
1312628004439445505
1312628266289819648
1312628347516653568
1312628371092840449
1312628414881423363
1312628434426888193
1312628588164907009
1312628767173619712
1312629025316061184
1312629435879714819
1312629460806459394
1312629519115784192
1312629834254708737
1312630106653970437
1312630546850295808
1312630705206296577
1312630768003317760
1312631336377647111
1312631381311123458
1312631469991489537
1312631524878159873
1312631645208416256
1312631777018744832
1312632107408199680
1312632297602969601
1312632338933784576
1312632548317487105
1312632623022379008
1312632724528611330
1312633249588563968
1312633519189815296
1312633551314132993
1312633551590952961
1312633555965538304
1312633586764451840
1312633653013311488
1312634050671243264
1312634073114787845
1312634221203202048
1312634253197422592
1312634314572480512
1312634558924222464
1312634567883448320
1312635113977544705
1312635221410545665
1312635231330074626
1312635304013111297
1312635310476529664
1312635522498670592
1312635810265600002
1312636065300140034
1312636180173934592
1312636216026816514
1312636254295592960
1312636351758635008
1312636455475441664
1312636833130520577
1312636838994210816
1312637075670347777
1312637116535443456
1312637231819939841
1312637289911132160
1312637323629088768
1312637332831395847
1312637333129232384
1312637334718877698
1312637821581058050
1312638070139826176
1312638156919848965
1312638357336326145
1312638509232971776
1312638521803300864
1312639415378874369
1312639451722665984
1312639725979594754
1312639812927516672
1312639971967348736
1312640413426122752
1312640534142496769
1312640783116390400
1312640927513686016
1312640945209344000
1312641067641188354
1312641192757264384
1312641336282054656
1312641358553702407
1312641903893118976
1312642553196556288
1312642686579625984
1312642686944378880
1312642804112334848
1312643157683650560
1312643292253872129
1312643372545261569
1312643528426745863
1312643556440408066
1312643571623825409
1312643853745180672
1312643866646900744
1312644153331855365
1312644602969690113
1312644745458380800
1312644892565344257
1312645309089173504
1312645369654906880
1312645407101526019
1312645711276765184
1312646091813408768
1312646192174686209
1312646394914635776
1312646398253305857
1312646550498099200
1312646578679640064
1312646651790553088
1312646967416238085
1312647207732932608
1312647282144276482
1312647450566496257
1312647772185792514
1312648052243656704
1312648122464694273
1312648125119524865
1312648278102560768
1312648650108153857
1312648686095273984
1312648726876508160
1312648728881385479
1312648769050116096
1312648858112061441
1312648967440814080
1312649185351659520
1312649471101198336
1312650060824485888
1312650570986065920
1312650574253481984
1312650622244712453
1312650706189512704
1312651072243208194
1312651554281918464
1312651681650356225
1312652415607414785
1312652477641224192
1312652998317944832
1312654671752949760
1312654676379267072
1312654822386982912
1312655260410941440
1312655648237199361
1312656072432328704
1312656075615866880
1312656197921640449
1312656206712901634
1312656493766946817
1312656818360012800
1312657147424133120
1312657268530442240
1312658458605498369
1312658780761600000
1312658784750366720
1312658858171666433
1312658919588851712
1312658966069932032
1312660318384865280
1312660540427247616
1312660711189999616
1312660773248872449
1312660776302399488
1312661241790373888
1312661264133312512
1312661312254758912
1312661330948694016
1312661530794758144
1312661630300442624
1312661756485931009
1312662069754372096
1312662340513349632
1312662588136792065
1312662594612850690
1312662596668059648
1312662809113554947
1312662986046267393
1312663129143365637
1312663286098268160
1312663748117778433
1312663750168604673
1312663752664322048
1312663817747402752
1312663999629209600
1312665257748262912
1312665445808377857
1312665626582941696
1312665629804068864
1312665866606174208
1312666064266944512
1312666264293314560
1312666303363047426
1312667095163957248
1312667753216643072
1312667867331035136
1312669032512851968
1312669049738997763
1312669438207053824
1312669512966307841
1312670089280458757
1312670351177011200
1312671298129211394
1312671298989051907
1312672402221019136
1312672807399030787
1312672813564661761
1312672921693810688
1312674207285772288
1312674323719618560
1312674700036919296
1312674982665744386
1312675072314880004
1312675375793741824
1312676872493379584
1312677150110052352
1312677492994510848
1312677615027867651
1312678848652214272
1312678850749489152
1312678851080859650
1312678851219136513
1312679143629369344
1312679657796497408
1312680583055708160
1312680694355652609
1312681080546299904
1312681273312280577
1312681376882339841
1312681557027631105
1312681739207299072
1312682241601032194
1312682371293085696
1312682622108213250
1312683272720322560
1312685431964807168
1312686760468635650
1312686834389069824
1312686900445171712
1312686973342150657
1312687051435847685
1312687747296104450
1312687988732641280
1312688084111286272
1312688949073268736
1312689586045362178
1312690171847028736
1312691059965607941
1312693946620039171
1312693947291107329
1312693949530697736
1312694198622015489
1312694848789639168
1312695456661528578
1312695976948305920
1312696108825665538
1312696224005332992
1312696465861509120
1312696600507158528
1312696603975843840
1312696607138369536
1312696607897419780
1312697820605042688
1312699241077252096
1312699650080735232
1312700123105894401
1312700126373318658
1312700437854912517
1312701003305644032
1312701136973987840
1312701497369534464
1312701497675640840
1312702767064965120
1312702770055573504
1312704013016559616
1312704466542620672
1312704538856452098
1312704901189791745
1312706529771036673
1312706529804648449
1312708274286927872
1312709046353362945
1312709046428815363
1312709047209152512
1312709047989141505
1312709049729855488
1312709050040188928
1312709052326125568
1312709106797629443
1312709137000783874
1312709549950787584
1312709659795640320
1312710315704942594
1312710871303491584
1312711364511707143
1312711374997520385
1312711633312116736
1312712695469277184
1312713638290038790
1312714080747220992
1312714340177338368
1312714782643023873
1312715345610911744
1312715770967797761
1312715798344011776
1312716100228976640
1312716412453105666
1312716415795900416
1312716595823861760
1312716597249806338
1312716993968168961
1312717686363705344
1312717701194936320
1312718138585370624
1312718171711901696
1312718315777912833
1312718368642945024
1312718609160994816
1312719112464986115
1312719364315987969
1312719919818125312
1312720669143072769
1312720811745325056
1312720924983070721
1312722363289604098
1312723726337802240
1312723972052725760
1312724145994698752
1312724149610131456
1312724150574747649
1312724150746832896
1312724151363223553
1312724151673581568
1312724211769774081
1312724218468069379
1312724397602594817
1312724471019720704
1312724490007314434
1312725069987295232
1312725412984881153
1312726446473981952
1312726511611449345
1312726671108321281
1312726871335931905
1312727668853411840
1312727675807637510
1312727842229293056
1312727920570372097
1312728275840630789
1312728640879308802
1312728791660351490
1312729178861531137
1312729178936991752
1312729179222401024
1312730185503039489
1312730819170054144
1312730959754780672
1312731419387392002
1312731480016195586
1312731674464092160
1312731696391876611
1312731739161329664
1312731901388640259
1312732088466989058
1312732095152885761
1312732966821400578
1312733158920642561
1312733521853775872
1312733732349136896
1312734427382976512
1312734532676747264
1312734715334455296
1312734801779134465
1312734979546214401
1312735218701344769
1312735450533163008
1312735470384635904
1312735518245949452
1312735675536551938
1312735770332082177
1312735783078559752
1312735839663919105
1312735841928781825
1312736021348581381
1312736225531293698
1312736478925971456
1312736551525253123
1312736621796696064
1312736700133670914
1312736728642465793
1312736739375579136
1312736848725389313
1312736857566965760
1312737478407868418
1312737748705513473
1312737986950258690
1312737987109687299
1312738229741924354
1312738248247009282
1312738257440915456
1312738265120768002
1312738490359009281
1312738893679267840
1312739041633349635
1312739247011569664
1312739247216967680
1312739247363969024
1312739250928984064
1312739251214315521
1312739296865120256
1312739382789459968
1312739500964147202
1312739644153397250
1312739867089162242
1312739964933738496
1312739970227068928
1312740039651139584
1312740044512399367
1312740464349634560
1312740654540300288
1312740755300061184
1312741005846810624
1312741151296884741
1312741308390404097
1312741549336342529
1312741756140748800
1312741761928880128
1312741798884847617
1312741907705946112
1312741943126810625
1312742063075622915
1312742516844720133
1312742536075767808
1312742689864069120
1312742838862520326
1312743019976761350
1312743020052258817
1312743020421361665
1312743103292477441
1312743212327501827
1312743271970480128
1312743896112402434
1312743908812652545
1312743931663310849
1312744133950345219
1312744455821307906
1312744490654986240
1312744514088505344
1312744652206936067
1312744802660671488
1312744944105394176
1312744993971412993
1312745028276621312
1312745032273793029
1312745285034995713
1312745509350711298
1312745561095798785
1312745926390415360
1312745939086520321
1312746039917441025
1312746076437323777
1312746669717495809
1312746755734331393
1312746795022331905
1312746795101872129
1312746796058243073
1312746796523769858
1312746796897116162
1312746822071455750
1312746824428670978
1312746876517531653
1312747026140917763
1312747266206298117
1312747339740831749
1312747361098231808
1312747473673302017
1312747571950096384
1312747706524340230
1312747860677603328
1312748113547988993
1312748118912499715
1312748217495220224
1312748260092784640
1312748299955449857
1312748308218015744
1312748367777337344
1312748438342246400
1312748564339191812
1312748594181668865
1312748670014627841
1312748685319524357
1312748689736134657
1312748732350226433
1312748763186958344
1312748777724416000
1312748804542803972
1312749311642546178
1312749350221737984
1312749547001655296
1312749821854269443
1312749842704281600
1312750569879076866
1312750570000711682
1312750570189578241
1312750704004485122
1312751080321810432
1312751119626637313
1312751498959429633
1312751786978091009
1312751787875733505
1312751828124143619
1312751888429912064
1312751943316635650
1312752058299113473
1312752073939718144
1312752079752949760
1312752155074334722
1312752331402944517
1312752372708499456
1312752481471025152
1312752757854535680
1312752821901709314
1312752823587790848
1312752991213178886
1312753051770466304
1312753175540137984
1312753685043310599
1312753685726978049
1312753818464145409
1312753945497014273
1312753979185664000
1312754213991010306
1312754226603290624
1312754241883299846
1312754291308851200
1312754313710759936
1312754344857661444
1312754345046429697
1312754345155280897
1312754346472296448
1312754346598240258
1312754347453952000
1312754348678680577
1312754349353779200
1312754350561857537
1312754350901559296
1312754351014703109
1312754351337664515
1312754352113811456
1312754353204129796
1312754375916486656
1312754377879252993
1312754401166196736
1312754419021340673
1312754441129426948
1312754461954146310
1312754551280332801
1312754570955755520
1312754596708716545
1312754603516211200
1312754618061946881
1312754645794803713
1312754658021056513
1312754684046856192
1312754685556723713
1312754779257360384
1312754848559849473
1312754957234339846
1312755110263631878
1312755200034312194
1312755233374654464
1312755259203178496
1312755416925974528
1312755497330765825
1312755603433947138
1312755745914605569
1312755948142972929
1312756114002333698
1312756232051019778
1312756420551598080
1312756444538830849
1312756466407833600
1312756545168564228
1312756568589561856
1312756630027726848
1312756873616072704
1312757112884195328
1312757167917850638
1312757214822772738
1312757346716835841
1312757364555161602
1312757653173686277
1312757740788277248
1312757935416672256
1312758059660275713
1312758119714484225
1312758129851944960
1312758134486822914
1312758135191461888
1312758401282256897
1312758408248991746
1312758588813737991
1312758619855884294
1312758685790285831
1312759241644691462
1312759312658452485
1312759377963540481
1312759464920055809
1312759497480232962
1312759628837662721
1312759656104767489
1312759773054619648
1312759893716328448
1312760797802659842
1312761111922573316
1312761153374826496
1312761191186522112
1312761391275675648
1312761398405996544
1312761521378820107
1312761727939825666
1312761779550932992
1312761894298505218
1312761894369988614
1312761895707959298
1312761896223686656
1312761906919346176
1312761923730014212
1312761938934407169
1312761968583946244
1312762018374447104
1312762042101628928
1312762226034450440
1312762463973146629
1312762480733687812
1312762536220069893
1312762563051032577
1312762606726205446
1312762670337187841
1312762747344437248
1312762747705323523
1312762774083297280
1312763003524255745
1312763037145731073
1312763039968567301
1312763165504008192
1312763201436545026
1312763242830352385
1312763306784956416
1312763387345080322
1312763398556442625
1312763445557841921
1312763472632057856
1312763502449373185
1312763581163884548
1312763590110334977
1312763599966928907
1312763651950931968
1312763764102647808
1312763900480360448
1312763971078889474
1312764141015363588
1312764357445652480
1312764364525535234
1312764421870059524
1312764765983240195
1312764830164504576
1312764846887317507
1312764874162876417
1312765103553613826
1312765227792957440
1312765236554932224
1312765504944250881
1312765518957477892
1312765665305128960
1312765669423763456
1312765669474271236
1312765669637718017
1312765680031154177
1312765682124238850
1312765690571624449
1312765743851806720
1312765805277270017
1312765843164598273
1312765874357497856
1312765885078106113
1312765909854023690
1312765914417430530
1312765915973349377
1312766196673064962
1312766199479009280
1312766244098105345
1312766372720586755
1312766411996004352
1312766436834713605
1312766610525093898
1312766725767733252
1312766809582440449
1312766936158269440
1312767505748955138
1312767682710831105
1312767690478551040
1312767774444273664
1312767822397927426
1312767858187870212
1312768074039390210
1312768159334756352
1312768198899531777
1312768372547887105
1312768456954204161
1312768457822343178
1312768556896063489
1312769021050195971
1312769338689150979
1312769353562152963
1312769365381730309
1312769399133073409
1312769399690948608
1312769445450919939
1312769445908099075
1312769446163800066
1312769446524547073
1312769447422115840
1312769447455674376
1312769447875112963
1312769449108230144
1312769452036022274
1312769452136640512
1312769452304338945
1312769452358864896
1312769453004816384
1312769453105577984
1312769453269151752
1312769491663757313
1312769497858793472
1312769502845775872
1312769592973029377
1312769613516636161
1312769652918018048
1312769660543070208
1312769743821078528
1312769784124248066
1312769817707864064
1312769855242883072
1312769889120129024
1312769900834951173
1312769909299048451
1312769933806370823
1312769951334371330
1312770047253852160
1312770244142718976
1312770263189262339
1312770272899072001
1312770606115491840
1312770640764518400
1312770703091884034
1312770785677914114
1312770813834264578
1312771045640855552
1312771066998161410
1312771189157306369
1312771205926191104
1312771283667415042
1312771359118950400
1312771366807121921
1312771559308832773
1312771757527445507
1312771793606893568
1312771969893400576
1312772097253482496
1312772188051832839
1312772232620331008
1312772501869596672
1312772657809686531
1312772819277803521
1312772855914995712
1312773130360778752
1312773219162742784
1312773219317768192
1312773284300312582
1312773390147620864
1312773454202982400
1312773577872224256
1312773693345591298
1312773709455937538
1312773791458697216
1312773879237148672
1312773889915793409
1312773892474376193
1312773963739615232
1312773972900052992
1312774190836133888
1312774311338561536
1312774379009454081
1312774430037364738
1312774474605957120
1312774477478989826
1312774480234713088
1312774494721843202
1312774526124666881
1312774663156760577
1312774740482850816
1312774751409131521
1312774866618048518
1312774892656431104
1312774924705116169
1312775045861830656
1312775050311991296
1312775112899395586
1312775170361303040
1312775183455989760
1312775238820585473
1312775300321701888
1312775391069777920
1312775441682501633
1312775463400603649
1312775612809928704
1312775763893145600
1312775804061986817
1312775824085405696
1312776160397406208
1312776169490612225
1312776221852221440
1312776345907322881
1312776398424211457
1312776445664669698
1312776545602162689
1312776634177527809
1312776648933208066
1312776665714421765
1312776686841159680
1312776773625577473
1312776810694938626
1312776857234833409
1312776865308958720
1312776935907438595
1312776970351112194
1312776993893572609
1312776994942312455
1312776995105890305
1312776995168759808
1312776995785388038
1312776995801985024
1312776995843895298
1312776995852308487
1312777015049809921
1312777068304896000
1312777150370635785
1312777292410753027
1312777352020209664
1312777439744077832
1312777456382771202
1312777497302495241
1312777515308666882
1312777531674767368
1312777708103925763
1312777708582076416
1312777713183272960
1312777732594503682
1312777778085818371
1312777781781180416
1312777820171575296
1312777862861058048
1312777971468513282
1312778060937277443
1312778182265888769
1312778193288355842
1312778252558258178
1312778263639584768
1312778278642479105
1312778455252041729
1312778507186036737
1312778513917779970
1312778546712989696
1312778661217660930
1312778853253869569
1312778984606912514
1312779190555553794
1312779241075900420
1312779510723440641
1312779513416290306
1312779794292051968
1312779803590787072
1312779834171502596
1312780027876999170
1312780086924386305
1312780124060745728
1312780186216259585
1312780210543132672
1312780255157981184
1312780307750440960
1312780309314916352
1312780384296488961
1312780405251211265
1312780459022020609
1312780502110285826
1312780589968359424
1312780768763019265
1312780803278077954
1312780829106434048
1312780868440580096
1312781020496707597
1312781129326358528
1312781286881320960
1312781384105291778
1312781418544594944
1312781428179062784
1312781456322760706
1312781469396488193
1312781511909933062
1312781523909668865
1312781640557625344
1312781648623091713
1312781782442336256
1312781834288324608
1312781973644079105
1312782027159212034
1312782027167428608
1312782040023134209
1312782040580927489
1312782061611216896
1312782067126743045
1312782163809574913
1312782166900854784
1312782197384974339
1312782341291438080
1312782363383005185
1312782369238200321
1312782469746380800
1312782470870380552
1312782487668625409
1312782530441953283
1312782656367665154
1312782776521887744
1312782849142067200
1312782862060589069
1312782887943655425
1312782930884911105
1312782948735819777
1312783193980964864
1312783194077437954
1312783268627054598
1312783349887447043
1312783396553158662
1312783486995050496
1312783636064866304
1312784003427192832
1312784329756508166
1312784413055426569
1312784502557736962
1312784530634354689
1312784533096460293
1312784543896743941
1312784543901003776
1312784544878092288
1312784544995573762
1312784545767329793
1312784545905668097
1312784546086227968
1312784546178437120
1312784546270601218
1312784547017355266
1312784547604463619
1312784548015505420
1312784548124598274
1312784548187516928
1312784548338442243
1312784549324050434
1312784551135965185
1312784551194714113
1312784551450558464
1312784556504821762
1312784593284747264
1312784596011028481
1312784596195586048
1312784626239315968
1312784659353341952
1312784666450067464
1312784746733338624
1312784777959952384
1312784820733386752
1312784822792790017
1312784850651418627
1312784856833720320
1312784871580938241
1312784881257246725
1312785006494969857
1312785119392956419
1312785198476648448
1312785246950170624
1312785307474038790
1312785550785511427
1312785571656331272
1312785578505785345
1312785590773923840
1312785677512302599
1312785741508820993
1312785915367096322
1312786044375445505
1312786051770003459
1312786108359618561
1312786172213702656
1312786274877612038
1312786305340731393
1312786310730526720
1312786433766236162
1312786440871243777
1312786472551022598
1312786479798644736
1312786549805850626
1312786606559055881
1312786688775684098
1312786690499645441
1312786901607346176
1312786942115766272
1312786955801948160
1312787061829595136
1312787098399842305
1312787216192745475
1312787311826857984
1312787342399160320
1312787434820775942
1312787440151781384
1312787451107213313
1312787457562365954
1312787459688759297
1312787539216994306
1312787563799695362
1312787707635138562
1312787838677782531
1312787863252148225
1312787931308982280
1312787989215543298
1312788075538345984
1312788142752178178
1312788197517086722
1312788256979922945
1312788318707281923
1312788325892149248
1312788457882816512
1312788570323800070
1312788613017538561
1312788699034324994
1312788722237280257
1312788794215669760
1312789033475432448
1312789204896829440
1312789556727410690
1312789576856018945
1312789576881037314
1312789576977653765
1312789577103532034
1312789616827695104
1312789710834675714
1312789764081291264
1312789890325778433
1312790083347640321
1312790197780779008
1312790215052931073
1312790264667418629
1312790373929017348
1312790583757336582
1312790718822440961
1312790835151302656
1312790876507328512
1312791077175341059
1312791144431079425
1312791183438028808
1312791290870931459
1312791309405495302
1312791329789947905
1312791427370364928
1312791449931571202
1312791452934721536
1312791515320680450
1312791524976087041
1312791531451944965
1312791743499317249
1312791835555909635
1312791836495409153
1312791841520193536
1312791860776239106
1312791886231461894
1312791944188383232
1312792012706516993
1312792032658763777
1312792093312659458
1312792093669158917
1312792093690007552
1312792095229464577
1312792109603155968
1312792111834640385
1312792132760096768
1312792145187803136
1312792224439164928
1312792326666883072
1312792339740585987
1312792345335656450
1312792435131666440
1312792447487938560
1312792495546343425
1312792530497556480
1312792601393856514
1312792683933577216
1312792721162080256
1312792848492761088
1312792906038759427
1312792997948542979
1312793072351272961
1312793149119647747
1312793171110367233
1312793650259165185
1312793665912238080
1312793763035611142
1312793840403853313
1312793902332751873
1312794003209764874
1312794071497420800
1312794123984949248
1312794151323394048
1312794185418723330
1312794253131689986
1312794434510237696
1312794609920036864
1312794610159284227
1312794648180654081
1312794723346718726
1312794835271798786
1312794840996999168
1312794865793675266
1312794954004037632
1312795016704618496
1312795029602213888
1312795117586198528
1312795151467712512
1312795250147065862
1312795262277033986
1312795317386072072
1312795362835329032
1312795516380512259
1312795545417773060
1312795572085104640
1312795630948016128
1312795819930779650
1312795833964720133
1312795868479787009
1312795868597153792
1312796000420069376
1312796119890444290
1312796155630284801
1312796208465883136
1312796406067929091
1312796430877286400
1312796440771649536
1312796441589485570
1312796447570526210
1312796520773804032
1312796595759575041
1312796612071219202
1312796624607825922
1312796861657493510
1312796875007774720
1312796881441886208
1312796970822643712
1312797039433068545
1312797086874849286
1312797136199856128
1312797138309525512
1312797209604296705
1312797388013105153
1312797403565621248
1312797654921822209
1312797821406507008
1312797835549646848
1312797929195933696
1312798130149060608
1312798189267963906
1312798213930471430
1312798225347178496
1312798278426206210
1312798337771417603
1312798455329361921
1312798471515246592
1312798473327128581
1312798601303781378
1312798644991455235
1312798671780552705
1312798698188005379
1312798746984423424
1312798772636848130
1312798906971942913
1312798982708637702
1312799031203069953
1312799088627326977
1312799272690167808
1312799310384435204
1312799364641951747
1312799393800769536
1312799420111450112
1312799432065253378
1312799485613891584
1312799549614968839
1312799643596722178
1312799644066418688
1312799645483954177
1312799645739945985
1312799645828079616
1312799646058774531
1312799646226411526
1312799646264164355
1312799646490726404
1312799647149162497
1312799647807737856
1312799647937646592
1312799648894001152
1312799650001215488
1312799652677181440
1312799656355659781
1312799691583651840
1312799692414226432
1312799696843399168
1312799707689816065
1312799726786555904
1312799733845577731
1312799743295328258
1312799755991420928
1312799805484269568
1312799833955196928
1312799846038818817
1312799849180532738
1312799855392305158
1312799877911457794
1312799880755240960
1312799910710960129
1312799969238282242
1312800131180384258
1312800145252196354
1312800185634951171
1312800192635244544
1312800240123035648
1312800364555534336
1312800379445280773
1312800384667197441
1312800464296185856
1312800472282157064
1312800517970518016
1312800707381284866
1312800901816434690
1312800908082900995
1312800911039688706
1312800925304537088
1312800936230674432
1312800955147091968
1312800974411628544
1312801098831482882
1312801125179912192
1312801185368363008
1312801221955268612
1312801261234909191
1312801269564665857
1312801371712823296
1312801392394858496
1312801410988167170
1312801422459756545
1312801435310911488
1312801512834306048
1312801572779372545
1312801616819630082
1312801643109453831
1312801740660457473
1312801796084170753
1312801802727886855
1312801843504836610
1312801875327168513
1312801876342173703
1312801923234328576
1312802020752084997
1312802059599609857
1312802097176350720
1312802141954879488
1312802170484527107
1312802178977992704
1312802182799011840
1312802192387170310
1312802263438635009
1312802539914457088
1312802614648754176
1312802705220476929
1312802744282083329
1312802746056216580
1312802761059307522
1312802935873642503
1312802974469480448
1312803188525985795
1312803210474721280
1312803263746510849
1312803342356152320
1312803414519279616
1312803418012962817
1312803418046521346
1312803418075877378
1312803418122133506
1312803484845174784
1312803514154995717
1312803582811361280
1312804003307163648
1312804055127863297
1312804118327631873
1312804134417043459
1312804206600953856
1312804219557228546
1312804424717344775
1312804502819528704
1312804531114332162
1312804611691032578
1312804620331352064
1312804676379828224
1312804718184259584
1312804724219895808
1312804819057467393
1312804845473193986
1312804861277360129
1312804941791100929
1312804956668395521
1312805018425339904
1312805054454337536
1312805075316879360
1312805191729786880
1312805276270166019
1312805665556049920
1312805684308832256
1312805689463508994
1312805706874212363
1312805735189950468
1312805856686346243
1312805881302732803
1312806006385078272
1312806032675008513
1312806136505085952
1312806199285477377
1312806208437465090
1312806247796740098
1312806273713307654
1312806337261305862
1312806357771354114
1312806572238737410
1312806605382189060
1312806686403579906
1312806704288071687
1312806805215432705
1312806871787425793
1312806937638117376
1312806941257687041
1312806961029746688
1312806998170374144
1312807107956215808
1312807192915963905
1312807192932777984
1312807192941088768
1312807193037737989
1312807193637421058
1312807194686038018
1312807195084492801
1312807209634541568
1312807210913796098
1312807234150248448
1312807236801114115
1312807300042829824
1312807482872528897
1312807582659162112
1312807613722226688
1312807664833921026
1312807669644832774
1312807737831698434
1312807739920445445
1312807894522515459
1312808036415811587
1312808131978768392
1312808210940583942
1312808259384938496
1312808261586874368
1312808309783699458
1312808437856841728
1312808451387453440
1312808465073500160
1312808524058165248
1312808620724117505
1312808672062398464
1312808702894800897
1312808827985825792
1312808831571853312
1312808834893840384
1312808881798569984
1312808926233194497
1312808927944376322
1312808932709105664
1312809089748086786
1312809218961862658
1312809249374982147
1312809261907369990
1312809347508916224
1312809383131336707
1312809422566174727
1312809481760321536
1312809485560418310
1312809571359096837
1312809598097686530
1312809638824497156
1312809709678850049
1312809711780200450
1312809951069339651
1312809986129629185
1312809988671369228
1312810014042738695
1312810230347165696
1312810248558858247
1312810255504482304
1312810262936903682
1312810462980050946
1312810659944382464
1312810722510938113
1312810789988962304
1312810805373665280
1312810806828912641
1312810839171268608
1312810968146219008
1312811094457618433
1312811108051423232
1312811159062548480
1312811167061094402
1312811203916443649
1312811235893825538
1312811283893288960
1312811289987743744
1312811453997608963
1312811517721686016
1312811538466603017
1312811579444989957
1312811642837757954
1312811722772676609
1312811729160753152
1312811731895418882
1312811757459705857
1312811794054799360
1312811827605188608
1312811853601439744
1312812024875888642
1312812236151443458
1312812240320552962
1312812358293688327
1312812470470311936
1312812726708658176
1312812729321824258
1312812729435119626
1312812771373977600
1312812817213423616
1312812920036761600
1312812935111155713
1312812955537416194
1312813013552988160
1312813033887014916
1312813082859634688
1312813102895976449
1312813141705789441
1312813217547124736
1312813259179921408
1312813275596443649
1312813305245958145
1312813386967797760
1312813448221335559
1312813455846633472
1312813465535500288
1312813489896009728
1312813622968582144
1312813626835820547
1312813695697776640
1312813722612772867
1312813743584075776
1312813798915416065
1312813800249323521
1312813801792827392
1312813852669562885
1312813885775323136
1312813981216780289
1312814052582871047
1312814355461935107
1312814467722481665
1312814618264432640
1312814630717267969
1312814709339566081
1312814742625349632
1312814742646386688
1312814742696800256
1312814742809968641
1312814743384662017
1312814744143884291
1312814744223600648
1312814744567504896
1312814744600862722
1312814744986763265
1312814745838329856
1312814745855184898
1312814746039578624
1312814746362687490
1312814746656071681
1312814746802876422
1312814746853408778
1312814747599933441
1312814747658547201
1312814749487296513
1312814769154461696
1312814787580092418
1312814792076341251
1312814809260359680
1312814813937127425
1312814863811514369
1312814865346629632
1312814877774290944
1312814901585469441
1312814911513395202
1312814932585525249
1312815170025066497
1312815238769717251
1312815274064830464
1312815281400668161
1312815361461563393
1312815440796688384
1312815471981400064
1312815478704754689
1312815496358752256
1312815502746628100
1312815710691897347
1312815734834245634
1312815763137257472
1312815794011754499
1312815829151432705
1312815929655529478
1312815938232889344
1312815955198738432
1312815975717376004
1312815977273397249
1312815985812963330
1312816067174109188
1312816194961899520
1312816196824178688
1312816282463604736
1312816299349864451
1312816304395440128
1312816306396246018
1312816327816613890
1312816516765802496
1312816650534686720
1312816755576889345
1312816822375211008
1312816840679325696
1312816886917353472
1312816955548729345
1312817020686290945
1312817022238158849
1312817033856286720
1312817078303424515
1312817105545441280
1312817127242436609
1312817130979627011
1312817218913210368
1312817232901103616
1312817325448388608
1312817338945855488
1312817423997964288
1312817513999327233
1312817532487770112
1312817535495143424
1312817594819399682
1312817600418721792
1312817634295992320
1312817661424918533
1312817729678839811
1312817762801266688
1312817768882991104
1312817770829017089
1312817772544524289
1312817858594791424
1312817871484006401
1312817880652754945
1312817912227360769
1312817995660500998
1312817996918906882
1312818032226512897
1312818051809763330
1312818159032958979
1312818237319663616
1312818265903689728
1312818273323372546
1312818275051421696
1312818367510781954
1312818376516005888
1312818420992401413
1312818444702638080
1312818485328859137
1312818498557669379
1312818517540962305
1312818517930987521
1312818534049894403
1312818534100107264
1312818571291119616
1312818575850328064
1312818629059076096
1312818642606714880
1312818650118791173
1312818666594066438
1312818794201600000
1312818811960262657
1312818844583424000
1312818982525706240
1312819082396233728
1312819118832324609
1312819169935740928
1312819314932830208
1312819326962065408
1312819335098970115
1312819383522201604
1312819402023342083
1312819443655991303
1312819450937253890
1312819477877264385
1312819582701166592
1312819657406066694
1312819710816333844
1312819759969427462
1312819775819505665
1312819776071368705
1312819777585524736
1312819787068825600
1312819809676124160
1312820002353934336
1312820023652741121
1312820118494175232
1312820214283685888
1312820248001863680
1312820322442379264
1312820399512580097
1312820414532538372
1312820474448162816
1312820585630781441
1312820789243043840
1312820790102953985
1312820843001634816
1312820850131972103
1312820887658299395
1312821084127784961
1312821239094882304
1312821242303520768
1312821276487102464
1312821477654306816
1312821556008153089
1312821588438388736
1312821594855596032
1312821629894811648
1312821684592836608
1312821736228806656
1312821775751876608
1312821789265887242
1312821905410281472
1312822040852942849
1312822128279015430
1312822165243416576
1312822292657790976
1312822292964012032
1312822293236641792
1312822309309214720
1312822309762236417
1312822327583936512
1312822327734927362
1312822333254574084
1312822360446242822
1312822652701233153
1312822696753819648
1312822770737254405
1312822838018158592
1312822848201916416
1312822896792870913
1312822899305259009
1312822981152964608
1312823013470097412
1312823037591318529
1312823231070568450
1312823307381673984
1312823310590205952
1312823333520470016
1312823366655651843
1312823446796148737
1312823517876977667
1312823555185238016
1312823564005908480
1312823635334197248
1312823643274182656
1312823717416890368
1312823768977272832
1312823785876189185
1312823801088864257
1312823802448023552
1312823803643342850
1312823916075810818
1312823943191904256
1312823946069319685
1312823951702319105
1312823953182793730
1312824089736744960
1312824131495358468
1312824165423030275
1312824181315133444
1312824235283415040
1312824334776324096
1312824336127086592
1312824434949005319
1312824444717535232
1312824451264909320
1312824463180787712
1312824471716270081
1312824472659951616
1312824476770344960
1312824476837441539
1312824539194290176
1312824674179411968
1312824680324227072
1312824833059811329
1312824936600342528
1312825283574145024
1312825308760936448
1312825312460173312
1312825323017457667
1312825401434136578
1312825502214746114
1312825532132847622
1312825563749535744
1312825615968542722
1312825652689633280
1312825843362811905
1312825934735716353
1312826031640899589
1312826039177936897
1312826054940282880
1312826080169000961
1312826082765213697
1312826313187749893
1312826318958981120
1312826333525880837
1312826432226238466
1312826437720776705
1312826460885987328
1312826559452110850
1312826649575149568
1312826744559337472
1312826822338412544
1312826881843093504
1312826902508380161
1312826974071648261
1312827012768305154
1312827247527710726
1312827336237043713
1312827379358797825
1312827497134911489
1312827525622566912
1312827568937197568
1312827635538505734
1312827684536418308
1312827708540297216
1312827757387280387
1312827766736408578
1312827812227641344
1312827834432466946
1312827869295452160
1312828070613725186
1312828073239212032
1312828164876513283
1312828205255077889
1312828233193320454
1312828244178219014
1312828270019305473
1312828375619317760
1312828548814721026
1312828566489399297
1312828655022768128
1312828762803908608
1312828767757361153
1312828838456561666
1312828843451793408
1312828953191612416
1312828954051588098
1312829022099976192
1312829053595013125
1312829111199559680
1312829261594718209
1312829305290981378
1312829322672078848
1312829329521418240
1312829338639888384
1312829391244681216
1312829396064100352
1312829422748172288
1312829505489309704
1312829519741554688
1312829522610253824
1312829540385927171
1312829663396364288
1312829705553403904
1312829843101282304
1312829843403427842
1312829843524841472
1312829843843608576
1312829843864576000
1312829843998875648
1312829846012207104
1312829846947414016
1312829847010529280
1312829847605919744
1312829848587587584
1312829850470682624
1312829887326150664
1312829901385367552
1312829929856421888
1312830005215453185
1312830027449368576
1312830094260477953
1312830114217033728
1312830132239970309
1312830271029481478
1312830443377418240
1312830475170312192
1312830521664208897
1312830622382071815
1312830668326473738
1312830734202212354
1312830949940396032
1312830963609563136
1312830981406064642
1312830988356063233
1312831262093127681
1312831289960083456
1312831336101613574
1312831419471859714
1312831469040160774
1312831473427259392
1312831490686947330
1312831585582972937
1312831760711983104
1312832025775271938
1312832117521502209
1312832123070484481
1312832131723333638
1312832207556403201
1312832220474871816
1312832374305103878
1312832382895042560
1312832394219720706
1312832408681689089
1312832428428361729
1312832493498793989
1312832520774246400
1312832555683635202
1312832602991030272
1312832623677378561
1312832624050790401
1312832672029462529
1312832942956183552
1312833025474990080
1312833133780189184
1312833293948260352
1312833354467860481
1312833375552462848
1312833449586307074
1312833503516676099
1312833574475890688
1312833616938856448
1312833617278590977
1312833728562032641
1312833817460105216
1312833894463549444
1312833915112091649
1312833936876339201
1312833937086050306
1312833963786993670
1312834023274684416
1312834051837956097
1312834178455609345
1312834184503754761
1312834283334238210
1312834368235216896
1312834447918551040
1312834454591660032
1312834511462309888
1312834513265979392
1312834642341314560
1312834830044991492
1312834875259408384
1312834875288772608
1312834875435569152
1312834875435687939
1312834875511107584
1312834879508418560
1312834937846931459
1312835070609240064
1312835072727429123
1312835089160577025
1312835109406552067
1312835191367364610
1312835268769087488
1312835477733597186
1312835636186021892
1312835706276978689
1312835719900135425
1312835743765725187
1312835904629862406
1312836017120894976
1312836137464066049
1312836168791347200
1312836246302076928
1312836259602145281
1312836260239613952
1312836317655564289
1312836343790276608
1312836393551515651
1312836396567191552
1312836428091592705
1312836443614576641
1312836482340655105
1312836533645455361
1312836534752686082
1312836630328344581
1312836634606407680
1312836692534063104
1312836712939257863
1312836749454987264
1312836768820011008
1312836991583649793
1312837048852713472
1312837080200994816
1312837082000297984
1312837233074937857
1312837358950244353
1312837392143798272
1312837392445956111
1312837409739018246
1312837441850609666
1312837454928531463
1312837493889343488
1312837502424809473
1312837513522733056
1312837561102995456
1312837588105998336
1312837591474073602
1312837607357730816
1312837683606179846
1312837697652879360
1312837710923563012
1312837891782053888
1312837903676997634
1312837919783124994
1312837931867025408
1312837932969943040
1312838057893269510
1312838160724881409
1312838178315948032
1312838250646691842
1312838259052032010
1312838310029484032
1312838340186693633
1312838382683213824
1312838388567797760
1312838440145178624
1312838457367179264
1312838481991872513
1312838526053093377
1312838650346971137
1312838650611130368
1312838662518841344
1312838732563832834
1312838756806864902
1312838825157292033
1312838896527511553
1312838898670854150
1312838945181491202
1312839042816335873
1312839142074585088
1312839144184442880
1312839150618329089
1312839580454969352
1312839732167159810
1312839857107066884
1312839874857312256
1312839908449492992
1312839908554428417
1312839916854931456
1312839918536855553
1312840032265273345
1312840083284860931
1312840138100273158
1312840263027634179
1312840324897701888
1312840326978179072
1312840360134160387
1312840416866127873
1312840425590460416
1312840430246076417
1312840430925512707
1312840444695334913
1312840515604426754
1312840553000730626
1312840559346802688
1312840562593222657
1312840566183428097
1312840610202742786
1312841016446087169
1312841019105464323
1312841077985103875
1312841160260546562
1312841166635692032
1312841166887428096
1312841280817426433
1312841288966864896
1312841332956643328
1312841368381816832
1312841372622348288
1312841482676711427
1312841675073556486
1312841781298393088
1312841812965425152
1312841857676636160
1312842201135800322
1312842260376059904
1312842270610083840
1312842550106116096
1312842626169790465
1312842683250073600
1312842701029683202
1312842727042629632
1312842777269596161
1312842872459124736
1312842928436342791
1312842944265814016
1312842948204208130
1312842949999423488
1312843099664723972
1312843135182155777
1312843363293499394
1312843365600432129
1312843429030834184
1312843483665891336
1312843498815737861
1312843518415699968
1312843524308635648
1312843654575337475
1312843764197740545
1312843827238109185
1312843829360369664
1312843852768714753
1312843920842338307
1312844036152139778
1312844121846022152
1312844148714610688
1312844215970402307
1312844310157701120
1312844346132226048
1312844373147742208
1312844382333071360
1312844467062308869
1312844496795820033
1312844509131272192
1312844509210869765
1312844583777124354
1312844641889406978
1312844682410553344
1312844889852440578
1312844901780987905
1312844941509312513
1312844941547245568
1312844941731811328
1312844942398685186
1312844943006797825
1312844943241641985
1312844943312990208
1312844943329767432
1312844943451320320
1312844943594082307
1312844943673585666
1312844943879294976
1312844944214691841
1312844944445300736
1312844944655040512
1312844944894308353
1312844945145786368
1312844952255119360
1312844983867772931
1312845011248128002
1312845025563144193
1312845040532754440
1312845051664437248
1312845062565494784
1312845103690637312
1312845106072838145
1312845195831062530
1312845257151639552
1312845294489477120
1312845349703348226
1312845440476491778
1312845561695997955
1312845676003438593
1312845743384915969
1312845779208294400
1312845821403168768
1312845943885230083
1312845948473634816
1312845948654096384
1312845982422503426
1312846119836086272
1312846205290901504
1312846392830750721
1312846395293003786
1312846401567678464
1312846409205452804
1312846469397991425
1312846485172695040
1312846721345417216
1312846790987710464
1312846819588747264
1312846899314122753
1312846929714442241
1312847026837577728
1312847032890130432
1312847042603937792
1312847065387610115
1312847089563578379
1312847101689311234
1312847264545755142
1312847398675324936
1312847448394657792
1312847458213359616
1312847458330796032
1312847569521963011
1312847572835409921
1312847622948950021
1312847634759991296
1312847686937260032
1312847766134157314
1312847766553583618
1312847780013051905
1312847792197505031
1312847853170167810
1312847910132998145
1312847915191275526
1312847983830994944
1312848060956004354
1312848088734879745
1312848125241982977
1312848132871540736
1312848181684699136
1312848215075586048
1312848276627091458
1312848362832617474
1312848476628119552
1312848517082349568
1312848570484174849
1312848576716984320
1312848716575858689
1312848716747939842
1312848728080945153
1312848759886356480
1312848783999467522
1312848857643057152
1312849071703556102
1312849071909068806
1312849088182976512
1312849092918337537
1312849204700573698
1312849215769382914
1312849275580276737
1312849426700926976
1312849794038202370
1312849855103086594
1312849928398483457
1312849975026556928
1312849975210987521
1312850049370673152
1312850136553357314
1312850318150037504
1312850495640416257
1312850498257592320
1312850910905688064
1312851025922007042
1312851056364335104
1312851057312231434
1312851242805149696
1312851260786302989
1312851308391657472
1312851327731466240
1312851555704614912
1312851634360324097
1312851709736169474
1312851815185166337
1312851847825113088
1312851947939147777
1312851954234724353
1312852050909200387
1312852175803084804
1312852257336111106
1312852405336367105
1312852412479070208
1312852425288581124
1312852446683766788
1312852491332132875
1312852491390922759
1312852492007374848
1312852492149899266
1312852513146761226
1312852564396961792
1312852582721871874
1312852700128833542
1312852851723399168
1312852995177054208
1312853002361942022
1312853025145475072
1312853083874041858
1312853107890688001
1312853138110582788
1312853160172703745
1312853164949938176
1312853178296217603
1312853203340451841
1312853359603396609
1312853548737028096
1312853648087621632
1312853713359237120
1312853746569879552
1312853747463323648
1312853833115217925
1312853858628984833
1312853909984219136
1312853912257466369
1312853973443907585
1312853998169477129
1312854076414218241
1312854231372759040
1312854240683982848
1312854436776079361
1312854444359385088
1312854644343762944
1312854703743668232
1312854741806837760
1312854863676682240
1312854981893132289
1312855013165871106
1312855047026376705
1312855086125768706
1312855115380948993
1312855140202876929
1312855170628440065
1312855208796577793
1312855256955576324
1312855314904100870
1312855399977160705
1312855511402938368
1312855586791325696
1312855944271925250
1312856130469728264
1312856266134282241
1312856266184683520
1312856502013698048
1312856550868951040
1312856611573116929
1312856651112812547
1312856688685314048
1312856952679141378
1312856967514337281
1312856988569698307
1312857004860465158
1312857021369126912
1312857042865065993
1312857080706064386
1312857118693822465
1312857255230930945
1312857282250563584
1312857398629941248
1312857406901112832
1312857438400507909
1312857524459237378
1312857524530339841
1312857543337598978
1312857547527905281
1312857555648106496
1312857582688755712
1312857773634273281
1312857944107544576
1312858066577170434
1312858147875422208
1312858164174499841
1312858195384123392
1312858212576747520
1312858241966247937
1312858356932120578
1312858649061134336
1312858763267846146
1312858782867886086
1312858782901374978
1312858782955864077
1312858784407130112
1312858881350082561
1312858890040569856
1312858896504152072
1312858908667441152
1312858992280924160
1312859002666135553
1312859040792236032
1312859052175745024
1312859065840738304
1312859095481774081
1312859151383527425
1312859215472611333
1312859554867277824
1312859618843004933
1312859686723411969
1312859751299121152
1312859950016851968
1312860041171607553
1312860041368735746
1312860041398022145
1312860041700048898
1312860041716801536
1312860042673168384
1312860042828419074
1312860043264626688
1312860043310759936
1312860043352604674
1312860043474350083
1312860043516149760
1312860043600109568
1312860044539518976
1312860045340798988
1312860046506815490
1312860048582868992
1312860067021180929
1312860082313588738
1312860126693470208
1312860128941572102
1312860129797320706
1312860139679092736
1312860142401069056
1312860144900997126
1312860178614816770
1312860188236447748
1312860195370999810
1312860197107441664
1312860200198643712
1312860209434505218
1312860370059624448
1312860496819892224
1312860544819433474
1312860565455417346
1312860734821466117
1312860750281674752
1312860796406231040
1312860884868501504
1312861108491952132
1312861187340750853
1312861224347086848
1312861299605475330
1312861315199795207
1312861348716572672
1312861380014485509
1312861391666122752
1312862104584511489
1312862267491397633
1312862338089848832
1312862339436339200
1312862519061610501
1312862536493158400
1312862557800026113
1312862623118118912
1312862657716858880
1312862782740602880
1312862876110069762
1312862896871923713
1312862899241533440
1312862901091303424
1312863124228395009
1312863271989522432
1312863418232172544
1312863437526106114
1312863483365658625
1312863492702171137
1312863575468171264
1312863656519045125
1312863707161133060
1312863816166842370
1312863830444249090
1312863924048494592
1312864102771908610
1312864164621160448
1312864327037153280
1312864350109986816
1312864571028320256
1312864751291113480
1312864775211110400
1312864787253137409
1312864921613410305
1312865074411900929
1312865078249742344
1312865097165963264
1312865100227772417
1312865116304572417
1312865116774264838
1312865172650954754
1312865194910068736
1312865252648812556
1312865379933319168
1312865415018606593
1312865956742361088
1312866089337061376
1312866102226096128
1312866194379223043
1312866270614757376
1312866289677983746
1312866332573003776
1312866362008760320
1312866429155381249
1312866429566423043
1312866485656711169
1312866580150333440
1312866639331897344
1312866644390150144
1312866647217262595
1312866654578188288
1312866657921126406
1312866659548442630
1312866708479184897
1312866828641853442
1312866929581993987
1312866968475758592
1312866980467273728
1312867051791319041
1312867093335826432
1312867211179163648
1312867339109494784
1312867396932296704
1312867399092318208
1312867537592385538
1312867546564120577
1312867567594344448
1312867590956634114
1312867591497674754
1312867591589777408
1312867591657066502
1312867591891890180
1312867608660770817
1312867610753748999
1312867635118383106
1312867760444239881
1312867786809540611
1312867827016179721
1312867853649936384
1312867867419791366
1312868236497690624
1312868352688349186
1312868406094258176
1312868508401795073
1312868620121395201
1312868628593811457
1312868642430877698
1312868642535727111
1312868715093012480
1312868737670877185
1312868784743477248
1312868849256206339
1312868864338747392
1312868915098214400
1312868955850186752
1312869136477958146
1312869167192838150
1312869238093250561
1312869240958070786
1312869291570724864
1312869378959052803
1312869380418568197
1312869394670854152
1312869414501519363
1312869476375777280
1312869511524167680
1312869578318385152
1312869680156213249
1312869707184254977
1312869725001535490
1312869766013435904
1312869790885830659
1312869817846829060
1312869858376380417
1312869955029921792
1312870107392208903
1312870107484286976
1312870107597598720
1312870128321794051
1312870363181838339
1312870418269822976
1312870421125976064
1312870447436886016
1312870464373567489
1312870623547334656
1312870697878917128
1312870817072644101
1312870885758504961
1312870965819441152
1312870983183872000
1312871080629993472
1312871188394205184
1312871264097308672
1312871290903166977
1312871302361907202
1312871310830243841
1312871365737807874
1312871365775552512
1312871365817573379
1312871375099617282
1312871456582369281
1312871552497651713
1312871565889921024
1312871629970702337
1312871699390631936
1312871703681220608
1312871793649045504
1312872074998738945
1312872120762929156
1312872139356360706
1312872195669069826
1312872268737830913
1312872285494280195
1312872352078860288
1312872414209019907
1312872444223541248
1312872625849405440
1312872682963304454
1312872874902982659
1312873088372142080
1312873134513696769
1312873212057972764
1312873255712313346
1312873285277945858
1312873325421572097
1312873326273089541
1312873354081304578
1312873522885283849
1312873524734963713
1312873568292618240
1312873717890940930
1312873726191394816
1312873782034468875
1312873790200844296
1312873802812940288
1312873845922164742
1312873883272310784
1312874139263229953
1312874207102013440
1312874228970999808
1312874325591101443
1312874554822459399
1312874593363931136
1312874639299837954
1312874658060922881
1312874661252722688
1312874666512519169
1312874750537068553
1312874953772077057
1312875082985992193
1312875132801576960
1312875140557033472
1312875140569427969
1312875140590563339
1312875140590571535
1312875140749893633
1312875140913528833
1312875141387304960
1312875142155038720
1312875142234603520
1312875142779895809
1312875144109383680
1312875144315121664
1312875144931614726
1312875145833320449
1312875170353348613
1312875173033500672
1312875179694002177
1312875194344714241
1312875202125213699
1312875222492762113
1312875225743269889
1312875242738520064
1312875247037755393
1312875249852059649
1312875269859016704
1312875325492060160
1312875338767237121
1312875351903817728
1312875354814586881
1312875375022821376
1312875394559733760
1312875423349518336
1312875440185409536
1312875460007612416
1312875472456425474
1312875824652189697
1312875827516899329
1312875865634635778
1312875965882621952
1312876148355932160
1312876155901542401
1312876200734461952
1312876261732085761
1312876298621128711
1312876410244005889
1312876467269718016
1312876503022141444
1312876596517384192
1312876626099789836
1312876646286995456
1312876727916539904
1312876736720314369
1312876826381840384
1312876902177107970
1312876904551243776
1312876963657207808
1312876979226587136
1312877093282344961
1312877108658671622
1312877155219464192
1312877160550617088
1312877327228039170
1312877441950584832
1312877571873419264
1312877657294467072
1312877669537779712
1312877705428430849
1312877716668997633
1312877843421057025
1312877928632516609
1312878036195389446
1312878064729313281
1312878236834164742
1312878305251524609
1312878462949117953
1312878604523429888
1312878663831031809
1312878749721993216
1312878915547852800
1312878915715624960
1312878965716066307
1312879097635196928
1312879134276755456
1312879219433639936
1312879260915429376
1312879675149037568
1312879727615463424
1312879869508886529
1312880005505077248
1312880056394375168
1312880066402152449
1312880098337591300
1312880122605826048
1312880142717513729
1312880173931360256
1312880174006849536
1312880174170624001
1312880177412820998
1312880186514444296
1312880221402660864
1312880252775874560
1312880307058610176
1312880402718130179
1312880431113465856
1312880442039824385
1312880457965424640
1312880665814278144
1312880677180723200
1312880738589503488
1312880758340694022
1312880829224439810
1312880846047596544
1312880890222194689
1312880968684969984
1312881110464917504
1312881141305815043
1312881309187018752
1312881359699017733
1312881432071610369
1312881514565128192
1312881551462600704
1312881563214901249
1312881563332423682
1312881770845663233
1312881851137130499
1312881873668861952
1312881895156269056
1312882027247566850
1312882101155491841
1312882127659134981
1312882140762304515
1312882151046565891
1312882238909042693
1312882275864834048
1312882284144414720
1312882294676389896
1312882514541924354
1312882537056727041
1312882690316591104
1312882691310641152
1312882691642097665
1312882703029678083
1312882723497930762
1312882777365377026
1312882948312424448
1312883001248763904
1312883044165001217
1312883107989803008
1312883341771902980
1312883416539561985
1312883451545235456
1312883482369175554
1312883563608506368
1312883683695697920
1312883898494390272
1312883948733771779
1312883948792565761
1312884059996147712
1312884072104984592
1312884200341565441
1312884231870148609
1312884260013916161
1312884456320106496
1312884497554210816
1312884653657747456
1312885098384064513
1312885111419879424
1312885206936821760
1312885206957920258
1312885207058522114
1312885207096332288
1312885300968873984
1312885323580358656
1312885513427140608
1312885590199808003
1312885673490345984
1312885769854427137
1312885817073827841
1312885840436228096
1312885892785283073
1312886026147373058
1312886143336108032
1312886228539387904
1312886243789869056
1312886465123106817
1312886475214729216
1312886566759657472
1312886579472592896
1312886689648521216
1312886805964955649
1312886839884341249
1312886882657808384
1312886976215908353
1312887032038010883
1312887081249759238
1312887179568349184
1312887186614878211
1312887342580068352
1312887372359499776
1312887399714676736
1312887402243878913
1312887479888875521
1312887527951327234
1312887650723016709
1312887723552718849
1312887733942210561
1312887829672923138
1312887879295668225
1312887884438007808
1312887975232106496
1312887988905443328
1312888045671075840
1312888059931889664
1312888111664259072
1312888116248743936
1312888173626888197
1312888210364694528
1312888272310415361
1312888274827055106
1312888317650837504
1312888337154420737
1312888355395338240
1312888384575213568
1312888503810760704
1312888693758332928
1312888751333560320
1312888761525698561
1312888826164117505
1312888826281390080
1312888827002855424
1312888831079710724
1312888989083336704
1312888994376683522
1312889015268528133
1312889069706244096
1312889102115590144
1312889176325582849
1312889241442029568
1312889295091294208
1312889307959525384
1312889412540272642
1312889541246685184
1312889615158841344
1312889623161364481
1312889633471107072
1312889654111240194
1312889728149094405
1312889840611086336
1312889950963150848
1312890065375420416
1312890179292602370
1312890240022048768
1312890240042848256
1312890240080568320
1312890241250996225
1312890241477419009
1312890241557168129
1312890242551087104
1312890242811269124
1312890243230519297
1312890243268386817
1312890243360657411
1312890243499126784
1312890243813572609
1312890248049745920
1312890253548675072
1312890255297540096
1312890265984741382
1312890267394084864
1312890270866907139
1312890285316161536
1312890316870037504
1312890341603897355
1312890347152957441
1312890351364050951
1312890354950078464
1312890376852770817
1312890405583806464
1312890423031914497
1312890438152577024
1312890545719644160
1312890546478821376
1312890558004834304
1312890580167528450
1312890748921163788
1312890752217821184
1312890863320788998
1312890910808567808
1312890943436062720
1312891048126033923
1312891116468006919
1312891256113045504
1312891273976573952
1312891275922866177
1312891286274277377
1312891424245940224
1312891592357957633
1312891641397739520
1312891675468070914
1312891805810257929
1312891807085273088
1312891845546967040
1312891867357417472
1312891917382819840
1312891993417285633
1312891999280922625
1312892058147807232
1312892089668177920
1312892098123882502
1312892145305628672
1312892174938378243
1312892451946979328
1312892505097150467
1312892538982993920
1312892622235672576
1312892766180044800
1312892767551528961
1312892768537239552
1312892770995122178
1312892802024566784
1312892813487546368
1312892836774371329
1312893049333116928
1312893102638592000
1312893109655736320
1312893259027550211
1312893274269478912
1312893477374570496
1312893662242762757
1312893776227004416
1312893923002638336
1312893983174070277
1312894015067488256
1312894015096852482
1312894016996990977
1312894256198025218
1312894267044630529
1312894418282840065
1312894576923795461
1312894639842701312
1312894643453997056
1312894659589550086
1312894925583785987
1312895143280816130
1312895273291710464
1312895273320902659
1312895303067078658
1312895320490151941
1312895411342864384
1312895518482329600
1312895526149533699
1312895529534144513
1312895580306366465
1312895627731316736
1312895857893601280
1312896104611143680
1312896152711426052
1312896198269952000
1312896223423139844
1312896519985651713
1312896531624853505
1312896846394798081
1312896994965368833
1312897098619195392
1312897789764882432
1312897790515785731
1312897790662438912
1312897790721298432
1312897790775750657
1312897818831585281
1312897855112310784
1312897861852573696
1312897910779138048
1312898010779652097
1312898102941147136
1312898233568563200
1312898250521878528
1312898270637756416
1312898364565073928
1312898488489963520
1312898513697734657
1312898587454570496
1312898597231292416
1312898753800540160
1312898792081911810
1312898884381835271
1312899048337219587
1312899048500850689
1312899159557582849
1312899194487599104
1312899206298963969
1312899217254383617
1312899299890561025
1312899299974557697
1312899305628479489
1312899555889950720
1312899667403968512
1312899753915674626
1312899811826229248
1312899866805362690
1312899882752016385
1312899964738166784
1312900040583794689
1312900102818795520
1312900119335927816
1312900225212780544
1312900270091767808
1312900306422951938
1312900351847288832
1312900388274741248
1312900392062156807
1312900533695340544
1312900658811469824
1312900761408413698
1312900776856092677
1312900829976956937
1312900940748513281
1312900946406637572
1312901034847731712
1312901114866528256
1312901122479226881
1312901272920416256
1312901281065951233
1312901289240481793
1312901564701437952
1312901564701437953
1312901564739153921
1312901564827344898
1312901566773501953
1312901573425737728
1312901675011768321
1312901782666964993
1312901858843795457
1312901909360058368
1312901932172804097
1312902287136878592
1312902361959075842
1312902493240614912
1312902787546611719
1312902798791585792
1312902822971629572
1312902834774564866
1312902851434291207
1312903251407319040
1312903258332160001
1312903286882590720
1312903316431544320
1312903430340452352
1312903469788000256
1312903498208428032
1312903547843903490
1312903615334559747
1312903641691545601
1312903680782340096
1312903734280642560
1312903836827254785
1312903909862633474
1312903929475272705
1312904038187401218
1312904089047531523
1312904121608007680
1312904223907078145
1312904234304761857
1312904261563547648
1312904339887849472
1312904392769777665
1312904422268301314
1312904559748997120
1312904725877022720
1312905051053137921
1312905072087429120
1312905087895838720
1312905092773875712
1312905147756863488
1312905267357638656
1312905277834895360
1312905280166846464
1312905280292675585
1312905304825196544
1312905305563430913
1312905312861528064
1312905329743589376
