1289712517778874369
1289712519108386816
1289712568525709313
1289712700721786882
1289712764307427328
1289712807982768128
1289712821396103168
1289712864274464769
1289712865222500352
1289712883954139136
1289712905215041536
1289712979655585793
1289713062363066368
1289713095737131008
1289713258035687424
1289713284539539456
1289713334841835520
1289713355016540160
1289713374683693068
1289713513305235456
1289713565692239872
1289713579051057154
1289713684944760833
1289714077569175553
1289714092542840832
1289714159131795458
1289714361850712065
1289714793566425090
1289714801590009861
1289714861677490176
1289715066363756545
1289715070738370561
1289715178011947008
1289715259683438592
1289715437261840384
1289715492869963777
1289715565997600768
1289715572691750912
1289715577649369089
1289715809732812800
1289715941777915904
1289716124414644228
1289716254387761152
1289716395308019714
1289716473779298304
1289716646106423299
1289716705208410112
1289716746815811584
1289716918341967872
1289716969273319424
1289717011262496771
1289717060742742016
1289717207736258562
1289717300736733184
1289717327613825025
1289717331812327424
1289717385784520704
1289717407519367168
1289717454315368449
1289717509218869250
1289717550557749248
1289717826744270851
1289717846600118273
1289717848835674112
1289718116122066945
1289718328617918464
1289718355369308160
1289718366769315841
1289718477767340032
1289718559321591808
1289718644570652675
1289718662950055936
1289718704218013697
1289718813278105600
1289718895209717760
1289718951283429382
1289718960108126208
1289718975186665474
1289719033495920640
1289719062298103809
1289719348337061889
1289719356042010625
1289719373352009728
1289719393857937411
1289719566784847872
1289719690697179136
1289719759681007617
1289719889247141892
1289719897723793408
1289720094738718720
1289720138938249217
1289720165194760192
1289720216864210944
1289720232064380928
1289720252155097089
1289720356979187713
1289720458628063232
1289720485316567041
1289720646826565632
1289720985055301633
1289721050536660993
1289721078013542400
1289721240396079106
1289721250600779784
1289721329025863681
1289721353281691650
1289721375263866881
1289721427474763779
1289721430993707008
1289721432608563201
1289721650976452608
1289721687055818754
1289721758925324288
1289722106217807872
1289722262698881025
1289722411491893248
1289722419071135744
1289722540768649217
1289722577116512256
1289722596037021696
1289722679965163520
1289722722596139008
1289722813251588096
1289723037353299968
1289723571904946177
1289723779589869569
1289723911647760384
1289724039355756544
1289724117613252608
1289724262568194048
1289724301227298816
1289724431753867264
1289724503983943681
1289724643809476608
1289724675518431232
1289724686947905537
1289724748889501696
1289724931127652352
1289724978317807616
1289725018449096704
1289725256601657344
1289726013916635136
1289726050226724869
1289726090693373952
1289726165486391296
1289726238295126016
1289726259325353986
1289726591442944000
1289726647696932864
1289726914370973696
1289726957035220992
1289726965042143232
1289727186317058049
1289727191903801350
1289727427493523459
1289727817463156736
1289728074129571840
1289728078046871552
1289728311480877056
1289728331982737408
1289728555463536641
1289728656785342464
1289728676574109697
1289728834510761985
1289728904299556864
1289729486594818048
1289729536741871616
1289729656292118528
1289729795824037888
1289729854162628608
1289729870067453952
1289729930251534336
1289730015773433857
1289730038049304578
1289730392216371200
1289730394107961344
1289730653743849472
1289730721905405952
1289731589472059393
1289731644950114305
1289731713636036608
1289732127894827009
1289732306114994177
1289732377585971200
1289732500181274625
1289732549401440256
1289732590547722240
1289732603411496960
1289732610072035328
1289732903174148096
1289732916814262276
1289733036028964864
1289733190551310337
1289733332411056128
1289733398534135808
1289733613693677568
1289733910302060545
1289733921823842306
1289733975175507974
1289734033157455873
1289734085204520961
1289734377140899850
1289734569055465472
1289734842700034051
1289735015706681344
1289735165422510080
1289735291473989633
1289735323430170624
1289735357047611393
1289735445773979648
1289735472525094912
1289735761114222594
1289735896091197444
1289736608892088321
1289736697266106368
1289736727515598850
1289736820897374209
1289736862479708160
1289736966372614150
1289736987641958402
1289737122790772736
1289737323442130944
1289737345621581824
1289737428857544704
1289737590396973057
1289737625864151040
1289737724941889536
1289737750883663872
1289738149623627776
1289738264912388097
1289738275213553664
1289738845160841217
1289738907660062720
1289738924164702208
1289739310384603136
1289739704213020672
1289739866205429760
1289739977035636737
1289740336734941184
1289740342078484481
1289740376148869120
1289740445744939008
1289740450262220800
1289740472584253441
1289740631300952064
1289740637462388737
1289740985442775040
1289741115160006658
1289741142767140864
1289741266159247360
1289741344282304512
1289741352004009985
1289741975420313600
1289741994063888384
1289742002901278721
1289742036677980160
1289742129112272896
1289742161802485762
1289742336876920833
1289742349925380096
1289742470817832960
1289742542968217600
1289742579379077125
1289742599645851649
1289742647184314369
1289742745079177216
1289742992769724418
1289743006380240896
1289743282050924546
1289743381858525184
1289743517867155456
1289743543041286144
1289743585244405760
1289743613182611456
1289743878333976576
1289744199810600960
1289744632436256768
1289744655706230785
1289744683720011776
1289744808068743175
1289744943599087619
1289744969217929216
1289745076592099329
1289745115951460353
1289745397724807169
1289745529669181440
1289745685173006338
1289745825002749952
1289745893868990465
1289745986298892288
1289746053076574211
1289746207028334594
1289746269695434752
1289746629998727170
1289746940570120192
1289746947004342274
1289747166227918849
1289747266664726529
1289747459871092736
1289747508202070016
1289747848284614656
1289747945818976258
1289748080770732032
1289748106150440961
1289748221116313602
1289748225642168320
1289748247343316992
1289748261448777728
1289749014057873409
1289749017476251649
1289749114633117696
1289749121641807877
1289749130559008768
1289749205586599938
1289749249609969665
1289749289002967040
1289749376508674048
1289749413678678019
1289749466862542858
1289749987547471873
1289750132527751168
1289750163993632768
1289750386861993986
1289750873749495810
1289751366345412609
1289751523228938240
1289751569043513345
1289751588597309445
1289751645161652225
1289751672613265409
1289751827471192066
1289752173476081665
1289752412018941958
1289752732052549632
1289752758644387843
1289752812558016512
1289753239382974464
1289753463648219141
1289753502806208514
1289753920936407041
1289754114163761152
1289754236197244928
1289754546265186304
1289754662304796672
1289754731192229888
1289754764218175488
1289754788087754754
1289754791896178689
1289755047513829378
1289755061254369280
1289755190820659200
1289755523177304064
1289755853546041344
1289755923557179395
1289756010006093825
1289756556276506625
1289756639382212608
1289757655557214208
1289757735710466048
1289757813762228224
1289757910302629888
1289758282375102464
1289758530812157953
1289758663360446464
1289758897004150788
1289759214420647937
1289759385154183168
1289759396252340224
1289759559679012865
1289759631309340673
1289759856660901889
1289759930702946304
1289759950491721728
1289759957169115137
1289760248647933956
1289760348464005121
1289760577552818177
1289760726601539584
1289760901726220288
1289761193809199110
1289761618478477313
1289761675323691009
1289762186475126784
1289762510984208388
1289762870075494405
1289763018612465664
1289763059012165634
1289763067765485568
1289763179094921216
1289763619790450688
1289763836120064001
1289764116215758854
1289764406839123968
1289764461931147266
1289764969030926337
1289765157640404993
1289765174384058368
1289765784441430016
1289766028604575744
1289766318762229760
1289766669313642496
1289766735516536834
1289766795960815623
1289766796573040640
1289766810204557312
1289766873538744322
1289766999879426048
1289767278435659776
1289767541435445249
1289767941005643777
1289768561196412929
1289768571069841408
1289768623016423425
1289768788594851843
1289769145324785669
1289769581200867328
1289769671940427777
1289769679280472065
1289769805700984832
1289769953172664320
1289770454895362049
1289770478400225281
1289770883884568576
1289771082778583042
1289771227209375744
1289771419023233025
1289771814613213184
1289771904086298629
1289772302968602627
1289772378029821952
1289772773800198145
1289772889361670144
1289772914141794304
1289773080404008960
1289773875136430080
1289773998629240833
1289774203432890375
1289774994801582081
1289775024295915521
1289775305196896257
1289775552061231104
1289775645275246592
1289775738304868352
1289775883012759553
1289776211565084672
1289776671722057733
1289776765397762051
1289776852609900547
1289777113717813248
1289777215555743745
1289777243661598720
1289777254763962369
1289777535358611458
1289777961302982661
1289778135798558720
1289779213944332293
1289779331200294912
1289779665096204288
1289779853156216832
1289780156177891328
1289780754038153217
1289781098638008321
1289781250509611008
1289781481376645123
1289781510669660160
1289781617381105664
1289782119439327234
1289782143187423232
1289782175055806465
1289782361266126849
1289782375065350151
1289782584235433985
1289782812925546497
1289782820508798978
1289783236508475392
1289783568168701952
1289783701493047297
1289784187591905280
1289784839114117120
1289785239619825664
1289785375817232384
1289785739329249281
1289786081974652930
1289786282105659392
1289786427681566720
1289786877072072705
1289787506163154944
1289787640330334210
1289788352745488384
1289788399058993152
1289788828748636160
1289788883450789890
1289789327405248514
1289789827961872384
1289789863835734016
1289789986863083525
1289790187665383426
1289790451780734977
1289790632131616768
1289790664331403264
1289790951511056384
1289792050099978241
1289793067663241218
1289793122147262465
1289793340184166401
1289793458094223365
1289793518257356805
1289793883493154817
1289794191866974208
1289794207054548992
1289794314734669824
1289794580062248961
1289795037853712384
1289795136797327361
1289796218705469440
1289796266906357761
1289796914599194627
1289797121764257793
1289799720236273664
1289800053435949056
1289800276195459074
1289800420425048064
1289801021271597056
1289801131875606529
1289801826095620102
1289801888989315073
1289803141811040257
1289803569961394177
1289803859146289153
1289804413930835968
1289804480838422528
1289805168083480577
1289805202011426816
1289806063420637184
1289806310087593990
1289807226413047808
1289808466941341696
1289808696592093185
1289808739634012160
1289808880118255617
1289809412752695298
1289809464699232256
1289809543774404608
1289809942753337344
1289809971786338307
1289810170529210369
1289812368025776128
1289813525154603008
1289814291931992072
1289815403519021057
1289815914897121281
1289816453911175168
1289817676123168768
1289818085361242112
1289818213866504192
1289818241926172672
1289818329301938177
1289819224878092289
1289819811938291713
1289820045745348609
1289820882072985600
1289821241197518849
1289821376552087552
1289822527896788992
1289822529406693376
1289822537736544257
1289822543944146945
1289822546247012352
1289822551687012352
1289822555189022723
1289822557726679042
1289822560167825408
1289822562625761280
1289822688832151553
1289822803240386561
1289822812413157377
1289822817580486657
1289824517230125056
1289825396926496768
1289825787583987713
1289826297258995713
1289827864792240128
1289828624690843648
1289829173498961920
1289829513661050881
1289831034373017600
1289831162177675264
1289834154490646528
1289835578498916352
1289836647949807616
1289836679977607168
1289836695295102976
1289836957422374917
1289838011614662656
1289838944389984256
1289839612454608896
1289840065905135616
1289841556116119553
1289842310658658308
1289845410828230656
1289845559591866368
1289845564071219200
1289845577325268992
1289847432902086656
1289848317149683712
1289851296774684673
1289854842052079616
1289855803550076929
1289856414647824384
1289858285684678656
1289858480321552384
1289859641870938113
1289860384279744514
1289862869350113280
1289862917739798535
1289863537951518720
1289863598332837888
1289863807154688000
1289865646361022466
1289866291134656516
1289868700837793792
1289871108250845185
1289871721642602497
1289871813514649600
1289872645446496257
1289873299086823424
1289874431091732481
1289874788161216518
1289874906071494657
1289874948710780928
1289875115371421698
1289875295235866625
1289875984099897348
1289876098205904898
1289876431460356101
1289877263811575813
1289877969616371712
1289878025778028544
1289879375039459328
1289879986065858561
1289880618575175682
1289881466269138947
1289881717109661696
1289882324809551873
1289882557836742659
1289882594058866688
1289882836476944384
1289883032803975168
1289883221442924549
1289883398308159489
1289884490580410368
1289885348307308544
1289885428833689601
1289886160995508224
1289886192125714434
1289886262573166592
1289886422355177476
1289886627775438848
1289887429373988864
1289887575684022274
1289887834191486978
1289888284391256064
1289888967630807041
1289889881288630274
1289889985072513025
1289890056287780864
1289890219727052801
1289890899011371012
1289891014954512385
1289891886505893888
1289893712009429000
1289893712630181889
1289893900493025282
1289894083507478528
1289894241452228620
1289894302382845952
1289894441147408384
1289894774762217472
1289894932400857088
1289895299528491008
1289895309519122435
1289895670661255168
1289896048345755648
1289896444594253824
1289896503708798981
1289896798161481728
1289897279621459968
1289897296088317952
1289897516234752001
1289897866190663683
1289898131795009537
1289898280764096514
1289898634125799424
1289898635547873280
1289898858202316800
1289898993766379521
1289899113245544450
1289899258519248898
1289899321987493890
1289899405319921667
1289899860229939201
1289899862016761856
1289899897525694465
1289899914609090560
1289900271565328384
1289900379522572290
1289901058458652673
1289901261144301570
1289901608839442435
1289901671699451906
1289901741937434625
1289901931142369280
1289902518529662979
1289902531200638976
1289902570908135425
1289902575408558080
1289902605649563648
1289902939507589120
1289903468455456769
1289903590106992642
1289903860752855041
1289904065954983940
1289904531522768901
1289904894313467904
1289904937808232449
1289905034927341568
1289905447172898817
1289905638084997121
1289905654920966144
1289905656506408960
1289905756922232834
1289905898169593859
1289906055061762048
1289906150104735745
1289906543094202368
1289906586719117313
1289906794488201217
1289906877221015553
1289907019864928256
1289907085191200768
1289907207107047424
1289907219073339394
1289907434715099139
1289907649958510592
1289908330471649282
1289908553378013184
1289908643094073344
1289908672903094273
1289908686349975555
1289908845431738368
1289909102076989440
1289909199858622464
1289909282129887232
1289909593921880064
1289910042020515842
1289910252562001921
1289910334556233729
1289910532321943554
1289910586612969472
1289910687129640960
1289910840770981892
1289910857401380865
1289910877395668992
1289910996010536961
1289911102550102016
1289911222880440323
1289911342766231552
1289911393068539905
1289911444444651522
1289911465751670786
1289911523826049027
1289911554503147522
1289911599155691521
1289911599864492032
1289911638787624966
1289911898482208770
1289911948574777349
1289912058264289280
1289912066887880705
1289912197083041793
1289912640173555712
1289912644124590082
1289912741038190593
1289912813649985540
1289913082383175680
1289913178747310082
1289913221013364736
1289913284213141506
1289913420188471304
1289913662312857603
1289913940059852800
1289913949903675392
1289914058049646593
1289914256931069953
1289914299175940099
1289914363906686976
1289914437613187072
1289914498959028225
1289914763653210112
1289914852610158592
1289915215182610433
1289915241732612096
1289915383617425408
1289915654846459905
1289915701369556992
1289916359934193665
1289916370453319680
1289916428968132611
1289916509960065024
1289916569582108672
1289916827615686657
1289917012617990144
1289917088123899904
1289917131081973766
1289917261906685952
1289917380928237571
1289917559177789442
1289917618116206592
1289917715361062914
1289917802527088640
1289917863139082240
1289917887575023616
1289917900522889216
1289917952532217856
1289918041908633602
1289918682412400646
1289918765501517826
1289918766483030018
1289918893033570304
1289918950273249281
1289919022461591552
1289919069395865603
1289919107379245058
1289919151960518657
1289919232877178880
1289919469138014214
1289919713993043968
1289919751964127234
1289919757878063104
1289919856469393409
1289919863314472960
1289919901898100736
1289920054193135616
1289920189279215616
1289920365049688066
1289920370321944576
1289920384431620097
1289920488211247104
1289920515356860420
1289920530410115074
1289920721263583240
1289920792172650498
1289920898611339265
1289921124306829318
1289921734183809024
1289921759337041923
1289921818254430209
1289921850072371202
1289921859635433475
1289922015449755648
1289922077604974595
1289922178675245057
1289922263991463940
1289922324829859840
1289922642045108225
1289923154048102411
1289923325838290944
1289923345962561536
1289923863783116802
1289923913875509249
1289923988102160385
1289924113587290112
1289924268449562627
1289924638273728513
1289924931711426563
1289925211106598914
1289925221386838024
1289925408201179137
1289925517596999681
1289925683880144910
1289925798623768576
1289925910645411841
1289925922485919744
1289925934414467072
1289926425869537282
1289926503052935168
1289926509608632320
1289926728551403521
1289927018776166403
1289927063722319880
1289927089752166400
1289927249966190592
1289928286538145792
1289928704777363456
1289928768987906048
1289928901955903488
1289928960495689729
1289929069073764352
1289929170508828673
1289929309214236673
1289929490051686402
1289929568464171012
1289929847855357952
1289929856860356610
1289929898266701824
1289930046749122561
1289930158074294273
1289930308754657281
1289930403403325440
1289930478401794048
1289930494717710336
1289930534005530625
1289930557841965056
1289930778332114946
1289930801300135936
1289930837975117824
1289930852709699585
1289930916073111552
1289931117328363520
1289931246861086722
1289931282395340803
1289931416793309186
1289931435583787008
1289931438976929792
1289931526025523205
1289931646683111425
1289931692711407616
1289931707508854785
1289931851042299915
1289932010790834178
1289932044252872705
1289932051374837761
1289932140226830338
1289932355637919744
1289932366383702018
1289932736791183360
1289932765308190720
1289933026495889409
1289933056380243969
1289933071379136512
1289933108834271237
1289933317207232512
1289933414930567169
1289933416285143046
1289933759714861057
1289933884096827393
1289934200930369536
1289934273651204096
1289934277753229314
1289934700660707330
1289934714032099329
1289934909092630528
1289935191566356480
1289935287267790848
1289935513319698437
1289935548598157312
1289935551206813698
1289935719373238274
1289935794656878598
1289935934490779654
1289935975565598720
1289935983702548481
1289936577926332416
1289936985319067649
1289937206858063872
1289937253947420673
1289937313573662720
1289937340358471681
1289937393093455874
1289937421107265536
1289937578200686592
1289937604729659392
1289937935299567618
1289937997656334336
1289938004539142147
1289938093978443776
1289938142443667457
1289938214359162881
1289938658888359938
1289938681835540480
1289939014334603264
1289939105539735554
1289939177484587009
1289939350466174977
1289939356895997952
1289939450781241345
1289939482557341696
1289939608545959942
1289939698492686336
1289939795389497344
1289939868835934212
1289940074075959301
1289940083550744576
1289940215826657282
1289940275448619008
1289940338740666369
1289940417643864065
1289940616399462400
1289940669440520193
1289940753507131394
1289940817256251397
1289940865851375616
1289941107758039040
1289941162812350465
1289941466551185413
1289941629281935361
1289941702157819905
1289941791068712962
1289941857519140865
1289941950221750272
1289942160498860035
1289942227972587521
1289942240886796289
1289942358814003201
1289942384181207043
1289942421187383296
1289942443832426501
1289942492779909122
1289942508386975747
1289942524488847361
1289942536534888449
1289942717150031874
1289942743549059072
1289942778445627392
1289943273600098304
1289943557571149825
1289943627171377152
1289943668577562629
1289943765201764357
1289943819975180290
1289944215623876610
1289944322498912257
1289944459094839299
1289944510600843265
1289944515596320775
1289944558768357376
1289944594830913539
1289944809885450240
1289944832241090560
1289945322827837440
1289945349100990468
1289945421222010882
1289945482765012992
1289945484254048257
1289945557897797632
1289945562566074368
1289945745307701248
1289945864040067077
1289945965550424065
1289946228927746049
1289946616648962054
1289946675520274432
1289946776833683456
1289946826100023296
1289946856827437057
1289947759210926085
1289947935162003460
1289948118511804418
1289948305271730176
1289948377946288129
1289948712593047554
1289948868667256832
1289948954407219201
1289948973839478784
1289948991468249093
1289949073861033984
1289949080509063168
1289949132027654145
1289949191968440322
1289949336378290176
1289949566725320706
1289949658295308288
1289949920980545536
1289949934653829121
1289949978207514625
1289950070041907201
1289950148080984064
1289950322484326402
1289950523353731073
1289950535114723330
1289950624746893313
1289950641423433729
1289950718871429120
1289950721543041025
1289950814606225408
1289950979023081473
1289951201207828482
1289951419374608385
1289951488622690304
1289951684173729793
1289951802935263232
1289951939065786369
1289951990517096450
1289952068237758464
1289952350182891521
1289952411155496960
1289953203346317318
1289953702460047360
1289953825713872896
1289953872283197443
1289953960472637440
1289953973051383808
1289954108032647169
1289954108984655872
1289954109689401344
1289954112998707202
1289954120510484481
1289954296503492616
1289954569225609219
1289954649299021826
1289954701182529537
1289954704550768640
1289954877288808448
1289955333981581312
1289955384325599232
1289955479125286912
1289955969854607360
1289956065103065090
1289956259832057858
1289956265033003008
1289956290438017025
1289956342904631298
1289956376341409793
1289956420323028998
1289956473955479554
1289956526879211520
1289956592478113792
1289956793452437507
1289956860070567938
1289956978681188352
1289957328993890304
1289957619168358405
1289957619394686984
1289957640852738050
1289957704933560320
1289957712868982786
1289957773409583105
1289957823548276741
1289958170824077314
1289958427775524865
1289958465478123520
1289958533283188736
1289958566682656770
1289958680985849858
1289958683867115520
1289958790796779521
1289959041200922630
1289959102097969154
1289959216854097921
1289959220876582912
1289959485679652869
1289959544689512448
1289959616114241536
1289959728823451648
1289959744115863552
1289959836507975680
1289959920834666498
1289959950794526721
1289960135561842689
1289960354357735431
1289960467880751104
1289960481285763073
1289960532884127749
1289960548369457154
1289960673292587008
1289960705446129669
1289960753559003136
1289960779240767488
1289960808298946560
1289960908362457089
1289960913412345856
1289960974917742592
1289961077770342401
1289961189896622080
1289961272679620609
1289961609369022464
1289961631884038146
1289961838692589569
1289961980002934785
1289962149566005249
1289962228280631301
1289962234328707077
1289962246764814338
1289962296475672576
1289962345419087873
1289962360850067456
1289962443024642048
1289962673489100800
1289962778266988544
1289962977676808192
1289963375955304448
1289963384578772992
1289963436424622081
1289963579802701826
1289963597519413248
1289963704063164420
1289963753862123520
1289963756987068416
1289963925233115138
1289964103813877761
1289964130959527936
1289964199049940993
1289964533696434178
1289964879969951744
1289965046710190082
1289965139618226177
1289965323601317888
1289965339007016963
1289965447517896706
1289965465545080840
1289965483148677120
1289965522298138630
1289965556162912256
1289965808869756929
1289966208465252353
1289966285510434816
1289966438413869057
1289966482718425088
1289966691049279494
1289966696183115776
1289966999267766272
1289967000505049088
1289967069585444864
1289967156067794944
1289967333121769475
1289967370442686466
1289967462155341824
1289967575833567232
1289967661716250624
1289967689822216192
1289967701436149760
1289967715059261440
1289967748940828674
1289967895464890368
1289967990612533250
1289968104164847616
1289968157034127363
1289968529773441030
1289968574812098560
1289968835756355585
1289969137880506369
1289969328750698498
1289969422312955904
1289969459814207489
1289969913977700354
1289969972215611392
1289969981048774657
1289970034484240387
1289970044311568384
1289970174645346309
1289970475544633346
1289970590795718658
1289971222378242048
1289971379358507008
1289971485763751936
1289971732695007233
1289971734725050369
1289971770573766658
1289971996667686912
1289972125508476928
1289972254583877632
1289972400801513473
1289972508125310976
1289972579273383937
1289972754251493376
1289972878805368834
1289972982484541440
1289973335887998977
1289973342808633344
1289973343039324162
1289973528234569728
1289973531204182018
1289973602637557762
1289973622380134401
1289973839196073984
1289974025398054912
1289974080964190208
1289974377329516550
1289974715063336960
1289974907682484224
1289975146472562689
1289975234108383232
1289975275170586625
1289975328182476800
1289975383031349250
1289975625994964993
1289975658945421313
1289975825949843459
1289975859533811713
1289976099523371008
1289976224467636224
1289976416637841408
1289976448002830336
1289976556832452608
1289976558459826176
1289976656078094337
1289976796985737216
1289976828061335552
1289976854728699904
1289976980419383297
1289977392350392322
1289977397589102593
1289977398734155776
1289977512919875584
1289977524370333697
1289977537188237313
1289977625981497344
1289977796559855618
1289978049287450625
1289978254959370245
1289978291005186048
1289978361574338578
1289978381463937024
1289978385213480961
1289978439844282369
1289978440544710657
1289978735328808960
1289978822478065664
1289979126527299584
1289979329636528129
1289979576723087361
1289979592703451136
1289979843526893568
1289979960606646273
1289980019310301185
1289980131486752773
1289980136494780418
1289980301003776007
1289980540666298369
1289980567082033152
1289980663190319105
1289980798947524613
1289980998088712193
1289981020394029056
1289981158088937475
1289981168650076160
1289981169681850371
1289981772466253824
1289981784655106057
1289981940968255490
1289982142361907204
1289982576879271936
1289982589831348224
1289982621007503361
1289982864986005504
1289982875903897600
1289982885215326210
1289983233204117504
1289983427790303232
1289983427861651463
1289983578718081027
1289983623269998592
1289983668300079105
1289984032650928130
1289984066989592577
1289984099164155905
1289984158463221760
1289984218181726209
1289984233369346048
1289984264348540928
1289984577595826177
1289984606222000128
1289984696311361537
1289984721921798145
1289984759112830977
1289984873214676999
1289985040261160960
1289985134050107393
1289985282389864456
1289985371758047243
1289985411662716928
1289985472245067776
1289985506672103428
1289985548355014656
1289985586271461381
1289985596866228226
1289985648380784640
1289985742391762949
1289986058977869824
1289986122332778499
1289986122500599808
1289986165450215425
1289986194873278470
1289986620326703106
1289986623787003909
1289986704808349696
1289986985654751233
1289987004768362497
1289987273883152385
1289987294502428673
1289987367437127680
1289987539613257729
1289987601441513473
1289987609716879360
1289988107295584256
1289988131588980736
1289988372757270528
1289988388855005184
1289988448267325440
1289988677695762432
1289989993809600512
1289990131479465987
1289990162429091840
1289990447775899650
1289990575551213568
1289990589136506880
1289990736692166658
1289990808830005248
1289991029840478208
1289991310057680897
1289991599426920449
1289991643500818435
1289991763923308545
1289991908366852097
1289991908631015425
1289991908710703104
1289991925068529664
1289991927421534211
1289992727673933831
1289992874109485056
1289992942673952770
1289993044255596544
1289993295494447106
1289993416198119424
1289993990398328832
1289994221928120323
1289994528112250880
1289994849916198914
1289994876193366018
1289995054489022464
1289995084469952512
1289995134809935873
1289995255027138560
1289995392147312641
1289995553279893504
1289995692560093189
1289995709362638848
1289995756032548864
1289996260204662784
1289996296237887489
1289996314323775488
1289996474441502720
1289996492409692160
1289996924872019975
1289996933331738626
1289997166753329154
1289997262785896448
1289997512154046464
1289997632480280576
1289997654663892992
1289997656572325888
1289997670073765889
1289997832515203073
1289998127546740736
1289998337261756416
1289998552295333889
1289998788065550336
1289998797511131139
1289998935793135617
1289999007960297472
1289999065900621824
1289999201477091329
1289999228467417088
1289999231478927360
1289999233018482691
1289999377541390336
