1320878180526415872
1320878856946044928
1320880137320173569
1320880963472281603
1320881948575911936
1320884209502834689
1320884237189423105
1320885534496083970
1320886504630214656
1320886682774888448
1320886700290301954
1320886817391075329
1320887554082803714
1320888311779655681
1320889801319587841
1320889997617233923
1320891330768310279
1320893000873115648
1320893001992937473
1320893500167249920
1320893997305466882
1320894495890776067
1320894549674336256
1320894607933190149
1320894627352842241
1320894963786387456
1320895309380276226
1320895579543818241
1320896205895991296
1320896597681672192
1320896786131832841
1320896920823410690
1320897132753231874
1320898143400136705
1320899342685949952
1320900452691697665
1320902513923657728
1320903932403658753
1320904963019689985
1320906334431285260
1320906670747357184
1320907173405360128
1320907548480970752
1320907871102603264
1320908786744332288
1320909723080757250
1320910310878908416
1320911832710787073
1320912489081655297
1320912841747034113
1320912855940632577
1320914023651659776
1320914780836810753
1320914815267807232
1320917055487545344
1320917423713886215
1320918534076157963
1320919690051489793
1320919726281891842
1320920224464539648
1320920276272631808
1320921146573934594
1320922664417067008
1320922796965449732
1320922904125648896
1320924729239347200
1320925602652786691
1320926843512520706
1320927010949050372
1320928339310370817
1320928972352307202
1320928975976357888
1320930271982686211
1320930307718160387
1320931633197965315
1320931879927906306
1320932559258173442
1320933494118359040
1320934136601812992
1320934447131353089
1320934918038396928
1320938022372868096
1320938254187843584
1320938275633307648
1320938507926462464
1320938635399712773
1320940083713843210
1320946707652243456
1320950619654524929
1320953407650279425
1320971908540702720
1320975749738876929
1320982821436088320
1320984906336505856
1320985730504687618
1320985743221805058
1320985979327492096
1320986514126503936
1320986535378997248
1320986543901888513
1320986555650068480
1320986557063548928
1320989722760663041
1320989728150298627
1320989730767556609
1320993406768787456
1320993694695215104
1320993704203685888
1320993722205675520
1320993969665396736
1320996444514488321
1320996788136980480
1320996962485833729
1320996976733888513
1320997132195794945
1320997164357734400
1320997477550641152
1320998011456151552
1320998019991588864
1320998024420773888
1320998031056113664
1321000406139494402
1321001144118894593
1321002574133252098
1321003312544653313
1321005438633205760
1321023705909239808
1321024332366303233
1321025377247076352
1321025543840686080
1321027401879605249
1321028686280359999
1321029285558194178
1321036323680096257
1321037082928754689
1321037093678813190
1321037635859685376
1321039540010815489
1321040037094580224
1321041021581578241
1321042164428775429
1321043433222524928
1321043799360065538
1321043856134078464
1321044122522816515
1321045600276762625
1321045607155466249
1321045885422358530
1321045900400250880
1321046879245918215
1321048667248349186
1321048680393265153
1321049027073478663
1321049128412057603
1321049517479919617
1321049897047629826
1321051006969516034
1321051274624684035
1321051353154785281
1321051600086073344
1321054983723384837
1321056223219884032
1321056251539841029
1321057489924796417
1321057672519712773
1321058053672808448
1321058104063238146
1321058424646471680
1321059073278857216
1321059080572674051
1321060186975514624
1321060323248537600
1321060755505111040
1321061276169228289
1321061320624611328
1321061441823297536
1321061601047388161
1321061973841178624
1321063843234283521
1321063857331310600
1321065313576824833
1321065483442020353
1321065871675068416
1321066115498418177
1321066865666347008
1321067837113405445
1321069409792909312
1321069459755442176
1321069675971792897
1321069912379408386
1321071215356895232
1321071531229806594
1321071614218391558
1321071647558959105
1321071798566428673
1321072069984034817
1321072390663737344
1321072943632392193
1321073285854056449
1321074166074806274
1321074375794270214
1321074431008133121
1321074517113012224
1321074526503972866
1321074754753888257
1321074898916253698
1321075164092735491
1321075390711025665
1321075704021340167
1321075842190086150
1321076137041211395
1321076706791378944
1321077327795785735
1321077704733519872
1321077885785047040
1321078062134497280
1321078344264409094
1321078957542940672
1321079199654957057
1321079210157527040
1321079716229644293
1321079943485247489
1321080551781158913
1321081340675215362
1321081644649009153
1321081741709377536
1321082305214095360
1321083043638116353
1321083274945613826
1321083619784511494
1321084269133996034
1321085143004729352
1321086186480435207
1321086712987164678
1321086778753896450
1321086869241765891
1321087385929732096
1321087931881238530
1321088360350437380
1321088733916073984
1321088829441363968
1321089498437079040
1321089558939865088
1321090291298930693
1321090563467317252
1321090621508116480
1321090741461016579
1321091069946306561
1321091361899188226
1321091919292829696
1321091995683704832
1321092212852219905
1321092295794577412
1321092567191224333
1321092690872848384
1321092744916488202
1321092894007152647
1321092926508830729
1321092926613659651
1321092926634659845
1321092935543304192
1321093492827918337
1321093544082366466
1321093773145886721
1321094437531914240
1321095116287844356
1321095527526731782
1321095721341407233
1321096294862114823
1321096419483262986
1321097437507932160
1321097527513538563
1321097740911284224
1321098042309812231
1321098414969466887
1321099239167041536
1321100631570935811
1321101459564466177
1321101728599728131
1321101796262268930
1321102520694018049
1321103454916497409
1321103563133751297
1321104365126586374
1321104462480580609
1321105156084293632
1321105624210444288
1321105745555972096
1321105986581635072
1321106790445101059
1321107451547209729
1321108183948103681
1321109303823159296
1321109719017291776
1321111081905987587
1321111086121189376
1321111335883710468
1321111697453686785
1321111886474235905
1321112145510211586
1321112233552842752
1321112514470547460
1321112758147047428
1321112932051308544
1321113170912661505
1321114432328577031
1321114966385139713
1321115282480500736
1321115543361998850
1321115953728372736
1321116324467220480
1321116346126635013
1321116938114924548
1321117135939272706
1321117163604901889
1321117329787396101
1321117452210786305
1321117928729825283
1321118002679582721
1321118608093777922
1321119062479560706
1321119087938969608
1321119370907705347
1321119550742663168
1321119716723884033
1321119759711305729
1321120090671239169
1321120526073536512
1321120706210549760
1321120817586049024
1321121286354046986
1321121469280088065
1321121664323735553
1321122212884172806
1321122575506956288
1321122726975807490
1321123326845214726
1321123447645347840
1321123508311605248
1321123845097533440
1321123934201434115
1321125003308503041
1321126141374140420
1321126203785383937
1321126216997478400
1321126814731935746
1321127096794624000
1321128033806209025
1321128272420315138
1321128352514756609
1321129101395169288
1321129434678808579
1321129922346319877
1321129930860711937
1321129954277548033
1321130029363924993
1321130725521969153
1321131655344640000
1321133132062597123
1321133442013212674
1321133509499604993
1321134347861270528
1321134360930779137
1321134515167895555
1321134556909621250
1321134573728792576
1321134700648255488
1321134763567161345
1321135187225415680
1321135283568582662
1321135333287862273
1321135485218074627
1321135513504518150
1321136577658163200
1321136824585211905
1321136856927473664
1321137837593579522
1321137919059468289
1321138143387652096
1321138634305753094
1321139017052790784
1321139122686300160
1321139393000808448
1321139612614615046
1321140730207834117
1321141241250222081
1321141495626420237
1321141836354932736
1321142114705641474
1321142174008954882
1321142609344143363
1321142879914467330
1321143228662534144
1321143836165443584
1321145555448406016
1321146113479610368
1321146176087986183
1321146559011065857
1321146734756700162
1321146900981100544
1321146904001040387
1321147074973499393
1321147332436656130
1321147716890697728
1321147972114067456
1321148001205833737
1321148253803601921
1321148261458235394
1321148580715991041
1321148865689563138
1321148892579332097
1321149653610602505
1321149689237045248
1321149826176876547
1321149924726198272
1321150126371594242
1321151315536498690
1321151928651386880
1321152266032844800
1321152382689050629
1321152483335512064
1321152863717019649
1321152890199805959
1321153130831249410
1321153619648012289
1321154140614152193
1321154426753736707
1321155120789360641
1321155843925053441
1321155853781708806
1321156093926625287
1321156932363718656
1321157244835254273
1321157703859920903
1321158049629900803
1321158493517336578
1321158508583280654
1321158858492923906
1321158860229341184
1321158917674668033
1321159357640441866
1321159490654347269
1321159501727162368
1321159676541763585
1321159862533971971
1321159933761642500
1321160166201581576
1321160416265994243
1321160727558791178
1321162235910246400
1321162332903559170
1321162537010954240
1321163347019124739
1321163518373175300
1321163759134662660
1321163975912992774
1321164471398813702
1321164604551106563
1321164749724393473
1321164915042852868
1321165044353257475
1321165266198368257
1321165441436405764
1321165933591801858
1321165977174872065
1321166076072349697
1321166922042494982
1321167256932536320
1321167628250058752
1321168674284187648
1321168842073251841
1321170062947061762
1321170202315395072
1321170234879938563
1321170959609593859
1321171089058336768
1321172151769202688
1321172401732886540
1321172914000089089
1321173145890541569
1321173400254107648
1321173440464850945
1321174186774192132
1321174868147216395
1321175022212435976
1321175977402183681
1321176508740870146
1321176621089513472
1321177485627850753
1321178044283965446
1321178094191988736
1321178171572703242
1321178241500139523
1321178432059940864
1321178633516494849
1321178742505418752
1321179312083578884
1321179481911033857
1321180295585030144
1321180714369458176
1321181027839205377
1321181478554882054
1321182135424749568
1321182187887230979
1321182379210276864
1321182585561751552
1321182588304842758
1321182783599988738
1321183041277042694
1321184104004681728
1321184542326247424
1321185064961626114
1321186576366510081
1321186895221706752
1321186919653478411
1321186951291195394
1321187349498368005
1321187461905686532
1321188126585475077
1321188772696989696
1321188886882766854
1321188935092051970
1321189352773505028
1321189571430854665
1321189716742545408
1321189745603596291
1321190431619768321
1321190507490529288
1321190522166353921
1321191440429568003
1321191615059365896
1321191993578524673
1321193131442884611
1321193286581760002
1321193773179768832
1321193958727364616
1321194435351367681
1321194854509121539
1321195746125893638
1321195802950356996
1321195859283972098
1321197127847055360
1321198075579453443
1321198347202473986
1321198409827733506
1321198609963110405
1321198676514115587
1321199010619772928
1321199582013837312
1321199704227631105
1321200206227058690
1321200274954952706
1321200314092032001
1321200924967247880
1321201222611849216
1321201717522944002
1321201852638257154
1321202513052250113
1321202895329644545
1321202904347283456
1321203087894335489
1321203146673299457
1321203485510144002
1321203729031438339
1321204115096145923
1321204239465664512
1321204399658668032
1321204441681416194
1321204926723358728
1321205642426781696
1321205679194079233
1321206273334009856
1321206505648115712
1321207136207228937
1321207723363545090
1321208566066388998
1321209205546770432
1321209215311138816
1321209313445220352
1321210070886191105
1321210135419781127
1321210531940835328
1321211599764545537
1321211617913307139
1321211951540785152
1321212328063442946
1321212503259598848
1321213853020073988
1321214099250958340
1321214658536157184
1321214728635645954
1321214978477625344
1321215094911574016
1321215109042262017
1321215334410539009
1321215385442668544
1321215543941255170
1321215549418995716
1321215698958458880
1321216596526981120
1321216894645506051
1321217104155152385
1321218766253006848
1321218823853428736
1321219142033301509
1321219823397982208
1321220052612452354
1321220700095459329
1321221094221750274
1321221557675544576
1321221674646278144
1321222373534846977
1321223739216986112
1321223798893514752
1321223884922933248
1321224160945803271
1321224242059485186
1321224828821659653
1321224958798929922
1321225315100876807
1321225610212057090
1321226116888145921
1321226296987389958
1321227780705628160
1321227830500491265
1321228043046846465
1321228861946945540
1321228939055058946
1321229427959865348
1321229588035375106
1321230828563763204
1321232883894411265
1321233543234785285
1321234440144756736
1321235345665675267
1321236421890449411
1321236544854917121
1321237157688860673
1321239001483956224
