1340809208011259904
1340809725991108608
1340810153160036353
1340810209275555841
1340810546430554115
1340811328257216512
1340811785415385091
1340812094762041345
1340812572489101313
1340812596094660608
1340812781944250379
1340812795592491016
1340812814605234177
1340813729739513856
1340814829255352324
1340814849182486529
1340816434230915074
1340816658873630722
1340816755669667842
1340818215048515584
1340818749566365699
1340819166618656768
1340819776814366720
1340819801170702336
1340821393227870209
1340821574786699264
1340822675028062208
1340823030151430151
1340823126733692928
1340823504715919363
1340823565772460034
1340823909663469569
1340824124080476161
1340824305396027392
1340824306935205888
1340824308382195713
1340824381442969600
1340824916799713281
1340825069757587457
1340825174657159171
1340825243024314370
1340825394832961536
1340825401824821250
1340825627360935936
1340825937269633027
1340826044371259396
1340826050645909504
1340826146284457988
1340826651907731458
1340826835068792833
1340826922901778432
1340827457415475201
1340827667243954177
1340827820080160770
1340827935213760512
1340828012091207681
1340828193566158855
1340828259521597443
1340828822510428160
1340828990366429184
1340829411923398656
1340829548523511813
1340829558283657216
1340830028083458050
1340830356912676865
1340830435698466816
1340831033160314880
1340831039468544010
1340831049182371842
1340831219521642496
1340831224739340288
1340831298512965635
1340831405681553413
1340831637626601472
1340831663585169408
1340831895060418563
1340832033673777154
1340832369272614914
1340832420829028355
1340832433818759171
1340832444245794818
1340832542509953027
1340832572847382528
1340833113027588096
1340833259970818048
1340833366841573376
1340833619670085633
1340833714692079617
1340833986537512960
1340834067760164864
1340834162241138688
1340834288703565826
1340834354218627074
1340834376700096513
1340834530329063424
1340834561438195713
1340834863772012549
1340834877713870849
1340835045238595584
1340835048594042882
1340835063336976385
1340835478845743107
1340835583174860804
1340835637973442560
1340835713684746240
1340835901283454979
1340835969998729219
1340836310416814080
1340836435696480265
1340836493070360576
1340836494186045441
1340836977894182912
1340837117623201796
1340837251115315203
1340837460935372807
1340837573883785216
1340837634155941889
1340837848610713601
1340837898011242501
1340838490850947074
1340838625936896001
1340838787065270274
1340839260136599554
1340839677184622592
1340839726685822981
1340839790820925444
1340839931141382146
1340840265431601153
1340840298289766400
1340840304279252992
1340840369223856128
1340841270818844672
1340841362103660544
1340841374531416066
1340841509659226114
1340841541431128065
1340841837943250944
1340842125462781960
1340842294593916928
1340842527432294400
1340842551058833408
1340842593295495169
1340842656033861633
1340842688912961536
1340842961949634560
1340843179147288576
1340843829872766976
1340843962622484481
1340844002720026626
1340844114573668360
1340844233897459713
1340844294530342914
1340844447463043075
1340844562995146753
1340844906009473025
1340845062205419521
1340845388706836480
1340845535360667649
1340845811270373378
1340845826541821952
1340846243040378888
1340846828917547009
1340846992214405120
1340847010686099456
1340847280568619014
1340847334289240067
1340847630516183040
1340847651978416129
1340848443384864768
1340848458970910720
1340848556270374913
1340848959460401157
1340849260401704965
1340849295759732738
1340849704754622466
1340849759448403976
1340849811046739969
1340850130250051584
1340850166195228674
1340850428179865602
1340850437264707584
1340850520634908672
1340850632526360576
1340850683424194562
1340850720547991556
1340850728735289347
1340850956557316098
1340851408766193664
1340851682750685188
1340851696810004485
1340851998317563904
1340852152508551169
1340852472240361473
1340852738062737419
1340852967306637313
1340853003360747521
1340853192561729537
1340853426297708548
1340853637409599488
1340854036350853120
1340854106114691073
1340854189283549184
1340854252005175297
1340854423636103170
1340854547112189953
1340854589889896454
1340854608428720130
1340854641072943109
1340854801563852803
1340854919931293697
1340855094686986242
1340855167915335682
1340855186248638467
1340855434903769088
1340855631897645057
1340855658330124288
1340855670980173824
1340855949876219905
1340856000899854338
1340856035888812032
1340856162804228096
1340856273689055233
1340856390659747840
1340856487921512448
1340856975014457344
1340857149610733570
1340857524531175429
1340857545473331200
1340857661752037380
1340857757352734720
1340857881613262849
1340858163952807938
1340858265039745026
1340858293636505600
1340858455737966592
1340858504073109507
1340858607022313472
1340858692045049856
1340858716984389634
1340858747623759872
1340858933599236096
1340858989563813889
1340859264341057536
1340859558583881731
1340859630176653314
1340860576180948994
1340860752018739201
1340861633678225410
1340862545633153024
1340863117224534019
1340863235495485442
1340863442719297537
1340863827332771842
1340864028940316672
1340864045604352000
1340864196708356097
1340864203154976768
1340864231588163585
1340864517862027264
1340865108222889986
1340865131203346434
1340865379585933312
1340865411659816960
1340865747208314883
1340865750446292994
1340865788966789124
1340866028662829057
1340866339037130753
1340866647800864769
1340866789299908609
1340866992698486787
1340867089599479809
1340867362644520961
1340867408182054914
1340867590483283969
1340868359009787905
1340868481949048832
1340868575863705600
1340868848464109569
1340868956341596160
1340869268498477057
1340869366301245440
1340869366368391168
1340869504545513477
1340869895970557959
1340870319263854592
1340870352885473286
1340871256942534658
1340871318242258944
1340871588942639104
1340871878320144384
1340871882199891973
1340872501803560969
1340872673459617792
1340872801847308291
1340872917563924482
1340873165095002112
1340873176671281154
1340873214889775105
1340873280559992832
1340873787814924289
1340874570312667136
1340874788374540288
1340875261915631617
1340875528484646913
1340875623041028098
1340876747148046337
1340876926278389761
1340877100694335489
1340877760227635200
1340878943340081152
1340879145476247554
1340879428973375489
1340879740538904576
1340879948635119618
1340880293767557120
1340880554342887426
1340881579460145152
1340881702911156226
1340881863502663680
1340882272149487616
1340882338524372994
1340882506460106752
1340882572142755840
1340882719585300481
1340882729420922880
1340882736047927298
1340883958729383936
1340884039713099781
1340884086748041221
1340884873612029953
1340885412110282752
1340885515357351936
1340885712254754816
1340885784367394818
1340885926101327875
1340886225348157440
1340886756594503680
1340888131638349824
1340888547730087937
1340888796288708608
1340888976572502017
1340889284774146049
1340889540953858048
1340891358861664261
1340891398560768001
1340891764291293187
1340892499771060225
1340892743388815361
1340893097538949126
1340893543695564807
1340894676904243206
1340895065435217920
1340895549680193536
1340897183235788802
1340898535814934529
1340899170039828481
1340899445576257536
1340899723792756738
1340900247954927617
1340900366527901697
1340900896767655936
1340901219439620097
1340902633326972929
1340905663543844868
1340906669006598144
1340907134272286721
1340908879761219586
1340912766664794113
1340914162407526401
1340921509104267265
1340924337612861441
1340931088168996865
1340931121014591489
1340931209036218369
1340934314905788416
1340936671332880384
1340937732256874496
1340939922094641158
1340940591656517632
1340941402260164610
1340943016345874434
1340945178199285760
1340945208276561923
1340947020727644161
1340960498146291716
1340965093606109191
1340965352226828288
1340966645871853568
1340968208581451781
1340972594493878274
1340975162930434048
1340975404186652679
1340975989153783808
1340976451508703236
1340976544412528640
1340976561793757185
1340977853702279168
1340979685820407808
1340979812211552256
1340979947301683200
1340980025726816257
1340981134382026752
1340981658212839424
1340982689625681924
1340982765148377089
1340982811554172932
1340982919251300353
1340983575072616448
1340983584564383746
1340983934201544705
1340984110790131714
1340984815923949569
1340985291092406273
1340985802386518018
1340986287008985088
1340986580316643328
1340986929039503360
1340986948777861121
1340987087835832326
1340987428828569601
1340987642721267714
1340987896673820681
1340987963182882818
1340988438926024706
1340988455690629120
1340988493997203459
1340989300004036608
1340989415682916353
1340989441138110465
1340990441685196804
1340990639232724993
1340990651194724354
1340990692793995266
1340990834116845569
1340991460464857090
1340992794593292289
1340992865850277889
1340992941360332800
1340993214921252866
1340993245766152193
1340993282768310273
1340993487857172480
1340993491887923202
1340993557801406465
1340993934928056321
1340993995317661696
1340994201891303425
1340994600308273152
1340994805782986755
1340995197447106561
1340995278866935811
1340995302514438144
1340995476603228162
1340995499676102656
1340995641862991872
1340996205745233923
1340996209864040453
1340996356605960195
1340997344842702850
1340997607464824834
1340997616209956865
1340997663739789312
1340998017122525184
1340998301974466562
1340998789172178946
1340998795472101376
1340998914439344129
1340999280052613120
1340999643942035457
1341000098701070336
1341000302422614016
1341001598491881473
1341002021072216064
1341002110423478274
1341002506458058752
1341002560262561792
1341002770715951104
1341003293959614466
1341003360816787458
1341003500059320321
1341004110741561344
1341004266937397249
1341004282133426176
1341004468343742465
1341005495046422529
1341005500436131841
1341005500746407937
1341005528806420480
1341005712760205312
1341005988619563008
1341006269667299328
1341006270741049345
1341006692176322560
1341006791853924356
1341006826284998661
1341006854697209859
1341007509436461058
1341008244735684608
1341008251350097920
1341008956404187138
1341009241105190912
1341009570597101570
1341009624196149251
1341009654999035905
1341009814084853763
1341010069933199360
1341010225592201217
1341010276297093121
1341010488948363265
1341010561593651200
1341010777759739905
1341011000452132866
1341011063547064320
1341011074112471042
1341011086338904065
1341011348889677824
1341011738074996743
1341011880987521027
1341012019089207298
1341012474993229827
1341012784675491840
1341012985037414405
1341013150259396608
1341013201014689793
1341013392207847425
1341013395575848960
1341013416136347652
1341013535674028032
1341013652674138118
1341013740385386497
1341014850319884290
1341015177328791557
1341015197721485315
1341015579721920513
1341015663125688320
1341016405043523588
1341016646249529344
1341016823656030209
1341017173435822083
1341017328285310977
1341017786412371969
1341017803525140485
1341018307403628545
1341018346079174656
1341018463863787522
1341018571036454912
1341019055109660672
1341019140480520192
1341019147589857280
1341019540424187910
1341019721332830213
1341019722171756545
1341020032936108034
1341020457613602821
1341020598110175232
1341020600370745344
1341020601541079040
1341020605886255106
1341020607425642497
1341020607614316544
1341020687218163714
1341020837533675524
1341020860191223808
1341021052613390336
1341021171853258752
1341021557121036290
1341021573428424704
1341021833433378821
1341021903381782536
1341022270534393857
1341022294307684352
1341022347466301440
1341022391988854785
1341022471571562496
1341022817773563904
1341023054282059777
1341023327691943936
1341023498345598978
1341023575088742402
1341023739463557125
1341023786171305986
1341023806589202434
1341023973241438211
1341024386493673472
1341024624843223041
1341024876438585350
1341025128159834115
1341025164071497729
1341025457194606596
1341025631497236481
1341025724313034754
1341026163163078658
1341026338229116928
1341026709848637440
1341026858477912064
1341027066406457344
1341027078930640898
1341027316470833153
1341027392568094720
1341027466845032449
1341027474361212929
1341027545408548864
1341028073668538368
1341028158842146822
1341028424031346692
1341028582357909505
1341028724305780738
1341028879864123392
1341028976345690114
1341029098274123778
1341029174551728129
1341029361185636360
1341029431574470659
1341029566081544192
1341029740178792449
1341029937281716226
1341030468829982720
1341031348425940993
1341032174678650880
1341033261695455233
1341034093253963780
1341034106029809667
1341034358266875909
1341034863097499649
1341035160108724234
1341035296377483268
1341035342057664512
1341035707989671937
1341035814537601025
1341035840999452673
1341035847362236417
1341036098064146437
1341036121501954052
1341036493637349376
1341036795593711617
1341036812622553090
1341036956772392963
1341037077362819075
1341037304006193154
1341037329692176384
1341037528879673349
1341037769880178688
1341037921734975490
1341038229412311040
1341038375248269313
1341038401013870592
1341038491304669184
1341038558187053057
1341038906217820162
1341039272158253056
1341039822258003969
1341040333807890437
1341040337406615552
1341040543913152512
1341040753225641984
1341041170558939136
1341041770835156994
1341042250676113414
1341042554406625280
1341042702083874816
1341043034557964289
1341043269082472449
1341043277865377794
1341043414561918977
1341043458459512832
1341043489002405894
1341043579901362183
1341043917765144576
1341044144865746946
1341044344787247107
1341044519400292353
1341045080866643970
1341045412073975809
1341045733525516290
1341045900802715650
1341046140914069504
1341046194060050432
1341046309843832832
1341046348574060546
1341046459001651205
1341046514844622849
1341046774866259975
1341046878394343424
1341046981750304768
1341047069633622016
1341047240912154626
1341047478351785987
1341047806493138944
1341047974781210625
1341048005303144454
1341048165571686402
1341048284962500613
1341048577167142919
1341048633446305793
1341048768884584450
1341048803957362694
1341048872051892226
1341048959234678786
1341049306594357250
1341049372243619842
1341049951028191232
1341050155349516294
1341050319753633793
1341050580148621312
1341051372456841218
1341051501867913217
1341051634999287813
1341051794802262018
1341051839190609926
1341052103591124998
1341052166149185536
1341052531712114688
1341052675572510723
1341052747848757248
1341052969253548034
1341052974286729216
1341053082071953410
1341053313735745536
1341053551758458880
1341053644704235523
1341053960078110721
1341054077472563200
1341054306284388353
1341054363305951232
1341054517102559232
1341054606500048898
1341055122621812736
1341055143006134273
1341055456815529988
1341055663661862917
1341055665679294466
1341055849242963968
1341056085831127043
1341056290320166920
1341056405470633995
1341056521657065474
1341056707586371585
1341056745003737089
1341056754436681728
1341056958980366336
1341057178417975307
1341057274551394309
1341057340435550208
1341057569494884356
1341058414143811586
1341058507454464005
1341058519949340673
1341059616596176898
1341059693184245764
1341059708845756417
1341059902119276545
1341060146689155074
1341060450927202305
1341060484410335232
1341060879308234753
1341060886203686914
1341061400681209859
1341061421585625089
1341061514984353793
1341061767359819776
1341062462674767873
1341062686268907520
1341062895942156289
1341063287472066562
1341063464819847168
1341063534432677889
1341063610437685248
1341063719644782593
1341063783863767045
1341063990051549189
1341064033261277186
1341064114286817282
1341064558492999682
1341064559952617474
1341064723157139456
1341065054888837124
1341065141169864704
1341065640757653504
1341065726619234304
1341065898048724995
1341065901488152576
1341065983079948289
1341066148167753728
1341066338912112648
1341066465978572805
1341066631963947008
1341066634136608772
1341066750956367874
1341067046487027713
1341067150832840711
1341067171116572674
1341067245687091202
1341067511584985089
1341067538193666054
1341067540450177024
1341067608003624963
1341067841957732353
1341068063949664258
1341068317352734724
1341068355185328128
1341068468498690048
1341068486513192963
1341068497984602112
1341068534269538305
1341068693703409664
1341068760598372352
1341068781796405264
1341068880320585742
1341068935949631488
1341069033366536195
1341069079164186624
1341069252783185925
1341069361394675715
1341069366432030720
1341069511290699779
1341069531997986818
1341069636960448512
1341069869840740357
1341069891261108224
1341069949331189760
1341070009825701891
1341070218207105024
1341070276184973313
1341070277518782464
1341070279104192513
1341070410704691200
1341070446050066432
1341070511560908803
1341070559040466946
1341070563490603011
1341070602212429830
1341070689898553344
1341070815526330368
1341070894505058304
1341070913907937282
1341070955666354179
1341070958522675200
1341070998171480065
1341071087774425092
1341071255940816906
1341071263570276353
1341071289394589701
1341071320872873986
1341071363835129857
1341071418994339842
1341071541451288576
1341071665682329601
1341071749874651136
1341071752177332230
1341071756057034753
1341071776286191616
1341071787547914241
1341071788281880578
1341071978304843778
1341072075923070979
1341072129991864320
1341072342907297792
1341072345327349764
1341072356056424448
1341072396174979079
1341072481088659457
1341072521777569793
1341072534821871618
1341072714044420100
1341072823457034244
1341072863374286851
1341072925634531340
1341072940620804096
1341072996291784705
1341073114378203136
1341073160733679618
1341073230627561477
1341073307190308864
1341073310021525504
1341073324349091840
1341073363222016009
1341073459477155840
1341073490292715522
1341073510043701248
1341073520340709386
1341073523134115841
1341073524006522883
1341073605019447300
1341073609637421058
1341073661168652291
1341073819423940610
1341073831771983872
1341073870267269120
1341073956858675202
1341074018447863808
1341074085690957828
1341074150417461248
1341074257070141440
1341074270160637962
1341074383163568130
1341074534682779648
1341074700949196806
1341074716904308738
1341074862790553607
1341074949046497281
1341075125739941889
1341075226365485056
1341075234196238337
1341075262402924544
1341075384096481281
1341075386642395137
1341075398524858369
1341075400684949504
1341075403423834114
1341075513184575490
1341075521103380481
1341075762322022407
1341075824431271939
1341075853116141572
1341075873844375558
1341075953250955266
1341075962214150145
1341076027255255042
1341076085631569928
1341076129503993860
1341076291257286657
1341076320273518592
1341076332176879616
1341076362908606467
1341076443095306245
1341076451970461709
1341076476024803328
1341076490247696386
1341076703553204224
1341076757353541635
1341076820486217729
1341076851087859715
1341076855282159616
1341076895748808708
1341076991194378247
1341077108735565830
1341077191543713792
1341077208824242178
1341077221373407232
1341077301124091905
1341077315233734657
1341077316076761088
1341077447639502849
1341077588291284996
1341077613327114242
1341077649570062337
1341077666561191939
1341077711146672128
1341077746554990593
1341077829581193218
1341077885864595457
1341078019759288327
1341078100910747655
1341078224537858058
1341078265155497985
1341078489152237568
1341078492096696322
1341078578121850881
1341078890530402305
1341078956276150274
1341079039000326146
1341079254495313923
1341079529696219139
1341079592757551104
1341079607957721089
1341079631752024067
1341079831233114113
1341080029137154048
1341080058014916608
1341080059323568129
1341080099425280002
1341080119008485376
1341080130152751105
1341080193222504449
1341080468213657600
1341080470747013120
1341080479051689985
1341080487738175498
1341080502573346822
1341080504477642752
1341080513868668937
1341080580969127936
1341080601252786177
1341080652435828736
1341080684904009729
1341080740654669825
1341080810758279173
1341080827497734144
1341080997144657920
1341081064194883586
1341081096293892096
1341081098072317952
1341081237243478017
1341081312841576453
1341081317967015936
1341081364586749955
1341081490604646400
1341081497718165508
1341081540143554567
1341081790220529664
1341081795945750530
1341082039550943233
1341082086896230403
1341082098552217601
1341082182459265025
1341082299098644480
1341082303070670862
1341082337438801922
1341082378899509254
1341082451704229889
1341082562828120072
1341082641517449220
1341082645703368706
1341082722287165446
1341082732244455426
1341082798799675392
1341082865409376257
1341082886267691008
1341083029020823552
1341083201075376128
1341083242376654853
1341083288090324993
1341083328661884928
1341083626943987714
1341083648741830657
1341083653691072514
1341083765414776832
1341083791255859204
1341083836231376898
1341083908398526465
1341084019765747712
1341084133435584512
1341084520758558735
1341084601423437825
1341084771019943936
1341084826758238208
1341084840368607232
1341084897755226113
1341085031075360770
1341085062276800513
1341085068589223939
1341085086201094144
1341085105041907712
1341085114516856835
1341085155000201216
1341085178106687490
1341085212218978304
1341085213506547716
1341085348965867520
1341085373783547907
1341085466733535232
1341085510299729928
1341085800583323650
1341085863443374082
1341086255837265921
1341086837692129287
1341086942486736898
1341087095960580101
1341087100960190464
1341087271576059909
1341087271836143616
1341087664779505665
1341087725886316546
1341087912738349056
1341088091193401345
1341088222336704518
1341088285385474050
1341088547550326790
1341088547638571010
1341088561471340547
1341088570031951872
1341088694015553538
1341088927990636545
1341088986345971714
1341089036006518787
1341089069414150148
1341089161118400516
1341089429717463044
1341089559057223681
1341089671019962371
1341089700401057797
1341089754767618050
1341089796442173440
1341089804574986243
1341089963555827713
1341090055415353344
1341090228254208002
1341090512925720576
1341090527324876807
1341090915159584770
1341090937011888129
1341091171297333250
1341091288523927555
1341091290667241472
1341091383470383111
1341091576664236034
1341091704066203648
1341091854020980736
1341091973843873792
1341091990231011328
1341091997612969987
1341092010023858178
1341092014121738240
1341092161522200577
1341092358650212354
1341092429542412288
1341092503437623304
1341092550598414346
1341092645460914179
1341092724825579522
1341092865733234690
1341092887723798529
1341093048458080259
1341093332894822412
1341093334161514501
1341093548842729473
1341093594736840705
1341093774068494341
1341093921380855811
1341093982634471424
1341094033129660418
1341094107415015425
1341094263845769220
1341094267964583936
1341094271504531456
1341094335115354113
1341094382888431619
1341094433723396096
1341094552531333121
1341094662468153348
1341094704054714369
1341094848972124161
1341094913124020226
1341094959395594240
1341094987690348549
1341094995693088769
1341095338904449024
1341095504181125120
1341095525999910916
1341095582723665922
1341095583205998602
1341095937662455809
1341096068528922624
1341096102993350656
1341096146593263618
1341096219796512770
1341096283151470592
1341096332283551745
1341096468376133639
1341096520121266177
1341096539922546690
1341096568972304384
1341096588719099907
1341096702682550280
1341096737125986304
1341096758957535233
1341097033155919872
1341097546849153032
1341097634082283521
1341097753619927043
1341097766475456512
1341097876152332295
1341097991361474561
1341098006733611009
1341098080788201474
1341098123146489861
1341098219170893826
1341098234073264130
1341098418299662337
1341098435798310913
1341098496569597965
1341098774865862658
1341098877328494596
1341098922589249537
1341099153745719296
1341099236801298433
1341099389947957248
1341099415306727428
1341099541014192130
1341099749873692678
1341099749894737927
1341099857705009163
1341099922884616195
1341100282692972546
1341100739482021888
1341100786726694912
1341100866472951808
1341100926552174592
1341101168651608067
1341101252554481668
1341101347215650818
1341101478593908736
1341101693774278662
1341101702154506240
1341101708185886720
1341101710861869056
1341101724807929863
1341101957801500672
1341102274966409219
1341102536229588993
1341102571876970499
1341102637073264645
1341102862521282562
1341103077055750145
1341103499707371523
1341103647069937665
1341103735175598081
1341103765794021379
1341103805551751173
1341103886002761731
1341103920417034241
1341103954600603651
1341103983172173828
1341104348374462468
1341104380779646978
1341104529115328512
1341104789300588544
1341104999733096449
1341105030796087302
1341105262871138306
1341105273809866752
1341105480391946240
1341105608834117636
1341105697413468165
1341105718766817286
1341105992076058637
1341106283311673347
1341106585666523136
1341107015108714496
1341107024227147779
1341107539589681152
1341107543939137536
1341107965672222720
1341107981518290957
1341108247722389510
1341108393113776133
1341108442191306757
1341108489146535937
1341108497958776832
1341108523044909059
1341108881569832962
1341109109760937985
1341109216023592962
1341109336781799424
1341109374606041091
1341109575567749122
1341109585055248384
1341109845873876997
1341110089671987200
1341110129991802881
1341110420497715202
1341110847800713216
1341110855816114178
1341111136888922113
1341111512136609792
1341111558764699649
1341111566020849664
1341111582491889664
1341111727660953600
1341111814579433473
1341112074932543489
1341112172068429825
1341112232302813185
1341112341157584903
1341112344714358785
1341112391682146306
1341112411231825920
1341112443695710209
1341112562809712640
1341112576659378186
1341112581944164353
1341112676685139972
1341112676773208064
1341112689771352064
1341112768477409280
1341112841881923585
1341112885355933696
1341113206207606786
1341113898645262336
1341114319367507970
1341114507603697675
1341114674218209280
1341114715427233792
1341114753431842818
1341114908172292097
1341115178541330433
1341115398402535425
1341115667039346688
1341115721074548740
1341115960699334659
1341116241197600769
1341116298089119753
1341116889209196544
1341116908825960449
1341117090959384581
1341117273159962627
1341117507718025218
1341117655860858881
1341117709644390406
1341118222746218503
1341118280082309121
1341118319584227335
1341118336055316480
1341118547133665283
1341118752910356480
1341118842639147010
1341118860574011395
1341119198228078592
1341120347580620801
1341120774028050433
1341121056891932674
1341121089825632264
1341121261506740224
1341121293933031434
1341122349085700101
1341122519848407042
1341122654309367814
1341122986951274498
1341123030387466241
1341123046619422721
1341123433594294272
1341123510312300555
1341123522165403648
1341123578884984835
1341123753372205061
1341123822720839681
1341123923535155206
1341123968166670337
1341124217547476994
1341124404340781056
1341124710390788097
1341125205780033536
1341125222053900288
1341125574895546371
1341125934414352386
1341125951988613122
1341126060201574400
1341126369686728704
1341126393971793920
1341126557415469059
1341126613933690880
1341126705319202820
1341127111319449609
1341127216009256963
1341127549238333441
1341127850611650560
1341128059861278721
1341128116547285006
1341128542092988417
1341128841813700609
1341128920658227203
1341128999758667786
1341129088803753986
1341129107967504386
1341129130843267074
1341129212992901123
1341129277195116546
1341129490915844096
1341129895980785665
1341129997747183620
1341130367399571457
1341130937430650889
1341131217480105993
1341131299428417536
1341131320244756486
1341131503808475138
1341131545181097992
1341131784931688454
1341132001672376323
1341132283017912323
1341132420259729412
1341132701240356867
1341132839933382665
1341132861659901956
1341133126622457862
1341133136713887747
1341133238870433795
1341133314913087489
1341133394462322698
1341133845572308993
1341133849682726917
1341133901893386240
1341133989092986880
1341134023255584772
1341134034198552576
1341134335940972545
1341134474407493632
1341134854163992581
1341135325435990016
1341136121372262406
1341137020182294537
1341137048200212481
1341137132623151104
1341137174285185025
1341137225233346567
1341137752126054401
1341138014735634432
1341138307787440134
1341138613162143746
1341138638684315648
1341138873993322499
1341139064376995842
1341139380585570309
1341139636786241537
1341139859499573251
1341140112902660097
1341140540671340553
1341140665158262784
1341140712855900160
1341140823950446592
1341141396158369796
1341141558897373185
1341141660072357888
1341141712471777295
1341141896903729152
1341141928335831041
1341142073177739268
1341142267269165056
1341142327671328770
1341142330577969152
1341143173708587009
1341143193589592064
1341143283096047617
1341143286753456129
1341143346870439938
1341143510486016001
1341143678400819201
1341143694012018688
1341143774160957441
1341143852342767620
1341143894868815874
1341143922593165312
1341144025970204678
1341144214944542720
1341144409241432075
1341144483908431874
1341144618168180738
1341144631510233092
1341144753874874373
1341146024925130752
1341146314797686788
1341146427360067584
1341146754717265920
1341146926352375809
1341147246264524803
1341147443250032641
1341147605393391621
1341147881240223745
1341148247780421635
1341148445650919430
1341148762610282496
1341148811159367683
1341149195382759424
1341149251112460289
1341149422332366849
1341149475046305795
1341149523968667648
1341149976131416065
1341150071077949440
1341150111213244416
1341150454353420289
1341150677205172225
1341150878712119296
1341151271726813185
1341151297899212800
1341151859390746626
1341151991335165952
1341152001371979777
1341152640932212736
1341152860956979201
1341152903311011843
1341152970612723712
1341153410872188929
1341153484708560896
1341153782344929284
1341153793476603904
1341154021722218501
1341154187254624258
1341154351323230210
1341154358503813120
1341154512392863745
1341154785957953538
1341154988517695491
1341155063599951874
1341155385131081731
1341156045587099648
1341156250126405633
1341156548463259649
1341156745612169216
1341157568551538688
1341157623241072641
1341157712785227778
1341157825414885377
1341158085038120971
1341158117518794752
1341158225547243523
1341158383785828358
1341158671766708230
1341158690687205376
1341158699675619335
1341158845389938690
1341158893221793792
1341159167235645441
1341159308562735105
1341159345111883777
1341159549437403139
1341159642785853440
1341159922503970817
1341159939549650944
1341160143212457984
1341160333331861507
1341160746365927424
1341160749880766465
1341160903073521666
1341161078470942721
1341161269248798723
1341161489286242306
1341161536518295553
1341161689186746368
1341161847471390724
1341162170143272961
1341162380563259392
1341162436670451722
1341162577183825921
1341163050548772864
1341163138125885440
1341163303314345988
1341163414014582786
1341164044019896320
1341164109136576516
1341164195581190145
1341164326720327685
1341164591510859776
1341165188486205440
1341165726158217220
1341165732831358976
1341165947827212294
1341166895609901057
1341167422406094849
1341167501313519622
1341168854198853634
1341169058000060418
1341169177609048066
1341169208823062529
1341169609949519879
1341169785472729089
1341169794159132674
1341170157293584384
1341170211433701379
1341170217456689153
1341170235186003968
1341170248549085184
1341170365087817728
1341170873190010883
1341171042761490439
1341171136139325444
1341171176979181573
1341171257971249158
1341171588633391104
