1445539318114574346
1445541140707438595
1445541189319413762
1445544096341258241
1445545092463218700
1445549529688801281
1445549643098517509
1445549833004072961
1445551126305296384
1445551806206021634
1445556542825123841
1445559172821512203
1445559766294482944
1445561148649054209
1445566225799602176
1445569988178317324
1445572916570058760
1445579608485621761
1445580892928241674
1445581092598149135
1445586985192615942
1445587372008099855
1445587722685452311
1445588410865836037
1445589026098925580
1445589335785361408
1445591423013638144
1445591586134396932
1445592281063378944
1445592661566443529
1445593692400619520
1445595848990068740
1445599257528967173
1445599870950141952
1445600661651922954
1445600811715682308
1445602579681927172
1445603173163417602
1445607526632857600
1445608206642778117
1445608704053690381
1445610769211609088
1445612411596128256
1445613910267101185
1445614149023657991
1445614797442191361
1445614798608076802
1445614804069015563
1445616277586808835
1445616557640413184
1445617501019074570
1445617752962580481
1445618695984730115
1445619749736513542
1445619917353467906
1445621917176631296
1445622053508313091
1445622112836677635
1445622173767376897
1445622345436119042
1445622359197585419
1445622611262644225
1445622655063785482
1445623439885156353
1445623483757563905
1445623563025719311
1445625546659012608
1445626129105051649
1445626158779822093
1445626258126106626
1445626375746949132
1445627116708515847
1445627161029713928
1445627340000677897
1445627525468545024
1445627697934176258
1445627980189892613
1445628646903795714
1445628819189088263
1445629149347938317
1445629790031990792
1445629900124147717
1445630132186537986
1445630591144120329
1445630599805341698
1445631035371253763
1445631131517214728
1445631193278341124
1445631656946196480
1445631657009192960
1445632652015386625
1445632779467714565
1445632895922540546
1445633295480283141
1445633675979153410
1445633796120842247
1445634639117185033
1445637089865863172
1445637481639006210
1445637533157629954
1445637879665811472
1445638353819357186
1445638376242118656
1445638511529369610
1445638670988431363
1445638703511080962
1445639239421468681
1445639259684098055
1445639299227996169
1445639445143638019
1445639566556221444
1445639574101716993
1445639879564558338
1445639968877989893
1445640093939552262
1445640223103152138
1445640345258115079
1445640558626574339
1445640641334046724
1445641016271245327
1445641062169518085
1445641063843041290
1445641277249179648
1445641372250230789
1445641386208882689
1445641436079144968
1445642083235024896
1445642358691827714
1445642474848878592
1445642529995575299
1445642681061871616
1445642970858881030
1445643321330659339
1445643421519998977
1445643660725391364
1445643751141953541
1445643777322983424
1445644128256069641
1445644221810049025
1445644323861635074
1445644440807231497
1445644535711686660
1445644995470389254
1445644997118677014
1445645000608473088
1445645159245303822
1445645204074213376
1445645216703156234
1445645246751195136
1445645279961571341
1445645404771520528
1445645492348612614
1445645532358057992
1445645590281404427
1445645660917620746
1445646010651344901
1445646068734042114
1445646242357268484
1445646310225297410
1445646357402841098
1445646675209383950
1445647515928317965
1445647569816674308
1445647687416565761
1445647696174272518
1445647773315973124
1445648193648148481
1445648785581826050
1445649664317931524
1445649942568075265
1445649986071396357
1445650028047966213
1445650170163593218
1445650172818563076
1445650217370484745
1445650402557370372
1445650507230429186
1445650583587680257
1445650613165985796
1445650792606679042
1445651011847299072
1445651561472876547
1445651678724706305
1445651721603072009
1445651968391741450
1445652362094256129
1445652452938686477
1445652546039607296
1445652557158752258
1445652570022744064
1445652820460392452
1445653042687213574
1445653082134630409
1445653331204968450
1445653411492470784
1445653588236124160
1445653976121167873
1445654133239795729
1445654320536428549
1445654339108868096
1445654694563512330
1445654713924423684
1445654841628364802
1445654887648268295
1445655195921223691
1445655527829041162
1445656067925413900
1445656126742097927
1445656173001146376
1445656338533478409
1445656619363147778
1445656669468258313
1445656877769977863
1445657052802535428
1445657080350658560
1445657135656804355
1445657364384808967
1445657539576750080
1445657567150018562
1445657584380219392
1445657681935552515
1445658058051309568
1445658232173727747
1445658406891573249
1445658766188290049
1445659314828582912
1445659437516001291
1445659849858043913
1445660015595905026
1445660021358923779
1445660095220699137
1445660115588337664
1445660212946341893
1445660315899678721
1445660389027430400
1445660448653676553
1445660547043631105
1445660587757768705
1445661073395179525
1445661245458112515
1445661414262140932
1445661422151684096
1445661469857644549
1445661685448994824
1445661803187367945
1445661859789508609
1445661977544577028
1445662333758369793
1445662492684808195
1445662611153031168
1445662624067162112
1445662757865463814
1445662930192715776
1445662991576223748
1445663071230304262
1445663453402714114
1445663460407271424
1445663614484967432
1445663751491964928
1445664219173588998
1445664261296951301
1445664637404385284
1445664670308712453
1445664875552731138
1445664978728411140
1445665047452151813
1445665087289638928
1445665169573482496
1445665430043910155
1445665500839645187
1445665528022847493
1445665663729635328
1445665891060830209
1445665968382902281
1445665985869008896
1445666007800967172
1445666039342108679
1445666134091501570
1445666554138398721
1445666637592424453
1445666661659410435
1445666674800164872
1445666778001014786
1445667368655536128
1445667476382027776
1445667612151648256
1445667643965546497
1445667647140499460
1445667669827485696
1445667717030158337
1445667723812483072
1445667904305786883
1445667992629497861
1445668005166206977
1445668273870106624
1445668357450072071
1445668399393034242
1445668399393038339
1445668464845197321
1445668626619518977
1445668967196987403
1445669077054156813
1445669281505562631
1445669477698269192
1445669586670526478
1445669701695115264
1445669749011062799
1445669830007263234
1445670032013344774
1445670044218785792
1445670161185316865
1445670192579637257
1445670300532703235
1445670383638646789
1445670466589392900
1445670557484138497
1445670779329208320
1445670840050143234
1445671018765307906
1445671027514609673
1445671088105537548
1445671093721649154
1445671095479111691
1445671415546466316
1445671425491157006
1445671538028474373
1445671787388227593
1445671864236265481
1445672038610264071
1445672089772453890
1445672351081713668
1445672363027165189
1445672446535766020
1445672506778476550
1445672606804312076
1445672659409268742
1445672814501982209
1445672853387366403
1445673433845485574
1445673684014755841
1445673731351736321
1445673780500733952
1445673858917228545
1445673955822428170
1445674120021102594
1445675074460127236
1445675144446234624
1445675175291154436
1445675195608416259
1445675196661133325
1445675200461385729
1445675201685975049
1445675202289889282
1445675323945730052
1445675509841420291
1445675628137574405
1445675884732567557
1445676039330426890
1445676096872075267
1445676452880470016
1445676473885495301
1445676761509888010
1445677144755998727
1445677458909319173
1445677592800026624
1445677710164955141
1445677728028520459
1445677893854502912
1445677975626661894
1445678221308010502
1445678371527036930
1445678429244772358
1445678443870310401
1445678504251572229
1445678542092529666
1445678749299601413
1445678858934657024
1445679046591844356
1445679434694946821
1445679488713445387
1445679648960958470
1445679692833386498
1445679804003414029
1445679849847230466
1445679863533162508
1445679988859031560
1445680068987002885
1445680228693536777
1445680599029616649
1445680730185428996
1445680730256945152
1445680986784681984
1445681297800654856
1445681381787377677
1445681383981010951
1445681458543169538
1445681629062524930
1445681711119953920
1445681737053265929
1445681905479782405
1445681999604162568
1445682058227957763
1445682075370078209
1445682123474538513
1445682183562153986
1445682217271758858
1445682302961344513
1445682504631943174
1445682563037622276
1445682657099087878
1445682743451471876
1445682769107963907
1445682885940301831
1445683303764221965
1445683337293565960
1445683368985710608
1445683425738838029
1445683426447683585
1445683442495082510
1445683490976976903
1445683496500879361
1445683557075095554
1445683623596683267
1445683670052794378
1445683732396994564
1445683762642161664
1445683931978747912
1445684100925308930
1445684111390044163
1445684126418309123
1445684205459890178
1445684256697577481
1445684308526600205
1445684432753463303
1445684579575078920
1445684624441495552
1445684776434757632
1445685260071706624
1445685314001915905
1445685507350929412
1445685518901993478
1445685618718101508
1445685782417600514
1445685941381652488
1445686070809481223
1445686110831607810
1445686324355211277
1445686499668680704
1445686572318216203
1445686585182208000
1445686817966018574
1445686829668134912
1445686858067808256
1445686882185060356
1445687072950407168
1445687149358059520
1445687286058811393
1445687437288566787
1445687580515659776
1445687727895158788
1445687740251533312
1445687803099029505
1445687999992250374
1445688052714672130
1445688312342138880
1445688454344581120
1445688462053560321
1445688491480948736
1445688522657001480
1445689017119363072
1445689049163857921
1445689113726775303
1445689146685607939
1445689445735288841
1445689503629283341
1445689690116427777
1445689885726105602
1445689927652364304
1445690014814257156
1445690295367176192
1445690312228175874
1445690328183308292
1445690350018830339
1445690422848675845
1445690547855769605
1445690797010165760
1445690874730475523
1445690947400978434
1445691034730598404
1445691188569260038
1445691228889124866
1445691334832967685
1445691509592903682
1445691552030986240
1445691599032250375
1445691804314005508
1445691820021727234
1445691927442034689
1445691939672584204
1445692043288715272
1445692097084858368
1445692317365530638
1445692317482950669
1445692368200474632
1445692537218363402
1445693033689714690
1445693055101652995
1445693104892174345
1445693516173115413
1445693592358555648
1445693627544391680
1445693773724327937
1445693819639324678
1445693941324550159
1445693970193924110
1445694068302827530
1445694072979542023
1445694080755720200
1445694095586852864
1445694159541522439
1445694164201455626
1445694263866454022
1445694381919375368
1445694492028272649
1445694530422902790
1445694916512796676
1445694989204287488
1445695100290428942
1445695108834156546
1445695109115170820
1445695109283016723
1445695109417238536
1445695109421355014
1445695109584994310
1445695109765292033
1445695118229401605
1445695142506205184
1445695160407318531
1445695304242647050
1445695314132828174
1445695527161503751
1445695651778478090
1445695658451619844
1445695685861330954
1445695740676763659
1445695803771670536
1445695829885571072
1445695898734845954
1445695971132805121
1445696105258225664
1445696215807455232
1445696227522187267
1445696271436566536
1445696315120230420
1445696408384786438
1445696461526552576
1445696585959018496
1445696615512150016
1445696616661356546
1445696618330615820
1445696879291822080
1445696885080002566
1445696960636329984
1445696971000324109
1445697024339296266
1445697280347045898
1445697339843235851
1445697433359433731
1445697498358509569
1445697688360472584
1445697776696782849
1445697789153792000
1445697829666635777
1445697845860782081
1445697855931355136
1445697856807919616
1445697878295412741
1445697942615048206
1445697949896302608
1445697970834313226
1445698095140913156
1445698099041636361
1445698109145714699
1445698189756039168
1445698400012226566
1445698565540507656
1445698570338725894
1445698599296258048
1445698676123267081
1445698759707357189
1445698835280322578
1445698910551351298
1445698913688637450
1445698933015998470
1445698971914043394
1445698986711470094
1445699084296155140
1445699235261730816
1445699500522102790
1445699527554441228
1445699592775868418
1445700109539295232
1445700114933157901
1445700442776760329
1445700446169956356
1445700604039360517
1445700895249895431
1445700997540503569
1445701090213720074
1445701344107515905
1445701704624734217
1445701746328702977
1445701750116143107
1445701776074633239
1445701812720320512
1445702046515007491
1445702111795154952
1445702128874389517
1445702134566043658
1445702190992027653
1445702273150033930
1445702311712419845
1445702342490292230
1445702453849034762
1445702552125857792
1445702643045654533
1445702651597885442
1445702653892120581
1445702768551817224
1445702812344610816
1445702865293438986
1445703217329803272
1445703248543825922
1445703256190054402
1445703416429219843
1445703499484839947
1445703658872524813
1445703664241287179
1445703753810604034
1445703932831940610
1445704085047418897
1445704145332170764
1445704258511261697
1445704262189654024
1445704274269249540
1445704443429679115
1445704454745956364
1445704644408188930
1445704652075331597
1445704754240188422
1445705066204131340
1445705131694047242
1445705150262218761
1445705318176944133
1445705384744796173
1445705397755539457
1445705409373761542
1445705533772627978
1445705644875550727
1445705693835661321
1445705837427642380
1445705963093196811
1445706020261482510
1445706308527689737
1445706492322058253
1445706542615912448
1445706587385974786
1445706695590637578
1445706702045679629
1445706824938831872
1445707242892791811
1445707244658593803
1445707254682947593
1445707331681935367
1445707403123560451
1445707406474842114
1445707410576797701
1445707417736531977
1445707780451536898
1445707796620607494
1445707796784115712
1445707824323956737
1445707884969349121
1445707922864885769
1445707983501938694
1445708041513365514
1445708115324727304
1445708177224335363
1445708198493646860
1445708241107779593
1445708303397371924
1445708510419832839
1445708542564962306
1445708676719779852
1445708704200814601
1445708792390291459
1445708816213897216
1445708830503931911
1445708976021118982
1445709075434520587
1445709113187471363
1445709168200060928
1445709184494878720
1445709214505074689
1445709419551944708
1445709571914289154
1445709579417882625
1445709601903579145
1445709621633503240
1445709689430310920
1445709690302701576
1445709712226324486
1445709753536024583
1445709852961959944
1445710004007227407
1445710087746572294
1445710107405213701
1445710143161659401
1445710191861768193
1445710264834220037
1445710296299884551
1445710397651054593
1445710412360552453
1445710452625870865
1445710548272771088
1445710558771105792
1445710694502973441
1445710743156903939
1445710802413969408
1445710803118608388
1445710894617354242
1445711044131786764
1445711085072306185
1445711141368315915
1445711192001966087
1445711194984091649
1445711384965107716
1445711567673167878
1445711693556768772
1445711697537167370
1445711828072370178
1445711949015109639
1445712127063330827
1445712176044404739
1445712198400192512
1445712199448547339
1445712465363292166
1445712485261234176
1445712493737754632
1445712574096441349
1445712654895484944
1445712706569342983
1445712735375794182
1445712738076880903
1445712915252736001
1445713052012212229
1445713103149158404
1445713215652990977
1445713231155118080
1445713401204801538
1445713434532741124
1445713621711945738
1445713713646825482
1445713775563206662
1445713833176166412
1445713849726869516
1445713962398457864
1445714034997727232
1445714133656039427
1445714147182661638
1445714154459783200
1445714164765401089
1445714215474507776
1445714216426508292
1445714394772475912
1445714590319321100
1445714631914311680
1445715008755699714
1445715104419368968
1445715224154165263
1445715261462507521
1445715291942518796
1445715377149792258
1445715378416406542
1445715584373637121
1445715707698679808
1445715711058317314
1445715720038387712
1445715732390498317
1445715870118940681
1445716008325373962
1445716227129688067
1445716377738829825
1445716399641415687
1445716437486628869
1445716718077292546
1445716723940741126
1445716726604132357
1445716726797144076
1445716727635996675
1445716788092702725
1445717101101010947
1445717146395316225
1445717164305027072
1445717229094408205
1445717231996837899
1445717236996395013
1445717244349075456
1445717251844280320
1445717259285008394
1445717355758166018
1445717393980887040
1445717396824764416
1445717409030021131
1445717461127479313
1445717741835468816
1445717746621186051
1445717751360786432
1445717782734282752
1445717988766744586
1445718006479286288
1445718015224557568
1445718119167660033
1445718154152316934
1445718183646801921
1445718240953454600
1445718256245821443
1445718262973599746
1445718733125677063
1445718744718663687
1445718915703717900
1445718921831763970
1445718998314856448
1445718998570708993
1445719102031421447
1445719146029797377
1445719610674884609
1445719945371795458
1445719962098622479
1445719964619399181
1445719989399408643
1445720037550137345
1445720191703257101
1445720240642576386
1445720331046449155
1445720442988163085
1445720498223005696
1445720564551729154
1445720565331808266
1445720600660504581
1445721091490521100
1445721108800409608
1445721114823454720
1445721184314798081
1445721222403219463
1445721385939062793
1445721653179297792
1445721695109660676
1445721758187753475
1445721856556687363
1445721858679050247
1445721954506444800
1445721969048047618
1445722187055259653
1445722275639140352
1445722323865251849
1445722370371567619
1445722623195979779
1445722654732742662
1445722694503342080
1445722903627042816
1445723064361099269
1445723229142671363
1445723277637214219
1445723370574733313
1445723383098855428
1445723410043064330
1445723688343531531
1445723713807212546
1445723762306002945
1445723843075588100
1445724174677200901
1445724518207705091
1445724624323428354
1445724865386860553
1445725388043399171
1445725415482474496
1445725546474885120
1445725691773870080
1445725734643716103
1445726028832382980
1445726047194943490
1445726278666145793
1445726446245187596
1445726570782527489
1445726616777154568
1445726661341757440
1445726868884369411
1445726889906036738
1445726900085612548
1445726911435575298
1445726938228690961
1445727061310525441
1445727282388209664
1445727333097226245
1445727386989891584
1445727528291758080
1445727907729616899
1445727958518353921
1445728035278360576
1445728055159189513
1445728138688794632
1445728146800746496
1445728300828016650
1445728307954192385
1445728555556503553
1445728572761513993
1445728634971561985
1445728954447319043
1445729124811673602
1445729309180760067
1445729353644445699
1445729696646369282
1445730002318864385
1445730034191413270
1445730538677948428
1445730567123836928
1445730729757904896
1445730805444014090
1445730907218792457
1445730929503260672
1445731163633426440
1445731174203084803
1445731799007735809
1445731842573754374
1445732084513796103
1445732228017893377
1445732445228179456
1445732669505998850
1445732809394511875
1445733084674998279
1445733107349471232
1445733251667030027
1445733336446500871
1445733352619724809
1445733404373254147
1445733666978603010
1445733918120898575
1445734162225410051
1445734554254249989
1445734631307767809
1445734643714584576
1445734654720581633
1445734736823918604
1445735079045734400
1445735257114808323
1445735276442226689
1445735592172658691
1445735595385438209
1445735598552199168
1445735600095518733
1445735601223847937
1445735601249177600
1445736403627769866
1445736850522525697
1445737175371321362
1445737251434946564
1445737362437206026
1445737491407855625
1445737651575803914
1445737856845041674
1445738031541997569
1445738301470560266
1445738842120605702
1445739191673896973
1445739536118542343
1445739591139348492
1445740312035397639
1445740407615156233
1445740506508525578
1445740810062893056
1445740901293125637
1445740904656957444
1445740910482841607
1445741340080295936
1445741581445709829
1445741892126187535
1445741956781334534
1445742453659557894
1445742762943401987
1445742994909392898
1445742995500896257
1445743141559193602
1445743160861216776
1445743194365325312
1445743199318798347
1445743862815748098
1445743927709999106
1445744289506492424
1445744666293387273
1445744938457653248
1445744999774109699
1445745170922627087
1445745260307496965
1445745377072746502
1445745493640814595
1445745658405683202
1445745874185768965
1445746098048364547
1445746586840010755
1445746599129333765
1445746664233259021
1445746892634083335
1445747186579345414
1445747459326558222
1445747547511791619
1445747629011374080
1445747645759197199
1445747798654160897
1445747919613616128
1445748194009251842
1445748225583968261
1445748439556390932
1445748722575413258
1445748841148518400
1445749045608153094
1445749440640438272
1445749522886377483
1445749850859999245
1445750205601632262
1445750292172083200
1445750464868282375
1445750487391690757
1445750564554358785
1445750615464820752
1445750692837220352
1445750695173533696
1445750696465342464
1445750699560603655
1445750701221548050
1445750726416736258
1445751246149746690
1445751278693273600
1445751359249080330
1445751366811467783
1445751707955122190
1445751950113325064
1445751958707400705
1445752250517786634
1445752592944881674
1445752854778548224
1445752894980902918
1445752970285490178
1445753520221609984
1445753540945743882
1445753564735832074
1445753616271233027
1445753683359068169
1445754105167757312
1445754146032734222
1445754466217639940
1445754530566606854
1445754559096180744
1445754588728946690
1445754605896278033
1445754621218082824
1445755296249376776
1445755576290398208
1445755724294877205
1445756118924357640
1445756358318456834
1445756703551606785
1445756807062818830
1445756960360386565
1445757009597403138
1445757092569047051
1445757217278349321
1445757309645246472
1445757369598681095
1445757642727514118
1445757695005315085
1445758075202260997
1445758124032335874
1445758154269085699
1445758154478800908
1445758205225672721
1445758242865524753
1445758248167084032
1445758411778379782
1445758854281641984
1445758924947218437
1445759574275809282
1445759877196906502
1445760444359053320
1445760700127666178
1445761024867459087
1445761330045014024
1445761354732736519
1445761496324079627
1445761607502471171
1445761787396177927
1445761789908578304
1445762428835299334
1445762845849780233
1445762975550214150
1445763122996731915
1445763511917760531
1445763540732690452
1445763939485184022
1445764015326580742
1445764312484626446
1445764675539402765
1445764939424038918
1445764953743314952
1445765000556015629
1445765117208006664
1445765123465904140
1445765208866111492
1445765491021078541
1445765711834476544
1445765790742065152
1445765798769741831
1445765802154774528
1445766041653506064
1445766043251531794
1445766121026588672
1445766347816767506
1445766387830378502
1445766427697291268
1445767075872530432
1445767300997545995
1445767365216464901
1445767447903047696
1445767790401519633
1445767896769064966
1445767953413140483
1445768039064948746
1445768307957665796
1445768418930667520
1445768456318509068
1445768783826591746
1445769236517818373
1445769566831845391
1445769691281068037
1445770017329451011
1445770214155567117
1445770387866865683
1445770824015822849
1445770824070283264
1445771114588753932
1445771374270705666
1445771547352829955
1445771596489129987
1445771824202010628
1445771884574887951
1445771909119889419
1445771966154043396
1445772024194895876
1445772088019542023
1445772090385125380
1445772489578012678
1445772689788997635
1445772958631297031
1445773043284918277
1445773341109981186
1445773341625815040
1445773342678548480
1445773348055629829
1445773412064915472
1445773451340365848
1445773459959648257
1445773553282916356
1445773558106394627
1445773558114705410
1445773558160891928
1445773558202859522
1445773558861361157
1445773559079473154
1445773563437334528
1445773571159068679
1445773592407461888
1445773592550002705
1445773592642285576
1445773592650608642
1445773592671686656
1445773592751267855
1445773592826810374
1445773786188419074
1445773834209034245
1445773993298980870
1445774057245274118
1445774071124217856
1445774263730913286
1445774297432137736
1445774319506755588
1445774590127394819
1445774668728729600
1445774745811578892
1445774774009884678
1445774777138831365
1445774811754418191
1445774959284944896
1445775477373751301
1445775717531222028
1445775780454100996
1445775857151352832
1445776366733955097
1445776628257148944
1445776939269058560
1445777038346833924
1445777120634884098
1445777350210121731
1445777352768700422
1445777367163670528
1445777431608971264
1445777540954542082
1445777610772922381
1445777625801101313
1445777752859156484
1445777811185168385
1445778113120686080
1445778507284418561
1445778555124604937
1445778607553482763
1445778772737683469
1445778882045440013
1445778899699261448
1445778924793851905
1445778990187356160
1445779052300685321
1445779235566542855
1445779551519346695
1445779705022402567
1445779783858761728
1445779890473603073
1445780035638419468
1445780157663367168
1445780159739490320
1445780202928304139
1445780431551361031
1445780521875693584
1445780784535592964
1445781017499824138
1445781202401566737
1445781204314169349
1445781281871065105
1445781300053372947
1445781323457576974
1445781375894712320
1445781540147925000
1445781611212013574
1445781637757759489
1445781717462126598
1445781733178175493
1445781879320244238
1445781879618035719
1445782134061363202
1445782202998874120
1445782420062556170
1445782522575691776
1445782658118651911
1445782833423732740
1445782912905846793
1445782933072089094
1445783166300536833
1445783300837191682
1445783307296378881
1445783433486032903
1445783436547870727
1445783441975377933
1445783793256726529
1445783955115024385
1445784135407046661
1445784322385055744
1445784360628621331
1445784380899614721
1445784518632243202
1445784562869489671
1445784715286364163
1445784792079863827
1445785087224598541
1445785168522977282
1445785283056705537
1445785430062866442
1445785524233404417
1445785662708355081
1445785858569904130
1445785861048705025
1445786215244914688
1445786255594115085
1445786265987653643
1445786593210486785
1445786619869499401
1445787014108909579
1445787015593685006
1445787151074041861
1445787223987613703
1445787224910467074
1445787234884468737
1445787388140089357
1445787503542169605
1445788086986686472
1445788173922078720
1445788441363369986
1445788469603618829
1445788492366180358
1445788562247483393
1445788757731512320
1445789209407623181
1445789337950507011
1445789659666079755
1445789758592991239
1445789844148408320
1445790021139771392
1445790257912467459
1445790334684860430
1445790535533297673
1445790885396955137
1445791139332718596
1445791325320843268
1445791345923084290
1445791346250289153
1445791353909092357
1445791456866672652
1445791459987316737
1445791460159221761
1445791472507256834
1445791512751710213
1445791665541812225
1445791721384812546
1445791813596590081
1445791862451699723
1445792049664569345
1445792278010744837
1445792711525625856
1445792911577190403
1445792928496898050
1445793167098277889
1445793221720743941
1445793377472049154
1445793541293289477
1445793799502893060
1445793950908829703
1445793974627622914
1445794267499307009
1445794331504168966
1445794486106435585
1445794534353367046
1445794572215353344
1445794589151948811
1445794954085871617
1445794980283420674
1445795092674097152
1445795211045601293
1445795241861136384
1445795316876210180
1445795375168638980
1445795393535561739
1445795509755514882
1445795515271028739
1445795671919976449
1445795684209229831
1445795710264385539
1445795743260942337
1445795751137849345
1445795763296956416
1445795774940389381
1445795875691716612
1445795908671754241
1445795996752035841
1445795997116813313
1445795999235125253
1445796018864283652
1445796079262265348
1445796148627836929
1445796247919550465
1445796294006476809
1445796529038508032
1445796795393654785
1445797020053098509
1445797135656493058
1445797166962733056
1445797350690205696
1445797444688691200
1445797458253070336
1445797517849989121
1445797870829924361
1445798071334547457
1445798218227388418
1445798506380234759
1445798728544268291
1445798799759200256
1445798887218950145
1445798931430973444
1445799085588504577
1445799261438980098
1445799369408614407
1445799499264188428
1445799572115181568
1445799786112716810
1445800011577520135
1445800471784923139
1445800486565814272
1445800519876894721
1445800537920663556
1445800826295836675
1445800936476192770
1445801173760442378
1445801186276167688
1445801360159436805
1445801366862114817
1445801556511580160
1445801569069506560
1445801963917041664
1445802330885140480
1445802646128840712
1445802711576825857
1445802796108992512
1445802811967610880
1445802899536179213
1445802943194689537
1445803150930178049
1445803247231504385
1445803287870164995
1445803369390616581
1445803551935107073
1445803646390706180
1445803962397954057
1445804434219360262
1445804469233479685
1445805034550087682
1445805099939508227
1445805182290329601
1445806520038531075
1445806632169054210
1445806678641823755
1445807062907293696
1445807308248948737
1445807320852664325
1445807444886761474
1445808091144994833
1445808094135476230
1445808289518870530
1445809249649676288
1445809415567912960
1445809519712370699
1445809607314755586
1445809736918593542
1445809831189704707
1445809923212808207
1445809984680480769
1445810162934030342
1445810515163455491
1445810585954832389
1445810625548931072
1445810746474983432
1445810947382185984
1445810954357387265
1445810957285044224
1445811092446396416
1445811197459140609
1445811443128061952
1445811680265400322
1445811765619699713
1445811814571200513
1445812030313668615
1445812175851847682
1445812177512796165
1445812367455965189
1445812461366513679
1445812480350040068
1445813084224999426
1445813098976366592
1445813110556745731
1445813191326539777
1445813216756609025
1445813443731337217
1445813686258470916
1445814015465189377
1445814059790528517
1445814076899135490
1445814148734939147
1445814202862477322
1445814315571814404
1445814518941028365
1445815020105785351
1445815040834113537
1445815116000374786
1445815449443311616
1445815724648374272
1445815883016773634
1445815942915653643
1445816022162935809
1445816040596774916
1445816199279833093
1445816205844099073
1445816337465548800
1445816366381010945
1445816447444430850
1445816518424416257
1445816625903591424
1445816997011415040
1445817274942775297
1445817340835160072
1445817799188697094
1445817884031307778
1445818053296488452
1445818263414398979
1445818291906392065
1445818410470985729
1445818463507795973
1445818552506781698
1445818646203289605
1445818777250123777
1445819103000862720
1445819138543263750
1445819211192803328
1445819334626971651
1445819385080434689
1445819392609030144
1445819412452462596
1445819775888863232
1445819911377494016
1445820005078102018
1445820100313903106
1445820212071305216
1445820787244601352
1445820979641556992
1445821089767206912
1445821384450613252
1445822179015282688
1445822336314314753
1445822581039243265
1445822844634484736
1445823136461574147
1445823347573473282
1445823455270559746
1445823634539364355
1445823672288153601
1445823680660049920
1445823947208019968
1445824146823331840
1445824414675836928
1445824642254508033
1445824666946441223
1445824699624136709
1445825012695404552
1445825117267927041
1445825158778851330
1445825303008452608
1445826188912386061
1445826193584885768
1445826559668113411
1445826729407393792
1445826954419183618
1445827040796499972
1445827655048187908
1445829425207996420
1445829972862586882
1445829997760028674
1445830156640309262
1445830299791802368
1445831056909811715
1445831414310649857
1445831751901736974
1445831775113121792
1445831934433640449
1445831996417077248
1445832606054973443
1445832864071753729
1445833359171768325
1445833481041465344
1445833738496057348
1445833752203116544
1445833755034198018
1445834015139827718
1445834513083338753
1445834792805732352
1445835661227925511
1445835770934276096
1445835867147309060
1445835869823324160
1445836260484915202
1445836680284545024
1445836732306501632
1445836745908568067
1445836942533218312
1445837026608107522
1445837066793799689
1445837111312011265
1445837352090341376
1445837519153557505
1445837520370024448
1445837520374312961
1445837520755990528
1445837520823009285
1445837521007505410
1445837521678708736
1445837521682788352
1445837521896759297
1445837540217475072
1445838290309959681
1445838293237526529
1445838399873585158
1445838448238022656
1445838785997164545
1445839386457690115
1445839860770779136
1445839881544953858
1445840020200251415
1445840432949235712
1445840799938367495
1445840891436933120
1445841421731184645
1445841688761618436
1445842051917099008
1445842448496926727
1445842857688895505
1445843170152095745
1445843474985598980
1445843553893056512
1445843604229009416
1445843805798899715
1445844033926991875
1445844344871657475
1445844449054101506
1445844651085340674
1445844906782519301
1445845063645360130
1445845448959221762
1445845546732711940
1445847688667230211
1445847718614667267
1445848205497810951
1445848251228430340
1445848334762233858
1445848723616043012
1445848839315881985
1445849390195695618
1445849966040076298
1445850092750077952
1445850380017885198
1445850797993086977
1445851331810443274
1445851496688484356
1445851506742288387
1445851538233040900
1445851633091596292
1445851640251158529
1445851871504179201
1445852145656295429
1445852301361508357
1445852639535800322
1445853121499041794
1445853270107377667
1445853317930762242
1445853382980243457
1445853495907655691
1445853511749623812
1445853655735758853
1445853714326044675
1445853760421515269
1445853944433889287
1445853968874287107
1445854194972364802
1445854248269324292
1445854813695135744
1445854936001097733
1445855055370862597
1445855305330479108
1445855469793263629
1445856389625155585
1445856394935037953
1445856398529552387
1445856725786107907
1445857213369643008
1445857594019663872
1445857814665056256
1445858019565314048
1445859061262606337
1445859156108382209
1445859702995185665
1445859770909421569
1445859844897087489
1445860414525358086
1445860775566790660
1445860932094201860
1445861565576761345
1445861575475277826
1445861664579063811
1445861696292065284
1445862320652144647
1445863130429591557
1445863192907943941
1445863819754893315
1445863939275952131
1445864049967869953
1445864129990959110
1445864631390535683
1445864759505534981
1445864967702413319
1445865632776343560
1445866053200908295
1445866062386384898
1445866235355443200
1445866887229837312
1445867093673480199
1445867220240904192
1445867337962323968
1445867458385092608
1445867482305155074
1445868120833331205
1445868466804871171
1445869241832443907
1445869307532095491
1445869601053577218
1445870015647997954
1445870241867702272
1445870367386570757
1445870403658792962
1445872582989795332
1445872795494141952
1445872885839679494
1445872891917004800
1445873394679910403
1445873900433203200
1445874280772866055
1445874833133383684
1445874958136233984
1445875111446212615
1445875514053251072
1445875556323495941
1445876235024879618
1445878061233106950
1445879979951132682
1445880309871005699
1445881801826717701
1445881893635780611
1445885043147223042
1445885444315615232
1445887111828103174
1445888256852307969
1445889392929816576
1445890382638759938
1445892325125754880
1445892933459357705
1445899759449874437
1445900703440859136
