1257459998071951362
1257460151801561093
1257460284236668931
1257460319351451649
1257461006214758402
1257461690746241031
1257461710371409921
1257461883608629248
1257462362002644993
1257462387357233152
1257462517795901444
1257462528168398850
1257462634443689986
1257462915256459271
1257462980494741504
1257463080713359363
1257463117895909377
1257463125990952960
1257463323983052803
1257463506577825792
1257463561133142022
1257463756776509441
1257463770978246656
1257464192891789320
1257464751602491392
1257465334556233728
1257465346539302912
1257465430928764928
1257465622407110663
1257465652459249667
1257465815718297633
1257466215720792064
1257466287699050497
1257466393827643392
1257466428065792007
1257466522454417408
1257466755594825729
1257467486552932358
1257467546019733504
1257467546355281920
1257467876581289985
1257467889864581120
1257467985809362946
1257468127945854978
1257468362944393222
1257468491147497473
1257468853380055042
1257468910686875648
1257468929582252033
1257469375604498440
1257469565493284865
1257470213362245632
1257470355771441154
1257470993477533703
1257471011441737728
1257471052852199426
1257471320754970627
1257471320792739842
1257471439327854592
1257471485406576643
1257471558332960769
1257472156230979585
1257472581013311488
1257472662974214148
1257472670364467201
1257473393500336129
1257473541223653387
1257473638602887180
1257473805456478209
1257473886909796354
1257474342973313025
1257474396345819139
1257474704715235333
1257475095632609282
1257475146098540545
1257475176910008323
1257475451360104449
1257475566636277763
1257475577759531018
1257475777198788609
1257476052194152450
1257476532412518406
1257476823442698240
1257476969001816070
1257477460762951680
1257477539318161415
1257477628635885573
1257477689923026946
1257477694025072640
1257477842855739392
1257478160653877248
1257478172813254656
1257478197677109250
1257478810620104716
1257478853452353536
1257478870527348737
1257479419381366786
1257479857937674241
1257480142278012929
1257480397056651264
1257480906584932357
1257481209921363972
1257481268285132802
1257481387206033408
1257481426628415488
1257481666609786884
1257481711203606529
1257482157771161601
1257482435635355648
1257482645325385729
1257482645409280000
1257482645711261697
1257482645958729728
1257482663453061121
1257482956278509569
1257482961928273920
1257483221455028225
1257483842358775813
1257484232831700993
1257484619370422273
1257484695366926336
1257485775400251392
1257485867326701570
1257485991998296065
1257486152820555776
1257486343124418560
1257486392772431872
1257486420328972288
1257486420358230017
1257486420580564992
1257486983334637574
1257487049009049600
1257487354522107904
1257487401477386242
1257487413598982149
1257487470490460161
1257487554108174336
1257487689953222659
1257488201918418946
1257488619293544450
1257488627917107201
1257488737887494144
1257488739972141056
1257488962337243136
1257489430195167237
1257489776804007938
1257490035428995072
1257490113250148352
1257490315285598208
1257490355009847300
1257490477613559808
1257491035674066946
1257491203601379329
1257491220839964678
1257491344618127360
1257491392059883521
1257491864225222659
1257491999214747648
1257492109520707585
1257492681762185216
1257492735642218496
1257492740323053570
1257492783566331911
1257493114807365635
1257493729348210688
1257493992104747009
1257495142195515394
1257495318851129344
1257495445464629248
1257495826999410694
1257496066322202626
1257496385093545991
1257496482602770432
1257496554413449216
1257496573371703302
1257496620779950089
1257496679596593154
1257496767773519872
1257496803068579840
1257497297933553664
1257497458181132295
1257497475155451904
1257497744895336455
1257498561014566912
1257498750014173184
1257499548076978176
1257499852113575937
1257499856102457344
1257500396190392321
1257500457955667969
1257500481380929540
1257500950295728144
1257501470703915008
1257501509782253568
1257501528287522816
1257501663721598977
1257501879816331265
1257502730614181888
1257502770292232192
1257502780228546560
1257502780538916866
1257502795604819969
1257502945786150918
1257503206608965634
1257504283882401794
1257504310390374401
1257504381391560704
1257504618713690113
1257505083488681984
1257505296089579520
1257505355698929671
1257505598754697217
1257505647538704390
1257505772856115201
1257505993627447296
1257506050724573186
1257506058198757388
1257506102624817153
1257506139568328705
1257506154688794627
1257506246107836416
1257506555387396097
1257506555794202629
1257506726657445888
1257507024230891520
1257507032573325315
1257507442931441665
1257508518699175937
1257508629105778688
1257509177758568448
1257509498232676352
1257509582550773760
1257509719318675456
1257510085472825344
1257510336661540865
1257510715138719751
1257510916410785799
1257511024623837187
1257511402358661120
1257511595737067520
1257511655833026560
1257511840063664128
1257511984150478851
1257512098470547456
1257512418869219332
1257512426855153665
1257512530592829440
1257512567280414720
1257513102653997057
1257513244421435392
1257513419508514816
1257513583388364805
1257513747008102401
1257513762204127233
1257513947382665216
1257514516679622656
1257514948592353283
1257514983702908928
1257515072471040000
1257515445650939904
1257515550009364480
1257515789177020418
1257516461079347200
1257516565546913792
1257516619326124032
1257516779804536832
1257516926156374016
1257517118750326784
1257517589833580546
1257517706313637892
1257518095746437122
1257518755384606721
1257518779350818816
1257519641171316736
1257519641347461120
1257519930842513414
1257519946998992896
1257520015848415237
1257520069355200512
1257520394103214081
1257520839278440449
1257521177863610371
1257521529975386119
1257521592982220800
1257521604638248960
1257522101545730053
1257522876271517697
1257522918990532609
1257523033432080385
1257523136616108033
1257523803803906048
1257525243184386048
1257525472709283840
1257525592381063168
1257526092858040321
1257526502771605504
1257526696191971330
1257526818262958080
1257527023859351552
1257527092218036226
1257527880017481729
1257527966113902592
1257528423238578176
1257530212042014721
1257530611415293953
1257530796849737728
1257531860713947136
1257531871518502915
1257532127639482369
1257532239887433729
1257532878839218177
1257533027216834560
1257533472568205313
1257533926450573312
1257534168432553990
1257534294072995840
1257534809661988865
1257534815160741889
1257535104563449856
1257535223774003201
1257535307240611841
1257535430406406144
1257535461511266304
1257538765372841987
1257539155191611393
1257539989400883201
1257542368187858944
1257542956241891328
1257543803835121664
1257544918349873152
1257545110960721920
1257545286630600704
1257545402762526721
1257545573701312513
1257546036425490433
1257546831879380998
1257546901299310594
1257550106380951554
1257550366868156418
1257550375038697472
1257550441304424449
1257551065005907968
1257551104734384128
1257551909340221440
1257552614578950150
1257553239240835075
1257553720381972480
1257554896146087937
1257556674187051008
1257556763764830208
1257561135814971392
1257561300705480705
1257565695673421826
1257566032346185729
1257566946012401664
1257567493125783557
1257567965773520896
1257571618626232321
1257572623292207104
1257574385860435968
1257575293973344256
1257579399987200002
1257579403233591296
1257579864539959299
1257579866813165568
1257583274345586688
1257583591611080704
1257584135813685249
1257584372665987073
1257588342079852547
1257596959063511040
1257597863925669890
1257597875749629953
1257600038127177728
1257603441771384832
1257607809098821632
1257610694381445120
1257613174045630464
1257614901620736000
1257614913876504576
1257620909889912832
1257626300556214280
1257626409272516609
1257627259835424769
1257628507234013184
1257628871278694400
1257629400348200960
1257631326150234112
1257632137626423297
1257632615957495813
1257633076152328193
1257633189000089602
1257633640869097473
1257633641661751296
1257634056633831430
1257635156422262784
1257635280749617154
1257635463164235778
1257636183414358017
1257637457434234881
1257637918597713920
1257638595428519936
1257638865596231682
1257639677793837057
1257640263473905665
1257641002430599168
1257641113575448577
1257641192508002305
1257641938767040513
1257642144845701121
1257642359719895040
1257642526569377795
1257642956078698497
1257643583752077316
1257643675326316546
1257644139715362816
1257644745947525120
1257644811147976709
1257644926701109248
1257644965024296960
1257645215655047168
1257645448128606209
1257645562754748418
1257645601073831937
1257646613301886978
1257646778318495744
1257647198650671109
1257647315860566018
1257647532374712320
1257648194621710336
1257648219548454912
1257648303786819587
1257648331867803650
1257648740950781954
1257648824996237314
1257648919640760321
1257648940603842561
1257649136297545728
1257649337284337664
1257649668495900674
1257649998298112000
1257650077801361409
1257650267681632258
1257650415761424384
1257650570376237056
1257651004012625921
1257651100355870721
1257651159151652868
1257651260020396033
1257651858073620481
1257651899064635393
1257651922485612545
1257651966689361921
1257652097232896004
1257652188207349762
1257652452096172034
1257652762071965696
1257652843139469312
1257652969912369154
1257653124333998080
1257653684756000769
1257653994656272391
1257654418033594371
1257654497087815684
1257654566629376001
1257654586745278465
1257654859421097985
1257654902400180224
1257654937049333760
1257655165068480514
1257655498276569089
1257655524012765184
1257655751671197699
1257655780901294085
1257656069586911234
1257656130039435265
1257656290379100160
1257656438366834688
1257656793372622848
1257657158092627968
1257657191345074176
1257657214313074689
1257657262677639169
1257657394403958784
1257657424540041216
1257657801616379906
1257657859430547458
1257658026565263362
1257658051290677249
1257658284410093568
1257658313367605248
1257659126886338560
1257659341945143296
1257659360546893825
1257659576545161216
1257660064971632642
1257660065575829505
1257660170311815168
1257661269324292096
1257661803494023168
1257661948990230528
1257662437488238593
1257662603607846913
1257663045096144896
1257663151253925888
1257663160263282691
1257663161878163461
1257663202537725953
1257663359165628416
1257663805057875968
1257663821440843777
1257663839723716608
1257663883273211907
1257663896485273603
1257663909315719170
1257663971743711232
1257664158092398592
1257664396597366784
1257664418525003776
1257664419561168898
1257664441476317185
1257665123793190912
1257665516266807299
1257665703135645696
1257665862615601153
1257666210340261888
1257666241109594112
1257666270977196033
1257666330259488773
1257666603862429697
1257666615208030209
1257666718773792770
1257667784714092545
1257667802800021504
1257668120254328837
1257668272813678592
1257668670353965057
1257668797491748865
1257668881771986945
1257668914860998656
1257669001020407809
1257669065788751874
1257669099943010305
1257669804686794753
1257669880632967168
1257670466560540676
1257670946929999874
1257670948817440770
1257671055218540546
1257671064001355776
1257671392595709953
1257671395036680195
1257671417463738369
1257671456705654787
1257671525248925696
1257671609369989120
1257671755382087684
1257671765683290113
1257671834109181954
1257671919316369408
1257672188116848642
1257672276457250819
1257672449757294596
1257673328854282241
1257673416808771585
1257673652075626497
1257673905889669124
1257674076430176258
1257674338469318663
1257674391376343041
1257674583978713091
1257674913634279429
1257675343051227137
1257675638283964416
1257676074072367106
1257676076416995328
1257676455196200968
1257676568165527553
1257676585357934592
1257676600470011906
1257676645886038016
1257676733001711617
1257677095444021248
1257677570843111427
1257677634110197762
1257677649356509185
1257677737898192898
1257677873026158594
1257677873693024256
1257678103507349505
1257678167197835264
1257678627510067200
1257678908272586753
1257678939712917506
1257679183133716481
1257679231145951238
1257679314415423497
1257679397391400960
1257679520636833792
1257679695950348294
1257679841425526784
1257680080333144065
1257680164793782276
1257680242132598784
1257680748557017088
1257681017994969089
1257681391325757447
1257681455473254403
1257681478370177024
1257681493532512264
1257681622029213696
1257681673946304512
1257681721295806464
1257681748739207168
1257681840657367040
1257681924719607808
1257682244459732993
1257682363338887172
1257682367654899712
1257682389574340618
1257682672752754688
1257682896464330752
1257682958204444673
1257682995068239872
1257683136730800132
1257683282759692288
1257683530240471043
1257683635936923656
1257683819488071681
1257683952439091201
1257684027366084608
1257684454371471360
1257685152504909825
1257685166660648968
1257685180426473474
1257685224097488898
1257685243303247873
1257685332729962497
1257686135486251013
1257686416886304770
1257686494711443458
1257686513581785089
1257686817496805377
1257686830620848133
1257686870760271877
1257687129833996290
1257687291260174339
1257687453756018690
1257687490565029888
1257687509984841728
1257687589441736712
1257687995529990151
1257688342696787969
1257688774500327424
1257688788178022402
1257688821585580032
1257689023209975810
1257689027647602689
1257689232434487297
1257689305134309377
1257689412135247875
1257689450244648966
1257689597955506179
1257689653710290944
1257689801274404864
1257689981314838528
1257690165847437320
1257690264023429120
1257690338686382080
1257690621034332163
1257690696116559872
1257691157934587905
1257691236430946306
1257691316504453121
1257691437946359811
1257691552492781568
1257691907641282561
1257692375188733955
1257692465739554816
1257692528306008067
1257692591992209409
1257692807676014592
1257692864357769227
1257693053869002754
1257693160081444864
1257693306873675776
1257693329195773952
1257693653717397505
1257693677956272131
1257694038540660741
1257694059122110466
1257694059734466560
1257694090654777344
1257694235828117504
1257694246875865089
1257694278236753920
1257694284939132929
1257695091369664512
1257695155404103681
1257695180544753666
1257695190099394560
1257695301558812674
1257695844301787136
1257695890531397633
1257696160770293766
1257696291116797953
1257696659624116224
1257696727605358592
1257697286748069893
1257697413051056129
1257697455023538179
1257697546211856384
1257697611550797826
1257697813829488642
1257697826601152514
1257697889528295429
1257697994356424712
1257698105035763712
1257698334908825601
1257698426856394755
1257698571345895427
1257698731236954113
1257698769115766784
1257698779270184960
1257699291516342273
1257699373867315200
1257699580050845698
1257699737790283778
1257699934922584065
1257699959329230850
1257700246014091264
1257700520954904579
1257700620578013186
1257700867379286016
1257700898043842560
1257701256782585856
1257701485795819526
1257701589856350208
1257701593748615168
1257701702435815425
1257701900956381184
1257701970959269888
1257702143986982912
1257702184898236416
1257702305853583361
1257702980373155840
1257703065202888705
1257703117421817856
1257703366714679297
1257703650526445568
1257703716746153985
1257703779119648772
1257704333929582597
1257704495980646402
1257704568437211140
1257704748523945985
1257704758024028160
1257704768417431552
1257705294341210119
1257705363547344899
1257705614815514624
1257705653545644032
1257705872668733440
1257705905694670848
1257706063568257026
1257706065430564866
1257706286285799424
1257706505148592129
1257706518968860672
1257706693351309315
1257707086479228929
1257707088404414464
1257707304419540992
1257707587300024325
1257707840543866883
1257707879764721667
1257708044038922240
1257708160049176576
1257708165745049600
1257708170329436160
1257708176935399425
1257708213220368385
1257708617689698304
1257708934661636097
1257708965909139459
1257709138462732288
1257709366318370819
1257709600733872129
1257709898583941121
1257710150137372673
1257710211030278148
1257710214033408002
1257710300570308608
1257710395248295937
1257710438617436165
1257710534125916163
1257710575360106496
1257710623061946369
1257710690485309440
1257710959633801216
1257710961420623876
1257711039157862401
1257711067351920640
1257711182229757954
1257711258129903622
1257711997300416514
1257712499304128512
1257712510221893633
1257712565695787014
1257712674185506817
1257712686147698688
1257712829542645762
1257712971175931905
1257713182249975810
1257713502631931904
1257713703585304578
1257713933621891073
1257714015062687744
1257715377846575105
1257715444821213191
1257715475657764867
1257715495639363586
1257715586815197187
1257715706508034054
1257716501710340101
1257716504885432327
1257716512909144064
1257716520521785346
1257716562699653120
1257716692244987906
1257716699350142976
1257717049272516609
1257717087159582732
1257717094461956096
1257717173486866432
1257717190092107781
1257717226083401729
1257717270429806592
1257717273600688132
1257717295369146368
1257717401640108032
1257717557806669827
1257717625544749058
1257717655781376001
1257718018400038916
1257718129200947200
1257718338916159488
1257718459775037441
1257718597364957187
1257718807780634625
1257719171930079232
1257719212761587713
1257719224371499008
1257719276699516929
1257719324187467777
1257719641490829315
1257719794956218369
1257719796403245062
1257720103363391489
1257720229888774150
1257720240110256129
1257720486840197120
1257720646399938561
1257720710048501763
1257720819087745025
1257721293618794496
1257721451660140546
1257721477308301315
1257721991374594048
1257722031648444418
1257722209839255558
1257722303749804033
1257722508670836738
1257722581505003520
1257722638115487747
1257722695111892992
1257722786937802752
1257722861210357763
1257722885004832770
1257723235598295043
1257723271124041728
1257723308113571840
1257723318737739781
1257723678629990400
1257723936785252355
1257723937473138691
1257723954510409729
1257724226578120706
1257724301886861315
1257724389665255425
1257724565536595970
1257724605692813318
1257724690690445312
1257724886547562498
1257725043712430080
1257725126738575361
1257725246146334720
1257725262751576064
1257725486354108421
1257725492154830854
1257725684501405696
1257725928739950592
1257726108872650754
1257726259620126721
1257726424406011904
1257727016041943042
1257727030889775110
1257727146916790272
1257727219415371776
1257727326449786895
1257727548756287489
1257727725890162695
1257728358571560960
1257728544706310144
1257728635966013442
1257728932520103936
1257728980679102466
1257729182886486016
1257729587301224450
1257729636152336384
1257729682558128130
1257729697158434823
1257729700031614976
1257729846416998403
1257729997164478467
1257730003741151241
1257730024435785728
1257730064617275393
1257730102605070336
1257730333967036417
1257730501302988800
1257730522941448197
1257730544399417345
1257730859018436608
1257730879079800833
1257730975116787713
1257731038027100160
1257731055886503937
1257731313471234050
1257731319745912832
1257731789071794183
1257731792880066562
1257731968332161026
1257732007125307397
1257732044676829184
1257732060313276419
1257732076532649988
1257732179796336643
1257732389805207553
1257732962189291523
1257733356713725953
1257733441279397888
1257733587333525504
1257733644065669120
1257733821153398789
1257733822457810950
1257734058819432448
1257734071192600576
1257734110417686528
1257734227212283910
1257734303699611649
1257734378081435655
1257734417201709057
1257734460499529729
1257734473304739840
1257734524349435905
1257734611850969090
1257734916646809611
1257735069860585473
1257735508811296768
1257735562435289088
1257736251979051010
1257736353938210817
1257736447613980672
1257736778410328064
1257737108422373376
1257737124952096769
1257737719561646080
1257738060575449089
1257738088522100741
1257738092330483718
1257739202990608386
1257739246024167429
1257739338500071425
1257739338550566912
1257739410013118464
1257739746845097992
1257739764805050376
1257739856672960512
1257739905641385984
1257740078383800320
1257740148994949122
1257740387013332992
1257740484233093120
1257740530202677248
1257740605293240321
1257740964073926656
1257741040557207553
1257741303523282944
1257741462298648579
1257741582905806848
1257741768357031941
1257741801848475648
1257741826099986433
1257741852968660992
1257741950272315393
1257742182099881985
1257742254372016129
1257742318884597766
1257742719570583559
1257742795831418886
1257743111851323395
1257743240490635268
1257743407797149697
1257743524965109766
1257743989886894083
1257744164994912257
1257744391768281089
1257744547406372864
1257745049271635968
1257745577758142465
1257745631843479557
1257745671488262144
1257745727058567168
1257745838002114564
1257745859770560514
1257746051601256449
1257746276793356291
1257746290974134272
1257746663785013248
1257746675122274311
1257746887110619137
1257746890759614464
1257746904940773376
1257747033080975360
1257747112361701377
1257747476846718976
1257747775405658118
1257747957299978241
1257748112216653824
1257748365611278337
1257748511896096769
1257748604971823106
1257748651264421888
1257748897939816449
1257749420025819137
1257749650330787840
1257749871420940295
1257750023820980226
1257750309117595651
1257750789520527361
1257750806406721536
1257751267365003265
1257751367487275012
1257751780458364930
1257751923924623360
1257751998499368962
1257752534585954305
1257753337790939139
1257753749600243721
1257754256238678017
1257754436245438467
1257754436283351049
1257754815402315780
1257755326893502469
1257755444820541440
1257755501041012736
1257755838476845056
1257755924963438593
1257756139808272386
1257756314484310016
1257756375901442048
1257756385644818432
1257756460366299136
1257756803070332932
1257756840382865409
1257757072151764996
1257757145342324736
1257757204230410242
1257757209301319681
1257757416025964544
1257757449718763531
1257757606103285760
1257757747308830727
1257758337220972549
1257758465415667716
1257758735650435072
1257758977246584833
1257759184298409988
1257759288216432641
1257759301520822274
1257759416377585669
1257759469557121025
1257759483910127622
1257759536787722240
1257759763330367488
1257759817436889088
1257759928246099968
1257760171385851904
1257760471932960776
1257760755807596545
1257761088722042880
1257761396449849351
1257761987783614465
1257761988391735296
1257761989511704577
1257762066770821130
1257763244761952256
1257763569204109314
1257763624019525634
1257763793435856897
1257763869465993216
1257763918652616705
1257764524486266881
1257764564596334593
1257764650860580865
1257764766715609088
1257765067485065219
1257765193511309312
1257765302638706689
1257765686778236928
1257765795733606402
1257765857004007427
1257765979838439424
1257766031646490624
1257766584791285760
1257766623081046018
1257766624133865472
1257767041316028424
1257767540249563147
1257767673221443584
1257767833636794368
1257767868487348226
1257767869242318848
1257768231051419653
1257768376841224192
1257768883164831745
1257768971291340800
1257768972738605056
1257769337890516998
1257769505847115777
1257769536851292161
1257769538038292482
1257769557004976128
1257769696780267521
1257769762119180288
1257770378816032770
1257770608756064256
1257771028668805120
1257771471516164103
1257771556387913728
1257771687833026561
1257771735073636354
1257771817386692608
1257771952263122944
1257772093837639681
1257772114838302720
1257772322636935173
1257772565373710336
1257772848128692224
1257772852851421184
1257773074180694017
1257773310651232258
1257773337834663936
1257773483838365696
1257774369075494913
1257774472209235969
1257774601997860872
1257774609132331008
1257774654485233664
1257774743199133698
1257774968621981696
1257775147739734016
1257775290501259269
1257775525403275264
1257775615580803072
1257775855239077897
1257775880564342790
1257775928400363522
1257776358245175298
1257776459130851331
1257776627863490563
1257776663309492226
1257776958584299522
1257777034555768833
1257777034794659840
1257777059658678272
1257777070563786755
1257777087143833600
1257777093687025666
1257777100209238017
1257777126826053632
1257777322603810817
1257777436567187464
1257777611075391489
1257777644445110272
1257777699407478787
1257777699562631170
1257777834942255104
1257777979977076737
1257778036411371525
1257778344134758400
1257778358605225985
1257778414397935626
1257778518672453633
1257778554298925064
1257779061054509062
1257779217967783943
1257779220224380934
1257779605294940160
1257779797951995912
1257779871687811073
1257779889383649281
1257780340413935616
1257780490997817344
1257780860448673792
1257781259343888391
1257781359742988289
1257781613372596224
1257781743303737350
1257782039664828418
1257782117301399554
1257782118811176960
1257782142152642562
1257782170879504390
1257782240882409477
1257783461781405696
1257783499408445443
1257784009444274182
1257784036187136000
1257784098812239886
1257784157402431489
1257784337086525441
1257784498088968196
1257784635242643457
1257784636098310144
1257784861588422657
1257784885307154438
1257785189536759808
1257785477618380800
1257785614457606147
1257785619448836099
1257785885225082886
1257786088799731712
1257786368840945665
1257786543709712387
1257786767916314627
1257787066294960131
1257787176101781505
1257787244867354625
1257787370369417217
1257787600703754240
1257787648292290562
1257787867293716480
1257788164770594816
1257788179102433280
1257788410321793024
1257788662978359296
1257788729508446208
1257788827160195073
1257788939542413313
1257788950778990592
1257788996995833857
1257789215934423041
1257789336617189377
1257789364874227716
1257789756496379905
1257790089482117120
1257790696196583425
1257790784587399168
1257790839117565952
1257790952183341063
1257790965416427521
1257791138154647558
1257791183348170753
1257791402227961858
1257791673888890881
1257791723788533760
1257791945058979845
1257792030996074497
1257792114265600001
1257792279978422280
1257792292137533445
1257792524921516034
1257793140272050178
1257793543839584257
1257793618288480256
1257793661368242177
1257793695237263362
1257793830402826240
1257793889869746177
1257794281332498433
1257794429613719554
1257794454041309185
1257794715300384768
1257794885853290497
1257794910016737283
1257794963879968773
1257794975867088896
1257794989947576322
1257795471684206592
1257795709358743565
1257795960027197441
1257796088528023553
1257796404430417921
1257796872732848129
1257796898192265223
1257797092153741320
1257797112382750725
1257797285146230790
1257797634594451457
1257797750323851265
1257797953965764608
1257797984592560131
1257798228700884992
1257798434297458693
1257798443486994435
1257798595291512833
1257798656985612289
1257798741240602624
1257798844093472774
1257798975555600390
1257799137610862593
1257799421200384001
1257799661412405250
1257799734728818690
1257799735596875778
1257799747785633797
1257799748272209920
1257800139902726155
1257800237256773632
1257800446665789443
1257800496934457347
1257800644666277889
1257800652056657921
1257800667860697094
1257800983901605889
1257801052499443712
1257801246968352771
1257801317357142017
1257801345232515074
1257801506503327744
1257801590716739585
1257801635365105665
1257801937807867905
1257801972910096386
1257802257053233159
1257802267358629889
1257802278897156098
1257802498489946112
1257802656162119686
1257803019061809154
1257803198603149314
1257803291939016708
1257803509589848071
1257803526119415808
1257803730034012160
1257803739102052352
1257804327508496384
1257804718920863753
1257804768052948992
1257804778937221121
1257804879319437319
1257804893445861377
1257805548772372480
1257805788472659979
1257805932295315457
1257806109563400192
1257806305655427078
1257806519522996224
1257806879058800641
1257807009891495936
1257807052510019584
1257807285897719808
1257807332714729474
1257807337626230789
1257807584310046720
1257807755689234432
1257808169348169728
1257808909575872512
1257809000873242626
1257809115012894721
1257809269665169410
1257809606744645632
1257809727179849728
1257809936932909060
1257810072933195776
1257810119494119424
1257810268366741504
1257810344484970499
1257810743518539777
1257810823407448064
1257810879732744193
1257810936842326018
1257811045382578176
1257811059534172161
1257811059601104896
1257811097513594882
1257811894171324418
1257812057694625792
1257812077978230785
1257812276763033600
1257812410313908225
1257813251187970049
1257813321056649218
1257813594550554629
1257813670354137090
1257813749404229632
1257813827112128513
1257814064748802048
1257814212094709761
1257814841647075329
1257814841814851585
1257814937218490368
1257815058966622208
1257815155104235528
1257815205347831817
1257815225333616640
1257815820916441089
1257816150894874624
1257816182301831170
1257816197690769408
1257816387231383552
1257816446228447233
1257816502855753728
1257816664265146369
1257816889541230592
1257816945153511424
1257817038099222532
1257817080008671234
1257817207540768770
1257817368518184960
1257817516950290433
1257818401730420739
1257818431241551872
1257818609373417472
1257819631752019970
1257819696155578374
1257819867530526721
1257819987017859073
1257820114168274945
1257820143112974336
1257820285807493121
1257820496722190337
1257820691677581313
1257821026924277762
1257821792216940551
1257821907950407680
1257822268979380224
