1403865081050501122
1403865270159122432
1403865600812666884
1403865856581550082
1403866220835790848
1403866412578480135
1403867115237609474
1403867223089889280
1403868399931887616
1403868728035479552
1403868993954451459
1403869387971571715
1403869949093990404
1403870777997512705
1403870832212992005
1403871882227691522
1403872114092949513
1403872148125589504
1403872190823534596
1403872264966246401
1403872877833764866
1403873012508610564
1403873110860996608
1403873763675017223
1403873965865644038
1403874484029898752
1403875275214053380
1403875698251636738
1403875826165334016
1403876029719064577
1403876057581764609
1403876347991183364
1403876661339250691
1403877146473504770
1403877306301665281
1403877442603917313
1403878107447242753
1403878765407752192
1403879021943918594
1403879876902506499
1403880328817750019
1403880426180124675
1403880761221132288
1403880978548989953
1403881158874705923
1403881750246342658
1403882098491002880
1403882323746172930
1403882954602995716
1403883064556720137
1403883414604890113
1403883493818523655
1403883598911098883
1403883704590557189
1403884291570946050
1403884399922401283
1403884570030882816
1403884801959022592
1403884965234806789
1403884966723735554
1403885311097249794
1403885350431428610
1403885373688848389
1403886114654633987
1403886630885265409
1403887231731908608
1403887251004739589
1403887541082898434
1403887609647095810
1403887683731087360
1403887938086256645
1403888047507267584
1403888231452745731
1403888589868605444
1403888745703694343
1403888946866704384
1403889291017822208
1403889313725755400
1403889582949740544
1403890915052249093
1403891240253497346
1403891260117688323
1403891924361265156
1403892379287965697
1403892539191615490
1403892608213172232
1403894025833398277
1403894142544101376
1403894170901680131
1403895599737475076
1403896112159858688
1403896566814023680
1403896606026571776
1403896960231346177
1403897255426396161
1403897760978440192
1403898088880848900
1403898337166868481
1403899119261958144
1403899331657322497
1403901203734536194
1403901440888913922
1403902699544977408
1403903140701802505
1403903231022059520
1403903246348034048
1403903495086952456
1403903965813694466
1403904032050225153
1403904320089825282
1403904515481407490
1403904541721042944
1403904549371342849
1403904853483655170
1403905232640303108
1403905877594230787
1403906120914178051
1403906311310524418
1403906937754894345
1403907025067720706
1403907151995801608
1403907705278976005
1403907768009043969
1403907894324699144
1403907932220268548
1403908556181721088
1403909098744299524
1403909398397870081
1403909716124876801
1403911037343219713
1403912313380511748
1403914356845334528
1403914398704492545
1403914422121291776
1403914590103158789
1403914838754086913
1403914920211763203
1403915021999087616
1403915319064866816
1403916481092591617
1403916968386834433
1403917013869809664
1403917154274119684
1403917212327550976
1403917574086217732
1403917682685120512
1403918438918021124
1403918747665113090
1403919479294332931
1403919715848830977
1403919863740047363
1403920107814932481
1403920517619490817
1403921316965761025
1403921444464115712
1403921738350612480
1403921786841014274
1403922409632288770
1403923235931144195
1403923377937604608
1403923401597755394
1403924060925476870
1403924656390819842
1403925145669013506
1403925567603449860
1403926126229999623
1403926383571709952
1403926743715516420
1403927080434343942
1403927748536586240
1403927882397855747
1403927992133459974
1403928321596039168
1403928595035209730
1403928618032635905
1403928926062317569
1403929068794519557
1403929976517300224
1403930012970012672
1403931374210453510
1403931591534125058
1403933102934695939
1403933107997351938
1403934022963806209
1403934121374720001
1403934440875831303
1403936643543928833
1403937647773601793
1403937797245911041
1403937958294523907
1403938924528115716
1403941193206145033
1403941520521191429
1403941882468745219
1403942638194245632
1403943412261392386
1403943831838597122
1403944862349619200
1403945230764814338
1403946344897777664
1403946885132468225
1403946952992215042
1403947020562411522
1403947970714816514
1403948343861170180
1403948938277933056
1403949256889843714
1403951125401907202
1403951553753620483
1403952225244811267
1403953305227874309
1403953353244262402
1403953485322801159
1403953903016857605
1403954386183901184
1403954469029699585
1403956502361165824
1403956936685416457
1403957919050252291
1403960256502374400
1403960542302294018
1403961270634680320
1403961473941049346
1403962517316059140
1403963942318264321
1403967184343388161
1403971386796908546
1403973592384159754
1403974722493239298
1403976783519748098
1403976890759659521
1403976965653209091
1403977940824645633
1403981957378285568
1403989534782668800
1403990419889741828
1403992736563355656
1403994183862456326
1403998504499007491
1404005385636225030
1404009784148467714
1404012806991712257
1404021536353394692
1404022741540474882
1404025172609339403
1404027035396280322
1404027998295281665
1404031205968916485
1404037099825795075
1404037215169171458
1404038346901442564
1404042202876104705
1404042793681567744
1404042912594284544
1404043513159983104
1404043534185926666
1404046152513703936
1404046377538179073
1404046894876217346
1404047291959234568
1404048398215430145
1404048420269182981
1404048584128053250
1404048771953070081
1404049286795513856
1404049564609417217
1404049882088935425
1404050087119032324
1404050329193402368
1404050726901407746
1404050963569258500
1404052274020769793
1404053439320109061
1404054456916979713
1404057036355215363
1404057248230514697
1404058295623688195
1404058591078739968
1404059367704600579
1404059650924990464
1404060171203186697
1404060645918711812
1404060884339761160
1404062046950408192
1404062892723482626
1404063571080888323
1404064597548666887
1404064654553403395
1404064790788648969
1404066221281136645
1404066699570257920
1404067577987543043
1404067791355920384
1404067892392570885
1404068507151704069
1404068536989884417
1404068586327625734
1404068912908718080
1404069376148574219
1404069521623814144
1404070298832543745
1404070444211261441
1404070496891805701
1404070682863058944
1404070834486972426
1404070852396818437
1404071576266444801
1404071595778273286
1404073610160001029
1404073792914219009
1404074367378722820
1404074802361557000
1404075127554314241
1404075774781628417
1404076087227920386
1404076231268745221
1404076721662464001
1404076825547087874
1404077244163760129
1404078297164754946
1404078804985958403
1404079539207213056
1404080161692295169
1404082570481045505
1404082572276244481
1404082693290213376
1404083012510404610
1404083022111125505
1404084226983706626
1404084233283555332
1404084794879791104
1404084916569227279
1404085040191995911
1404086022670069767
1404086687978905600
1404087845627830276
1404088533611171846
1404088982028365826
1404089321053995011
1404089712676114434
1404090068591988754
1404090729153052676
1404091146587066370
1404091186365681670
1404091192275517443
1404091196788465664
1404091762294018054
1404092239068991490
1404092288951783431
1404092345289740290
1404092585904427011
1404092868344614912
1404092979074142209
1404093111521980427
1404093138910826497
1404093614825918464
1404093830337634306
1404094128401571846
1404094304038146054
1404094845438902278
1404094978125701127
1404095065908289539
1404095100725215244
1404095990181863426
1404096727506903048
1404097372792229891
1404098144879747077
1404098575085322243
1404098793734389762
1404099524541440000
1404099675398017027
1404100064998473734
1404100138109374467
1404100482944098313
1404100993885904897
1404101167219712000
1404101277953503235
1404101642622881792
1404102333450100739
1404102721955844096
1404104935030075394
1404105285476786177
1404105691384713221
1404105825979752454
1404106303430086662
1404106503116709890
1404106611690545159
1404106676165304322
1404106781375275009
1404106875944280066
1404107041376030722
1404107079833554947
1404107931688345605
1404108170356834310
1404108236748378114
1404108384882806795
1404109144026648578
1404109202155479042
1404109435736363016
1404109630435901440
1404109978458374148
1404110275511455744
1404110553438695426
1404110765817225216
1404110906892632070
1404111342970286084
1404111836086095880
1404111898044518405
1404111971734196226
1404112241117384705
1404112427583746049
1404112469468057606
1404112591308328965
1404112850986143747
1404113066552348672
1404113404172898305
1404113705294499846
1404113716531056640
1404114650212470786
1404114788964257793
1404115078253887489
1404115531066757124
1404115539732094980
1404115720133357570
1404115723283320841
1404115772339798023
1404115955844894727
1404116256114954246
1404116340269588482
1404116956404404228
1404117737396375552
1404118032343965696
1404118071732752392
1404118200602828805
1404118587082739719
1404118880184848389
1404119143503237124
1404119179888926727
1404119746354765832
1404119767967993856
1404119799957970945
1404120025280094212
1404120143073062921
1404120248241041415
1404120719764635648
1404121135592136705
1404121173047271431
1404121385853620224
1404121450903130114
1404121609175109633
1404121830814797824
1404121877350653952
1404122574737522688
1404122751066161155
1404123193917517824
1404123423060733961
1404123850342899720
1404124338471718914
1404124756195086337
1404124814814687239
1404125541045841927
1404125564198326272
1404125845715828744
1404126073768513543
1404126938499719171
1404127683257176071
1404128104373788672
1404128214621040646
1404128756835434502
1404129446727147529
1404129633621184512
1404130280257032192
1404130831224950785
1404130843510124555
1404131224319320069
1404131651463127042
1404132030242299904
1404132181203734533
1404132334140526592
1404132416588062723
1404133085441138688
1404133390140547083
1404133468230012935
1404133554305613826
1404133965284483073
1404134218720976897
1404134240028180483
1404134963428081664
1404135072375132161
1404135479495303180
1404135937215545346
1404136439030321155
1404137529851383811
1404137808642686977
1404137832428486657
1404137852582219779
1404137909402456064
1404137995356315651
1404138761349382152
1404138786028544005
1404139536909848577
1404139563082301444
1404139645848363011
1404140282946351105
1404141124294488072
1404141649261961218
1404142637502898177
1404142946937675777
1404144253664739338
1404144876854431745
1404145252085215238
1404146026194345996
1404146371347812353
1404146432446275589
1404146714823606283
1404147368354791430
1404147652921638914
1404148203180670977
1404149868751474698
1404150674019995650
1404150777388675074
1404151531331522562
1404151584397926403
1404151770214014980
1404151897745993734
1404152024300654598
1404152280874618885
1404152346637213696
1404152747214135302
1404153307887702017
1404156857044934662
1404156952192634885
1404157100197089280
1404157555929063429
1404157829284610048
1404159818093502466
1404160198416162825
1404160300035760135
1404160422278803456
1404162856636108818
1404162888584028161
1404162898121957379
1404162945085579264
1404163573543321601
1404163849524219917
1404164183999004676
1404164670953603079
1404165131148349452
1404165831991435268
1404166686211706884
1404167737744703494
1404167953994727427
1404168521316290563
1404168770730479619
1404168841459023877
1404169272792920066
1404169951162912768
1404170165332369411
1404171417566990343
1404171895604449280
1404172619499376643
1404172688818585600
1404173030616674304
1404173136510210050
1404173678699503619
1404174384525451275
1404174456784838663
1404174543149752329
1404174664918835202
1404175163789398017
1404175510347784192
1404175907464617985
1404176323879309313
1404176750091898884
1404177319489572866
1404177347906048001
1404178266802606092
1404178422478393347
1404179951889358858
1404180120353509385
1404180553365180421
1404181832942432260
1404181921593237510
1404182043349692419
1404182297813868546
1404182487346159623
1404182579499184139
1404182846126931970
1404183041938018322
1404183101148966924
1404184655595769857
1404184768347058184
1404184788865634305
1404184918989672462
1404185170564075527
1404185954747781124
1404185958778478603
1404186466121564161
1404186597617291265
1404186649664405511
1404186977633767431
1404188881734492162
1404189119186620424
1404189447101505537
1404189530287136768
1404189885007896581
1404190220715794436
1404190528963555329
1404192114775412741
1404192266135212037
1404192363854061573
1404192493357436934
1404193696212455424
1404193858779586565
1404194003050926081
1404194304634011651
1404194381305987075
1404194622658822149
1404194794033852424
1404195923052408832
1404195985002307588
1404196096713400322
1404196400380977153
1404196817059917826
1404196882910429198
1404196885687017475
1404197641215430658
1404198005658603520
1404198178660945921
1404198265285980171
1404198502851399684
1404198734368497670
1404198928212496384
1404199221293719552
1404199633715437575
1404199752200331268
1404199820835770373
1404199969033179138
1404200107806007305
1404200674502623232
1404201062509289476
1404201439954677766
1404201850396721153
1404202147953188865
1404202464946049026
1404203065880633346
1404203309792178177
1404204230802608131
1404204362210201602
1404204863072915468
1404204887957778434
1404204967855071232
1404205704769069063
1404205796284678146
1404206497081528326
1404206697372082183
1404206921972916224
1404207056177930240
1404207967054929921
1404208855886798853
1404209112196464646
1404209317893574657
1404209473879789570
1404209774426693636
1404210575249379329
1404210613144883204
1404210625958617092
1404210884180942848
1404211145725067266
1404211881003425794
1404211986460676097
1404212032736464896
1404212346122350596
1404212698468999176
1404212737488539650
1404212940576903168
1404213173712982018
1404213240985309186
1404213380269891589
1404213788514172930
1404215004266631168
1404215185242480643
1404215237457465346
1404215461001236481
1404215952766603267
1404216714150223879
1404216944404877321
1404217286983041028
1404217837741391874
1404218142562340865
1404218167191343104
1404218177182121992
1404218231267729408
1404218465414696962
1404218659099320324
1404220458371854340
1404221445551570945
1404222134637957120
1404222302741577730
1404222681155883014
1404223306954326016
1404223758005571586
1404223891472584712
1404224051783012354
1404224565140549640
1404224828295548934
1404225723234230272
1404226155780186115
1404226408839319556
1404226663722926082
1404227062207029257
