1398429004701573122
1398429785748082693
1398430147758469120
1398430304843583490
1398430433700810754
1398430469688070147
1398431112498749445
1398431203972333571
1398432000403460096
1398432233199898625
1398432990930288645
1398434255965937664
1398434783324147716
1398435667479306241
1398435961382617093
1398436164474970115
1398436614280560646
1398437109317447681
1398437160139825154
1398437396715393025
1398437744297267210
1398438052670980096
1398438333684994050
1398438425624301569
1398438952189763584
1398439123619299328
1398440103979147266
1398440340667998210
1398441974642925569
1398441982846980096
1398442658343833603
1398443345865854978
1398443976500277249
1398443977234386944
1398443981592088585
1398443982284337153
1398444135716200451
1398444349982117892
1398445362747215874
1398446011757039618
1398446133442191369
1398446678492000258
1398447575494270978
1398448455735992328
1398448489592459265
1398448497616117763
1398449018968199168
1398450131171692545
1398450917213626368
1398452389573709829
1398453004962078723
1398454783309135873
1398455300143960065
1398455637512687617
1398457217226088453
1398458467745140738
1398458690424946690
1398458767927300099
1398459054821941255
1398459075751563264
1398459140679344131
1398459145515327496
1398459191338151940
1398459261550739460
1398459320208134149
1398459677416079372
1398459822308200448
1398459841769771010
1398459854264676355
1398460273724477444
1398460516868231168
1398460651153002498
1398460683671441410
1398460730827968514
1398461014920859656
1398461123976912898
1398461507768311811
1398461665281294350
1398461774689718276
1398462039258021888
1398462748133056513
1398462867570147332
1398463693969575938
1398463694305214467
1398464139534770177
1398464246879440903
1398464451947421696
1398465519498498051
1398465547579367427
1398465759794262019
1398466061125750785
1398466402277806083
1398466562546356228
1398466625687277569
1398466639444721665
1398467162084421643
1398467350723170304
1398467379688968198
1398467409137262593
1398467891255709697
1398468068683231232
1398468482426081281
1398468902347325440
1398469385623379972
1398469389800857601
1398470167496118272
1398470359989489664
1398470640475250689
1398471147801481218
1398471358774972416
1398471715575975936
1398471815769567234
1398472591069876224
1398472800508203011
1398472916845613061
1398472944343474176
1398474243537506306
1398474448064372740
1398475442412265473
1398475886354120707
1398477215613042693
1398478465691684867
1398478537233940483
1398478679748009984
1398478818000740352
1398479540305924098
1398479697667895297
1398479853414912000
1398480100996362241
1398480118029357058
1398481249451364356
1398481258037006337
1398481342271213570
1398481618352885761
1398481725588529153
1398481884544438275
1398482097766080513
1398482483688116224
1398482678488440833
1398482730732634114
1398483628837965831
1398484055302316033
1398485060777619456
1398485345671450629
1398485402483298305
1398485408388943872
1398485851022241794
1398486494424223745
1398486853544775681
1398486876063944705
1398487106251640833
1398487185024749570
1398487229266280448
1398487583080992777
1398488257340612608
1398488685398614018
1398489590890127362
1398489709278597120
1398490167674081280
1398491260273442817
1398491797039505408
1398493811362471941
1398494167270105091
1398494169379786752
1398494419263885315
1398495968342036481
1398497467314757633
1398498068723646464
1398499191752626177
1398500225124163587
1398500256216584192
1398500319454240770
1398500544432558085
1398501353434062854
1398501673832697858
1398501976455974912
1398501978486018049
1398502893079220227
1398507638577586179
1398518726237077506
1398528726858600449
1398531547909787649
1398540505525280770
1398541741846839297
1398554312238903297
1398557222259494913
1398557222687240195
1398565069651329026
1398565903738998789
1398567138676314115
1398571065039851524
1398579665443295233
1398584368130662402
1398584388057800710
1398585131535941634
1398586564528291843
1398587152037040128
1398588815481053188
1398588815669743624
1398591463064285188
1398591690601078785
1398592489880125440
1398592490630877184
1398594972283150337
1398595964705910790
1398597011608424451
1398600821680529409
1398602288655212546
1398604151983050754
1398604433299226625
1398607881273020418
1398609865732464641
1398610077582381060
1398610321921777668
1398611942470787073
1398612283337711616
1398613730389368832
1398614734014799877
1398614738695688192
1398615704757280768
1398617564473929728
1398617626520260609
1398617994343981059
1398619769499226113
1398619829918212096
1398620211956400128
1398620281774637063
1398621384910254081
1398622708494123010
1398623982413303808
1398624591182974978
1398625169497677824
1398625171163000844
1398625656150368257
1398626540540289024
1398627152023728130
1398628943104778245
1398628970761838592
1398628989011259397
1398629058196410369
1398629582669025290
1398629916577566723
1398630433341034504
1398630499883573249
1398630817329471489
1398631005330751491
1398631229998583810
1398632509693480964
1398632580807901189
1398632719224119300
1398632964301406211
1398633309098360833
1398634215042859008
1398634396568150025
1398634783006208003
1398635716314341380
1398636410224132099
1398636659193700355
1398636665158082562
1398637160337707008
1398637976834527234
1398638185744408577
1398638212814413832
1398638335128649728
1398638441886367744
1398639613351243781
1398639790845796356
1398639939420626948
1398639981690863616
1398640522273738754
1398640740499140613
1398640774988898306
1398641031122501640
1398641433725345793
1398641595939966979
1398641790060793864
1398642553927323654
1398642591516790787
1398642810753069058
1398642850116558849
1398643055498911746
1398643552934981634
1398643560753221632
1398644642548178951
1398646291249471489
1398647783465402374
1398647792927657987
1398647816549974020
1398648860545851394
1398650213661822976
1398651021279350785
1398651342026072065
1398652962893934595
1398653147644678144
1398653219799175172
1398653250845523972
1398653730610941958
1398654101118914563
1398654123344482310
1398654361698332672
1398655097039642625
1398655107114442753
1398655374522085379
1398655419128680451
1398656885088210954
1398657187854131208
1398657525311025152
1398657891549253633
1398658731974537223
1398658788329246721
1398660581243113474
1398660833266311171
1398661408053764096
1398661983684149256
1398662058787446784
1398663701566210054
1398664657284501506
1398666435325575174
1398666683557031941
1398667992632807424
1398668459576287237
1398668596717441024
1398668649137848322
1398669614553341963
1398670478189813760
1398671334897500160
1398671481211588611
1398671682815070208
1398672195786874881
1398672765360746496
1398673577503830019
1398675168747298818
1398675511832891399
1398677835750035457
1398677943795208195
1398678291406487556
1398678886997766151
1398679032611414025
1398679589975695361
1398681183358095361
1398681457179115527
1398681540075343875
1398681746032504839
1398682638404276225
1398683270942969861
1398684232722042881
1398684546342830085
1398684648432095235
1398684672029245441
1398684871460065287
1398685659343343617
1398685819293081606
1398685849127108609
1398686727271714816
1398686837942665219
1398687205585981452
1398687572524781574
1398687614002212865
1398689573178335233
1398689831392264192
1398689928129748993
1398690386525265921
1398691231119642627
1398691666303893505
1398691768791494656
1398692575725375508
1398693644568248322
1398693763778809860
1398694353099444230
1398696143425527808
1398696705726504968
1398697616028884994
1398697640007774217
1398698028433874944
1398698331031977984
1398699419395047425
1398700189800599558
1398700671130611718
1398700672833310721
1398701843149172743
1398703246647054338
1398703249746804742
1398705632044326922
1398706002472706061
1398706078095974410
1398706328709877771
1398708015432441856
1398708431935115264
1398709177078407172
1398713132395155460
1398713265056796676
1398713963400081409
1398714081901699083
1398715111725060096
1398715248283095044
1398715301231927297
1398715494467833862
1398715936929206276
1398716254777712641
1398716255213867020
1398716827430273030
1398717571390533632
1398718426059882500
1398718476982919180
1398718994748747776
1398719268339032068
1398719393291513863
1398720001100636160
1398720047141605377
1398721068089577472
1398721563143323653
1398721642948268032
1398721844379856901
1398722065813942272
1398722710432358404
1398723265431052292
1398723615265337348
1398723624127795205
1398723636601790469
1398724129281478656
1398724170691891205
1398724733584166917
1398725215891378183
1398725309751496709
1398725885650419714
1398725991799922699
1398726646111240192
1398726739245682691
1398727284480225286
1398728016029700100
1398728421832855554
1398729807853129729
1398729859392671745
1398730000010862594
1398730925182119937
1398731438657265668
1398731521700282375
1398731948571435008
1398732401002618883
1398732501946875907
1398732680712409090
1398733387452620806
1398733606844047363
1398733938189901825
1398735285526142978
1398735452530692099
1398735912679452677
1398736095035207683
1398736789226020866
1398737728787861509
1398737775889981447
1398738512741023751
1398739394861928451
1398739799687806977
1398740962155798531
1398741349730500610
1398741496690511872
1398741559319871489
1398742400248451080
1398742466606473216
1398742858140729352
1398743934151581697
1398744164020408327
1398744496612036611
1398746053793431556
1398747008131764224
1398747011004833792
1398747223769243649
1398747747470102529
1398748605016576000
1398749022953877507
1398749126947393545
1398749463980675081
1398749474390937601
1398749842764144640
1398751089118306311
1398751202314231815
1398751632444243973
1398751965983776770
1398752477940432899
1398752583674646541
1398753135464681474
1398753501199622158
1398754031867150341
1398755879827214339
1398756295512137732
1398756576941518852
1398757357702860801
1398757585386360835
1398757729720733704
1398758775968894982
1398759818194739213
1398759996477804548
1398761015924363271
1398761069615534081
1398761070815240195
1398761215271256068
1398761351766581257
1398761574978969605
1398762643297554436
1398763110756933633
1398763378550714368
1398763651817947145
1398763771137609740
1398764368850993156
1398766724820914177
1398767161632563203
1398767642526326785
1398768425036566529
1398768759628726274
1398769411721293824
1398770249856598017
1398772645252976647
1398772800496848902
1398772982047248387
1398773661482602496
1398776745348808704
1398777434028314625
1398777640610304001
1398777933058260994
1398778151623401479
1398778522928398337
1398778773768753158
1398779033882669063
1398779883115921411
1398780417998786561
1398780612824215555
1398781308072046596
1398781336429776896
1398781543460581382
1398781646481068032
1398781816581066753
1398782244299456512
1398782395579572231
1398782685095632897
1398783106975506432
1398783428611526662
1398783728617459716
1398783896049930242
1398783976479674368
1398784217442512897
1398784925411811330
1398785804944785409
1398786012688617477
1398786208940048385
1398786409817858055
1398787126276149248
1398787507987304451
1398788654659670019
1398788820590546948
1398789027847970817
1398789159356026881
1398789780687798282
1398790594261045250
1398790788205756416
