1339722045031116800
1339722100995665924
1339722159443365889
1339722771815919618
1339723070777397248
1339723923546656769
1339724235003064321
1339724547633917961
1339724668970946563
1339724691339177987
1339724771869810689
1339725857661865985
1339725863366119424
1339725890062864388
1339725912292651008
1339727169300393985
1339727242633592832
1339727305334255624
1339727412125429760
1339727479976697857
1339727713280540672
1339728131343695875
1339728794593181698
1339729240514654208
1339729257061376001
1339729354662752257
1339729608795680768
1339729696150446080
1339729946844000259
1339730800321937408
1339733175749238784
1339733375041609731
1339733691480862720
1339733759374057474
1339734049519251457
1339734086043258881
1339734632607170560
1339734759774294017
1339736003649613826
1339736052785885190
1339736206779817986
1339736275239223297
1339736296177201152
1339736357749571585
1339736678328627200
1339737007816400896
1339737082483400706
1339737896358711302
1339738747848560641
1339738777464483843
1339738789699317761
1339738872796868611
1339739402755563520
1339739422733033476
1339740078793515008
1339740216077250560
1339740308066713601
1339740753929641985
1339740803837665281
1339740971869859840
1339741032448180225
1339741301198229505
1339741341824274435
1339741869509664769
1339742011423899648
1339742174301151233
1339742656239456257
1339742706516541443
1339743056975843328
1339743571386089472
1339744340311203840
1339745340078108673
1339745584723333120
1339745801963225093
1339745898339962881
1339746859611541504
1339747656407654408
1339748018468302848
1339748288464039937
1339748417745154049
1339749261349666816
1339749603957157890
1339749714108014593
1339750464338968577
1339750498065256448
1339750643947327490
1339750713245757440
1339750766895116290
1339751288851095552
1339752249778610178
1339752379533545472
1339752406637228033
1339753390914592768
1339753518203322371
1339753616668811264
1339753702371024897
1339753750316142592
1339753938103521280
1339753944399155200
1339754133306392577
1339754148804345857
1339754197420564480
1339754816814374912
1339754850612088833
1339754896518651904
1339755081466585090
1339755280461164545
1339755713690820610
1339756110354460673
1339756225848852481
1339756385416994816
1339756660156293120
1339756737449123841
1339756826573873152
1339756856957431810
1339757274164695041
1339757554335965185
1339757995455115265
1339758099385757696
1339758428898648065
1339758681416757248
1339758726702575616
1339759340866158595
1339759385225129984
1339759505723314179
1339759720790433792
1339759790268903424
1339760023732428803
1339760289512865793
1339761190818471936
1339761223164936193
1339761589562593286
1339761795410628608
1339762003586535425
1339762307002462208
1339762740815142913
1339763369985908736
1339764384973860867
1339764487008755713
1339764838940160001
1339765476331843584
1339765562386378752
1339765719748272128
1339766061714059264
1339766425792229377
1339766600782639106
1339766623708852224
1339766648891432963
1339767070821642247
1339767178371981313
1339767225461424134
1339767366952120326
1339767486049349632
1339767636448714760
1339768723415117829
1339768898971942912
1339769055176224768
1339769154090528769
1339769532345364481
1339769832099766272
1339770008151470082
1339770495068237827
1339771133529354240
1339771430708363265
1339771641702871042
1339771994175377409
1339772087641235456
1339772134986412033
1339772226640424962
1339772403417804806
1339772868863926278
1339774047077494784
1339774205685084161
1339774470706356224
1339774568551100416
1339774650520367104
1339774964300455937
1339775644171988992
1339775715185745922
1339776348655661057
1339776951075127303
1339777112316784641
1339777262061760514
1339777406568071168
1339778022132559872
1339778333131812865
1339778456100491266
1339778497024315392
1339778502594359297
1339778555492917250
1339778909299224578
1339778911312506882
1339779175146729475
1339779178707693568
1339779241198710784
1339779573513334786
1339779854942801920
1339779967958343682
1339780397501194240
1339780401028587520
1339780831989084160
1339781415379103745
1339781467304505347
1339781516923179012
1339781606601617409
1339781646376177664
1339781742597705729
1339782006784335873
1339782088757813249
1339782511568826369
1339782707514097664
1339783195315875842
1339783412920569856
1339784182105554945
1339784246676905985
1339784495923343360
1339784581889847298
1339785497321893888
1339785847986634752
1339786214577074178
1339786710616596480
1339787472813887488
1339787967875883008
1339788829969018881
1339789499820371968
1339789500185239557
1339789545777352704
1339790385082732546
1339790896490049537
1339791455209086976
1339791953706315776
1339792014032818177
1339792346645467136
1339792349711482883
1339792759796973568
1339794358481072128
1339794396229869569
1339794718872514560
1339794873306787840
1339795070304874496
1339795703443324928
1339796081366986752
1339796450193096704
1339796655193911296
1339796662735286273
1339796993980461056
1339797159131176960
1339797296658198529
1339797367298658307
1339798618795102210
1339801056885280770
1339801081778491394
1339801831434698752
1339802473247219712
1339803006007709696
1339803211755003910
1339804237996445699
1339804660673236992
1339805228628140034
1339805496103104512
1339807710141947906
1339810268101132288
1339810296937009153
1339810396513955840
1339811633569411072
1339812688436801536
1339812693818171397
1339814389336186880
1339816297404784640
1339816397027872768
1339816705137229824
1339819468827049985
1339820188259237894
1339820679227711492
1339823605824299010
1339825229900767238
1339827163747512320
1339827601427353601
1339827738195054592
1339827748215373824
1339828513755508736
1339831545947938817
1339835288395284480
1339838455224872960
1339842838247448576
1339842988772634624
1339850387487121409
1339853685946519552
1339853710822944768
1339857938706542592
1339857940879163395
1339866441231835137
1339868476886966272
1339870499522928640
1339873038578429952
1339875422180311043
1339875973257420801
1339879966117416960
1339882282446954496
1339885539324010496
1339885936549769216
1339887315368423426
1339888141214183424
1339888143038877697
1339888143835787264
1339888500825579520
1339889043648229377
1339889406887530498
1339889870588833792
1339890776826908672
1339891651171540994
1339892548391866369
1339892762771030018
1339892926164463617
1339893808113348609
1339893810881507328
1339894466400952321
1339894469722857473
1339894503193382912
1339894696051556352
1339895010150498305
1339895010733547522
1339895349192830976
1339895582589145088
1339896738069565440
1339901555542265856
1339901737524625408
1339902258092384259
1339902433741430784
1339902698045513729
1339903001885085696
1339903239517552640
1339903242499584000
1339903341921353728
1339903563124846596
1339903814393061377
1339903985386446848
1339904137408987136
1339904991901978626
1339905149477773313
1339905233191903232
1339905360702951432
1339905577028378625
1339905580090142720
1339905768364118022
1339905825532334080
1339905886672719875
1339907118938411008
1339907599270096897
1339907685278486529
1339908131535642625
1339908552778018818
1339909718324752384
1339909764021710848
1339909845852557313
1339910093803053056
1339910296685715457
1339911423204466691
1339911645972316162
1339912062466748416
1339912436468477954
1339912694166654978
1339913015873990659
1339913381088792578
1339914904397094912
1339914906389372929
1339915923529068544
1339915977782419457
1339916529337569286
1339917463572635650
1339917943845629952
1339918269063573504
1339918339347537920
1339918797109641217
1339918851413295106
1339918972242812930
1339919750680481792
1339919979517513729
1339920106743156737
1339920345655066624
1339920987647692800
1339921221618708480
1339921324743995394
1339921624448024576
1339922146395631620
1339922646885130240
1339923059134910465
1339923358146818049
1339923428997017601
1339923530583068672
1339923592885248001
1339923600074301443
1339923751262162944
1339924416185196547
1339924610251415562
1339924732473438210
1339925793577840640
1339925983110029312
1339926731994640386
1339926998651645953
1339927057132908544
1339927071733198849
1339927100434857989
1339927153270513665
1339927176343400448
1339927392295464960
1339927743706914818
1339927812187287552
1339927979015729153
1339928375633260545
1339928469820608512
1339928538867122176
1339928559578738688
1339929085271785472
1339929141613834243
1339929253673136129
1339929494350671877
1339929555793039361
1339929557021941761
1339930004214468608
1339930755766607872
1339931246571470848
1339931770733678593
1339931860785385472
1339931956805591042
1339932417684107264
1339932434444513282
1339932780105502722
1339932832400089088
1339932873231659010
1339933286081171456
1339933293131776008
1339933773400518658
1339933812755750916
1339933921853652992
1339934081929383936
1339934203413102599
1339934214859464706
1339934353271484416
1339934355955855360
1339934494908968963
1339934591033946117
1339934796743630850
1339934885532770304
1339935184507064320
1339935201561067521
1339935585415426048
1339935836595511303
1339935950764449794
1339936060885921794
1339937090855952384
1339937228886294529
1339937242488385541
1339937311593775105
1339937796795080708
1339937837857337345
1339938551472025600
1339938713300840448
1339938719458086917
1339938743831040000
1339939055107248129
1339939462831325184
1339939575318405120
1339939654674636801
1339939722072829954
1339939729475837954
1339939729563914242
1339940163506614275
1339940237586427904
1339940714344538113
1339940814978478080
1339941318672441347
1339941327652462598
1339941336804429827
1339941515506851841
1339941560608239624
1339941653264658434
1339941847020539904
1339942026889072641
1339942234880421896
1339942272331296769
1339942375821635585
1339942728541622272
1339942780852981766
1339942793192615936
1339942946385358850
1339943132188839936
1339943234043260937
1339943683634978816
1339943732280500224
1339943849607749632
1339944445798707203
1339944642557710338
1339944658282147840
1339944672383385600
1339944786120339462
1339945029889101824
1339945036369301507
1339945212521705473
1339945313126281217
1339945756430651394
1339945857538519041
1339946032868827139
1339946388872957955
1339946988767461380
1339947297480818688
1339947306410520580
1339947514619977733
1339947522727563265
1339947609880997889
1339947709873221638
1339947871836225540
1339948355242307585
1339948415938158595
1339948534833922053
1339948770893713410
1339948893132517380
1339948918440910850
1339949420213899265
1339949604729700360
1339949834485284866
1339950449852637187
1339950463853219843
1339950854816862208
1339951504413892608
1339952219572101122
1339952320436727810
1339952425864753154
1339952452997623810
1339952571457261569
1339952579934003201
1339953168629817344
1339953251005960198
1339953453553098753
1339954011466833921
1339954128898973697
1339954449918418946
1339954689039872006
1339955193165844480
1339955250665582593
1339955258282422272
1339955560448450564
1339957333175230469
1339957364238237696
1339957845735829504
1339958148417904643
1339958191497605121
1339958198191722501
1339958309592416257
1339958534671364096
1339958734899044355
1339958785499160579
1339958869141954560
1339959169101643781
1339960182521139201
1339960711930400776
1339961307186024450
1339961348562796551
1339961898951913472
1339962066606694404
1339962331405701123
1339962669093314561
1339963099042951174
1339963891628040192
1339964494441799681
1339964692740108288
1339964845580546048
1339964984202326018
1339964991303245824
1339965095414259712
1339965378236018688
1339965862883840000
1339966741674397698
1339966883932614657
1339966954858291205
1339966980703608838
1339967143803281415
1339967241358610433
1339967433487073281
1339968802600198145
1339968903833915394
1339969278456553473
1339969383892971521
1339969476599668738
1339970148392968200
1339970186917646339
1339970665844191233
1339970757166772228
1339972069895888899
1339972313991815170
1339972330961952768
1339972427594555393
1339972793157476352
1339973134913564679
1339973789271142401
1339973966635520001
1339974160869699585
1339974183804125184
1339974230780338178
1339975067393024002
1339975127988133889
1339975261941542915
1339975279561871360
1339975364534218753
1339975819675000843
1339976355883073536
1339976484522438660
1339976819676770311
1339976907341910019
1339977144827559942
1339977187886321665
1339977438533734400
1339977447291441153
1339977555294744576
1339977994610348033
1339978171672870913
1339978280246632457
1339978280401842176
1339978450841595906
1339979786496700416
1339979995352092674
1339980111647543297
1339980125811535872
1339980328203657216
1339980596035129352
1339980743833993219
1339980924537212930
1339981124542590977
1339981628056215563
1339981929672810498
1339981944277397507
1339982049223053315
1339982412252647425
1339982552757657601
1339982554405990401
1339983299444264960
1339983344063426561
1339983354075222018
1339983475395469312
1339984325547319296
1339984605504528385
1339984712857767940
1339984734693240834
1339985748200738816
1339986083170439171
1339987048451764224
1339988262530801672
1339988500251336705
1339988847220977664
1339989201656422404
1339989328005480449
1339989363191640066
1339989515247738884
1339989693979525121
1339989697452380166
1339989766704672769
1339989855384821763
1339990386324987905
1339990996076081153
1339991499723984898
1339991583056379905
1339991661045280768
1339991878821933059
1339991941078020098
1339992632966209546
1339993308144218113
1339993748147728386
1339994114356432896
1339994351036846080
1339994469777764356
1339994546827112450
1339994637742780416
1339994940554788866
1339995806074585088
1339995942825717761
1339995956348108807
1339996223722446850
1339996567604842496
1339996617680678912
1339997382897934336
1339997882548686851
1339998555906437124
1339998880155496452
1339999260608225282
1339999751396274179
1339999873802842112
1340000272173686791
1340001000648814593
1340001024229064704
1340001258019704833
1340001266601254913
1340001272271785990
1340001457127436290
1340001520029339648
1340001661792739335
1340002020342808578
1340002121228427265
1340002414758400002
1340002555523444739
1340003113474924545
1340003188070608896
1340003433550663682
1340004182514933767
1340004185341915144
1340004627983560706
1340004797982892039
1340005416827281416
1340006433799192577
1340006553445752833
1340006949878984705
1340007552600424450
1340007633454047239
1340008935336624128
1340008972330414080
1340009243169189888
1340009506428903426
1340009627371638789
1340009856900751361
1340009877205180416
1340010355381194754
1340010666372034560
1340011088163827714
1340011229138567168
1340011406549258241
1340011510496714752
1340011578012409858
1340011711928041472
1340011713064779779
1340012025578221568
1340012531897786368
1340012713259524097
1340013150595411968
1340013204391550978
1340013525327089664
1340013666935033856
1340013935571943426
1340014074793517058
1340015638899793926
1340016169823166467
1340016486677671937
1340017479775645698
1340018244963414020
1340019134990491649
1340019871032209408
1340021066064949251
1340021525592731648
1340022145490051072
1340022421110345733
1340022653407678464
1340022722252992512
1340023251846778883
1340024173578489856
1340024549551853569
1340024791256985601
1340025197571747851
1340025676439687177
1340025932321615873
1340026399919386626
1340026636813688833
1340026855739502600
1340027665412190209
1340027786753417216
1340027968073195521
1340028045730738188
1340028318305927169
1340028929453637632
1340029177093910528
1340029580870995968
1340029594594897926
1340029925487767552
1340031089612615680
1340031508963274759
1340031643751428098
1340032185294852099
1340032333613850626
1340032513620717573
1340032927116251136
1340032979452620800
1340033421020676100
1340033561295020033
1340033735392169986
1340034021804412928
1340034193921888258
1340034965946425353
1340035211036413956
1340035235497594881
1340035493912711168
1340035778471206912
1340035885891526658
1340037254178324480
1340037443555373056
1340037722593964034
1340037766198005761
1340038567972757504
1340038787313876995
1340039009091915776
1340039075265470464
1340039102423584768
1340039133276856323
1340039267016437763
1340039485342539778
1340040252619182081
1340040385138143234
1340041067454984198
1340041258362949641
1340041867505840141
1340042158284410883
1340042842236960768
1340042950919790598
1340043159770939392
1340044008228343808
1340044353113382913
1340044881155284995
1340045023384137732
1340045374455734272
1340045436258807808
1340045612776124416
1340046457022410760
1340046685901348864
1340048377543864326
1340048450084360194
1340048479939407873
1340048584004263938
1340048838590156808
1340049197538701312
1340049214496190476
1340049248021336068
1340049487239270402
1340049504544931846
1340049663194509313
1340049717447651328
1340049719523995651
1340050274073931779
1340051052855439369
1340051113014423557
1340051405856452610
1340051455500312579
1340052026567307266
1340052543091724292
1340052693499469824
1340053033464557574
1340053050329878529
1340053842386432000
1340053941040640001
1340054230481178627
1340054573801738241
1340054878555500545
1340055018909691905
1340055787201282049
1340056086485864448
1340056190533971968
1340056546856865799
1340056687676452871
1340056695976898566
1340057111724699651
1340057275537399808
1340057429422301185
1340057479238070272
1340057794003816451
1340058006025691139
1340058100645150721
1340058141010972675
1340058192458383360
1340058869846949891
1340059263847157761
1340059365043294216
1340059409729413121
1340059959548112902
1340060488307228673
1340060689054969856
1340061233366634497
1340061307110912002
1340061567371669505
1340061780572217344
1340062140061917191
1340062524922875905
1340062534737518599
1340062555604213761
1340062578127626240
1340062774119063552
1340062798856929282
1340062959775739906
1340063050359980032
1340063777295876102
1340063882572935168
1340063982187638786
1340064161112403968
1340064210169044994
1340065103555735554
1340065780432551938
1340065896098918405
1340065927199645697
1340065931553288192
1340066029041541121
1340066571352477696
1340066632316678144
1340066963209515010
1340067518069792768
1340067690300526601
1340067704875565056
1340068111832256516
1340068575252525060
1340069212908380173
1340069315865931776
1340069507335942148
1340069515854553095
1340069850455171078
1340070220996763649
1340070347991900172
1340070458721509383
1340070629094133763
1340070678217838605
1340071616022261763
1340071648406466560
1340071690546651139
1340071818405834757
1340071993748713472
1340072171415220230
1340072200666275842
1340072229036552192
1340072257138401280
1340072364680220672
1340072442421755904
1340072818776666113
1340073075476410368
1340073211317391360
1340073643032760320
1340073744962707459
1340074376901832707
1340074395365195776
1340074474914390016
1340074804825759744
1340074927777587200
1340075071084347392
1340076083954200576
1340076307611152384
1340076946366095370
1340077028545015810
1340077368992550912
1340077820681347078
1340078003607511041
1340078012289695744
1340078581100253187
1340078605213310977
1340078797446656001
1340079027101569027
1340079303493607425
1340079383911034880
1340079396267409408
1340079604757913605
1340079721741217793
1340080123350048774
1340080904916639744
1340081078598393856
1340081135288786945
1340081399609569286
1340081713666506761
1340081918814072832
1340082116877406209
1340082744777461761
1340082813001986050
1340082981524938753
1340083189264625665
1340083221258768385
1340083230519771137
1340083237591330816
1340083308881842176
1340083439375138818
1340084021112557573
1340084129644351489
1340084186909007872
1340084186997084160
1340084188901326848
1340084212435718145
