1336823081998938114
1336823100730699779
1336823120594952192
1336823204678131712
1336823276304207874
1336823335502704641
1336823384387284994
1336823589803274240
1336823859237019653
1336823973087207424
1336824052602855424
1336824090422894597
1336824090989109254
1336824136954486786
1336824208119119872
1336824301023072263
1336824303174742018
1336824351228907524
1336824439254753283
1336824457365573633
1336824489204649985
1336824513435230208
1336824522985656322
1336824604640370688
1336824644314288130
1336825051572817920
1336825232322080768
1336825295488356366
1336825558102052865
1336825732287389699
1336825746036322306
1336826101872652295
1336826184890535943
1336826369079054336
1336826449542717442
1336826492077154308
1336826501090717697
1336826871951089665
1336826958311723014
1336827151685914626
1336827210796331009
1336827241536303113
1336827369378754562
1336827413762895874
1336827571426762752
1336827609280376833
1336827774883917824
1336828026760400901
1336828136911081472
1336828249310105610
1336828418005020673
1336828486993006603
1336828537207205889
1336828571659231232
1336828662134484994
1336828913436270593
1336829018272886784
1336829097750753283
1336829193825505289
1336829255733440513
1336829338436706307
1336829404169838599
1336829709313847297
1336829838167060481
1336829861323808770
1336829877044043777
1336829939031699457
1336830011286974465
1336830073404600321
1336830301759287297
1336830388170330112
1336830450573205509
1336830493862617093
1336830804681519112
1336830869990989825
1336830872864104448
1336830920683364352
1336830976144658438
1336831136077672448
1336831168734502914
1336831574550040577
1336831906101473281
1336831929975451653
1336832153141862402
1336832437041721344
1336832595821277186
1336832707159089154
1336832815036571652
1336832864592289792
1336832873417109506
1336832878529875970
1336832928626724864
1336833079193858050
1336833157153378307
1336833205035556868
1336833243740598273
1336833455573905410
1336833471814242305
1336833513279148038
1336833773120462857
1336833775544700929
1336833795782270985
1336833853730779136
1336833856188669952
1336833908957208586
1336833988678344709
1336834031955161095
1336834343906447360
1336834734559735811
1336835079428075528
1336835134495084551
1336835427857207296
1336835504302665734
1336835784217866245
1336835823745036290
1336835911066112000
1336835983078289413
1336836001298337794
1336836059838214146
1336836094801928193
1336836185717678081
1336836419533369347
1336836495555125248
1336836656473763840
1336836682323202055
1336836836879192066
1336836855032123394
1336837002445139969
1336837305726885889
1336837310864875528
1336837385330577409
1336837401155674114
1336837587487641602
1336837661764579329
1336837741322055681
1336837881562849281
1336837971165777922
1336838100270665731
1336838128913575938
1336838186828505093
1336838263076761606
1336838296866086913
1336838472083140610
1336838610839105542
1336838973793120259
1336839046962745353
1336839072321572865
1336839086548639749
1336839116563079168
1336839296729239552
1336839512668958722
1336839635805278208
1336839750649524224
1336839789279064066
1336839954148810753
1336839997559803905
1336840005466120192
1336840184999141377
1336840304033468416
1336840538864164865
1336840554878013444
1336840833551757313
1336840997540687873
1336841088485744643
1336841188410880000
1336841268278784001
1336841297722814465
1336841494104301568
1336842280590848001
1336842626725769220
1336842643670757379
1336842647726600196
1336842741314179081
1336842751225294849
1336842820435533824
1336842852270223360
1336842931400024066
1336842946709250050
1336842973955371009
1336843067786203137
1336843171024809985
1336843383587942402
1336843845347184642
1336843932475531273
1336844002017079296
1336844119612788738
1336844157776752640
1336844234926780419
1336844416879906821
1336844451126374407
1336844561876971520
1336844563005235200
1336844575500103682
1336844691669659652
1336844727489077250
1336844732358660097
1336844794815975424
1336844988563550210
1336845078950780932
1336845108730322945
1336845131228585988
1336845205010583556
1336845448938737665
1336845455079198722
1336845589401755650
1336845696956248064
1336846297400283137
1336846372520288257
1336846404300513281
1336846835223326721
1336846853095251968
1336847005340069888
1336847036591845376
1336847043722170368
1336847349650509824
1336847392084275200
1336847397847261184
1336847797971251200
1336848161189597184
1336848464320344065
1336848572084523008
1336848793413816320
1336848948489834498
1336849020338245633
1336849555716005889
1336849771840106497
1336849829616562178
1336849845781467137
1336849864769105924
1336850027067699200
1336850189563392001
1336850287546540032
1336850618867183616
1336850810483978242
1336850826896297986
1336850927651844098
1336851181369511936
1336851380108144641
1336851488052826113
1336851778713890816
1336851809130995715
1336852031374581765
1336852154502549507
1336852305786904577
1336852441233494021
1336852738332880896
1336852953886580739
1336853118198353921
1336853619937857536
1336853724585668610
1336854081059614721
1336854231182151682
1336854616978427905
1336854932398477314
1336855020348854273
1336855050078089217
1336855157313822721
1336855244412694529
1336855500579889152
1336855501175451649
1336855569479688193
1336855654338793474
1336855654338846721
1336856171400081408
1336856214530105344
1336856433934135297
1336856435356033024
1336856476762185729
1336856494428532737
1336856617678204928
1336857289215631362
1336857490139598848
1336857835943194624
1336858591920332801
1336858955264438272
1336858994892304385
1336859874269962240
1336859979689697281
1336860203518660609
1336860273207074818
1336860530208858112
1336860572738940930
1336860641047568386
1336860697125396481
1336860918333005825
1336861025052864514
1336861559944048640
1336861618165182469
1336861683994726402
1336862056742604801
1336862111130152960
1336862388218425346
1336862689864380416
1336862715936186370
1336862804742201344
1336862850497843201
1336862871658106880
1336863225363783682
1336863343223713793
1336863387855319040
1336863510119198721
1336863572509528065
1336863743595122688
1336863826554335232
1336863872704245760
1336863904937414658
1336863938470883331
1336864049682935809
1336864133321519106
1336864212405063682
1336864465510420485
1336864494421757958
1336864557831221248
1336864603335241728
1336864637485256706
1336864670934822917
1336864764362887169
1336864870583562241
1336865008429494273
1336865050548637697
1336865258854637573
1336865260788178945
1336865264990908418
1336865279016660994
1336865285916254208
1336865316815691777
1336865576464027650
1336865628033081344
1336865667107201025
1336865679149060096
1336865778801446912
1336865823223394304
1336865935257432069
1336865946816933888
1336865956782596099
1336866167785394179
1336866175884652545
1336866187616133122
1336866225025126409
1336866238493061120
1336866300258377728
1336866428184637443
1336866457959985153
1336866529728716800
1336866536909398023
1336866626424217600
1336866771022786560
1336866794745851906
1336866802362703873
1336866920474226688
1336866990921662464
1336867073557925888
1336867148032040963
1336867260070305793
1336867762875080704
1336867788510662656
1336867884073684992
1336867907784019969
1336868111920803842
1336868257450635265
1336868359997100034
1336868425440890881
1336868497935147008
1336868541493108737
1336868555695001602
1336868676436447232
1336868767188611073
1336868904484933635
1336868998437343234
1336869340885475329
1336869343041384454
1336869356341485568
1336869418823987201
1336869570439761921
1336869588290711552
1336870218489094144
1336870222456889344
1336870270477492229
1336870278840922112
1336870488887455744
1336870913543909377
1336871026639114241
1336871314649456640
1336871327156854786
1336871551917043720
1336871725020147717
1336871773816680450
1336872048778485766
1336872067191476224
1336872131674710022
1336872253930213377
1336872492590387205
1336872816206090240
1336872992589176833
1336873270637809666
1336873441849380865
1336873609264910340
1336873669193310213
1336873974123421704
1336874176251092993
1336874191132516352
1336874580472958977
1336874754150633474
1336874789718396930
1336874808915714049
1336874849872953345
1336874962523664386
1336875591887413250
1336875666281738241
1336875822133768193
1336875964605878273
1336876256164532224
1336876346795061251
1336876435416502272
1336876758298144776
1336876880222416897
1336876902984855554
1336877209945071618
1336877892630941696
1336877947408543751
1336878054149402626
1336878122550128641
1336878466017472512
1336878857052360704
1336879089823707136
1336879141652721671
1336879342148857856
1336879438647189505
1336879749835214848
1336879789844672517
1336879808857387008
1336880275750612992
1336880630420869120
1336880859438264323
1336881480509902848
1336881754301456384
1336881839588446211
1336881871897190400
1336881932865515520
1336882128886374402
1336882337636888577
1336882388270518272
1336882565022674945
1336882569481228289
1336883352436166660
1336883418727145473
1336883529167351808
1336884317205704705
1336884648526417920
1336884750875815938
1336885029813751808
1336885544459112449
1336885658254782465
1336886099973697537
1336886833247031297
1336886953334157313
1336887446970257408
1336887490427424769
1336887806258458625
1336888364746805249
1336888774517792768
1336888776417832960
1336889079984689152
1336889203108548610
1336889490799988736
1336889579291480065
1336889876600532992
1336890026479808513
1336890201847844865
1336890230876426242
1336890300170637312
1336890308194406400
1336890595579670528
1336890844717207553
1336890877780893696
1336891804122112004
1336892027968040960
1336892193324326912
1336892307728166913
1336893067610255360
1336893700530728962
1336893795812724737
1336894115137597441
1336894124486750208
1336894213238235137
1336894369983553536
1336894371430617090
1336894673776992258
1336895248568610818
1336895699066220544
1336895827554471936
1336896282724605953
1336896303238963201
1336896433769897984
1336896489700921344
1336896500824158211
1336896693145518085
1336896949644128257
1336897467275735040
1336897578080854019
1336898389645139968
1336898558264561664
1336898827182350336
1336898919847108609
1336899167772405760
1336899325822177280
1336899525777223682
1336899580642926592
1336899869194276864
1336900503524012034
1336900525607022593
1336901040172576769
1336901370486648832
1336901885807177729
1336902063603769344
1336902599841361921
1336903982392995840
1336904085816143872
1336904191072235520
1336904656023412736
1336905711029194752
1336906826957418496
1336908285916688384
1336908415029874688
1336908638389080065
1336908930249842688
1336909828665602048
1336910476530176001
1336911626226823168
1336911910701203457
1336916657688764420
1336917451246874631
1336918344658804736
1336920286592180225
1336922887068979200
1336924244337328129
1336925231517229057
1336925365084753924
1336925576368680964
1336925986722619393
1336926677541253120
1336927950135046146
1336931726543761409
1336931731052634112
1336932420080242689
1336933626987032581
1336934273249632256
1336938709976051712
1336938710382866432
1336941920069836805
1336943115886764032
1336943741685391360
1336943804377669633
1336946141817171969
1336946166332878853
1336947164736581632
1336947762412347394
1336948315838148612
1336948330878922754
1336950722609483777
1336950818814222338
1336951407002443776
1336951920091684866
1336952884999680001
1336953243952422912
1336954519427690496
1336958003522793472
1336958524975407106
1336958985405132804
1336961632963072000
1336963828735746048
1336963927888969729
1336964133166575619
1336965178479489025
1336967253087096838
1336967813706211332
1336968136655040514
1336969676283326465
1336972288055529472
1336972415151321088
1336973217349636097
1336973881941368838
1336974272473010177
1336975547977568256
1336976450633650176
1336977312777121793
1336977730374660096
1336977750003998723
1336977897723195394
1336978086471081985
1336978381792010241
1336978486829993984
1336978651666141185
1336979034111168513
1336979711226949633
1336979912784285700
1336980345862955011
1336980534807891970
1336980819152416768
1336981490383646721
1336982121248862212
1336982294012235776
1336982552830242817
1336982581984825347
1336982750381785088
1336983041756041218
1336983322027765761
1336984472818946048
1336984513986097153
1336984941473697792
1336984985790803968
1336985642866241537
1336986004067151875
1336986007334481920
1336986077152890880
1336986308183543809
1336986720840114177
1336987049354735620
1336987340196245504
1336987414984880129
1336988279120519168
1336988307838939136
1336988318727286784
1336988441167486976
1336988531881807872
1336988993674735617
1336989034254659585
1336989039795208198
1336989040906653696
1336989096607166468
1336989098746269701
1336989278899941378
1336989671050661888
1336990172966215681
1336990331955449859
1336990375723081728
1336990510364446722
1336990860957929473
1336990917476184064
1336990945410158592
1336991120685928448
1336991184175181824
1336991842827706368
1336992173586321408
1336992321477468161
1336992378142531584
1336992464796868610
1336992475173543942
1336992694690705409
1336992898299154433
1336993102062637057
1336993367603949570
1336993427137966080
1336993549376770048
1336993598861160448
1336993713562775556
1336994026118127617
1336994363000360961
1336994467174363141
1336994535524724743
1336994558178193409
1336994776101613569
1336994790190223367
1336994892246097920
1336994922264731648
1336995043601772545
1336995047154348034
1336995192709189633
1336995333302341632
1336995439464357891
1336995508242571264
1336995567654854656
1336995578765512704
1336995772894760960
1336995983532695552
1336996002520326151
1336996125778317315
1336996252496572416
1336996385380585472
1336996419295727618
1336996609633169410
1336996620995538947
1336996666730229761
1336996796015517696
1336996928626823169
1336997056980901889
1336997086504554496
1336997147363913728
1336997228657991680
1336997433537163265
1336997452289880065
1336997717151805440
1336997806029070336
1336998287874936833
1336998590636552193
1336998643782578176
1336998679895568384
1336998679983632385
1336998732102066176
1336998759121752066
1336998969705160704
1336999709186125824
1336999843529715714
1336999857291202563
1337000270442754050
1337000362209894401
1337000722186067970
1337000746869547010
1337000798329450497
1337000926964486147
1337000948082880514
1337001167918825475
1337001298831478787
1337001306435760129
1337001353328140288
1337001792098488325
1337001869005250566
1337001888013750272
1337001979042799616
1337001986512785411
1337001996126199809
1337002309553954817
1337002848035475463
1337003052449095680
1337003154567729152
1337003197668466688
1337003204932931585
1337003274306809856
1337003709415501824
1337003815275466759
1337003907277615107
1337004030309109761
1337004033308057600
1337004251705450496
1337004260786049025
1337004328058544133
1337004408316563458
1337004424946995200
1337004482127949824
1337004566429249537
1337004589304909824
1337004840485064709
1337004914858471424
1337005240059645952
1337005662283370497
1337005694915141634
1337005714309599232
1337005864369184771
1337005872166408193
1337005980425613315
1337005980685627393
1337006218641018889
1337006407133093890
1337006472480382978
1337006488053829633
1337006603229401088
1337006631570337795
1337006716236550144
1337006830036332549
1337006905106067459
1337007025516113921
1337007222602272773
1337007227857752064
1337007285894201345
1337007353275801601
1337007467184746498
1337007595115130880
1337007655974400000
1337007682688061442
1337007710047449088
1337007985885908994
1337007992282214400
1337008167067258882
1337008216388014080
1337008223719731202
1337008260197576705
1337008316241895425
1337008489089150977
1337008536363143168
1337008800281182210
1337008987439554560
1337009439614906369
1337009540026523648
1337010008647753730
1337010111802437632
1337010152139091977
1337010233009446913
1337010368166637572
1337010521510457346
1337010662849933313
1337010825563951105
1337010957852225537
1337010982116323329
1337011331967447042
1337011476645752832
1337011565615140865
1337011637295910912
1337011666379296769
1337011684741947394
1337011710566281219
1337011767659147269
1337011768254754817
1337012033779273728
1337012185910943747
1337012220002263040
1337012252923269121
1337012259781046272
1337012509488926720
1337012669447106562
1337012718805651456
1337012750304882691
1337012832316121088
1337013129381863425
1337013222096965633
1337013234474344457
1337013316359745537
1337013424795111426
1337013454163509255
1337013638796816389
1337013712755040256
1337013720074084352
1337013883848982533
1337014132571303936
1337014248594165764
1337014296140771328
1337014552689602560
1337014907477372928
1337015052939956226
1337015199648407566
1337015291591745536
1337015331395670019
1337015438262345732
1337015465479168000
1337015475931394048
1337015587134795777
1337015778621710336
1337015983429529600
1337016623782359041
1337016777667186691
1337016801151115265
1337017048451440641
1337017226638061568
1337017260620328965
1337017448529326082
1337017863714947072
1337017979297538050
1337018064005689344
1337018084352253956
1337018187678961665
1337018339252727809
1337018596044787713
1337018717599916038
1337018777733623808
1337018913142566918
1337018998853160960
1337019236896677888
1337019619215806464
1337019732025806851
1337019787935952899
1337019889886826496
1337019898430623745
1337019913492377605
1337019926851293184
1337020343672770561
1337020453265797122
1337020455031615489
1337020635562840064
1337020703128891394
1337020751464050692
1337021207175172097
1337021294437691392
1337021371134717954
1337021544082661378
1337021844860362753
1337021966092562433
1337022297039900672
1337022417462497289
1337022823869640704
1337023143999905797
1337023212413186054
1337023226363383821
1337023342247817218
1337023398355066881
1337023417837625344
1337023464738344960
1337023567876272129
1337023607315238915
1337023694401630208
1337023730980167680
1337023812966158337
1337024007837806592
1337024277443465225
1337024279205081088
1337024397413126147
1337024402735632385
1337024413544361984
1337024507169615873
1337024549842456577
1337024568100270082
1337024625356713984
1337024650098823170
1337024695187726336
1337024887366496258
1337025022259556358
1337025096490348546
1337025172956721152
1337025537169121283
1337025881001381888
1337025886604972032
1337025903067533313
1337026003009499136
1337026008441122816
1337026184874438658
1337026214737960960
1337026276935274498
1337026333700976641
1337026378559057921
1337026384460394501
1337026523262545920
1337026645610418190
1337026769191198727
1337026801814519810
1337026972854181888
1337027188206559237
1337027586849976321
1337027684149432320
1337027727870877697
1337027926785593356
1337027970398085121
1337028040396824576
1337028094356561921
1337028227387314180
1337028527011602435
1337028591830306818
1337028693726797824
1337028839034130433
1337029331424579584
1337029370087608320
1337029488861962241
1337029590385127425
1337029906170048512
1337029937488912385
1337030136525361158
1337030169266180098
1337030176732041216
1337030361268760580
1337030431313698816
1337030557713059845
1337030591867445250
1337030604328734721
1337030788248985600
1337030946823016449
1337030996282265600
1337031192370098177
1337031259357319169
1337031263924998147
1337031395881971714
1337031695887986688
1337031815253479429
1337031882983297024
1337032023454724096
1337032089741512705
1337032146385588226
1337032176064487424
1337032228824641537
1337032261489872897
1337032351214399488
1337032382763896832
1337032487902515203
1337032583729778693
1337032683663323143
1337032701640138752
1337032806321500160
1337032837036388352
1337032993601368065
1337033083950870530
1337033126116253696
1337033145863073800
1337033265274892289
1337033716414238720
1337034239284568067
1337034269772886016
1337034289528139776
1337034472378650625
1337034481262268416
1337034550757761027
1337034580537331714
1337034595112370177
1337034628943712257
1337034818618601479
1337034873844998147
1337034936595992579
1337034957471027201
1337034964504875008
1337034969647079424
1337034993332314112
1337035050110623744
1337035181509795840
1337035356718456837
1337035471998902272
1337035531662790658
1337035581906440193
1337035733056499713
1337035798424772613
1337036088469311491
1337036093376651264
1337036256325332993
1337036566577995776
1337036621271666688
1337036638212534273
1337037000537501699
1337037455065800704
1337037582442655746
1337037590176927747
1337037714378657795
1337037777121267714
1337037829097058305
1337037944960524289
1337037975989841925
1337038106667704320
1337038112590094337
1337038152918331395
1337038196807495686
1337038226360578058
1337038273827450883
1337038318622662659
1337038435744436224
1337038803681337345
1337038985751916546
1337038996782759936
1337039001077886979
1337039021902606336
1337039328707555329
1337039702218706947
1337039868095041538
1337039884729659404
1337040065705484297
1337040080725307393
1337040266017075200
1337040323709644800
1337040380089479169
1337040473047896069
1337040743492440068
1337040790623752193
1337041075027009540
1337041303897591810
1337041384805699587
1337041487687774213
1337041523800743944
1337041529551122433
1337041592637677569
1337042032448188416
1337042133379919878
1337042445784260613
1337042654278938624
1337042796931407872
1337042868981166090
1337042899817512960
1337042931253997573
1337043493387202565
1337043680641884161
1337043847394758658
1337043892575891460
1337043894769496068
1337044043935657993
1337044168976322562
1337044574817103875
1337044747316305924
1337044798751039489
1337044925603581952
1337044979236139008
1337045085456896004
1337045223940165632
1337045242474860549
1337045336976728067
1337045343511384067
1337045553843146756
1337045703454027776
1337045729983029256
1337045765533933574
1337046085769031692
1337046149300166656
1337046209253548034
1337046209752690688
1337046433518804996
1337046456155435011
1337046547981361154
1337046571893059584
1337046681867726856
1337046938781446145
1337047032306028551
1337047121082675204
1337047126828855296
1337047381603479560
1337047754493882370
1337047903056097287
1337047908831596547
1337048178814836736
1337048411493773317
1337048547032756232
1337048576036384769
1337048613881569283
1337048654562078732
1337048756693463041
1337048763790204928
1337048876176519169
1337048915691114498
1337048945239973890
1337049178837577728
1337049240607059978
1337049262497140736
1337049316993667075
1337049528076218371
1337049539786715140
1337049579011907584
1337049590244241420
1337049604689453057
1337049689439543299
1337049724814319617
1337049755843784705
1337049763364147203
1337049798483046402
1337049947628326912
1337050045804318720
1337050097125888004
1337050179179081733
1337050404530565129
1337050458943315970
1337050514391961603
1337050599494389761
1337050632923000835
1337050645375963137
1337050675994300421
1337050827903655939
1337051136164028420
1337051341886267393
1337051355677138944
1337051436602060800
1337051759479562241
1337051805662982147
1337051824411521025
1337052242076110853
1337052395344437251
1337052534935080961
1337052591344250880
1337052835477925893
1337052920794198016
1337053010707550210
1337053045897695236
1337053145457971209
1337053146808545283
1337053167150882819
1337053200029986819
1337053219487440905
1337053219554533379
1337053241767587841
1337053268934062086
1337053376664768517
1337053573142753281
1337053735818817538
1337053822452183040
1337053877380796416
1337053907672043520
1337053912889749507
1337054248274636805
1337054327312101378
1337054404680298497
1337054466550468611
1337054541733388299
1337054948970946561
1337055093192089600
1337055150897307649
1337055240923848704
1337055333643128833
1337055563155435527
1337055755053256710
1337055988608880648
1337056048872648710
1337056062193754113
1337056136684564481
1337056214124032001
1337056299608141827
1337056473789165571
1337056542525431813
1337056664650977285
1337056693834887170
1337056792090652679
1337056840945905665
1337056890463916032
1337056946692689921
1337057161420173316
1337057192948740097
1337057235336310785
1337057237844578305
1337057299962146823
1337057312884797442
1337057396582191104
1337057424684019713
1337057490450731010
1337057499153829892
1337057521819856899
1337057567776923650
1337057631333216260
1337057643014344706
1337057663276945413
1337057664438841344
1337057688182804487
1337057695413755904
1337057716787965954
1337057749516103682
1337057816163586048
1337057876204982281
1337057877266223104
1337057925903355912
1337057965187227648
1337057979217096712
1337058043692003329
1337058051300487170
1337058116320587784
1337058254455762948
1337058349083488256
1337058379714465796
1337058548287725570
1337058680064372737
1337058757310820352
1337058757625470979
1337058796733161474
1337058940593516562
1337058959140806659
1337058989801164801
1337059037423284225
1337059318101913607
1337059376016871431
1337059458824986628
1337059497437696001
1337059564093661184
1337059638039240704
1337059782377803776
1337059798815281157
1337060291713118215
1337060341868531713
1337060428032208897
1337060572739801090
1337060677710733315
1337060761286348807
1337061346836361216
1337061422505881600
1337061838421454848
1337061860047286279
1337062142604943363
1337062573452238852
1337062599830237184
1337062647603326978
1337062659305377793
1337062738334507012
1337062893527977984
1337063092249907201
1337063126349602817
1337063306587238401
1337063334819061760
1337063340942745606
1337063421309816832
1337063465438023681
1337063475680579585
1337063506278027270
1337063931085512706
1337064415431168000
1337064461253959680
1337064544204677124
1337064814657613826
1337064849273131008
1337065027996626944
1337065081734127617
1337065115192004608
1337065266799386628
1337065268745527298
1337065270972702726
1337065338886819845
1337065347761975297
1337065910905999360
1337066059573161996
1337066064547618816
1337066120101158913
1337066195162435589
1337066284765360128
1337066320534401024
1337066547639160842
1337066586788782081
1337067098527428608
1337067476845277186
1337067580079616005
1337067846992539648
1337067949803384832
1337068082519547905
1337068547286196224
1337068672301621248
1337068844658155524
1337069040582467585
1337069154378141705
1337069309470924802
1337069451263537158
1337069648437796866
1337069705597739017
1337069717769646080
1337069975593476096
1337070036779986945
1337070379182026752
1337070416632950787
1337070587521495041
1337071037373145095
1337071097951498249
1337071107904573441
1337071196022714368
1337071371919224833
1337071399291277313
1337071417058336775
1337071656959946754
1337071703009218566
1337071794495361025
1337071917119975433
1337072073026449418
1337072668613488642
1337072670203146241
1337072719360299009
1337072792961998848
1337072898968875010
1337072906241773569
1337073152397021188
1337073209649340420
1337073218730012672
1337073441892085761
1337073742753783815
1337073812131766275
1337073875335716873
1337074204051640320
1337074327997587456
1337074739857268741
1337074841518804999
1337074898968178688
1337074919172173827
1337074950121934851
1337075123329830913
1337075180120780801
1337075272995180544
1337075585160519680
1337075758313791488
1337075798717702147
1337075934424391681
1337075957690028037
1337076042079612929
1337076089903046656
1337076203065384963
1337076215405015043
1337076247071961090
1337076269771591684
1337076352143536129
1337076387224690689
1337076425778733058
1337076440601333765
1337076540404871170
1337076640954847232
1337076664845688838
1337076727890243585
1337076823356674048
1337076823511998470
1337076969603801090
1337077104123539466
1337077327109435392
1337077654974058497
1337077686716469248
1337077692752146433
1337077769604231168
1337077807407648776
1337077944078962693
1337078370841079809
1337078371994505220
1337078499014811648
1337078503251075072
1337078734323642369
1337078906436849665
1337078935167905792
1337079126860042240
1337079141531856896
1337079171705675776
1337079224067366913
1337079390514126849
1337079502053183496
1337079571070521347
1337079637764055043
1337079647373316096
1337079732035342337
1337079819490701314
1337079840420356096
1337080119563841536
1337080411105734661
1337080475781885952
1337080552411852800
1337080618367262725
1337080740916449287
1337080751830003712
1337081037348892672
1337081076456583168
1337081146656632833
1337081521732251649
1337081782466854913
1337081816864460810
1337081827325075457
1337082060926697474
1337082111916961794
1337082444567236610
1337082607650148354
1337082607738245126
1337082656324988929
1337082701527076865
1337082703733272578
1337082837657333763
1337083099201622026
1337083111096594432
1337083362603900930
1337083553084026883
1337083559983591431
1337084228186615813
1337084239544782850
1337084332406673415
1337084580080332803
1337084603593609218
1337084893797478401
1337084931906813952
1337085089642143745
1337085303857827842
1337085522133585920
1337085904310181888
1337086202286104577
1337086613185327105
1337086688116404224
1337086688347222021
1337086878433079299
1337086916706136064
1337087187523932160
1337087265076617222
1337087330956562434
1337087461655261191
1337087575274745857
1337087628131307523
1337087736096952321
1337087780720144386
1337087823371972613
1337087934802128896
1337088438504394753
1337088488940986368
1337088514123587586
1337088556754415616
1337088586118803459
1337088640632152065
1337088644583190528
1337088703156658177
1337088880663814146
1337088964747010049
1337088966030450688
1337089129490886657
1337089196863987713
1337089309594308609
1337089331153035275
1337089625001762817
1337089703322017794
1337089789154258946
1337089876999753729
1337089901003743234
1337089920297558019
1337090030108553216
1337090075939786756
1337090079383298052
1337090099952181249
1337090125512253450
1337090188988780544
1337090495928020996
1337090669165355010
1337090804184211464
1337090929635840000
1337091078630092801
1337091323321573384
1337091460177539074
1337091613600985089
1337091798741766145
1337091813593767936
1337091996104749056
1337092245498048519
1337092360753336320
1337092474276360192
1337092646070849536
1337092861779644416
1337092933074423814
1337092942901760008
1337093067128659968
1337093233143402500
1337093308187865092
1337093324834934789
1337093380057260033
1337093659918016512
1337093768684703744
1337093822787055618
1337094038151966722
1337094195148955649
1337094211657674754
1337094657633873921
1337094877750960130
1337094910319714328
1337095446930579456
1337095473132343297
1337095623858921478
1337096023739658241
1337096181219004421
1337096766475411461
1337096793763569667
1337097037427433472
1337097103613583360
1337097338385522688
1337097514399502337
1337097621140348936
1337098023634137098
1337098045876531200
1337098398068056064
1337098400093908993
1337098430045450243
1337098441722355712
1337098603890872323
1337098650485485570
1337098669095591937
1337098969781039110
1337099208348864514
1337099235234287616
1337099265869574145
1337099278972579844
1337099489199403008
1337099824244682753
1337099833300094986
1337099957296304136
1337099979433840641
1337100044785348609
1337100226885275648
1337100389150302208
1337100529781137408
1337100618536775682
1337100814809239555
1337100827064999936
1337101030966788096
1337101124277559296
1337101251486609410
1337101635705856002
1337101798386098180
1337101909086363651
1337102121855045635
1337102154570588164
1337102207406268424
1337102691709935620
1337102700559929346
1337103046065655810
1337103046581563399
1337103049358192641
1337103364732170244
1337103564976627745
1337103709344559106
1337103711907303427
1337103778856759297
1337103791963987969
1337103883634692097
1337103892279078913
1337103929805594628
1337104218998575104
1337104221196455937
1337104368399773698
1337104502021890051
1337104621815406592
1337104798118719494
1337104820315049992
1337104829437648896
1337104858177007616
1337105298805448704
1337105320800301059
1337105389234638848
1337105559519113216
1337105584831811584
1337105791338287104
1337105831603671040
1337106073749164036
1337106451836362753
1337106778677518337
1337106978984906754
1337107004867944453
1337107049772093440
1337107123784839169
1337107271176892424
1337107302910996483
1337107391171670017
1337107537863323650
1337107715244646407
1337107754570420225
1337107766138331149
1337108061572517889
1337108072679034882
1337108269156929538
1337108421930344467
1337108673936695296
1337108764084854786
1337108828874280964
1337108908716986376
1337109270396088320
1337109390168559617
1337109577674977282
1337109695539142661
1337109812950274049
1337109833099698177
1337109836866048000
1337109843883282437
1337109977606074369
1337110130664632323
1337110458759786499
1337110513789054981
1337110633918160896
1337110640389988354
1337110742898798595
1337110777237561345
1337111153231663106
1337111321867935763
1337111348870787072
1337111373944410118
1337111383599689730
1337111516055822342
1337111717063643138
1337111770633285632
1337111796767977473
1337111838807519235
1337111897305452546
1337112410059116544
1337112779946389507
1337112817976086530
1337112905439973376
1337112976365658130
1337113239625330691
1337113525504802816
1337113558694457344
1337113878568841217
1337113881009938433
1337113918037250053
1337113930586599431
1337113992410656777
1337114041316220929
1337114246681858048
1337114264327303169
1337114455298076673
1337114561502187522
1337114798031507456
1337114875085139975
1337114924322082816
1337115409821077512
1337115638603591680
1337115999401889793
1337116224560443393
1337116358321057792
1337116585312530444
1337116778372227081
1337116836035366912
1337116942835064834
1337116957347352576
1337117100020740098
1337117153015832580
1337117258154438659
1337117277238538242
1337117383832576000
1337117431484063744
1337117865472880649
1337117885542567939
1337117891867660292
1337118114706821123
1337118182058971138
1337118259439677456
1337118311503581185
1337118344504291335
1337118347671064576
1337118366423797760
1337118436749701127
1337118476067086340
1337118487764938755
1337118703691952130
1337118834306797569
1337119104189272067
1337119313891905536
1337119328773271552
1337119444586422280
1337119580846755841
1337120164215656453
1337120191961067520
1337120409775349760
1337120756476628992
1337120909040230402
1337120909069594626
1337121450889768962
1337121645136404490
1337121667982782464
1337121846953734147
1337121993905360897
1337122077086801920
1337122113203953668
1337122181449388038
1337122378032279553
1337122393920319488
1337122400899641349
1337122549830971393
1337122553542942720
1337122594777145344
1337122650393612295
1337122719737974793
1337122754093608962
1337123104544477184
1337123421960941569
1337123507910701058
1337123605839220738
1337123606879490049
1337124126197157894
1337124128751497223
1337124414186532875
1337124646299312130
1337124670064238597
1337124689181859844
1337124698518384642
1337124838830387201
1337124860028448769
1337124932262703105
1337125071601676292
1337125073166213120
1337125459734142976
1337125771975024642
1337125801129631746
1337125921619402752
1337126103966769152
1337126261785849862
1337126414643056640
1337126435039875073
1337126529873178626
1337126583728033794
1337126627269095429
1337126762279538688
1337126801265602561
1337126962914013184
1337127004370563072
1337127171417116673
1337127181449891846
1337127381618872320
1337127425466044416
1337127524682395649
1337127609474445328
1337127875741446145
1337127885988122630
1337127896893313037
1337128144688574465
1337128209515769858
1337128232160727041
1337128264633081858
1337128270752591873
1337128273730473984
1337128289807187968
1337128317514903557
1337128345457348611
1337128394643935232
1337128543654998018
1337128545173311489
1337128550118420482
1337128583958032386
1337128597652377611
1337128612747677696
1337128666917183488
1337128708247785475
1337128720201637888
1337128796856717314
1337128883397799936
1337129008362901505
1337129079695405057
1337129192954208262
1337129194816417798
1337129207038697475
1337129227985051648
1337129313678880768
1337129436924289024
1337129525050740743
1337129638758404096
1337129680688869376
1337129714180378624
1337129932703543305
1337129953251438593
1337130028476354560
1337130161901285377
1337130338779336705
1337130371050254336
1337130662466379776
1337130777457389573
1337130894025437184
1337130976577720322
1337131043447509003
1337131225316724741
1337131266836230151
1337131295005175813
1337131401662132229
1337131457614110721
1337131573557293058
1337131629425401861
1337131632571068416
1337131713051430913
1337131813484032003
1337131952932065281
1337132351214727172
1337132538112958467
1337132559868813315
1337132775321767937
1337132937251262467
1337132963193106434
1337133094307049517
1337133158333034497
1337133217518923781
1337133291560984578
1337133497849434113
1337133553415573507
1337133594997886981
1337133613247311883
1337133624618049539
1337133994262061058
1337134110146506756
1337134320356618247
1337134388463759360
1337134587034611713
1337134947262410752
1337134985384501250
1337134995631079425
1337135016938233856
1337135128523530240
1337135152993095680
1337135392428998657
1337135417708204033
1337135700932763649
1337136193230827520
1337136252596973568
1337136404766318592
1337136450173689856
1337136453449605120
1337136629631361025
1337136800943509504
1337136980740681734
1337137170717487109
1337137271187890176
1337137298333446145
1337137369468776450
1337137470153035778
1337137512435867659
1337137725925974018
1337137846461882371
1337137961318674441
1337138422046199809
1337138664493735942
1337138756491612166
1337138786397024256
1337139177792679942
1337139332616957956
1337139407644594176
1337139432823132161
1337139515794870279
1337139627518545927
1337139715477303307
1337139736452997120
1337140030234476544
1337140680808919044
1337140851777081346
1337140989518094345
1337141134209011718
1337141415428689930
1337141594399662082
1337141626075017216
1337141722980216835
1337141755515457541
1337141796049195009
1337141878874116096
1337141922234839044
1337142034327547908
1337142168801193984
1337142245326262275
1337142380307345409
1337142396409294850
1337142432337711112
1337142943778529281
1337143144920608769
1337143216005591045
1337143265502654465
1337143538077884416
1337143801731817472
1337143826897571843
1337143989384966147
1337144005952499713
1337144013611290628
1337144015515508748
1337144032854740998
1337144039750176771
1337144041276846084
1337144108155105282
1337144177784745987
1337144219123773446
1337144370638819328
1337144517976322048
1337144528978014211
1337144900933079041
1337145163953664005
1337145249697849347
1337145333319675907
1337145438319898626
1337145520217853953
1337145542380384256
1337145918026641410
1337146055654305793
1337146097676988418
1337146167889629194
1337146172113301505
1337146217827069953
1337146218259083265
1337146298353463299
1337146390875660290
1337146399675256839
1337146405505409024
1337146428884443136
1337146433103806467
1337146506856570880
1337146517531058176
1337146526657892352
1337146544852787200
1337146710951342081
1337146737392295937
1337146739762016257
1337146815930576911
1337146893550440448
1337147000299675650
1337147029022183431
1337147206793654272
1337147243044986880
1337147274917539840
1337147328726228992
1337147358866452483
1337147402160140290
1337147469927485444
1337147623355113477
1337147700643569665
1337147724798570505
1337147778812833792
1337147804809105411
1337147887197835266
1337148027254005760
1337148055666253829
1337148289666445312
1337148347325558785
1337148393198657540
1337148430909644802
1337148709327527939
1337148863069761538
1337148968275501066
1337148968514498563
1337148969345015808
1337149166368288768
1337149541234171913
1337149681672069120
1337149713922088962
1337149745127706629
1337149828946677760
1337149929807089664
1337149981610790914
1337150013915484160
1337150028897538050
1337150042885513220
1337150056428924931
1337150277837873158
1337150305667076097
1337150346246885385
1337150393206394884
1337150439456985088
1337150450085326849
1337150482792517639
1337150486923841539
1337150532226592770
1337150535812648960
1337150582906351626
1337150713835769863
1337150742545772545
1337150925685846017
1337150945038360577
1337151111443214337
1337151391543005184
1337151486443343872
1337151562536390658
1337151693008621571
1337151907027152899
1337152481286033409
1337152635091243008
1337152674991648769
1337153299699601413
1337153338140454915
1337153383690625032
1337153572430077955
1337153736737689600
1337154137037934594
1337154277597454340
1337154872572076033
1337154921918029825
1337155046585364481
1337155132287496194
1337155193440509959
1337155397115928582
1337155997018763265
1337156020100091909
1337156440742633473
1337156547064041474
1337156705960988673
1337156848093450249
1337156923154718723
1337156973700259840
1337157130634326017
1337157358494109697
1337157661691965446
1337157839295483917
1337157889874653184
1337158119747706880
1337158146968662017
1337158304435494913
1337158540327317508
1337158612700061697
1337158954925821953
1337159024727502853
1337159033288089604
1337159039197712384
1337159057438879750
1337159410414710786
1337159633107103744
1337159659384397825
1337159962045403137
1337160046078283777
1337160069566386177
1337160462656557056
1337160644987129858
1337160655238029313
1337160692282109952
1337160727031898115
1337160958712668160
1337161171410034691
1337161266348101632
1337161319271817216
1337161802757664768
1337162200537047048
1337162699856351237
1337162825152729088
1337162897940688903
1337163267400224770
1337163436812275715
1337163717134471170
1337164201857437696
1337164212095905795
1337164546847477762
1337164734664216580
1337165123882987521
1337165140983230464
1337165263926669313
1337165328623734792
1337165484639318018
1337165655376801793
1337165658983964678
1337165943282298882
1337165959375818752
1337165978690596865
1337166053097549824
1337166163940405249
1337166174992420864
1337166177689284611
1337166427241984002
1337166498209685504
1337166706247086081
1337166804146335744
1337167490649124866
1337167511222165505
1337167550862471168
1337167741925683200
1337167875770114049
1337168170084392960
1337168230239113220
1337168744393674754
1337168745287077892
1337169009217859586
1337169189249945602
1337169598853111808
1337169665932611584
1337169723696447489
1337169749592190979
1337169845675286528
1337169849244651520
1337169952328003586
1337169973391847424
1337170006854017024
1337170036453240839
1337170044489527296
1337170196797263872
1337170213465448449
1337170257472086018
1337170267727147011
1337170283371880449
1337170465274605571
1337170553107525633
1337170580131418112
1337170621889978371
1337170743986106370
1337170767595909120
1337171029676834817
1337171315715928065
1337171397332918272
1337171530560770048
1337171617525485569
1337171627155607552
1337171720252297217
1337172256842272768
1337172382537166848
1337172783093190656
1337172926689390592
1337173016950820865
1337173254050619394
1337173370237022211
1337173417334878213
1337173559387582468
1337173613401812994
1337173618577592321
1337173870432948227
1337173948660903937
1337173976762753027
1337174094798876674
1337174189070028804
1337174491466784769
1337174498215391233
1337174549100703745
1337174550690340867
1337174594604687360
1337174896963629057
1337175105588387843
1337175166309322753
1337175189004693505
1337175196927733760
1337175204896845826
1337175260534194183
1337175308064219141
1337175461185675264
1337175472355110915
1337175591896879105
1337175638621483014
1337175668145139713
1337175905496682496
1337175960693731328
1337176336545288192
1337176414387396611
1337176427872006145
1337176466962964482
1337176527402917888
1337176549360070657
1337176591328288768
1337176616175362049
1337176634420580353
1337176911236182018
1337176917737410561
1337177006165913602
1337177024620847109
1337177116362870785
1337177204527140864
1337177383988826114
1337177417929076737
1337177534299947008
1337177627761782788
1337177643981172736
1337177702680436739
1337177722481766404
1337177777829765126
1337177913553252353
1337178002296365058
1337178016347287555
1337178139286528002
1337178206072430592
1337178248225185792
1337178401124347905
1337178544615526400
1337178611820924930
1337178812338098176
1337178911680180226
1337178928390299652
1337178933280780288
1337178950401986564
1337179069595705348
1337179080194740224
1337179204392284162
1337179272801345536
1337179341248192513
1337179528809078785
1337179741577678848
1337179823429492736
1337179833181286400
1337179940467433473
1337179949921411074
1337179986273443840
1337180119241269248
1337180172043382784
1337180234597150720
1337180336464261120
1337180436431302658
1337180497378590721
1337180529263833088
1337180556895940608
1337180582720266240
1337180589418553346
1337180701662310401
1337180705609162753
1337180737435545602
1337180963617566720
1337181104449720322
1337181154756206594
1337181173769003009
1337181211886841856
1337181223614115841
1337181225040179200
1337181253221699584
1337181333521653761
1337181366128177152
1337181390337695744
1337181393714032642
1337181422696755202
1337181439809425409
1337181501230870529
1337181531899629570
1337181541072592896
1337181566267764747
1337181575000322050
1337181583686721536
1337181796635643904
1337181820102844417
1337181843662245888
1337181860275818496
1337181911958102016
1337181916911579138
1337182026676494338
1337182173741404160
1337182302573649920
1337182474842025985
1337182555632771072
1337182661476016128
1337182676873252868
1337182699476430851
1337182729562169346
1337182745794138116
1337182779600154624
1337182801049882626
1337182967114895360
1337183032655163393
1337183085033623556
1337183292706131968
1337183414538153991
1337183432091332609
1337183462567145472
1337183638207815680
1337183646319583234
1337183720424558593
1337183886628020227
1337183949311840256
1337184044233199617
1337184057772412928
1337184084439801861
1337184190949957633
1337184235300511745
1337184284914966530
1337184537185554432
1337184550078849026
1337184661466910721
1337184735035068420
1337184784792031232
1337184940253982721
1337185040015503361
1337185077290278912
1337185097225809924
1337185192000237570
1337185194814607363
1337185217031905286
