1332837207854477315
1332837316562477056
1332837917560102912
1332838006227673089
1332838849790287878
1332838931835084802
1332839172701368320
1332840453633241088
1332842101286072320
1332845358771212293
1332845665337155590
1332845777270566912
1332846287708954631
1332846623899021319
1332846705499320320
1332847324943577095
1332847540199370755
1332848666743336960
1332848862332063746
1332848902094131200
1332848954019614722
1332849212938194945
1332849215094001666
1332851358001721349
1332851783186718722
1332851814295855106
1332851981229187073
1332854115144175626
1332854255233937408
1332855394742505477
1332857053732331521
1332857716646285312
1332857847223361536
1332858613321379841
1332858726525652994
1332859794412154881
1332860001988251649
1332860536942374912
1332861390281994241
1332861417452691456
1332861528073265153
1332862539512885248
1332862906950692865
1332863090854158336
1332865877830737921
1332866370942488576
1332866888628637696
1332867096582230021
1332867303545901057
1332867336320200704
1332867786847248384
1332867810876338178
1332868407826538496
1332870893949874180
1332872804321161216
1332873370749313025
1332873544636645378
1332873761272471552
1332874025278734339
1332874341210578944
1332874422160674816
1332874485553303555
1332875826296131590
1332876043628187650
1332876114218377216
1332877122394845191
1332877839457251329
1332878523804094464
1332878806261125122
1332879263285043207
1332880662576177155
1332880828263772162
1332882292730171393
1332882613158227968
1332883489058906113
1332884108184260610
1332886371833352193
1332886749538889728
1332887044633333760
1332887305816772610
1332887869392875522
1332888266765443073
1332889521625722880
1332889592417165312
1332889692568694784
1332890976147419137
1332891209325490180
1332891773245513729
1332894134571569153
1332894819320885248
1332895080483532805
1332895945898430464
1332896943471816705
1332897060991930368
1332897169620291587
1332899370577096707
1332899662228033536
1332900052600311808
1332900742089363456
1332903242917847041
1332903311771578368
1332903890208100355
1332904329838268420
1332904602057007104
1332905103343366144
1332907275632201730
1332908983330410496
1332910595629256704
1332911227887116289
1332911340084748290
1332911737667022854
1332912395577077761
1332912690046517249
1332912948189278210
1332913470552088581
1332913622440402945
1332914440379969536
1332914704814108677
1332916446964428804
1332919855683518468
1332920568459440134
1332920790027800577
1332924144137146368
1332926040059080705
1332926139778666496
1332927733375115266
1332931162075959296
1332935298821582848
1332941373792690178
1332941499642757120
1332941983929806848
1332942289547702277
1332948562053881856
1332951877206630402
1332955354808856577
1332956850598277124
1332959578372403200
1332959580712787969
1332959584403779584
1332959601378078720
1332960275599855617
1332960277722238976
1332960282117857280
1332960284416282624
1332960286203064320
1332960290229653506
1332960309917650944
1332960313935794176
1332960316800585729
1332960318855794690
1332960514549411841
1332961754515611648
1332962712578506752
1332984389123371009
1332986991093424128
1332987002170601477
1332994613993467904
1333000188064133120
1333001306533933059
1333002816215011330
1333002870199824390
1333006057128554496
1333007480377536512
1333013348728926209
1333014102042505218
1333017436875075586
1333017669306642432
1333024491392413696
1333025483248766982
1333025616229175300
1333027687732965377
1333028954651856898
1333030705195061249
1333031207483936769
1333033510253289472
1333035150247145479
1333036708770832385
1333036832234332160
1333037730964660224
1333041356529397760
1333041975944245251
1333042564686114818
1333042871340048386
1333043892833431557
1333044567164194816
1333045193130582016
1333045705066344453
1333045898306351112
1333048107500756993
1333048678710472707
1333049457815007235
1333049601415385090
1333049900028882944
1333050310210818048
1333050357635817472
1333050385930522627
1333051517671239688
1333052210314240000
1333052234121310210
1333052317193687040
1333052466729000960
1333052612694904835
1333053200002404352
1333054466959020032
1333055877591560199
1333056117556072448
1333056977023459332
1333057084053737473
1333058497303486473
1333059515688886274
1333060374875222017
1333060706611179524
1333061415150743558
1333061655928987652
1333061709800550402
1333062409871892488
1333062575576272897
1333062589006442496
1333063031744507909
1333063210191163395
1333063261374345216
1333063398049845249
1333063836702826498
1333064201804386306
1333064523159400455
1333064643699412992
1333064815309369348
1333065131266355202
1333065662252584960
1333065807602061314
1333065909502676996
1333066229276422144
1333066523259379713
1333066979838746624
1333067199578300416
1333067508639813633
1333067746821754881
1333067748012941317
1333067802559787010
1333068580234080262
1333068927962910721
1333069010766876673
1333069270771707909
1333069472882696193
1333069722829598721
1333069898319343616
1333071207076335617
1333071926412062722
1333071968703307776
1333072091185344515
1333072478982336515
1333073297530032131
1333073304354250753
1333074076122947586
1333074557457018880
1333075660823269378
1333075876066562048
1333076008296181760
1333078153644945416
1333078370486259718
1333079157199294464
1333079832893288454
1333080254248841216
1333080714380767232
1333081042304061440
1333081319568498691
1333082353137225728
1333083663261634567
1333084554261893122
1333084697858105352
1333084910140207109
1333085413720920066
1333087211747676162
1333087907515654152
1333088672388952065
1333088959782658049
1333089933486014465
1333090105511260163
1333090504888754181
1333091760755666945
1333091911721168897
1333091914023915527
1333091939672010758
1333092288793358336
1333092452811550722
1333092871285727232
1333093038147637250
1333093411075874816
1333094414605033473
1333095493363228674
1333095719016787971
1333096248639959050
1333096266553810952
1333096667101474825
1333097322083999751
1333097527810387972
1333098457964351489
1333098581692198914
1333099116897972225
1333099490857914371
1333100517191520256
1333100544773206019
1333100922973655040
1333101717039276032
1333104301779148803
1333104687709564932
1333105563807440907
1333105853495382027
1333105883404963848
1333105961066766336
1333106093191434242
1333108635870916609
1333108729261268994
1333109014226493442
1333109293822976002
1333109375381229568
1333109593585577985
1333109737773215746
1333110062882107405
1333110420027138052
1333110549115248643
1333110913478520832
1333111571262955525
1333112292817465344
1333112573261123592
1333112770129244163
1333113781023551491
1333114493719642112
1333114592923410435
1333116911631134725
1333119059089649669
1333119401772642307
1333119533196992513
1333120379569774593
1333120749842919424
1333121079754285061
1333121476891963393
1333121517895421959
1333121856300265474
1333122084185182210
1333122599287726080
1333122690153005057
1333124426385285120
1333125064464732160
1333125404413005824
1333125959558557698
1333126578696564739
1333126609742786561
1333130159021453313
1333131137582059523
1333131484132204544
1333131627220779009
1333131881114722305
1333132209289646082
1333132529616957446
1333133052256669696
1333134002522370049
1333134307909623810
1333134321876692993
1333134351261949958
1333134373944762371
1333134447999389699
1333135149681287169
1333136013254946822
1333136474699685888
1333137761335992327
1333138220096380930
1333138424207974401
1333138666776977412
1333138826710183945
1333139287504773120
1333139400738344966
1333139694348013568
1333139957981077505
1333140031645560834
1333140556432728067
1333140631871516672
1333140797248704512
1333140831373561861
1333142245596405760
1333144712576905229
1333144814234324992
1333145207039258630
1333148797887782913
1333148876732329984
1333149678574198785
1333150111640248323
1333150881014042624
1333151300213760001
1333151369080041472
1333152039698886657
1333153045367181318
1333153765504020495
1333153952179818508
1333156417943920640
1333157066169589764
1333157931810959361
1333157947187269638
1333158239974928384
1333159779078959107
1333160590391570434
1333161166357618690
1333161522869186561
1333161540661309440
1333161766633803777
1333162420488069124
1333164385133613056
1333164631876104192
1333164742152695808
1333165873260007427
1333166352501145601
1333166847332642816
1333167063079194624
1333168367084085249
1333168894245298177
1333169055008743431
1333169126081224704
1333169860747153408
1333170687276699648
1333170907246981123
1333171528054280195
1333171596006199296
1333172131664977925
1333174158042271751
1333174160172986368
1333176508014354432
1333177655210991619
1333181547235708928
1333183602444677120
1333184099746340864
1333184666262794243
1333185464610779138
1333185603115110401
1333185770329427968
1333186257699147779
1333187394540068866
1333187712325709824
1333187938973265924
1333188598435344385
1333189460369043460
1333190009537654784
1333190612984717317
1333190739833069568
1333191144327430146
1333191219124514816
1333191266318880771
1333192261547532290
1333192282636505088
1333192703132250112
1333193187356241922
1333194412826914816
1333194592607490052
1333197576628264960
1333198069375135745
