1257097912254947328
1257108240023916544
1257112561616551939
1257112872599027713
1257115234101268482
1257119396637609987
1257120760876933120
1257121643979255814
1257124032333246464
1257126549003911179
1257128310749966336
1257129724968669184
1257130575283937280
1257130591696359424
1257134946247991297
1257135121788022790
1257139131928338432
1257141648644927489
1257142495135379458
1257148808397492237
1257150480918237184
1257152578250563584
1257153275587149824
1257154231364182019
1257156581428527109
1257160019591618567
1257162067494174723
1257180655579996161
1257182153487650816
1257188207541682176
1257189212094435328
1257194620250923008
1257195755468701697
1257204414558941191
1257204446435717120
1257206082751074304
1257206093505273856
1257206096390995969
1257206700500750339
1257208961893314567
1257210119252848640
1257210854585532421
1257210854975496192
1257215635957792768
1257224301067067398
1257225953954021376
1257226471178993666
1257253427782070272
1257254976289677312
1257255901410426891
1257260782099857410
1257260784100544512
1257262839619702784
1257266960569643008
1257267478004039680
1257271281625563137
1257272135757807617
1257272343421911040
1257272577736744961
1257272784364896256
1257273085948039168
1257280393738366977
1257281325599535104
1257284338976096256
1257285810669453313
1257286547151433728
1257287783154155520
1257289120340156416
1257293798989840384
1257293948080586752
1257295165468934145
1257295934041579522
1257296435059593217
1257296673870675969
1257297319361499141
1257297676690878467
1257297986343837698
1257301314876432384
1257301488629682177
1257303981472137217
1257304191447576576
1257305569796464642
1257309009289244678
1257310298836365315
1257311329448103936
1257311532590854156
1257313251819270145
1257314053979910156
1257314646710616066
1257314706743652352
1257314775773503498
1257315112601313281
1257315812269944839
1257316580616073218
1257320664345657348
1257321643417845776
1257323810006503430
1257324247099170817
1257325834282639366
1257327161188417537
1257328597133455360
1257330573707706369
1257331470747795458
1257331651882909701
1257334178850504708
1257337868508332034
1257339115151986690
1257339849855688705
1257340098586251266
1257342944652210176
1257345985996603396
1257346377933340673
1257349081472675840
1257353124290977792
1257353702358298625
1257354302068273155
1257355674163560448
1257356907813261314
1257357391252926464
1257358194986364936
1257359458923143168
1257362008158220290
1257362025564553222
1257362361327005697
1257363366382878721
1257364384709574661
1257366948205256704
1257368532913979393
1257368766360555521
1257368835998523393
1257369731809632257
1257370791357960194
1257371211371290625
1257371752235229190
1257373288575221768
1257374435063017474
1257375187483361282
1257376949590163457
1257378469803155458
1257378686405423105
1257381267491913730
1257382999911530497
1257383045121945602
1257384670351831041
1257385588363329540
1257392050955120640
1257394443193397253
1257394817010593793
1257396729370103808
1257397598719225860
1257398878279794690
1257399598898753537
1257400101812621312
1257403153286340608
1257404235920138247
1257405913415245824
1257406607618723842
1257406631182295044
1257410606845607939
1257411171457646599
1257411740465274885
1257412128971132931
1257412181051584512
1257413715588243459
1257415956168495104
1257419273779261441
1257422328742412290
1257422877000978434
1257427570250973184
1257428545174937600
1257428710019514370
1257429957606879238
1257435452421832705
1257436463245012993
1257440617686327296
1257440721142980614
1257441715042111489
1257442130454347778
1257447525780525056
1257447997824274432
1257448582652846081
1257449193272217600
1257451227492823040
1257451929694806024
1257452700498907141
1257454740130213891
1257456041408815104
