1258909548703866882
1258909549508956160
1258909549546762240
1258909551144796161
1258909561286569984
1258910130458025984
1258910193401737217
1258910200716603392
1258910204634292224
1258910211244318722
1258910305003896833
1258910831120494592
1258911335418560513
1258911892346744836
1258911951650009088
1258912387584966659
1258912415762329603
1258912439434911746
1258912843337957376
1258912876376535042
1258913026117447680
1258913106278993921
1258913283228274689
1258913422516813832
1258913587273142272
1258913722787037185
1258913777124335618
1258913918270844929
1258913919709728774
1258914016501600256
1258914118402269190
1258914136446177285
1258914611920846848
1258914628135944197
1258914678803218432
1258914680229298178
1258914900933586944
1258914960459128832
1258914965425131527
1258915161718566912
1258915205502906369
1258915212981346304
1258915217062445064
1258915364613828619
1258915389729312771
1258915431903105026
1258915534508224512
1258915557400862722
1258915674174500870
1258915750020030465
1258915754818314247
1258915815153377283
1258915927946649601
1258915992769400832
1258916096788369410
1258916247695220737
1258916416335556608
1258916560682586113
1258916630224044034
1258916803893497856
1258916887209095169
1258917063432830983
1258917081250217987
1258917141836939265
1258917437543718913
1258917986506768385
1258918116291219456
1258918241637982208
1258918272029937667
1258918621612584963
1258918638263963648
1258918970918305803
1258919225789480960
1258919254927093761
1258919815709851648
1258920051727634439
1258920056911810562
1258920462223945728
1258920597687537665
1258920627886608386
1258920628192776193
1258920674686533634
1258920697704972289
1258920709490987009
1258920844899880961
1258920908674088960
1258921110772596736
1258921626453803009
1258921627808661505
1258921770360483847
1258921807643623424
1258922130554544128
1258922468745580546
1258922725604818947
1258922777152761856
1258922781695258627
1258922814926544898
1258922951480676352
1258923244637376513
1258923251620864002
1258923361498992647
1258923950538711040
1258923976107098112
1258924234556006401
1258924675406667782
1258924772609712130
1258925046623600644
1258925066882101252
1258925405626601472
1258925418012344321
1258925602352050178
1258925652348108800
1258925761941123077
1258925865725038592
1258926002060832768
1258926011493818368
1258926109313437696
1258926828770807809
1258926990222069761
1258927085101256704
1258927302148337664
1258927770362679297
1258927776381444101
1258927921349169168
1258928129139257347
1258928185523101696
1258928410459549696
1258928650617008128
1258928817793642506
1258928848340738048
1258928941861142528
1258929333202309123
1258929340437467141
1258929358204547072
1258929481445670917
1258929492384505856
1258929663105261570
1258929759951769600
1258929917334560769
1258929934782943240
1258930043532775428
1258930168942469122
1258930252497199106
1258930311750135810
1258930373741985794
1258930478448627715
1258930592017780736
1258930720350900225
1258931076711567361
1258931155782512646
1258931173654396929
1258931336523526145
1258931378005118976
1258931622138740736
1258931701805395971
1258931862870921218
1258931867832799232
1258932147211001857
1258932196871561216
1258932241536778243
1258932377641988097
1258932941729812481
1258933029558530048
1258933134994931718
1258933175029563394
1258933276326141952
1258933488025325569
1258933549153038340
1258933732779667457
1258933795526410242
1258933933070221312
1258934068487630849
1258934119561596933
1258934159747284993
1258934193666523137
1258934655161634816
1258934686094692355
1258934728750542848
1258935097606246400
1258935107081117703
1258935389164900354
1258935410270638087
1258935649790562307
1258935904497958924
1258935961020497920
1258935982663008256
1258936044684181505
1258936176066641920
1258936236313645056
1258936312603820036
1258936315082612739
1258936398058569730
1258936442052640768
1258936502282747904
1258936550194384896
1258936600710479878
1258936641701494792
1258936922690420738
1258936992160759810
1258937179256078338
1258937363599892482
1258937426145349633
1258937571545165826
1258937723710308354
1258937769231089667
1258937813791358976
1258938017101864962
1258938089671741441
1258938504320606209
1258938973927464962
1258939097323888641
1258939124419043335
1258939205520166914
1258939245802270726
1258939253146476544
1258939309962510341
1258939339624591363
1258939709037989890
1258939755875708930
1258939805657968642
1258939816919564294
1258939824456830977
1258939859093409798
1258940163717242884
1258940270772707329
1258940337113964545
1258940394789900288
1258940413207027713
1258940529108291587
1258940582673690625
1258940621575933952
1258941269801349120
1258941370393341953
1258941549427163138
1258941612178186240
1258941683036815360
1258941767388409856
1258941785683791873
1258941900977065986
1258941984938627072
1258942395976224768
1258942887372488713
1258942986366398469
1258943023225987073
1258943183762919424
1258943342496428034
1258943650303705088
1258944027908603905
1258944178719019008
1258944197836537861
1258944276895019009
1258944318473228288
1258944366829240320
1258944411163078656
1258944531321544705
1258944682039574528
1258944839560957957
1258945193790910464
1258945513724010496
1258945518564257792
1258945612697022470
1258945637896331265
1258945647442624515
1258945821162209281
1258945904263991296
1258946733259751424
1258946744290697216
1258946865460056071
1258947231580934145
1258947371834187776
1258947731768455168
1258948006109483016
1258948064397668354
1258948168122761217
1258948178906361857
1258948304135696384
1258948353695588352
1258948410813579276
1258948443663405056
1258948695153876998
1258948903631716352
1258949397389479936
1258949508941176832
1258949529325506561
1258949692731330560
1258949726671699968
1258950385026416645
1258950992982355968
1258950997495422979
1258951013702209538
1258951373896515584
1258951374131400705
1258951393894752256
1258951439784738816
1258951616998375425
1258951703283539979
1258951793909927942
1258951988198465536
1258952039247368198
1258952112123400192
1258952294655287297
1258952469754925056
1258952795044089856
1258952815948464132
1258953008550993920
1258953893251334150
1258954376091140096
1258954386413203456
1258954785337872385
1258954821320744966
1258954824038649856
1258954950853394433
1258955199546372096
1258955213408399362
1258955289300291585
1258955366286622720
1258955385345421318
1258955489997721600
1258955513833848837
1258955651361001476
1258956134326644737
1258956226156728322
1258956356033314816
1258956669792538626
1258957110991339530
1258957382308319234
1258957458262949893
1258957505121652736
1258957512432398338
1258957530144931840
1258957811725357057
1258957999424626690
1258958271098032135
1258958345211383808
1258958620919660545
1258959064542916608
1258959259611664386
1258959263097126912
1258959385163894785
1258959732905259008
1258959865277489152
1258959869929029633
1258959887557636098
1258960002120912896
1258960045183774725
1258960062036545538
1258960212381368320
1258960385383763971
1258960723213979648
1258960730482790401
1258960813647331328
1258961043029659648
1258961238773714946
1258961311221899264
1258961352846123010
1258961940795326464
1258962422481780741
1258962435651895297
1258962510872371200
1258963162398851072
1258963171819360259
1258963402619121664
1258963416452038656
1258963556147527681
1258963590087835648
1258963636132941824
1258964013171576832
1258964099087634432
1258964318445613057
1258964332647333889
1258964418437808128
1258964520648740864
1258964602152456192
1258964797623799808
1258964913806082048
1258964952917987329
1258965154542297091
1258965296662163456
1258965776574189568
1258965847361703937
1258965930262085633
1258965938709413889
1258966601669509128
1258966872566923264
1258966905676800000
1258967139161124869
1258967331553734656
1258967389691133952
1258967390605492231
1258967457257177088
1258967476496412673
1258967605202878465
1258967932396171265
1258967996627910657
1258968125346844672
1258968200387182592
1258968354964090881
1258968435050061824
1258968466478039041
1258968501009747968
1258968919429259265
1258969312444010496
1258969577779757057
1258969642527318017
1258969742876041217
1258969810324594692
1258969819287900160
1258970046451326977
1258970343638806528
1258970348353183744
1258970567157452802
1258970796124450818
1258971128149741568
1258971346010279936
1258971382181957632
1258971408719327238
1258971489270992896
1258971592291483649
1258971628140212226
1258971719601139713
1258971735782760449
1258971958873518082
1258972019598790656
1258972148896538624
1258972446935453698
1258972456527835136
1258972506544898051
1258972566728867845
1258972637797199873
1258972746874269696
1258973124869136384
1258973129675866120
1258973242964021249
1258973268423442437
1258973994985811969
1258974258283327488
1258974889341587459
1258975082522857473
1258975119529000961
1258975168220848129
1258975178928918529
1258975260625510401
1258975321866592256
1258975356075335680
1258975661030588417
1258975804010180608
1258975884800937986
1258976774320521216
1258977125148884992
1258977217348067328
1258977312659431425
1258977582005080067
1258977655661215744
1258977664309833729
1258977672635564037
1258977948360638464
1258978149020454914
1258978155601235969
1258978189055070215
1258978327395778562
1258978412531761152
1258978464998326272
1258978529338896384
1258978602475020288
1258978638885724160
1258978910613708800
1258978989160398848
1258979093657387008
1258979138347634688
1258979257046319104
1258979349346373632
1258979359681130496
1258979752846798849
1258980019411525633
1258980026386493440
1258980036285087745
1258980125280014337
1258980796901273601
1258980800235790337
1258980807143809025
1258980810230808582
1258981028296749056
1258981085930827777
1258981685313638400
1258982669926322178
1258982758006829058
1258982790856536065
1258983251739197441
1258983451602096129
1258983636780679168
1258983794490499073
1258983883552493569
1258984303435714560
1258984386885832707
1258984405219119104
1258985045618036738
1258985045802602497
1258985147325714435
1258985324245659648
1258985399608885248
1258985493892673536
1258985746448465920
1258986001592209410
1258986061327368196
1258986097314615307
1258986695548006401
1258986793543729152
1258986885487169541
1258986901370896385
1258986922942365696
1258988579734380544
1258989504783945728
1258989606504206341
1258991279821787137
1258991904303218688
1258992143093374976
1258992594698240002
1258992594857545728
1258992672850825216
1258993350839074816
1258993473836941312
1258994015804022785
1258996406892859392
1258997006900572160
1258997413026713600
1258998599561732097
1258998843900858369
1259000144629907456
1259000144793657344
1259000145317896192
1259000281095983104
1259000503276638208
1259000703852445696
1259001661105848320
1259003632227319809
1259003637004668932
1259003759507750913
1259004789502992384
1259005058504626177
1259005080352829443
1259005089035038720
1259005917410070528
1259009061024083968
1259009342143160320
1259009453476712449
1259009964099715073
1259011106204454912
1259012006029508608
1259012716326420481
1259013283983634432
1259013444302405633
1259014644825554948
1259015245743308801
1259015586862051328
1259017895721533440
1259017905951440896
1259018076726624258
1259018706279116801
1259019134802767872
1259019791983091712
1259019895007776768
1259021785040904192
1259022602154258432
1259022794374787072
1259022794374799362
1259022959789867009
1259023087628099584
1259023564008800262
1259024369344487424
1259024434389749761
1259024484138434565
1259025042140270593
1259026582305464321
1259026810869858309
1259027938965688320
1259029127039987713
1259030345275650049
1259030346932183043
1259032003753754624
1259034342099161091
1259035119018487808
1259035982181081089
1259036973395857408
1259037893512826882
1259038034252759040
1259042352498384896
1259042692559863808
1259045445403389952
1259045446238027777
1259046078881517569
1259046835643199488
1259049581008031744
1259051717246754816
1259052678707130368
1259057466907791366
1259058193562550272
1259059050999939072
1259060544474144769
1259060681615093762
1259061698998263808
1259063181307195392
1259064236245950464
1259065411326357505
1259066678236905473
1259066917039427584
1259067914709282828
1259069445538021378
1259070013551583232
1259070380246999040
1259070991168409600
1259071342776852480
1259071453745614849
1259071951370412032
1259072446302470146
1259073302859038722
1259075642584256517
1259075643808968704
1259076642917531648
1259076912233828352
1259076913227653120
1259078076560007168
1259078740119818241
1259078922563510272
1259079474022400000
1259079525666885632
1259097142687195136
1259097227726745601
1259097292910493699
1259097852422340614
1259097886316351488
1259097958622146560
1259098126285025280
1259098935777320961
1259099298022797312
1259099301189386241
1259099303462789124
1259099663006863360
1259099756833509376
1259100062317252609
1259100153388191744
1259100964256133121
1259101059009720320
1259101401147412480
1259101527660208129
1259101532261359616
1259101729246916609
1259101953168224256
1259102068012396545
1259102323453775874
1259102797443805185
1259102835704320000
1259103259488288771
1259103497561219073
1259103578444136449
1259104060310945792
1259105097566412803
1259105845658320897
1259105849039032322
1259105900444430336
1259105910938624002
1259105912528216064
1259105949551337474
1259106042857828352
1259106077938987013
1259106121412984833
1259106315726716932
1259106362522566656
1259106733747834881
1259107646029824000
1259108408533430273
1259108416699719680
1259108885505376257
1259109163013111808
1259110121726251012
1259110547028672513
1259110793490190341
1259110808392552448
1259110874209345536
1259110977691422720
1259111436812521472
1259111496795262976
1259111540793528325
1259111715641360384
1259111791382147073
1259111976258752513
1259112132454551552
1259112405612687361
1259112494074867712
1259112524374511616
1259112588765528064
1259112863169421313
1259113006841114629
1259113106514612225
1259113272399269890
1259113392213766147
1259113870163095554
1259114010156433408
1259114850304868352
1259114962527694849
1259115277536632832
1259115379542106115
1259115525952679939
1259115535725404161
1259115609255743489
1259115688561704961
1259115756010299392
1259115805385637888
1259115821181349888
1259115907952992258
1259116177051340800
1259116664450428929
1259116927403782145
1259117094492344321
1259117332682756102
1259117558554296321
1259117664208855041
1259117850402398210
1259118192636694532
1259118199695687681
1259118238769741826
1259118293702631424
1259118424015290368
1259118598733398016
1259119083070656512
1259119562387271680
1259119849684512768
1259119894135799809
1259119960359686144
1259120020942094336
1259120476854669314
1259120535063203840
1259120543174995968
1259120616084471809
1259120943710056448
1259121034558681088
1259121050618560514
1259121266142916613
1259121326117122051
1259121629092773888
1259121643391193098
1259121735565271040
1259121751524618242
1259122047835418625
1259122181159747584
1259122193050537986
1259122213783027713
1259122237048860673
1259122387087433729
1259122527118508039
1259122665874432001
1259122709641994241
1259122881025511430
1259123129567391745
1259123357548716032
1259123510988996608
1259123858835230722
1259124212335181824
1259124484457533440
1259125120397914112
1259125130539814914
1259125349838979074
1259125376737034246
1259125524145803264
1259125574490095619
1259125664080449537
1259125701631975425
1259125973984768000
1259126581043355650
1259126822110932993
1259126893950853120
1259126919112474626
1259126988901617666
1259127062171914240
1259127127330500608
1259127459900882944
1259127741028368384
1259127805813628928
1259127831134638080
1259128050974932993
1259128328025452545
1259128490911285248
1259128490969804800
1259128529804984322
1259128619089231872
1259128629457375232
1259128906440937472
1259129229960253441
1259129260024922113
1259129563394772993
1259129758970937345
1259129886675021835
1259130005281538048
1259130212069015558
1259130451966545920
1259130693940129794
1259130965391282178
1259131007313285120
1259131198628081664
1259131293427798016
1259131304991432710
1259131331491123200
1259131480149766144
1259131528682012672
1259132120133492738
1259132169013911556
1259132315193745408
1259132807214960641
1259132852647735297
1259132868770639873
1259133408770392066
1259133524919148546
1259133767807127552
1259134353709416448
1259134464451543047
1259134572715016193
1259134663613915137
1259134886717390848
1259135204901351425
1259135211620765696
1259135383436132358
1259135423374168064
1259135976724746240
1259136040394203137
1259136043107913729
1259136064050155527
1259136292278812673
1259136321194516480
1259136465499566081
1259136466015395840
1259136503621582851
1259136505508921346
1259136538799210498
1259136784900009984
1259137046628663303
1259137171727892481
1259137543892873216
1259137589770141702
1259137600037715971
1259137646779080706
1259137799346950145
1259137827620761610
1259137940300627970
1259137962027048960
1259137979970445313
1259138002636455938
1259138174737166336
1259138291514986497
1259138295138746373
1259138302592114689
1259138332354924544
1259138707703152645
1259138757678313472
1259139300672901125
1259139331152887808
1259139341961564160
1259139595360485376
1259139716726886400
1259140015696773122
1259140123465310211
1259140174661013505
1259140877387259905
1259140930084487168
1259141073504436230
1259141187094687745
1259141232917438466
1259141346872430596
1259141445396594693
1259141482314792966
1259142366000226307
1259142473521258499
1259142593612378114
1259143349359034368
1259143372587118593
1259143518003625992
1259143561834123264
1259143761055154179
1259143859012943876
1259144210596446210
1259144480936034304
1259144518974222336
1259144549810790402
1259144755461660673
1259145464831774720
1259145562282168320
1259145671786901504
1259145684281954306
1259145695673618432
1259145777361891329
1259145828440117253
1259146249636208640
1259146755045720064
1259147043831984138
1259147122408132608
1259147179358380041
1259147540299161607
1259147888288038915
1259148009910210560
1259148198666518529
1259148536836509696
1259148566645428225
1259148623037825025
1259148661939998725
1259149201767833601
1259149790098739201
1259150171734257665
1259150255418900481
1259150271395094530
1259151139523592193
1259151140614074368
1259151295346286592
1259151302283706368
1259151340929986561
1259151557892898822
1259151587710324737
1259151625140293632
1259152001893629953
1259152524357099521
1259152560629469184
1259152589645586441
1259152786345861120
1259152811612270593
1259153075362770949
1259153138357067776
1259153153083224076
1259153421082537986
1259153656265367553
1259154082540863489
1259154344047521792
1259154539552391169
1259154627477540866
1259154788291403777
1259155048749301760
1259155524542705665
1259155568121524227
1259155760602365954
1259155815908487169
1259155942442180608
1259156182759026693
1259156249226207234
1259156274492686340
1259156609344983040
1259157064649027590
1259157431063588865
1259157652732620806
1259157657660858372
1259157697238372355
1259157697292898306
1259157701034233859
1259157729249316865
1259157931259506690
1259158070157926400
1259158141197078529
1259158307685703680
1259158483397640193
1259158596811718656
1259158671336095745
1259159039155544064
1259159177643069440
1259159498176049152
1259159985830924291
1259160352606105605
1259160658714771456
1259160954304114689
1259160954496905217
1259161090526765057
1259161205949624321
1259161685119528964
1259161740161568768
1259161820935467008
1259161887016726528
1259161918062972931
1259162387632054272
1259162456246693888
1259162464605757440
1259162572240158721
1259162721989332994
1259162934200147970
1259163101481615360
1259163518508478466
1259163648141987842
1259163855848189952
1259163872247889920
1259163896708988929
1259163951167750144
1259164202733797379
1259164465792155649
1259164851630415874
1259165103192182786
1259165599365824512
1259165625835896833
1259165656802566145
1259165962219278336
1259165966388408325
1259166241467404288
1259166786026643464
1259166882806013954
1259167137609981953
1259167138293657601
1259167185840164864
1259167359207604224
1259167810573524992
1259167955360911362
1259167990601461760
1259168381175050245
1259168404113469440
1259168446174109699
1259168661799043072
1259168961142362112
1259169127970885634
1259169164989792261
1259169170790518784
1259169303930245121
1259169339191721986
1259170028357914628
1259170052491948034
1259170071198515202
1259170200609533953
1259170235120222208
1259170298324271104
1259170517258551297
1259170550951424008
1259170811623202816
1259170888815124486
1259171055219937282
1259171126896459776
1259171272287645697
1259171320782299145
1259171332417347585
1259171654518951936
1259171789822984194
1259171803999731712
1259171957519548417
1259172220326293504
1259172247849271301
1259172443962343424
1259172598581207040
1259172694412623872
1259172700226019328
1259172807000289280
1259172909182062592
1259172955730456577
1259173054996836354
1259173055366037504
1259173072797609989
1259173170747072514
1259173271100182529
1259173325198315523
1259173487429722112
1259173553791885312
1259173566546874372
1259173933217169408
1259174263354994688
1259174369441599488
1259174372356612099
1259174629647802368
1259175191206338560
1259175228493750273
1259175698700402691
1259176089617698816
1259176244068921344
1259176342819680256
1259176353292791808
1259176520481943552
1259176781774495755
1259177162642522114
1259177282826121217
1259177498295894016
1259177506667589632
1259177523939872768
1259177563202752512
1259177563663904768
1259177583293468679
1259177621398720512
1259177636091375616
1259177761652039681
1259178074853302273
1259178173541072898
1259178218625646595
1259178656359944196
1259178899638009859
1259178926116569089
1259179106702438400
1259179277884555265
1259179374382891010
1259179781075226624
1259180118280409088
1259180247074910217
1259180315685380096
1259180508350763009
1259180649459716097
1259180850329067524
1259180864522477568
1259180918213877762
1259181026070466562
1259181174129377280
1259181342081810434
1259181530871664646
1259181910208774146
1259181999987752961
1259182019977916416
1259182078421282816
1259182388338286592
1259182394248171521
1259182527341899776
1259182917240176642
1259183026883477505
1259183099528843265
1259183393234976772
1259183394400829440
1259183870101950464
1259183991686672389
1259184131977568256
1259184394155307015
1259184478582386694
1259184503144296450
1259184571880439808
1259184610132590592
1259184914659971080
1259185190150246401
1259185214342991872
1259185218704994304
1259185247125676032
1259185305627680768
1259185405309616138
1259185500419616769
1259185533764489217
1259185593369669632
1259185847875842053
1259185891911893000
1259185951558873089
1259185982445957123
1259186169662840832
1259186403340140545
1259186406527774720
1259186528229691394
1259186572664201225
1259186846950666242
1259186883147554816
1259187014655569922
1259187265495896064
1259187507524186113
1259187740329025536
1259187769164697600
1259187800194387969
1259187945195679744
1259188026955255809
1259188105040576514
1259188175265828864
1259188380467945473
1259188416463462400
1259188490346135553
1259188510810083328
1259188695300820992
1259188799009161217
1259188810191167493
1259189140135927809
1259189291336564737
1259189315994898446
1259189322202222592
1259189355790417920
1259189547889541123
1259190447991402498
1259190551137726464
1259190860689936385
1259191165502533634
1259191404883918848
1259191469992116225
1259191545498087424
1259191711043125248
1259192166804525058
1259192169597997058
1259192271733428224
1259192481209634816
1259192623300034563
1259192850031554561
1259193066675732480
1259193281457672192
1259193406200467458
1259193829497987074
1259193890462216192
1259193952101638149
1259194006115942401
1259194049124356096
1259194157802958850
1259194309582217216
1259194309838020608
1259194390431649795
1259194519968452609
1259194685664505856
1259194782536159232
1259194898764398593
1259194922969767944
1259194946139107330
1259195322363936769
1259195471102226432
1259195572449415168
1259195861768298497
1259195948552552454
1259196101246271488
1259196122331037698
1259196269165150208
1259196372705820672
1259196499931680768
1259196842446897152
1259196850147454976
1259197383679803398
1259197435919900672
1259197831765725185
1259198584043343872
1259198587033939968
1259198755095613446
1259198831562014721
1259199421968871425
1259199505456599040
1259199728895623178
1259199847669915653
1259199884680466435
1259199906818011138
1259200212977008648
1259200385031553031
1259200699272957954
1259200865241612289
1259200968559919104
1259201231643242497
1259201671831248896
1259201832376840193
1259201933849645056
1259202581647294465
1259202622810198017
1259202693052145664
1259203016114110464
1259203364648345602
1259203607322415104
1259203873908183042
1259203979675926536
1259203991117815809
1259204130553368577
1259204480333209600
1259204600676192258
1259204752543567872
1259204831522295812
1259204881128316928
1259205594105262082
1259205695695699968
1259205871739064320
1259206049908887552
1259206051674628097
1259206052651941890
1259206055499874312
1259207007770497026
1259207657145143296
1259207959537758210
1259208045315457026
1259208126714335237
1259208256624513024
1259208265889509376
1259208433703612419
1259209128557322241
1259209239710629889
1259209654233632769
1259209762773876737
1259210049248952321
1259210486148546560
1259210514971983877
1259210740449390592
1259210777573154819
1259210789400936453
1259211161528041472
1259211285956366340
1259211317841444866
1259211537505345536
1259211538612789251
1259211539137146881
1259211552797884416
1259211695861317632
1259212134300467200
1259212144580665349
1259212213749010437
1259212281554108418
1259212458859933696
1259212763886497793
1259213262798893056
1259213280339472385
1259213317446479874
1259213558421893120
1259214054125699073
1259214122207580163
1259214195154915328
1259214273626152969
1259214418572980225
1259214446938947584
1259214492531032066
1259214517231325185
1259214557043658752
1259214743786663942
1259214751026032645
1259214850271711235
1259214919167356929
1259214920681492481
1259215067465252866
1259215179293827072
1259215280766619650
1259215280796024833
1259215347690942464
1259215430247481344
1259215505505673216
1259215652872687617
1259215653904490502
1259215859433824260
1259215861723906049
1259216015935799296
1259216045484752897
1259216049913937926
1259216067328499712
1259216097171189760
1259216234370875392
1259216253929033728
1259216384816492548
1259216387236659211
1259216432832876556
1259216650211151872
1259216674038956034
1259216802632077312
1259216844495486977
1259216883892527109
1259216939143987200
1259216954117808128
1259217134573490181
1259217155867934720
1259217190223523840
1259217197953617928
1259217296326750208
1259217360789090305
1259217619456069633
1259217854597038081
1259217876898025472
1259217910347771904
1259218005625536513
1259218046427836416
1259218192876044288
1259218229098172416
1259218257078337536
1259218332210786304
1259218381787586561
1259218413756526592
1259218552961355776
1259218597043372032
1259218604043747329
1259218668401102856
1259218754338263041
1259218769311862784
1259218999407251459
1259219009809113091
1259219016389885955
1259219087269302272
1259219087466524672
1259219113194532868
1259219349967196168
1259219502417338368
1259219607107391490
1259219758194610176
1259219761143123971
1259219930442072064
1259219948183998476
1259220178774228994
1259220499428782081
1259220719260643336
1259220800961462272
1259221241728249856
1259221264511598592
1259221571320889347
1259221893078540292
1259222009835393033
1259222035298951168
1259222625223467009
1259222677723758597
1259222727958974471
1259222877150359553
1259223022432591872
1259223065457762308
1259223065835319298
1259223225994670082
1259223554601693184
1259224051819651074
1259224079552389120
1259224132115402757
1259224306669826048
1259224379004682242
1259224389502988288
1259224974944018432
1259225235578028034
1259225314812661761
1259225384815640581
1259225641494421507
1259225667138437125
1259225940506353664
1259225996944977921
1259226018373607430
1259226042281181184
1259226075844001797
1259226154348752896
1259226381797515265
1259226427402203137
1259226456040841217
1259226573925949447
1259226638417637378
1259226639054995456
1259226642402160643
1259226747968589824
1259226754033557505
1259226772496924672
1259227024708849665
1259227156909088768
1259227194712363014
1259227967726792706
1259227971891728385
1259228086912114689
1259228394820120579
1259228710605074434
1259229153573744642
1259229162168090625
1259229192161579009
1259229419312316417
1259229420646064128
1259229581179006976
1259229657020411904
1259229722040549379
1259229765103476736
1259229835370602498
1259229939993399303
1259230143480020992
1259231312801607680
1259231632822853633
1259231961064845312
1259232199708151809
1259232279479619586
1259232629242593282
1259232804686245889
1259232949410639872
1259233166914715651
1259233220933148673
1259233593106354176
1259234186759680001
1259234226064457729
1259234539202904064
1259234994633015298
1259235085292761088
1259235200611090432
1259235319913893890
1259235368576192512
1259235777067855873
1259236049852731392
1259236175874793473
1259236258058035207
1259236578398031873
1259236703379714050
1259236965653680129
1259236973903929344
1259236978031288321
1259237241672445952
1259237410422108164
1259237702446219267
1259237961566056449
1259238103480520713
1259238153237475330
1259238624660525056
1259238624668909569
1259238690641063936
1259239220092207104
1259239469183643648
1259240269150670850
1259240318798626816
1259240674752331781
1259241254686203904
1259241295920402432
1259241404229922820
1259241601408413696
1259241736490057730
1259241737140264961
1259241778491936769
1259241797815058433
1259241875107504128
1259242168956456960
1259242600210579456
1259242682913873921
1259242823964151808
1259243007959842818
1259243288785272837
1259243338609364994
1259243447002828806
1259243477218594816
1259244188178288644
1259244427069046784
1259244462645170176
1259244589539643393
1259244756393168902
1259244954003652612
1259245438194126851
1259245692423413760
1259246049400586245
1259246347862986752
1259246354003562497
1259246769956777985
1259246912089190400
1259248038507208706
1259248113195397121
1259248117821702145
1259248144707174403
1259248145663512576
1259248153251000321
1259248182657253377
1259248786582405121
1259248854505062400
1259249286883262464
1259249318017536001
1259249429900558336
1259249537253871622
1259250108807421952
1259250455684820993
1259251092250152961
1259251235485552640
1259251244180426753
1259251316880224256
1259251448371728387
1259251674171863040
1259251691498680320
1259251771823751169
1259251804031893509
1259251983099330566
1259252175823343618
1259252339476742145
1259252427750084610
1259252699159199744
1259252794671972353
1259253020803641348
1259253061056249856
1259253424845058048
1259253462786768896
1259253654021910528
1259254278834831362
1259254319469101061
1259254319481647109
1259254977542881282
1259254985612812289
1259255199035789314
1259255223773736961
1259255349388939264
1259255613655261190
1259255988500209671
1259256009937301508
1259256094985158656
1259256220898037760
1259256317010677761
1259256389966475265
1259256406835974144
1259256638894211072
1259256699107586049
1259256816606810113
1259256836043218946
1259256974576738306
1259257065299738627
1259257097432203271
1259257099407802373
1259257120307900416
1259257325132578819
1259257573691318272
1259257591193931776
1259257793405751298
1259258118296539139
1259258334701641733
1259258377559031815
1259258759848878080
1259258954829508608
1259258981614186497
1259258981916147712
1259259755933184011
1259259815207014400
1259259828184256512
1259259856034373637
1259259995776057344
1259260095042596866
1259260200730742785
1259260946540830721
1259261150430138368
1259261352612413440
1259261625560899585
1259261726022938624
1259261887943815170
1259262036359426053
1259262061231706114
1259262208040714241
1259262304606191622
1259262386936020992
1259262660832624642
1259262723742973954
1259262975933898756
1259263172357296129
1259263409507446789
1259263416461557767
1259263463039414272
1259263490780520454
1259263514591412225
1259263528273424385
1259263884537532417
1259264195230498817
1259264259625803776
1259264384184049664
1259264418585681924
1259264466555940865
1259264536747495424
1259264589348442115
1259265247593914368
1259265482814824451
1259265808343224320
1259266395440852992
1259266535417356289
1259266912250363907
1259267020220137474
1259267368766898176
1259268500985700352
1259268968004464641
1259269418779058179
1259269438219579392
1259269843750195200
1259269931008393216
1259269944073740289
1259270779360993281
1259270861670027266
1259270985947152384
1259271372787847173
1259271440727044097
1259271507072692225
1259271857162903560
