1327763242236604416
1327763244354826241
1327763244480565249
1327763287220555780
1327763353582891008
1327763387393187840
1327763450286776320
1327763457916215298
1327763523791892480
1327763708379066373
1327763914592022528
1327763981319237633
1327764043034202124
1327764231299739648
1327764495930961925
1327764530760474624
1327764770720768000
1327764784935219206
1327764989193621506
1327765064510828549
1327765094353285120
1327765255611502593
1327765264541380609
1327765392094343168
1327765483001671683
1327765532481900549
1327765539217940481
1327765609938116608
1327765905225478152
1327766012046024706
1327766030693888000
1327766307169853442
1327766418838986752
1327766622623428608
1327766739715837956
1327766932347625475
1327766940195155969
1327766994326867969
1327767017357774851
1327767021346492416
1327767100509843456
1327767263638859776
1327767314968801280
1327767406979272704
1327767634511794179
1327767708960690177
1327767926783545345
1327768098586374144
1327768136452612097
1327768342371897346
1327768355231690752
1327768509238161408
1327768514464280576
1327768543576928257
1327768620626288642
1327768993139200000
1327769083971051520
1327769095966765056
1327769362426638339
1327769453933850624
1327769458732097544
1327769531763355648
1327769668359229443
1327769712751763461
1327769844071211008
1327769868033257472
1327769949037850624
1327770036900143105
1327770072346218499
1327770545966944258
1327770741069279232
1327770747885023232
1327770808278798337
1327770936754450433
1327771200714629121
1327771282528743431
1327771295350730752
1327771562884345857
1327771565254119426
1327771649526157313
1327771878824554497
1327771890639843328
1327771928992550912
1327772240780390401
1327772670071623680
1327773090168893447
1327773130341937153
1327773196905549824
1327773308373266434
1327773308465647616
1327773349641121795
1327773651828092929
1327773818245558274
1327773870242336769
1327773913909239819
1327773986063835136
1327774044289179649
1327774072579760133
1327774343020032000
1327774554031333382
1327774674550480896
1327774790246162434
1327774814103277569
1327775271718678536
1327775321815445504
1327775453097160705
1327775735629623301
1327775743494008845
1327775797923483654
1327776218217914370
1327776260966256640
1327776668799406083
1327776696624439304
1327777017866166278
1327777078519992323
1327777365091561473
1327777492178972673
1327777532410798081
1327777881624293376
1327777912293105666
1327778014084608007
1327778086956519424
1327778341521219586
1327778342070673409
1327778343035555841
1327778343786344448
1327778344574750725
1327778344830595072
1327778419174727681
1327778478045982721
1327778543061897219
1327778547910520834
1327778980360036352
1327779023112593409
1327779246777929730
1327779358606462977
1327779381142581248
1327779706427625473
1327779739919118336
1327779820542054401
1327779847603679233
1327779869300826112
1327780066978377731
1327780142912073732
1327780310583554049
1327780333635428353
1327780629006651392
1327780787308154880
1327780858502152193
1327780868203704322
1327780981667995648
1327781219317190661
1327781239663824897
1327781512150994948
1327781639536205826
1327781768477413378
1327781792447918085
1327781796445118470
1327781901483053056
1327782121369382919
1327782124792008708
1327782181129875457
1327782380258594816
1327782453868703744
1327782494326951937
1327782505387319296
1327782880685133824
1327782914176782338
1327782985052147713
1327783053645766656
1327783264157831170
1327783325705101312
1327783593855373312
1327783683667988480
1327783756514652161
1327783916871294977
1327784180877549568
1327784264713330688
1327784414508687362
1327784478467612673
1327784577545478147
1327784841128062979
1327784920492675073
1327784952444956674
1327785497175990272
1327785603421835264
1327785908519755777
1327785914869878784
1327785938097999874
1327786144826859520
1327786227760836612
1327786240855379968
1327786598893826049
1327786803315810305
1327786965190782977
1327786975169044480
1327787073902940161
1327787164176887808
1327787313846509569
1327787411510763521
1327787435523268608
1327787737911529472
1327787891695685635
1327788013133434881
1327788062605275136
1327788231337914369
1327788302011916294
1327788419339194368
1327788564105539584
1327788633340993537
1327788678018691073
1327789170647986176
1327789340127354880
1327789452761108481
1327789464190676994
1327789608625725440
1327789674958630913
1327789682713911298
1327789762514722816
1327789766201532419
1327789850515419144
1327789893041467392
1327789905716670467
1327789930114936833
1327789958757814273
1327790101708107777
1327790325197385729
1327790369946431491
1327790455174598656
1327790482576072704
1327790520467415041
1327790650612461571
1327790698007937025
1327790705541050368
1327790731738701825
1327790775724371970
1327790794414170113
1327790956284960769
1327791573602537474
1327791651813777408
1327791819485286400
1327791990952562689
1327792009646649344
1327792407086309377
1327792621331378197
1327792709625634816
1327793204234772483
1327793416210624512
1327793444044087297
1327793716023713795
1327794699638337536
1327794747755405312
1327794861043544065
1327795029503565824
1327795073610813441
1327795135539712007
1327795251998846979
1327795459407155201
1327795730304675841
1327795734691930113
1327796228759937029
1327796563222130690
1327796608851959808
1327796710240890883
1327796800670085121
1327796976805621760
1327797221895626753
1327797487755726848
1327797570060644357
1327797604172918785
1327797850345009152
1327798274749820928
1327798565436084224
1327798844449546240
1327798908236537858
1327798913416515584
1327798970844852229
1327799010300715008
1327799050599600128
1327799201862995970
1327799397720219654
1327799464581599233
1327799675487973377
1327799795457593345
1327799895919644673
1327799979067527169
1327800171477028864
1327800379258646528
1327800463727742976
1327800583265325057
1327800665834463232
1327800997931081729
1327800998920937473
1327801644151607296
1327802107685179395
1327802127264178180
1327802606538911744
1327802872436822018
1327803162015764481
1327803236829573120
1327803695615111169
1327803817820352516
1327803964713218048
1327804077531684864
1327804112193413122
1327804165486161920
1327804518449504258
1327804632576516099
1327804765732970497
1327804767175892993
1327804942531366913
1327804950882234371
1327805309310656512
1327806266018828288
1327806316958666752
1327806454313725953
1327806467827785730
1327806486450479109
1327806687823224837
1327807227688857601
1327807565846163456
1327807747040096257
1327808081317797889
1327808546767994881
1327808568893067265
1327808680289558529
1327808907125919751
1327809022079201280
1327809095504629760
1327809403274334208
1327809574905274369
1327809737245683716
1327809799250210816
1327810075809951744
1327810228281368581
1327810270735994880
1327810469139243010
1327810471529996289
1327810624475308034
1327811004596711424
1327811273187332097
1327811341311115266
1327811350886813696
1327812257418518531
1327812549316915203
1327812695735881731
1327812826900021248
1327812827042594818
1327812896454270981
1327813521812430850
1327813530935054336
1327813537583030272
1327813574190895110
1327813848196321280
1327813888403001344
1327813986851688448
1327814330063204352
1327814419762597888
1327814869043859456
1327814912081530881
1327815010635149312
1327815021360009219
1327815207465480193
1327815320892026880
1327816098276773888
1327816103742107648
1327816353743597568
1327816458487934978
1327816603879284737
1327816823916650496
1327817244055916544
1327817428848570369
1327817454387683329
1327817887181119493
1327818134057791488
1327818190131486720
1327818215796453377
1327818428657364994
1327818691963199490
1327818916123594753
1327819215286530048
1327819302075052034
1327819442915594244
1327819800316432384
1327819852468400128
1327820002892804097
1327820195268882432
1327820252193779713
1327820344149815300
1327821076202725376
1327821629800538112
1327822446163091457
1327822628225224705
1327822729853198336
1327823033407508481
1327823361678970880
1327823731318775817
1327824154238853120
1327824262925791239
1327824362762866688
1327824363819831298
1327824868553928705
1327824982047649792
1327825848926425088
1327825911794851840
1327825929637425152
1327827019338379264
1327827138347753473
1327827421677096966
1327827521782558720
1327827670403604480
1327827965384777728
1327828431443255303
1327828767339851776
1327828948340903936
1327829080809615360
1327829276972998656
1327829693475684353
1327829693614022656
1327829838271569920
1327830027795386370
1327830234809446400
1327830267185213442
1327830408273203202
1327831459470643200
1327832256489156608
1327832293222862848
1327832521711742976
1327832566305615872
1327832567521947653
1327833723241369601
1327834303510802434
1327834913148637184
1327834974335197185
1327834980404359168
1327835302040379393
1327835499466264576
1327836123679379456
1327836715218837504
1327837016067874818
1327837078403633153
1327837490485604352
1327837631661694976
1327838518136221697
1327838740727947270
1327838991404580864
1327838991425572865
1327839243129929729
1327839252411936770
1327839517223624704
1327840288371597318
1327840426422902784
1327840524183744512
1327840762478825473
1327840832133718016
1327841171939487744
1327841246157606914
1327841593995485190
1327841635846283265
1327841803383566338
1327842181944668162
1327842342947217408
1327844261866463233
1327844663097585664
1327845135024066561
1327846079652618244
1327846252290187265
1327846520692072449
1327847101947121665
1327848919892684803
1327849340166156291
1327850072722317312
1327850079819063296
1327853254747828226
1327853864784113666
1327854228375621633
1327855534599495680
1327856452963344386
1327857427866324993
1327857614231805953
1327857628383469568
1327857796621230081
1327858607598219264
1327859522040459265
1327859764601110530
1327860644771745792
1327860932165382144
1327861294154780672
1327861669469376512
1327862139189653510
1327863936457322496
1327864422103019520
1327865169712721920
1327866411088302081
1327867486168100864
1327867944660062208
1327868938651242497
1327869148790202368
1327870086720446471
1327870207768092672
1327876401622642690
1327876650307104770
1327877587390132224
1327877777798930432
1327879312683495425
1327879521077485574
1327880772863332352
1327881888099414017
1327883188212019200
1327883761825026049
1327884041710919682
1327884119347503105
1327884484298072069
1327884620231217153
1327884766771875840
1327885213888892929
1327886030368870402
1327886554778505223
1327887690323419136
1327887971710869504
1327890211221753857
1327890814077460480
1327890912182210560
1327891130936127489
1327891179367788544
1327891595954434048
1327895048567058432
1327895371704578048
1327897289692737536
1327897312144797696
1327898011696066560
1327898254722392064
1327899139032625153
1327899261883854848
1327900766355513344
1327901036208549888
1327902045857169408
1327902672813342725
1327906696853852161
1327906747437215745
1327908604784091136
1327910470502805507
1327914188405149701
1327914242247331841
1327914940615847936
1327916764315987969
1327918021311143936
1327920178341031942
1327921786693054464
1327921793601048576
1327921843358064640
1327925430805000192
1327925571809144839
1327925798314123269
1327926420643991553
1327926789960773632
1327927204341305344
1327929342857416704
1327929966483398657
1327929974934753282
1327930746472902656
1327931046504116225
1327932237518659584
1327932996834516994
1327933112513409025
1327933636134514688
1327935212039364608
1327936335928287232
1327936728443842560
1327936870706151424
1327936896283062274
1327936960040759297
1327936961076744194
1327936991032434695
1327937252291436544
1327937314878877696
1327938144734507008
1327938419595636736
1327939037684895744
1327939046941847556
1327939310432129029
1327939568822325255
1327940025187770368
1327940622330761217
1327940661190881280
1327940661203456000
1327940667541237762
1327942311150575621
1327942908188762112
1327943045778640897
1327943902767304704
1327944437490708480
1327944440346918913
1327944689006370817
1327945267593826304
1327945372405207040
1327945704061464577
1327945867245051905
1327945960543166464
1327946182119841792
1327947235758370816
1327948225936908290
1327948262033268736
1327948491222552577
1327949714411696130
1327950163290304512
1327950562869059586
1327950978201628672
1327951256732774402
1327951587780796417
1327951964966170624
1327951986726232064
1327951995441979392
1327952012932222976
1327952247204921347
1327952276875595781
1327952361063555072
1327953251950538752
1327953468699660289
1327953672639311876
1327953926835015681
1327954136327983106
1327954555758407680
1327954730988007424
1327954940346720257
1327955227274784768
1327955406426165254
1327955559841226752
1327955756084236289
1327955973022101508
1327956318385221633
1327956348353585152
1327956475323543552
1327956504268378113
1327956689178546178
1327957019064758276
1327957026819993600
1327957170923708416
1327958272406646784
1327958509095440389
1327958528510881792
1327958743825473536
1327958793804800000
1327959063049760768
1327959301139390465
1327959536779616262
1327959538968846338
1327959538985623553
1327959541204590592
1327959554034978819
1327959561010106368
1327959571625807872
1327959584326250496
1327959604005892096
1327959628710350848
1327959705310916608
1327959732552863745
1327959763842379778
1327959809782648832
1327959840765976576
1327959859736829953
1327959948555378690
1327960190256373765
1327960227925397504
1327960337753235456
1327960489008230401
1327960886103904256
1327960971474767873
1327961662276702208
1327961856829497346
1327961931123220482
1327962454815617024
1327962684285886465
1327962740699357184
1327962899965497344
1327963245651570690
1327963513302753280
1327963730181763072
1327964034113613824
1327964039746609153
1327964982533890048
1327965082760962054
1327965602342907905
1327965622660182016
1327965795251593216
1327965973303922689
1327966139390054402
1327966509763862528
1327966856058195968
1327967086069514240
1327967087466323969
1327967093002825728
1327967162393391115
1327967755258224640
1327967852977139713
1327968092971016193
1327968095680524289
1327968192166318082
1327968524590067712
1327968620153069569
1327968914916204545
1327969057665134592
1327969188800049154
1327969196559523842
1327969367586459650
1327969457067728897
1327969610071764993
1327969615058792451
1327969847322533889
1327969955241996288
1327970538405367808
1327970858573369345
1327971119882776577
1327971327748272132
1327971887402659841
1327971961511809024
1327972656222769154
1327973193072697344
1327973993803108352
1327974447534510081
1327974634998927360
1327974635300823041
1327974636588572675
1327974639772069888
1327974640296157185
1327974741689438209
1327974921788645378
1327975105226559489
1327975181038612480
1327975208427393024
1327975287099957251
1327975414380294146
1327975842023141379
1327975913708007426
1327975953914621953
1327976552848633856
1327976601133277184
1327977137018638337
1327977297593446401
1327978011187179520
1327978812550877190
1327979208547717121
1327979837697437697
1327979973630697474
1327979988684066816
1327980470714372099
1327980603233480706
1327980894389489664
1327981090083102720
1327981313371107333
1327981357000253440
1327981621732118528
1327982071193755648
1327982087043944448
1327982103540215812
1327982150147321858
1327982185278701569
1327982186771992577
1327982192572702720
1327982204098670592
1327982238059859971
1327982355156512768
1327982446516858881
1327982549428277249
1327982940052103174
1327982966367260673
1327983196273827841
1327983208047267842
1327983291962691585
1327983727021076482
1327983727323045889
1327983976095637506
1327984035054891008
1327984228005539840
1327984709893300225
1327984737143676931
1327984989456265216
1327985040823885825
1327985052081328138
1327985471335624704
1327985550251479041
1327985681004711940
1327985931962478592
1327985968217985025
1327985970294050817
1327985986341646338
1327986115576537091
1327986536927928323
1327986687331487746
1327987072028774400
1327987218372182022
1327987554268950528
1327987580386881544
1327987775673655297
1327987839741554688
1327987876093710336
1327987916988178433
1327988119052890117
1327988126606913536
1327988776283631617
1327988892704804864
1327988946442317825
1327989186696273921
1327989316858097664
1327989735965409280
1327989736665796608
1327989736858742785
1327989737479696389
1327989739367096320
1327989789036081152
1327989812561928192
1327989876587966464
1327990110038716420
1327990133916913664
1327990248278806530
1327990345628585985
1327990692363300864
1327990901885587460
1327991313229287427
1327991326722416640
1327991419634675714
1327991797252038664
1327992181060202498
1327992203994664963
1327992370802159617
1327992424891904006
1327992446723174400
1327992471620620289
1327992483691835395
1327992809316605952
1327992838353727488
1327992864543027201
1327993257759010816
1327993532376899587
1327993552765415424
1327993615327563780
1327993644218019840
1327993891312766976
1327994176018010113
1327994190723166209
1327994300320374790
1327994516251414528
1327994758900445185
1327994897845153794
1327995148303790089
1327995196248821760
1327995243686481927
1327995522871791617
1327995536713142273
1327995544791363585
1327995684801404929
1327996078726279168
1327996116634365952
1327996246917779456
1327996386013556736
1327996684211789832
1327996706601005056
1327996728675610627
1327996828537794562
1327997129885888514
1327997239550222336
1327997284307505152
1327997285570146307
1327997285926629376
1327997286383710209
1327997321901207553
1327997350208544769
1327997361117945862
1327997379245694977
1327997767998988294
1327997889617006592
1327997924790267905
1327997945858449410
1327998258426368001
1327998262461214720
1327998263556005889
1327998451242700805
1327998951119794183
1327999260386865152
1327999299049951233
1327999349910085638
1327999380129984515
1327999577291694080
1327999605435494400
1327999682778439682
1327999811954597889
1327999882402144256
1328000062392299521
1328000097997770753
1328000110031233029
1328000259264483330
1328000373500637185
1328000434821353473
1328000501640781824
1328000623858638848
1328000714493337601
1328000769455427585
1328000817677303809
1328001034841677824
1328001059466276864
1328001071437012994
1328001149325242371
1328001175254396930
1328001257517297664
1328001635956748288
1328001968787382272
1328002095593689093
1328002326829871104
1328002381884305410
1328002445558091779
1328002562134519808
1328002664936968197
1328002743777243144
1328003313837744128
1328003359656333315
1328003427889246216
1328003556771762178
1328003622748217345
1328003787915718656
1328003837723021312
1328003927867072514
1328003929402191875
1328004135195734018
1328004502188945410
1328004507888971776
1328004720938643457
1328004835556216832
1328004837582266368
1328004838945263618
1328004839415005186
1328004840170033157
1328004866040623106
1328004873544224773
1328004874366226437
1328004886089363458
1328004957556051969
1328005025113788416
1328005244354236416
1328005359399804931
1328005589159407619
1328005595069353985
1328005601193058305
1328005703559213056
1328005721556987904
1328006003342913537
1328006092765409280
1328006104698281985
1328006105683947521
1328006202299707393
1328006210398937088
1328006242766381059
1328006545578323975
1328006695008817152
1328006710280282115
1328006733537546240
1328006875133120512
1328006983551578112
1328007004183535619
1328007104238645249
1328007362708430849
1328007362779615232
1328007374582525952
1328007394962632708
1328007463665332225
1328007512436723713
1328007602295410688
1328007715461935109
1328007749905551362
1328008000947281922
1328008608844554241
1328008636560519169
1328009102279258113
1328009224048300033
1328009228703985665
1328009475077398534
1328009776261947405
1328009801536839681
1328009863847424003
1328009867248820224
1328009886723084288
1328010389276209153
1328010606897750017
1328010717212119041
1328010809839144962
1328010902348632069
1328010999551627264
1328011224425132032
1328011297053663238
1328011391136100353
1328011436765884422
1328011614755418113
1328011705952165888
1328011716249128960
1328011765876224001
1328011830653038595
1328012179375857664
1328012384171143175
1328012385165078528
1328012385672720384
1328012424876879875
1328012544074723330
1328012757480960001
1328012973609263106
1328013350484271104
1328013398462910464
1328013449289494531
1328013732828557313
1328013936382390273
1328013936466284545
1328013957001568259
1328013967927767040
1328014442974556161
1328014677754916864
1328014735124684806
1328015398860681218
1328015489952583681
1328015534613540866
1328015598584999937
1328015820560224257
1328016050928160770
1328016158721777667
1328016158813945856
1328016165222936579
1328016651741253632
1328016794330787841
1328016816413749248
1328016872038658048
1328017001739071488
1328017171964956672
1328017856412446722
1328018194460798976
1328018308281430016
1328018670451355648
1328018684523253761
1328018887850545153
1328018931550986249
1328019159821787139
1328019323936337920
1328019450747039749
1328019558477737985
1328019559266316288
1328019908135968770
1328019933742174220
1328019935511998466
1328019938221707264
1328019983859855360
1328020011395510272
1328020064763846663
1328020072435232768
1328020084867141632
1328020115489775619
1328020130727653376
1328020233886556162
1328020284356632577
1328020313188265984
1328020338484064256
1328020444864262145
1328020603064999936
1328020850998710272
1328020965952016384
1328021046616870912
1328021131404701696
1328021208160481282
1328021728145059840
1328022064209547265
1328022207553998855
1328022461259141120
1328023205089476609
1328023357682573313
1328023585970122753
1328023708481404928
1328023717918765058
1328023742413484032
1328023776659910657
1328023918230319104
1328023930469314573
1328024005173972992
1328024224317927425
1328024312767504386
1328024463577817093
1328024595664867328
1328025456117997568
1328025497649995778
1328025623865020417
1328025669494861824
1328026321998503938
1328026442446352390
1328026476621557760
1328026722307076097
1328026728350973953
1328026736169279488
1328026801453543424
1328027231533359104
1328027483418079232
1328027483476807682
1328027483720052738
1328027520256585728
1328027644517109761
1328027767364079617
1328027939292766210
1328028126299914242
1328028205589155841
1328028461542367232
1328028535320096769
1328028645210906625
1328028748009021440
1328028751620431875
1328028911494631424
1328028968998547456
1328029425477312512
1328030090060500996
1328030305064808449
1328030599488147456
1328030674981441537
1328030739229765636
1328031140997828608
1328031258182561793
1328031351392624640
1328031491985649664
1328031574085021701
1328031649343352833
1328031760664432645
1328032007432056833
1328032089934082054
1328032128601354244
1328032602280914944
1328032905294131201
1328033071334035456
1328033124190740480
1328033415136940033
1328033433965228033
1328033530920710144
1328033688601456645
1328033732926844928
1328033774672646144
1328033785028415488
1328033896232071170
1328033919950757888
1328034026427301888
1328034042168692741
1328034060573290497
1328034405076656131
1328034486353801218
1328034524463296522
1328034567668834305
1328034597540667392
1328034673449177089
1328034710027710466
1328034745767301120
1328034794433867777
1328035047501410304
1328035105714044929
1328035161636810755
1328035179483508737
1328035189143040002
1328035255819841536
1328035451794427904
1328035469800706053
1328035520467890179
1328035534699196416
1328035540613128194
1328035549530251268
1328035965470978050
1328036013554458624
1328036016423366663
1328036172782821378
1328036624786202624
1328036650379866112
1328037047270060038
1328037115960176641
1328037183232618501
1328037328116396033
1328037450208440325
1328037478863876096
1328037523382276097
1328037735991545856
1328037801267486721
1328037835253936128
1328037966829277184
1328038669089984512
1328038958199164931
1328039036267720709
1328039482940157954
1328039668852682752
1328039759424450561
1328040193597861888
1328040301857017857
1328040345687515136
1328040459323781120
1328040604236996610
1328040817102102528
1328040829596749824
1328041205603692546
1328041211316285440
1328041252198158336
1328041383551176705
1328041765908209666
1328041831020572673
1328041897940676608
1328041942970740736
1328042236219633665
1328042394042904583
1328042574611886081
1328042590021808128
1328042676428664835
1328042710528385030
1328042723937554433
1328042834587504642
1328042998857396231
1328043186653106176
1328043288935489536
1328043376227311616
1328043600727351296
1328043674836619269
1328044084515233792
1328044254460055552
1328044451567185920
1328044868996882439
1328045203022897154
1328045545311625218
1328045751461695489
1328045945561505793
1328046047743111168
1328046202282242048
1328046357655990274
1328046412509159424
1328046662015725568
1328047008880467970
1328047322626973699
1328047372090294272
1328047465170432003
1328047749401600001
1328047919551946763
1328047923469422592
1328047932784914432
1328048029392379904
1328048055455797250
1328048248385396736
1328048338458046464
1328048377276280834
1328048388261154818
1328048549637058565
1328049407649079307
1328050133494325248
1328050134480007169
1328050135474049032
1328050137143316486
1328050137483108352
1328050164498657282
1328050171222089728
1328050186682294278
1328050270803271680
1328050299672686592
1328050381713264644
1328050537766539268
1328050628682272774
1328050887751839749
1328052181795295235
1328052218138931204
1328052279849660417
1328052296077422592
1328053139723984897
1328053963657244672
1328054084725772288
1328055041559830529
1328055061096910849
1328055077261684738
1328055103589396485
1328055385496948737
1328055918421041153
1328055982027657217
1328056229525073922
1328056469036654596
1328056591933968385
1328056606324645888
1328057007518208002
1328057113126576129
1328057182382927878
1328057656729366534
1328057682146652160
1328057682151018496
1328057682620678145
1328057683606429700
1328057689558175746
1328057761138085888
1328057877567827970
1328058285321236480
1328059029311139841
1328059213688475648
1328059478235901954
1328059555146817538
1328059574616723460
1328059697954385920
1328059776111169538
1328060098749599745
1328060255742341120
1328060262180597761
1328061085564407809
1328061315399774210
1328061321288544258
1328061457263628291
1328061468324093952
1328062233390292992
1328062272183341056
1328062552153133062
1328062681476161548
1328062691341168640
1328063470319796225
1328063629103607808
1328063637257379842
1328063802437488641
1328063945240875008
1328064143530860545
1328064184366620678
1328064244152197127
1328064388176224258
1328064563565228032
1328064643705802752
1328064888497954816
1328065231906607104
1328065233533984771
1328065234364366848
1328065235077488642
1328065237162090498
1328065237623463936
1328065310579167232
1328065358859792384
1328065358926913537
1328065387666296833
1328065406943305728
1328065511947636736
1328065589416501255
1328065684631379969
1328065778613170176
1328065875501576200
1328065883038773249
1328066091386630147
1328066358240833544
1328066460003012608
1328066746973089792
1328066750651502594
1328067760899973123
1328068002252791809
1328068136134852608
1328068679335088128
1328068680706641920
1328069016192233472
1328069030327054337
1328069245796835331
1328069264977367041
1328069649632735235
1328069958522253313
1328070054194319360
1328070256108195841
1328070757721706498
1328070800382058497
1328070907299028994
1328071442303430656
1328071975663759361
1328072235530260483
1328072278475743233
1328072768701800448
1328072781746089987
1328072864550047746
1328073183958888450
1328073317958512643
1328073437189959680
1328073658800214017
1328073912236781571
1328073939109761024
1328074271931985922
1328074333152038913
1328074386683924485
1328074690678693890
1328074878394769409
1328075129008615424
1328076357117546496
1328076491645718531
1328076556552474624
1328076556640653315
1328076556875542535
1328076563393425415
1328077771952812032
1328077815091056640
1328078322371350529
1328078489350762498
1328078706800259072
1328079036908773378
1328079638766252032
1328080335293218816
1328080335935074304
1328080541741146115
1328080564767875078
1328080666576236547
1328080846058876928
1328080873665810432
1328081074111582208
1328081074270957573
1328081275584995328
1328081360045682688
1328081404169777152
1328081601998123009
1328081852603781122
1328081972678234114
1328082067796668416
1328082159362576390
1328082255424712705
1328082269895077888
1328082437444919296
1328082511809884160
1328083173754941440
1328083226091544581
1328083248543576065
1328083578824122368
1328084035042742277
1328084088662740995
1328084115288109056
1328084427935715328
1328085007408259072
1328085065260298242
1328085104619614208
1328085107182329858
1328085380835528704
1328085416638111744
1328085791776641025
1328086192953372672
1328086194303930368
1328086427347906560
1328086541562998784
1328086828688302086
1328087629422882819
1328087651241570304
1328087698335277057
1328087834562060296
1328087881781555202
1328087882972610560
1328087946147340294
1328088031761494016
1328088276767547393
1328088330869870593
1328088509941489664
1328089035064139776
1328089053598797832
1328089102160433153
1328089139737108480
1328089334474559488
1328089590742339586
1328089891394244608
1328090017152061441
1328090325890592773
1328090490923851778
1328091404577382400
1328091469668823040
1328091536970706945
1328091669896585218
1328091916018266112
1328092113855242245
1328092421893271553
1328092484203929600
1328092490533138432
1328092498665869312
1328092597785559041
1328092848105852931
1328092856196722689
1328092921573351424
1328092954691592194
1328093020898648071
1328093133209538564
1328093178394624000
1328093269503434752
1328093507458916355
1328093582604070917
1328093638086299653
1328094133139935232
1328094153272659971
1328094181596729344
1328094221883105281
1328094279399596032
1328094649781682176
1328094729905577985
1328094745848115208
1328095430891147266
1328095431226605568
1328095431675551745
1328095433411997696
1328095445860626433
1328095458103848961
1328095478467190786
1328095594292924417
1328095646503546884
1328095772206903305
1328095920253112321
1328096196284518400
1328096253280972807
1328096374433460224
1328096375226183680
1328096386554990592
1328096682656018433
1328096714700558339
1328096844862337024
1328096943684218880
1328097011166568451
1328097065361174530
1328097365757145088
1328097453988524034
1328097454911352833
1328097475060699136
1328097659501109248
1328097704535355394
1328097777906290689
1328097853986791430
1328097873888747523
1328098200033570822
1328098285874262016
1328098301997101057
1328098518523928578
1328098746413047808
1328098825823772681
1328098826859601922
1328098854407909377
1328098999119777792
1328099097371435009
1328099118405853186
1328099218897182723
1328099219819913220
1328099256293416960
1328099401764573185
1328099403928903686
1328099479543828482
1328099535709761538
1328099569813626886
1328099580865601536
1328099629775384577
1328099693847568384
1328099713527255042
1328099860566986755
1328099882431893504
1328099943471517697
1328100133813227521
1328100146584952832
1328100162179375105
1328100256626716672
1328100256978878464
1328100310733250562
1328100464085270529
1328100477100298243
1328100570150760448
1328100593559334912
1328100609426411521
1328100730461433856
1328101015246221312
1328101112088580096
1328101203432050688
1328101480365219840
1328101492025413637
1328101694517940224
1328101721663565826
1328101817247522821
1328101912550535168
1328102115747778562
1328102135104491521
1328102265354334209
1328102609136340993
1328102649401585664
1328102716221108226
1328102731672915968
1328102957334847488
1328102968026075141
1328102981154328576
1328102990079811585
1328102993695223808
1328103059524870144
1328103184523554817
1328103232451739648
1328103248054640659
1328103280736686082
1328103727916584964
1328103744672731137
1328103962394898434
1328104052773818370
1328104053767856128
1328104184537894922
1328104186437906432
1328104230834593793
1328104478852214785
1328104483818246150
1328104657344933894
1328105050581979137
1328105252827123714
1328105346343333888
1328105470830239744
1328105759477993476
1328106539312353280
1328106563442274306
1328106743180693504
1328106763716059136
1328106766996017152
1328106768275300352
1328106856422797315
1328106914396446720
1328107321814364164
1328107335311560708
1328107449807753217
1328107555344748545
1328107600265744384
1328107791270207491
1328107815421026304
1328107843711623174
1328107985734955008
1328108019499085827
1328108069226770434
1328108266732269569
1328108292581814272
1328108529077477382
1328108661147906050
1328108827426893825
1328108951704129536
1328109344756477952
1328109361047212035
1328109525761748998
1328109657878126592
1328110340694024194
1328110408998248454
1328110481891090434
1328110494729838594
1328110532029800452
1328110532457492480
1328110533996756992
1328110546684678151
1328110708144398341
1328110716612718592
1328110767913242625
1328110780366147585
1328110782266019841
1328111239520804867
1328111287100977152
1328111295476813825
1328111315806720002
1328111392147255297
1328111488675024896
1328111612050477056
1328111700470542338
1328111743793582081
1328111817890164736
1328112039483432960
1328112249374904327
1328112293717159936
1328112347999842306
1328112476702072833
1328112818701414402
1328112997840064512
1328113038407372802
1328113059865513986
1328113298349436928
1328113454226546694
1328113481724424194
1328113882049749003
1328114053684850689
1328114189387239425
1328114259037982722
1328114443981647875
1328114613016268807
1328114671946174464
1328114762761302018
1328114815940894721
1328115466926252032
1328115563583987713
1328115627568017408
1328115688515493888
1328115949057282049
1328116120373571585
1328116214346944514
1328116321863806976
1328116353253957632
1328116543792828416
1328116576428711937
1328116930465705985
1328117134556340225
1328117145893474304
1328117785462009864
1328117828549898241
1328118004610174976
1328118080208207872
1328118081101590528
1328118101624451073
1328118470949613569
1328118473189453828
1328118618463342592
1328118669096984576
1328118933245792256
1328119150565339136
1328119180412014595
1328119466782240769
1328119851504848897
1328119993385541633
1328120078571892736
1328120101250490369
1328120282012405761
1328120403680661504
1328120503626829825
1328120532122951682
1328120750801379328
1328120836163850242
1328121078326157312
1328121134085246976
1328121196068614144
1328121229979623426
1328121302121652225
1328121431482306561
1328121871552962561
1328121927341387786
1328122165376413697
1328122375624413184
1328122473158729729
1328122626263363587
1328122865384910848
1328123014731403264
1328123154741518336
1328123370559434754
1328123548863500291
1328123628953759744
1328123966620315648
1328124081900843010
1328124160531460097
1328124181737828352
1328124505743634433
1328124620969537537
1328124668772044807
1328125200714653696
1328125232444530688
1328125272407891970
1328125292267905025
1328125508928856064
