1342621659627307008
1342622068358180867
1342622103065997312
1342622384394743808
1342622455282728966
1342623867827671040
1342624025600790529
1342627047471017990
1342627517023334405
1342627831906447361
1342629233152163840
1342631775856713728
1342633990558261248
1342634984981622788
1342635256806068227
1342635291149004803
1342636137660215296
1342636195843600386
1342636269935996934
1342636305881174016
1342636330107465728
1342636435007037443
1342637109123932166
1342638508947566593
1342639399683633152
1342641124012417024
1342641708077604873
1342642400141959175
1342643102159400960
1342643765308227585
1342646761748357120
1342646858347388929
1342647769115348994
1342651497683836928
1342651843512594442
1342652010433302530
1342652524822671365
1342655955020951552
1342657557337432064
1342659408321458181
1342662071004131329
1342663811392626688
1342668018934046721
1342668302334767106
1342668321309786115
1342668503439056896
1342668545273044994
1342668741042184194
1342669882828218368
1342671511161856006
1342672341772476416
1342674348365258752
1342675400577712129
1342676231150579713
1342676291334627328
1342676909071736832
1342677016966029312
1342677616193630209
1342679732559605763
1342681634588520449
1342690908840599552
1342693003031425024
1342693583338561536
1342694794540306441
1342696219810869249
1342696326740520962
1342697949709688833
1342698478519128065
1342701202061070336
1342702977535119362
1342703338421415936
1342706612885139456
1342706705126158336
1342708606601474048
1342716386808901632
1342716577922371589
1342717872645283841
1342722527676801027
1342722633880788992
1342723078841884672
1342723707542843392
1342726893762736130
1342730498532016128
1342739490461396992
1342742572700229633
1342744072117694464
1342744736113844224
1342744739129548800
1342744743202185216
1342744745836244992
1342744755286003715
1342744757529944065
1342744760386256896
1342744767134887936
1342744770234503168
1342744774479118336
1342756394328600576
1342756418320027648
1342759215459409920
1342762142869688320
1342775891437514753
1342776986570285056
1342781115862568962
1342789835224973312
1342797434515292160
1342799584070918145
1342802348981313538
1342802349589458944
1342802394057482242
1342802663302426624
1342804630426812418
1342807455277981697
1342809775457890306
1342811973537460225
1342812489612988416
1342813000013590532
1342813773350928385
1342814678481858563
1342815290787311616
1342815910596374530
1342816325714935809
1342817439613034496
1342817788856041472
1342818377077846016
1342819270691061762
1342819358154735618
1342820092497821697
1342822726629777415
1342823308849504258
1342825074789916674
1342825535416762373
1342825822617538561
1342826538610413570
1342828647640535040
1342829762067181573
1342830570930376704
1342830687980810241
1342830860786159616
1342831659436171264
1342832070171701249
1342832461303214081
1342832541443751937
1342832568123666435
1342832577061781504
1342832767336402944
1342834510614974464
1342834641368211456
1342837311923494914
1342837648159866883
1342837854616121344
1342839624264261633
1342839971879608321
1342840155175051267
1342841384571707392
1342841427953377281
1342842690828980226
1342844772520783872
1342844877894119425
1342845938562453506
1342847640560672777
1342847647565008898
1342847937093775360
1342848045277442055
1342848760834109451
1342849009233391616
1342849401031688194
1342850764541194241
1342850796652642307
1342851746285170688
1342851934982721536
1342852834681884674
1342854598873280513
1342855191859703809
1342856302993809408
1342858494869983233
1342860312496762881
1342860331048198144
1342861164099874816
1342861860270268418
1342861997210292224
1342862348344827906
1342862417336946689
1342862594252681217
1342862738012323841
1342863238363570178
1342863642220523522
1342864351145897985
1342864616762843136
1342866870685282305
1342867026965106689
1342867097936912384
1342867795839741953
1342868087834628098
1342869849035440129
1342870288606916610
1342870525790609408
1342870798999179267
1342870902589911040
1342871516028039169
1342872498375958531
1342874048016035840
1342875300603047937
1342876342723858438
1342876727949848578
1342877217144135681
1342877237176131589
1342877325281669124
1342877753763389441
1342877871891755010
1342878191908753408
1342878289497645062
1342879636196364293
1342879861556314114
1342879908360499200
1342880335030317059
1342880410804629504
1342880460431630336
1342883361258401794
1342883530574094336
1342884523156135937
1342884741469659138
1342885092730036224
1342885252419772417
1342885585850167296
1342886410492252161
1342886614725484551
1342886668601319430
1342886744266563584
1342887525791232000
1342888070077677573
1342889972504911873
1342890108274565120
1342890237018726400
1342890559137001478
1342890798946381824
1342891656513777668
1342892622596210688
1342892742914023424
1342893206455910400
1342893679686647814
1342894221959823362
1342897909277327360
1342898451751825410
1342898862193692672
1342898964895588360
1342899353279729667
1342899538403733504
1342899912124624903
1342900561327304708
1342900996079382529
1342902078428078085
1342903081953067009
1342905587575697413
1342906852921769987
1342907188675829776
1342908494836498432
1342908546673885184
1342909055182893056
1342909115107053570
1342909185533616130
1342910464414650370
1342910786965004289
1342911417989660672
1342911510176264193
1342912145730756608
1342912977863897088
1342912989876383744
1342914665580527617
1342914777253875718
1342914967914213376
1342915592026791946
1342915607621218304
1342915930586828800
1342916856387043328
1342918158030692352
1342919952483966977
1342920641897488387
1342920829789761536
1342921437988974598
1342921743577608197
1342921793099735044
1342922337549570048
1342922907341750278
1342923110442479616
1342923186124500992
1342923242412109839
1342923994920529920
1342924454205255682
1342924497180119040
1342925452038594560
1342928156798443526
1342929059571908608
1342929339223060480
1342929570362781697
1342929669029507081
1342929956834332673
1342932916700139528
1342933165984378880
1342933216227950593
1342933228328546306
1342934274488627203
1342934604106358784
1342934614248185873
1342936279663702020
1342937305347219456
1342937671933554691
1342937946668867586
1342938773940789250
1342939148563456000
1342939267006410755
1342940668805738497
1342941581016522752
1342942992588558338
1342943136008577027
1342943769663074308
1342943780526284804
1342944082864332802
1342944149788651520
1342944636483080193
1342945124217724928
1342945725014036486
1342946125452480512
1342947021615988737
1342947648945451008
1342948004861513729
1342948720241995776
1342948822872436739
1342949582825795584
1342950431631273984
1342950794107224066
1342951918092562432
1342952069024645120
1342953071748505606
1342953411722039298
1342955463097405441
1342955688247525376
1342956738736128000
1342956827021963264
1342957376127852551
1342957790067888133
1342957907923623937
1342958485848399879
1342959408230313991
1342960053918302208
1342960376481263617
1342962317789687813
1342962941914701824
1342963385453961217
1342963570955399169
1342964944644567040
1342965120251658240
1342965626529312768
1342966172896079873
1342967382919290882
1342967709873672200
1342968502936875008
1342969157818703874
1342969279193473025
1342969697361342466
1342969706400129029
1342970735837511680
1342970840284094465
1342971881612312578
1342973241598619651
1342974907479678976
1342974943471009798
1342975436536614912
1342976189036711939
1342977000353361920
1342977379183063040
1342977404789264385
1342977536662380547
1342978079090765825
1342979269023170566
1342979321280028674
1342979528902250498
1342980581026656264
1342980592682598403
1342980593819250689
1342981563324231682
1342982678090493953
1342983212604284929
