1282104461578719232
1282104899522703362
1282105175809851393
1282106624119799809
1282106784644239365
1282107036101218304
1282107520627011584
1282108483106734082
1282108769820868609
1282108784836579328
1282108922883526657
1282108987647942656
1282109194699714563
1282109412640018437
1282109636766728192
1282109736339611650
1282110086400430088
1282110361299292161
1282110579344322568
1282110698101800965
1282111194539732992
1282111247551541249
1282111310306709509
1282111670719074304
1282111687596933120
1282112454135353350
1282112461999611906
1282112468987383809
1282112533025959938
1282113038980612096
1282113302513037313
1282113830940745728
1282114504638201856
1282114943844835328
1282114955773464577
1282115989077925888
1282116102089314304
1282117232466841601
1282117840007462914
1282118015769882624
1282118333295464448
1282118416128770049
1282118589420535808
1282118750087663622
1282119124680941570
1282119313055522818
1282119379384180738
1282119533898149895
1282120618847145984
1282120652116365312
1282120876914286594
1282120984238198791
1282121403987374080
1282121628722356224
1282122834886746112
1282123209912004613
1282124637690789889
1282125699470548992
1282125726901317633
1282126437584076803
1282126547311366144
1282127350403145729
1282127822824394753
1282128111413403651
1282128198902439936
1282128333124308993
1282128587546669059
1282129130151174146
1282129320878714883
1282129390696984576
1282129440164773888
1282130036703875073
1282130106404745217
1282130468197085186
1282130980124450821
1282131173787959298
1282131630677794817
1282132004738392066
1282132151132184576
1282132283177218048
1282132360146882560
1282133983497801729
1282134286985043968
1282134383042887680
1282134822836674561
1282136507604766720
1282143032125472769
1282143460112424960
1282144008681197568
1282146571191291904
1282149172154707968
1282149423955554304
1282150832889368576
1282151163056586754
1282151494586781696
1282152493477253121
1282152858788302848
1282154222402678787
1282154226752327681
1282154671856144384
1282156461225893888
1282156525352607746
1282156552338776064
1282156936658657280
1282157564021616641
1282160198258483204
1282161092882583552
1282162786001444867
1282163098749743104
1282167075021172737
1282167566224338945
1282167897922641922
1282169117978570752
1282170790809677829
1282170976961257472
1282170987291779076
1282171241546371073
1282171612570308609
1282172148665028608
1282172222744997889
1282172294106882059
1282173538988961792
1282173937724596225
1282174642225020928
1282175256912855040
1282176364347621376
1282178119827423233
1282178446840430593
1282178708468621313
1282178735328894982
1282179574298804224
1282180269332545536
1282180506214445057
1282180795134861312
1282181732108693505
1282181897259548672
1282183203541774336
1282183413965959168
1282183912551321600
1282185667179614210
1282186241711251456
1282186598252150785
1282187042970050561
1282189675772485632
1282191175416414208
1282191572621119488
1282193631797866497
1282195099246567424
1282196610181718016
1282200338221629440
1282203083141984256
1282203210443378688
1282208335345876992
1282210063738736640
1282210175684947973
1282210180059602944
1282210423115309056
1282226969149661184
1282229250108592128
1282229544758411266
1282236310720335872
1282238321368997888
1282242052680450048
1282242942317494272
1282244699558944768
1282249257723015169
1282252160890294272
1282252419712393219
1282253539167940609
1282254617456386055
1282255426885689344
1282258920162156544
1282260036249702401
1282264666534748160
1282266860478758912
1282268254292062208
1282272358267576320
1282275335057346560
1282275391659540481
1282278665427058688
1282279194760798208
1282279870937038849
1282280479656468481
1282283862001881089
1282284039769128960
1282284837940985862
1282285097232683009
1282286125827141633
1282286830591901696
1282288487602020352
1282288708029501442
1282289252622110721
1282289576795615235
1282289638795862016
1282289847701573633
1282290823288233984
1282290930524082178
1282291253636411393
1282291594935390208
1282291994329522176
1282291996628004866
1282292689405390848
1282293741517185025
1282293984296140803
1282294252744081408
1282294756031320071
1282298243297300482
1282299084372684800
1282299269072986112
1282299434643185664
1282299593934413825
1282299797546971138
1282299830862323734
1282300185322766338
1282302771220434946
1282302782196809728
1282303592834174978
1282303855292829697
1282304965088870401
1282305146966478848
1282305415318048771
1282305784962048000
1282305820374466560
1282305859775758339
1282305989660868609
1282306014310785025
1282307339907981312
1282307870172872709
1282308132451090436
1282308351855075328
1282308735017332736
1282308743800262657
1282308859613384714
1282308901422149633
1282309411042721795
1282309424414175232
1282310236452327430
1282310775093198848
1282311056052953095
1282311131806261248
1282311668198969345
1282311784662212608
1282311806485241856
1282312033040564225
1282312103995604993
1282312141756923906
1282312179165933569
1282312191975333888
1282312282236768256
1282312284824633346
1282312386762940418
1282312535375597570
1282312591176609792
1282312704137613312
1282312860295663616
1282313625688997889
1282313824339664896
1282314163499433984
1282314714014523392
1282314837964595200
1282314927395528707
1282314986484899842
1282315362164510721
1282315391709126657
1282315521703190540
1282315598102441986
1282315625130491905
1282315858468114432
1282316023308443649
1282316443544104961
1282316447872688128
1282316484421627905
1282316592819441664
1282316631713165312
1282316648423227392
1282316649392230400
1282317014804160512
1282317192898514946
1282317339866943490
1282317450730778624
1282318177163268096
1282318306419105792
1282318577912221697
1282318638159212544
1282318733189484544
1282318938236489730
1282319022768431107
1282319189735165952
1282319989824016384
1282320098334834688
1282320129200660480
1282320222020567040
1282320265385578496
1282320318170689541
1282320742252773376
1282320762406408192
1282320813341974528
1282320931281678336
1282321101478133761
1282321224928985088
1282321604819771392
1282321679637782529
1282321755554615301
1282322329897439232
1282322552589869057
1282322937819869185
1282323333695049729
1282323355060838400
1282323382088929280
1282323450460344320
1282323807609524224
1282323909707272193
1282324106256494594
1282324107309256706
1282324671904399361
1282324943473127424
1282325013656477696
1282325208179900417
1282325457690656770
1282325713861906438
1282325906569273347
1282326131622977541
1282326480828207104
1282326550642384897
1282326558271823873
1282326866427355136
1282327216244887554
1282327239820902400
1282327301359894534
1282327380154089472
1282328903701364736
1282329207817764865
1282329510944309250
1282330264551788544
1282330268062429185
1282330362383933441
1282330699043930113
1282330725648412673
1282330789766733825
1282330849460002818
1282330868573515779
1282331325727465472
1282331388138737666
1282331451455942657
1282331997097140224
1282332491542597634
1282332626104221697
1282333057329049609
1282333224665059328
1282333296295317504
1282333308911865856
1282333328901906437
1282333434220810240
1282333585383591937
1282333663150170113
1282334043909115904
1282335037594251266
1282335169404456963
1282335724243750913
1282335900710690818
1282336091262124032
1282336263048134656
1282336369180901376
1282336635590520833
1282336822224355328
1282336924863266817
1282337358508064770
1282337604776660997
1282338059627966465
1282338550311202816
1282339244862832641
1282339281638391810
1282339371602055183
1282339390149267459
1282339625290338304
1282339648694554627
1282339694274138113
1282339867503058944
1282339885907574786
1282340163331465226
1282340209103761408
1282340277630521344
1282340594589761536
1282340700156309506
1282340762764574720
1282340792598659075
1282341165099089927
1282341205779664896
1282341403184574464
1282341473652965377
1282342063506362368
1282342262115098625
1282342452830121986
1282342458953736192
1282342465689677824
1282342570597777410
1282342650692210688
1282342665691041793
1282342928166387719
1282342967844405250
1282342970574938117
1282342979173261312
1282343409236180994
1282343694092382209
1282343769661202434
1282343771858927617
1282344186574974977
1282344314757095430
1282344364707020802
1282344368301576192
1282344433774624768
1282344446391193607
1282344482776678402
1282344501445570562
1282344601832095744
1282345003969392640
1282345082558066695
1282345141949411328
1282345348162359297
1282345774626504705
1282345943111802885
1282345992973619201
1282346015669059585
1282346166458421248
1282346278802919430
1282346365679480832
1282346366367404034
1282346439859998722
1282346564409843712
1282346739454943232
1282346944820416513
1282347059467755528
1282347205874061313
1282347683299164161
1282347730082377729
1282347828434673667
1282347942163161088
1282347972693549056
1282347992104734722
1282348003450400770
1282348157226102786
1282348594712977409
1282348994149179392
1282349174906859520
1282349196377567237
1282349219261616128
1282349229684527104
1282349523336155138
1282349900089393152
1282350121968193537
1282350394094628864
1282350432149536768
1282350475703181312
1282350581298929664
1282350646512025600
1282350996375601152
1282351108581666818
1282351120891949058
1282351132090732544
1282351320045953024
1282352056938967040
1282352350250885121
1282352747531194368
1282352967824351232
1282352995955552256
1282353005510168576
1282353111475126272
1282353594943991808
1282353796350390279
1282354023409082370
1282354128669282305
1282354190568890368
1282354288413609984
1282354331904344076
1282354589359112192
1282354602113994752
1282354931303948289
1282354989634134019
1282355205561094144
1282355213479927808
1282355238364643329
1282355292085334019
1282355378416750596
1282355430149312514
1282355484557807616
1282355663197200389
1282356118203793413
1282356123471884288
1282356163460431873
1282356718345879552
1282356875955023872
1282357027549990912
1282357031865909250
1282357127059779586
1282357184714735617
1282357195443769344
1282357444207947777
1282357613393477633
1282357650429292544
1282357742049648641
1282358052507746304
1282358676498653184
1282358858988621824
1282358923119517697
1282358972104794116
1282359089041944577
1282359169501323266
1282359225025531906
1282359589833342977
1282360231855521794
1282360409396334592
1282360415901671426
1282360678783819779
1282361506055835649
1282361897967398912
1282361898009268224
1282361978837770243
1282362207347638272
1282362618162876418
1282362685418610691
1282363009348841475
1282363075040104448
1282363091095871488
1282363257202839552
1282363437750857728
1282363594794033153
1282363604063354880
1282363686770876417
1282363862575190022
1282363869130887170
1282363906573447168
1282364032721260546
1282364080947433475
1282364172836143107
1282364305942487040
1282364431733858304
1282364494753288192
1282364523928866817
1282364592895725572
1282364616673288193
1282364772806270984
1282364941039734785
1282364973692399620
1282365029107421184
1282365373338222597
1282365697025343492
1282365816877592576
1282365854420807681
1282365885047504903
1282366451467288581
1282366578634498050
1282367351963496448
1282367804725956610
1282368406101078018
1282368738663305217
1282368789221384193
1282368818510278656
1282369175894269952
1282369185729990657
1282369364822568965
1282369576848826368
1282369635787186182
1282369736223973377
1282369739285725184
1282370208003432448
1282370358029570049
1282370783201775616
1282371136915898376
1282371347348369408
1282371505536618497
1282371637191598080
1282371767386935298
1282371779458105345
1282372004721590272
1282372422696607748
1282372437775208449
1282372439515725828
1282372559279992832
1282372565231706112
1282372807368814592
1282372919755251713
1282373304435777539
1282373380277239810
1282373571550105600
1282374139035168769
1282374165912260609
1282374622806245378
1282374782068166657
1282374887575879685
1282374936884109318
1282375532835934211
1282375537856520192
1282375659726266375
1282375826777034752
1282375966384324609
1282376359189372928
1282376632938962950
1282376877643005952
1282377231206100992
1282377276634664962
1282377307953528834
1282377503856889856
1282377752876908544
1282377754693042182
1282378276074389505
1282378525434142720
1282378607105585154
1282378809891856386
1282378872575660038
1282379016645808128
1282379098581434368
1282379302886092800
1282379479277604865
1282379493257162753
1282379576216256513
1282380116715343872
1282380346445766657
1282380391479947271
1282380755700678658
1282381094868811776
1282381100237688838
1282381178914451472
1282381227891347456
1282381496788176900
1282381532951445506
1282381803387592704
1282381961596678146
1282382029447991298
1282382132673994758
1282382231005167621
1282382379764658176
1282382492947886080
1282383043752349697
1282384023688548353
1282384196367978496
1282384343315382275
1282384702490456064
1282384794127675393
1282385379577004038
1282385462544523271
1282385696267927553
1282385824177364993
1282386790914101249
1282388050727841794
1282388515184160769
1282388883875954689
1282388894411980801
1282389362949476353
1282389414874947585
1282389489223176193
1282389654222897153
1282390611438571520
1282390686403264514
1282390879127339014
1282391016272797697
1282391027081453573
1282391050078883847
1282391657917317120
1282392287352426496
1282392304309993474
1282393013214478337
1282393053873889280
1282393096123289602
1282393254470844416
1282393534780317696
1282393616430882818
1282394182342946816
1282394965323264000
1282395032226594818
1282395886753058816
1282396017057566720
1282396432482304000
1282397195015196677
1282397685929201665
1282398266118864896
1282398632197664769
1282399080577146890
1282399657319116801
1282399869395767296
1282399883199238147
1282399940652797955
1282399955450200069
1282400049536933889
1282400441456893957
1282400649347510273
1282400658658865156
1282400670742650886
1282400975609888768
1282401113640075264
1282401116425084929
1282401463570964482
1282401608756793344
1282401804786040833
1282402321364901894
1282402547496636417
1282402575556448258
1282402737410498564
1282402959729598464
1282403326601105411
1282403473867313154
1282404221577551873
1282404400179277824
1282404576029822983
1282404579234263042
1282405116063019008
1282406537277906949
1282406639614652416
1282406749455167488
1282408396407427074
1282408505757048835
1282408571712438273
1282408662208860160
1282408686498045952
1282408841464942592
1282409674768359426
1282409747564703750
1282409851679801351
1282410261719195654
1282410555937107976
1282410582218596352
1282410658680709120
1282410695192190981
1282410840000548870
1282411133564071943
1282411425516916737
1282412536764207104
1282412588354215943
1282412865404772353
1282413184285106176
1282413542466084864
1282413679099752452
1282413682400657408
1282413757365452800
1282414027029635074
1282414120713760768
1282414284933263361
1282414480807415811
1282414744394035200
1282415089291866112
1282415139581571072
1282415402342064128
1282415624556367873
1282415676737630209
1282416018699300868
1282416866930171906
1282417458603843585
1282417533937758209
1282417584760029187
1282417585238220810
1282417708919816195
1282418240438837249
1282418271141191687
1282418329223913480
1282418421959929856
1282418523969552384
1282418579598725120
1282418915566653440
1282419198006898691
1282419239123668992
1282420290140680194
1282420437050417156
1282420679107907585
1282421141773127680
1282422195860443141
1282422306116194305
1282422477193457664
1282422771922788352
1282422851707064327
1282423129625821187
1282424057670008834
1282424061902102530
1282424072962560001
1282424237798629386
1282424496134123520
1282425013660979201
1282425313952227328
1282425509284962306
1282425569926422528
1282425870108504066
1282426423203041291
1282426762710921229
1282427603035590662
1282427667611111426
1282427713790279682
1282427742919823363
1282427846602960897
1282428804498063360
1282429449103970304
1282430167898443776
1282430762378309635
1282431171490721797
1282431657891553281
1282432150785028096
1282432277901791233
1282432536174628868
1282433302155198465
1282433397709840385
1282433636285984768
1282434743259234304
1282435011774500878
1282435706036654083
1282435735065436162
1282435901495353345
1282436156479672320
1282436272863223811
1282436436017532929
1282436493529755648
1282436872430649346
1282437375193481217
1282437505070116864
1282437919467339779
1282438246954348547
1282438247386316800
1282438670709030912
1282439562917302274
1282439758376054785
1282439796682612738
1282440103676256262
1282440732037570567
1282441238860509187
1282441464501370883
1282441646127419393
1282442150349811722
1282442297989304326
1282442310048010240
1282442525459058688
1282442587849318402
1282443239384133640
1282443248062128130
1282443478174138373
1282443493626060801
1282443685137915904
1282444008984174592
1282444029502918660
1282444301365129216
1282444317219577856
1282444793319165954
1282445126086860803
1282445238297034752
1282445290516160512
1282445780675174400
1282445859322503168
1282446169231241216
1282446336021999622
1282446358948061189
1282446556160040968
1282446895852462081
1282447138014875650
1282447198836457473
1282447405540093953
1282447536200880128
1282447899599736832
1282447960056504321
1282448038628335616
1282448527302504448
1282448597850771458
1282449420710293507
1282449497298264064
1282449555271950336
1282449799233642497
1282450516262486016
1282450665374126080
1282451076306919433
1282451089409925123
1282451514951446529
1282451979625783301
1282452297788854274
1282452328415731713
1282452463526674433
1282452489174949890
1282452583144058880
1282452768716992520
1282453810355503109
1282454596049350663
1282455006155767809
1282455042868551681
1282455413934497796
1282455852914368513
1282456402426884096
1282456490809450496
1282456903986163713
1282457313991958529
1282457724173918208
1282458408302649344
1282459447407685632
1282459588630126592
1282459680980205568
1282459779147931648
1282459807606362112
1282459896957501445
1282459961759596545
1282460365624877057
1282460474378989569
1282460745712701440
1282460833411473410
1282460860166868992
1282460903376654336
1282461007617699841
1282461516416122881
1282461521675718656
1282461715800760320
1282461721370689538
1282462066553520128
1282462671934234632
1282462773981720576
1282462820781654017
1282462920782352385
1282463034489761792
1282463101460373510
1282463314207965186
1282463341450080256
1282463708489359362
1282464166528385024
1282464299064135680
1282464340537475074
1282464509282713601
