1282102916627804160
1282104887526871042
1282136344995811328
1282140089339060225
1282140120125145089
1282141044314984448
1282144398076071938
1282145407582318592
1282147337238970368
1282149075597631490
1282159301767897088
1282159806443335686
1282162375257456650
1282162749938728963
1282168180849467392
1282173622665261058
1282175395958226945
1282178696376389632
1282185503572459527
1282190831898812416
1282209431514689542
1282209958243766272
1282210116805304322
1282213911106813952
1282215617802563587
1282220322587107328
1282221944788615168
1282222386029395968
1282224378248298496
1282230241252061184
1282231084227403776
1282233998282981376
1282238266725609472
1282251098024226816
1282260916927639552
1282269937294290944
1282279273236062208
1282288908223614976
1282291153786765312
1282293315623411712
1282293732314947584
1282294979436609537
1282296282552455173
1282298639335989249
1282299402644848640
1282300396074143745
1282300482879397889
1282303022664683522
1282304442717614081
1282307928238809090
1282310493919514624
1282313622757285889
1282314514147553281
1282315638275559426
1282316309729030144
1282317261446033410
1282318951620517890
1282319504941318144
1282323915696754688
1282324333579210752
1282325116324585473
1282327195491487744
1282327339867746305
1282327640981082112
1282328867118645250
1282329156777316352
1282329302248415232
1282329381881479168
1282329931599486976
1282331681643536385
1282333935930798080
1282336526341414912
1282338862828838917
1282339132728119296
1282339815820861446
1282340090237329410
1282340408740188160
1282343380257837056
1282343623854612481
1282343963790209032
1282346203770912770
1282348848116051968
1282349148461830146
1282349253919232000
1282350357591592961
1282352034616881152
1282352981330006022
1282353172321796096
1282355315896393728
1282355384942985216
1282357573539201026
1282358369593045000
1282358866513203207
1282359584372527106
1282361096574312453
1282363332654239746
1282364425207341057
1282366577913077761
1282366767432597504
1282373239952609287
1282374038275252224
1282374161881587714
1282379490556092417
1282382970138107904
1282395611002810376
1282395749620297730
1282396811328659456
1282398132068810755
1282399972172890118
1282404212157173763
1282404399650930689
1282411910684487680
1282413140152647681
1282415685621002240
1282419503675179013
1282419513695391744
1282419516094533635
1282423235422769152
1282423661568425985
1282425965830963201
1282426256680726532
1282427011101675521
1282429542452297729
1282432274512912385
1282436573091397632
1282436690351726593
1282437920515928064
1282438586567139329
1282443911890378753
1282447511295336448
1282448100133679112
1282449318344040449
1282451068056674304
1282457005278605322
1282457210111455233
1282459735762128904
1282459771552124933
1282461530882277376
1282463094896316416
