1319065970430926848
1319066823883550720
1319067153769893890
1319068214480035840
1319068250064420872
1319069036353933313
1319070191704211456
1319071328792698880
1319071361566900225
1319072763823443969
1319072852621099008
1319074660110258176
1319075167402864640
1319075201716543490
1319076030649348097
1319076146437328897
1319076450910306308
1319076504945500161
1319077179314130947
1319080227604172801
1319082023991070721
1319082592512212999
1319082819499556864
1319083665863880704
1319084312944205825
1319084586866008064
1319084705556402176
1319085609323999232
1319085879806263297
1319086699113308167
1319086819309506563
1319088680624181248
1319089346251837440
1319089434889945088
1319089841280253952
1319090053302333440
1319090363404029952
1319092287872356354
1319092728567861248
1319092731550093314
1319093508368728066
1319093912636710912
1319095278511808512
1319095337605386241
1319095941463461889
1319095968894156800
1319098093485412352
1319098398360961027
1319100049289302021
1319101452686659584
1319101457468194818
1319101658186588160
1319101776197570560
1319102314427371526
1319103485330247689
1319104195966824453
1319104903566872577
1319105531705962496
1319106763212414976
1319107195368329216
1319107328923389952
1319107799427764224
1319109520707170304
1319110029866401793
1319110899618242561
1319112344551784448
1319114521320001542
1319116395674828801
1319120923136491520
1319126390403366917
1319129026779283457
1319131232647716865
1319135574037581825
1319135949184471040
1319136157410545666
1319138503201067008
1319141610597343234
1319144626238984192
1319153322914361344
1319154845337747457
1319157788732461058
1319159399999545344
1319166044737572864
1319168367673118721
1319173729444909056
1319173748101185536
1319173760822464512
1319174554065973249
1319174556020518912
1319174559342493696
1319174570696388608
1319174572562939904
1319174575670833152
1319174578854334465
1319174585103810562
1319174594452951042
1319174598093668352
1319177776788873218
1319177795210272769
1319177851380420610
1319180201457274881
1319180301357117440
1319180504114040832
1319184858216865792
1319185223746260992
1319185509613260800
1319186162129555457
1319187496601780225
1319188888238346240
1319198230794674176
1319201667682893824
1319202860937236480
1319204844117307397
1319205120467492868
1319207026015260675
1319207044478586880
1319210695003602945
1319212692524105730
1319213766446354434
1319216947356073985
1319216994714079232
1319217152625430529
1319219007354998784
1319219202419556352
1319220292175233030
1319222461007876097
1319222709293928448
1319222735554437122
1319223460879585281
1319224030319284225
1319226389095174144
1319231421668614149
1319232160532869126
1319233741068357632
1319233791563649026
1319234581032296448
1319235745303855104
1319236760484929538
1319237304016343041
1319238179715764225
1319238353359953920
1319239420583837696
1319240663372881920
1319241133323620353
1319242262862323712
1319244121832382465
1319244455954755586
1319244555045228544
1319244893886230528
1319245437824630789
1319245763696873474
1319246229625253888
1319246515085463554
1319247258018369536
1319247802975850501
1319247828930134016
1319247832306622464
1319248320276123650
1319249619579273227
1319250908341960706
1319251511046819846
1319252312112717826
1319253035932176384
1319253896351580160
1319253907000815616
1319253938428891138
1319254238313185280
1319254303891202048
1319255067539759105
1319256024415719425
1319256469548695552
1319256655658405888
1319256791516139520
1319257204055212032
1319257736463421448
1319258107176996866
1319258679724642304
1319260303205552129
1319262333911400448
1319262780411809792
1319262902717657088
1319263118313222144
1319263559637999616
1319263598510747653
1319264133901144064
1319265153192427521
1319265181810249729
1319265479043784704
1319266971033141249
1319267834682314754
1319268421394194432
1319269042209734659
1319269127895146497
1319269259168653313
1319269644801208337
1319269832634716163
1319270044946235392
1319270534153207808
1319271035028541440
1319272345178042374
1319272757478092802
1319272852118528000
1319273058994057223
1319273992318976011
1319274052821807104
1319274568456966147
1319276191988080648
1319276543248510980
1319277058388750344
1319277163086934016
1319277616805732354
1319277681578442764
1319278228947677186
1319278341740851202
1319278370874478593
1319278722986328064
1319278760173027329
1319278858340712448
1319279218727940098
1319279440245846020
1319279837664534533
1319279999690567682
1319280192083275778
1319280228607225857
1319281121134194690
1319282120787816450
1319282140329041921
1319282244591075328
1319282247573229568
1319283109238435840
1319283539112726530
1319284129628745735
1319284559377149954
1319285256965419016
1319285605814054913
1319286042281660418
1319286996464877569
1319287469016150018
1319287731709644809
1319288110904008704
1319288128432033795
1319288684529602572
1319289154266681345
1319289166102814721
1319289827779440646
1319290056851423238
1319290442622488584
1319290488201986048
1319291275342835724
1319291661332013056
1319291719595118605
1319291892777938944
1319292220508237843
1319292475282911237
1319292476549574656
1319292535974490113
1319292830108381185
1319293925723701248
1319293947953303553
1319294458505187328
1319294550679064580
1319295282324983809
1319295397408337926
1319295426143682560
1319295729836322818
1319296131642261507
1319296204367343616
1319296217466060803
1319296274118692870
1319296311770836992
1319297287680487425
1319297686449778689
1319299037116420099
1319300148854509568
1319300335672958980
1319300430103498762
1319300458104717312
1319301068375937024
1319301196843200513
1319301329446121474
1319301349280985089
1319301708229627904
1319301779742482434
1319302028061978627
1319302236711825408
1319302934870564866
1319303247320903681
1319303337120915456
1319303875237761024
1319304851151532032
1319305181113233411
1319305451004219393
1319305808702808066
1319306009979006976
1319306832498876416
1319307136049029120
1319307683103727618
1319307861072097280
1319307875940958208
1319307884191240192
1319308486413553665
1319308649370615810
1319309609023266816
1319310153183801351
1319310242497417218
1319310606957150213
1319311009522307076
1319311861234491394
1319312220833173504
1319313022935060481
1319313839133949953
1319313958667493376
1319314170282606592
1319315174411636738
1319315994599456769
1319316946974838787
1319317341486911488
1319317525268733953
1319317826176430083
1319317888650629122
1319318081076940800
1319318141097345026
1319318359490453504
1319318950128324608
1319320258054885379
1319320377483534337
1319320450749636612
1319320589442732032
1319320607410929664
1319320618811199488
1319320804132327424
1319320989574967296
1319321013625126913
1319321312062361601
1319321758277586944
1319322096795852800
1319322880426020865
1319323413513646082
1319326372842606593
1319326499842019328
1319327374215962626
1319328256227770368
1319328866666676224
1319329216899547136
1319329244481277954
1319329305239797761
1319329307022352384
1319329361112272897
1319329522894950400
1319329688427196416
1319329830299701253
1319331295453990912
1319331335639605249
1319331618373468160
1319331948339351553
1319332072339722252
1319332602315182083
1319332649685733376
1319334796234002436
1319335094172053505
1319335757794914309
1319336193293717504
1319336318451810304
1319337001041252352
1319340425984040961
1319340608503373824
1319340751608827904
1319340901081083904
1319340910107369473
1319341580512317450
1319341625701658624
1319341770896015361
1319341778470866945
1319341850986270720
1319342056112853000
1319342103516897280
1319342216758833152
1319343542339338240
1319343942916255747
1319344088840359936
1319345317603663872
1319345323655991296
1319345429943881728
1319345758659842052
1319346042450538496
1319346088948715521
1319346138848370692
1319346421103878144
1319347021447196672
1319349735589818378
1319350009582784512
1319351383775215616
1319351760079572992
1319352358535561223
1319353229315112973
1319353329290518540
1319353449952182274
1319353478603542530
1319353590184460289
1319354082423828480
1319355038737829888
1319355107184680969
1319355303650070531
1319355932334325762
1319356291157008385
1319356721605890051
1319356893626880000
1319357228428775434
1319357954857066496
1319358887523422208
1319359741798326275
1319360896439775233
1319361065508130816
1319361350339088390
1319361686294401027
1319364561611444224
1319365228019286016
1319366409802100736
1319366449081815041
1319366608096284672
1319366718079311873
1319367365637902336
1319367996410892291
1319367998726164481
1319368186937094147
1319369047377666058
1319370151230238720
1319370493061926912
1319370812722417669
1319371015366074379
1319371164574228482
1319371437761847297
1319371621463937024
1319372273615339521
1319372360810680322
1319373541343637505
1319373610360971267
1319373822907322372
1319374302517596161
1319374606478630912
1319375247628505089
1319376085285507073
1319376297001439232
1319376871319085056
1319376890839371780
1319376925530390533
1319377157957816322
1319378004917866498
1319378129484328960
1319378314906271746
1319378465179783168
1319378493491367939
1319378736232468495
1319378793333723156
1319378975530115072
1319379154349875201
1319380189420392462
1319380493356437521
1319381692910604292
1319381760887689216
1319381768190001152
1319382487391473674
1319382508685955079
1319382988933746690
1319383018558152706
1319383080218537985
1319383163227914240
1319383457248804866
1319384032396926976
1319384317034962949
1319384772909608962
1319385111012532224
1319385645043884032
1319385944609509377
1319386313255157766
1319386796464214016
1319387049309302784
1319387338796052481
1319387348476612608
1319387575455539200
1319387786873606146
1319388458897506305
1319389011836866561
1319389150425075713
1319389248483696640
1319389936664088576
1319390417272582155
1319391344125759489
1319393144329375745
1319393525016952832
1319393650204418049
1319394181085753345
1319394365316411393
1319394617188560901
1319394659035193344
1319394742703181824
1319394983921766401
1319397510704730114
1319397767693897734
1319398020975382533
1319398129855156224
1319398131381858304
1319398134305353729
1319398164672163840
1319398178513444864
1319398457120034816
1319399743399878656
1319400074020048896
1319400212838973442
1319401135778779138
1319401353404403712
1319402360326729728
1319402772433948673
1319403094296436738
1319403095084990464
1319404326171926530
1319404894252576770
1319405695683432449
1319406098688954368
1319406502210424835
1319409026585792512
1319409685208989696
1319410338324836352
1319410710884044803
1319411676974809088
1319412588212490240
1319412790482915328
1319413302615805953
1319413376095801351
1319414076804562944
1319414309731160066
1319415936131211266
1319416350578716672
1319416379477471232
1319417120455798784
1319417183189884928
1319418860378804224
1319419632948793346
1319419774808387584
1319419919382052870
1319420445230288896
1319420479187320832
1319420806045237248
1319421535996739584
1319421878595915776
1319422027015618560
1319422158448242688
1319422173652619264
1319422757025841152
1319422793755275269
1319424932984410112
1319425696758943747
1319425836206989314
1319426326806339584
1319426435409469445
1319427178962907136
1319427372400201728
1319427588163620865
1319427689107886083
1319427848340463621
