1368350687562768385
1368350755338477569
1368350846317064203
1368350849576153088
1368350853745278980
1368351702399778817
1368351737938083840
1368352025981882368
1368352201404518401
1368354072496070663
1368355854714560512
1368357073499664389
1368357437032501253
1368358233744678915
1368358234160046080
1368358632446918657
1368362007641153536
1368362126839066626
1368362762582298626
1368363223423066117
1368363555834241026
1368364071591047168
1368367302530371590
1368367944359686147
1368371695996829696
1368372078756458497
1368372381870419968
1368372647755649025
1368372716127084550
1368373333125959682
1368373411068706818
1368375345527754752
1368378097070977025
1368378398972780548
1368379347934060545
1368380883661516802
1368380888703246337
1368381666360721410
1368384196369121282
1368384336614064132
1368384364405534721
1368384461809844228
1368384626927022082
1368384768459628545
1368384879235375106
1368385093962788870
1368385854746488832
1368386469606404099
1368386517362675714
1368386559137972227
1368387176157880323
1368389996412080132
1368390544674676740
1368393335992356865
1368393474102460418
1368393516796305413
1368393521636458499
1368393673998823425
1368394850266136576
1368395126947667969
1368395869196845056
1368396162076708864
1368396233597841413
1368398900596535297
1368399914229768192
1368400004826734593
1368402602732486658
1368402786858196994
1368403137917317123
1368405690155433984
1368406964447944706
1368408575954059266
1368410980632457217
1368411892847370242
1368412477021691906
1368413582636036097
1368416463044960261
1368418388029153281
1368419398290079748
1368425824660164611
1368425956944265217
1368426445266116608
1368427739972243458
1368428074023411715
1368430302977261569
1368436839120592898
1368437173423341568
1368437229505372160
1368438162498945025
1368438375817023490
1368441369409290240
1368442606842155009
1368443759977979905
1368443860192534529
1368444966477905921
1368447084156887041
1368448156493611008
1368456759036293123
1368464275715596288
1368471490211946496
1368472559717646338
1368475364201205760
1368485845070540802
1368486582286643207
1368490373677522944
1368494805706305541
1368497915212091393
1368500520978182148
1368501123225686016
1368501681739153413
1368511663826235395
1368512522245046273
1368515749774565376
1368516896526495745
1368516941229461504
1368517259623211014
1368519231483084801
1368519294045351939
1368524327549734919
1368524970851246081
1368527343459909634
1368528025374126081
1368528362482831361
1368528546847657988
1368528609359630343
1368528673750532098
1368530107128836096
1368532763381555200
1368535385043787779
1368537370602176515
1368539486481682433
1368541039519227904
1368542254986649604
1368545185802690561
1368545521275666434
1368548067713167362
1368549234346168322
1368549915023015941
1368550559037464576
1368550636636274690
1368551272912150532
1368552813450702849
1368553251801534467
1368554527373357056
1368556135536549891
1368557448160804867
1368558561215852544
1368558677037350912
1368559151429877765
1368562123685650439
1368562156023734280
1368562309233319936
1368562429446217733
1368562465320079360
1368563215106445322
1368563459546378241
1368563690010710023
1368563945750081543
1368564321501016067
1368564592801157122
1368564774901022724
1368567320835145730
1368568017718812675
1368569635021393924
1368569639878488070
1368572102786310145
1368574155604455425
1368574642563211264
1368574669914333184
1368575093241241603
1368575761012101125
1368576544105500675
1368579692106776578
1368580096215375877
1368580106608926722
1368580393058906123
1368581410743795719
1368582592291893251
1368583066332106755
1368584732292878341
1368584733337223182
1368585452333195267
1368585884212297729
1368586716135763969
1368586990149660672
1368587059108122628
1368587414277652482
1368588889758208000
1368588999137361927
1368590440509931522
1368592060794757123
1368592239669174273
1368592247516766216
1368592275811545092
1368593519745630211
1368593618655707143
1368593911145500685
1368594025142493188
1368596150756982788
1368597645770457091
1368597801530167296
1368598099107733508
1368600314119655427
1368601040262754305
1368601553272242183
1368601838006702083
1368602020932902913
1368604256471769092
1368604354593255425
1368605545368850434
1368607378304757760
1368607380435394564
1368607429248888837
1368607430247088133
1368607531749302274
1368607782354714627
1368607816303468549
1368608066623725571
1368608882713583621
1368609130177572867
1368609546458062848
1368609891322011649
1368610031889944583
1368610078576742407
1368610439601487872
1368610693109456910
1368610918733651971
1368611149479051271
1368611494133436420
1368612165830074372
1368612369224581123
1368613860555583489
1368613971847155714
1368614475092398083
1368614924146991113
1368615774424817664
1368618699385626633
1368622036441006080
1368622142401748997
1368622276699164679
1368622357359693825
1368622725753933825
1368622880888659971
1368623014041026566
1368623891321655297
1368624892430651393
1368625000819867648
1368625006855544832
1368626080681189385
1368627858143318020
1368629921233448961
1368630192768483328
1368630625243193346
1368631144795803654
1368631233236922371
1368631412535029767
1368631826785447937
1368632011414515720
1368632928020934659
1368634553619734530
1368637426315522053
1368637517902319618
1368638972092686336
1368638978870677505
1368640024837820417
1368640712321998848
1368641950455394315
1368642338579480579
1368643295090475010
1368643707663187969
1368645169281646596
1368646379510317056
1368646724416331778
1368648686230704128
1368649554518806533
1368650373532106757
1368652678960586755
1368652926886027269
1368653320550821889
1368653438058438664
1368653993141014534
1368654044651282434
1368655079604187140
1368655189587075072
1368657020203700226
1368657393853358080
1368658835892826112
1368659056001433602
1368659434734563341
1368660236882612232
1368660276111937537
1368660454889955328
1368660675648749573
1368660905647607810
1368662141742571535
1368662961150124038
1368662971434557441
1368665414943801346
1368667116346425346
1368667773379903488
1368667956662706189
1368667958608793602
1368669313402568705
1368669448002023426
1368670324733206531
1368670555306532864
1368671035730632706
1368672817991024641
1368672925029646344
1368677586331705344
1368677825767763968
1368678096094826496
1368678289376706568
1368679039024660485
1368679115344252932
1368679488930734080
1368680659909292036
1368680733502545923
1368682950716502018
1368683033059065865
1368683620911702016
1368685397857943559
1368685427440369665
1368687145758711810
1368687203942072321
1368688933782106112
1368689165848678402
1368690206354907140
1368690320582582280
1368690423082983425
1368691101868130304
1368692321580158979
1368692359727357955
1368693401449865221
1368695518700920838
1368696292952731651
1368696531658891265
1368697028415549440
1368697241909817345
1368698003977076740
1368699242030727169
1368699704238804992
1368700487999033348
1368702034204098560
1368703946227920898
1368703994089123843
1368705516201971715
1368705532379402241
1368706788086984705
1368706823663026180
1368707786079576068
1368707971677577217
1368709624468275201
1368710048038461445
1368710379468173315
1368712005293596676
1368712898843926530
1368713047855034375
