1313630117457928193
1313631003206995969
1313632049983639554
1313632184394231809
1313635148450074624
1313635612524793857
1313636023298150404
1313636355868708864
1313636877199605760
1313637364317794306
1313638253145317376
1313638678284169217
1313640181824720897
1313643453134196736
1313644708594429952
1313648994095071233
1313649082326380544
1313651731532836865
1313652764791074816
1313660062653652992
1313665324466819073
1313665740076064769
1313665851522981888
1313667867360088073
1313670380641562624
1313677695268655105
1313678572628914177
1313681744210661376
1313682552905961474
1313682972793614336
1313710784342454274
1313717189006876672
1313721467444625410
1313734301779886080
1313736063764975616
1313743362667749377
1313744694141235202
1313749904636821504
1313756842242301953
1313767521221251073
1313768024197922817
1313783627335921664
1313783840457056257
1313786143536799744
1313790085947699201
1313798223144914945
1313798988563394560
1313800627839856640
1313804200770404354
1313804286770413568
1313806435747270659
1313806877126426624
1313808289377988609
1313809068507701250
1313809407176839169
1313810302694305794
1313810591803469824
1313811503376728065
1313813854984515584
1313813964816408578
1313814329242923009
1313815335884206081
1313819614258892801
1313821375644098560
1313823388998090757
1313824051077541893
1313826414244757510
1313826601830961154
1313828583119429639
1313830435366096899
1313833958489161736
1313835217245724673
1313837451631357953
1313837756758609920
1313837848156667904
1313838488551219200
1313841511243673603
1313842248006668288
1313842537753309186
1313845810610794502
1313847626853502977
1313849389966921729
1313851575173967872
1313854408971747332
1313856611660824580
1313856614881882113
1313856745500966913
1313856859888025601
1313856888338100228
1313858868896727043
1313864160023805953
1313864778369110018
1313865469938610176
1313865805235318784
1313866486663053312
1313867820690821120
1313867943327997954
1313869227166781440
1313869399380709376
1313869405391147010
1313870952367824900
1313872306322710528
1313872970583019520
1313873127080890369
1313874241641689088
1313875483235237888
1313878792113356801
1313879388287631366
1313880515536023552
1313885045342363649
1313885260984221701
1313885599871492102
1313885701512065024
1313886812985790464
1313887408438620163
1313889323457097733
1313890670453690369
1313891085165371392
1313891356759265281
1313891438422261760
1313891724431941632
1313892123557736453
1313892402554339331
1313895363359768591
1313896873673936896
1313898782657064968
1313899916251615233
1313900396331425793
1313901906247458816
1313901969355018240
1313905060196347905
1313905478313873408
1313906184672272385
1313906450507341826
1313907347958493185
1313909490639613952
1313910192002695171
1313910966367727617
1313911972795219968
1313915767797276675
1313916417931173889
1313917008623341568
1313917009168486400
1313917090714312710
1313921284263145472
1313921434608164864
1313922039078703104
1313922701342507008
1313923972669595648
1313924717187923971
1313925408736382976
1313926065568600067
1313930343926370304
1313931183970037765
1313931244669984771
1313932107203387394
1313932108444979205
1313933391876837377
1313933394770907137
1313934835594014720
1313936131826753537
1313940661717159938
1313940661851156480
1313940925069090818
1313941994884923393
1313942171809058816
1313943002394628097
1313943449884864512
1313943933232189440
1313946694057447427
1313947205389041665
1313949098643513346
1313949693764923393
1313951231329538049
1313951748172570624
1313954234275115015
1313954847226556427
1313956025867919361
1313956148496797697
1313956264532152320
1313958277827432453
1313958347826245638
1313958763544621057
1313960612754526211
1313961045900234752
1313961166016782341
1313962306565550082
1313962635445010435
1313964501948133378
1313964820862033926
1313965642291310592
1313966330924556288
1313966600362561536
1313969854332928003
1313971112443703297
1313971169889058816
1313974843113713665
1313974887296520193
1313975642241724416
1313978210628055040
1313978778973081601
1313981430418993156
1313982568124092417
1313982938158161920
1313986463508254720
1313989986778316800
1313992003148013568
