1274854959033573377
1274855405198413827
1274855660363165698
1274855786796191745
1274856122336321537
1274857062833537025
1274857150473539584
1274858056174755840
1274858161850085376
1274858597323812869
1274858829344374786
1274858830531366912
1274859421101940737
1274859722953416704
1274859898434617344
1274860986487488512
1274861544518455298
1274863136714166272
1274863369028337666
1274863501144723456
1274863586343636992
1274864982665166848
1274864996762169350
1274865493371994112
1274865629061840901
1274866194768691202
1274866656754520069
1274867004537782274
1274867100096450560
1274867617191399425
1274867822619963393
1274868139382226947
1274868342830936064
1274868976112336900
1274869697108946946
1274870101590736896
1274870770641047554
1274870947565142016
1274872099862204419
1274873006423019522
1274873706708381702
1274874151828893696
1274874200008818695
1274874293135069185
1274875819266015234
1274877899921690624
1274878388323442695
1274878708466307072
1274878732810010624
1274879394994163712
1274880779579985920
1274882130821156864
1274883491105312769
1274885974473035776
1274886349804445697
1274887027767549952
1274887120008744961
1274888519039754240
1274888614988648448
1274888859642286080
1274890024912371714
1274893897404211202
1274894828648763395
1274895353020628994
1274895873701548032
1274896906288869377
1274898835043737600
1274901204405858305
1274901245254422528
1274902244685754368
1274903666768699393
1274905532944523264
1274906203689271297
1274906492932698117
1274906766191583233
1274907464207675392
1274907847172583425
1274911120952868865
1274911506623315968
1274911667277778944
1274911703956951041
1274912954559926273
1274914026762366976
1274914580356104193
1274915026428727304
1274915439357972481
1274916531105697792
1274917790105780224
1274918289165221894
1274919487209422854
1274920432047730688
1274920673144705027
1274920816984182786
1274920975587586048
1274921641726873601
1274921950037585920
1274922574900756482
1274922672695246855
1274923225902919680
1274923814074355714
1274924381358231554
1274924632945156098
1274926005564686342
1274926127241445378
1274926308250787840
1274926322784129024
1274926418934333443
1274927235909255176
1274928834182348810
1274928849000816641
1274929037882920966
1274929452464701440
1274929638511456257
1274930112862060545
1274930238405988353
1274930431599747072
1274930630179110918
1274931230153289728
1274931231319363585
1274931376295419904
1274931393383014400
1274931677148610560
1274931904920219648
1274932126052487169
1274932526537150468
1274933444229976064
1274933829447430155
1274933887282696193
1274934062797422593
1274934187699712000
1274934488406134784
1274934583885271040
1274934685571973122
1274934729444335618
1274934810616750081
1274935223415865345
1274935416278269952
1274935972405395457
1274936122326614020
1274936132136992769
1274936722707660800
1274937176158089216
1274937306458267648
1274937422623760386
1274937447504379904
1274937449987309568
1274937706624229378
1274937993002917896
1274937996895281155
1274938000963768322
1274938106152734725
1274938170564587520
1274938404329979912
1274938490829111314
1274938493643481088
1274938497468633088
1274938816525209600
1274939158260260864
1274939300484993025
1274939490948317184
1274939679230636039
1274939717876953089
1274939788810911744
1274939812303134720
1274939932730064897
1274940049759625216
1274940495735803911
1274940789207031810
1274940803308236800
1274940815299809281
1274940827278639104
1274941042156990464
1274941192166354950
1274941229940211712
1274941465999925249
1274941517078114306
1274941702911004673
1274942224170614784
1274942230432813056
1274942477393412102
1274942534058467329
1274942563733188612
1274942599820910593
1274942680464863232
1274942792612098052
1274942900573556741
1274942905313120257
1274942976368750595
1274943030416625664
1274943052793118721
1274943099345801216
1274943208137601024
1274943256070107138
1274943498865782784
1274944119664762880
1274944437706244097
1274944439077781505
1274944595722481665
1274944954838761474
1274944958567452673
1274944992423956480
1274945022228602881
1274945210540150784
1274945211920072706
1274945213224693763
1274945213576994817
1274945352957923329
1274945361652715526
1274945441172504576
1274945555286970368
1274945841233625096
1274945878172762113
1274945906148868096
1274945931293724672
1274945952483287041
1274945979163250688
1274945986901803008
1274946001401458688
1274946029700501506
1274946062286028800
1274946083383377925
1274946096645713922
1274946102874255371
1274946122679803905
1274946184407404544
1274946226098708480
1274946453451014145
1274946469150113795
1274946469309579266
1274946483452862464
1274946524276051968
1274946558476288007
1274946567758323713
1274946581729509382
1274946623945269259
1274946674138460160
1274946853298212866
1274946863809134593
1274946972248608771
1274946972378636288
1274946996416262144
1274947145351790593
1274947180780978177
1274947195255562240
1274947254663688200
1274947350499295242
1274947372200669186
1274947431784906752
1274947578904350720
1274947613587058695
1274947718234996736
1274947721628090369
1274947727319805952
1274947740083068928
1274947740473208833
1274947783963877376
1274947830478786561
1274947967183659010
1274948108544348166
1274948112113643520
1274948206829371392
1274948230590144513
1274948230640525313
1274948435070894082
1274948488288251904
1274948578478301187
1274948793654444033
1274948990950420480
1274948995828396039
1274949013142470661
1274949033463894016
1274949188376317952
1274949260837085184
1274949330798030848
1274949444463726592
1274949447529779201
1274949712345473025
1274949738425716736
1274949853588709376
1274949854519795712
1274949909935017984
1274949938737266688
1274949945196457985
1274950025655791616
1274950036393275392
1274950089807663107
1274950110032601088
1274950243646418944
1274950274604359680
1274950316895744002
1274950430376824835
1274950478296756226
1274950526879387649
1274950592075620352
1274950624673771520
1274950632336744448
1274950732098215936
1274950912931442690
1274950926084825089
1274951061879631874
1274951101486370816
1274951379929481217
1274951446279139330
1274951483432337413
1274951487727296515
1274951525564022785
1274951605071286272
1274951652794122240
1274951673354600448
1274951691771805697
1274951773199970305
1274952151937269760
1274952171533094913
1274952172921401350
1274952186548695040
1274952289405620225
1274952326365790217
1274952376500305927
1274952417218637830
1274952425212907521
1274952522034221056
1274952571002683392
1274952592188211200
1274952760568537090
1274952761424015360
1274952792487100418
1274952872711598080
1274952904881954816
1274952918496612352
1274952943553384450
1274953166774288402
1274953184084144128
1274953184872669184
1274953296181157890
1274953382822842371
1274953474304770054
1274953515291627520
1274953618781810688
1274953757927890944
1274953799573147648
1274953847824359425
1274953955668262919
1274954000417374208
1274954027630047233
1274954048173727746
1274954084345417729
1274954091765129216
1274954110706556929
1274954162929897473
1274954332442693632
1274954449589542912
1274954582729338882
1274954662375014400
1274954664522526720
1274954701239463936
1274954797104484353
1274954888611606528
1274954901458767872
1274954985860730880
1274955003648774144
1274955038813835267
1274955043519815680
1274955075677454339
1274955195710148608
1274955214425067521
1274955273388601346
1274955276857364481
1274955276974616577
1274955288874045440
1274955297623334912
1274955424534540300
1274955488904577024
1274955552611692545
1274955554855714816
1274955568369762307
1274955608526139392
1274955717557006338
1274955773056028673
1274955908024602627
1274956157640155136
1274956170919391232
1274956181077966848
1274956195825168385
1274956265786159104
1274956282810839042
1274956292612915200
1274956310077980672
1274956399806644224
1274956452596273153
1274956489384493057
1274956571307540485
1274956574746972161
1274956717957226502
1274956787075166214
1274956921682956288
1274957244547969027
1274957418032762880
1274957497628086272
1274957557531119616
1274957580843077632
1274957603777523714
1274957645204598784
1274957748699095040
1274957773491617794
1274957787802583041
1274957861026762753
1274957896435093504
1274957928525705217
1274957963845869580
1274958161162776577
1274958199867748358
1274958225293574144
1274958274664726530
1274958313986371584
1274958349189160960
1274958362631946240
1274958396052078592
1274958517670236161
1274958666173763586
1274958829307023360
1274959086849835009
1274959130495721472
1274959236087386112
1274959252675792896
1274959252688457728
1274959256278708224
1274959315246481409
1274959386247561216
1274959436394704897
1274959517831376897
1274959633027915777
1274959709754318849
1274959720701403137
1274959733145960449
1274959809889083394
1274959823163912192
1274959875479613447
1274960163720564736
1274960213037252609
1274960222298222598
1274960307497193472
1274960344881004545
1274960345468145664
1274960354452410368
1274960374333353985
1274960404905521152
1274960460970954754
1274960482970058753
1274960493480939520
1274960621013008384
1274960621289852934
1274960625370890243
1274960652298342400
1274960671822798849
1274960717679116288
1274960751023849472
1274960776755896322
1274960821387431936
1274960821546876929
1274961065437212672
1274961068301918208
1274961073322504193
1274961101726375936
1274961104125427716
1274961144143384576
1274961252792631296
1274961282228260864
1274961387329110017
1274961395776393219
1274961402730557447
1274961407713382401
1274961409630224384
1274961424150859782
1274961428533952512
1274961468203634688
1274961529276899328
1274961580573241344
1274961602400444418
1274961623535493120
1274961632234438656
1274961636030320640
1274961677738532864
1274961823578587136
1274961841286979585
1274961844462145536
1274961879799078913
1274961899369750528
1274961911243816962
1274961987315929089
1274962150893772801
1274962269617651713
1274962323422081024
1274962363691794433
1274962373682647041
1274962442808963072
1274962563189669888
1274962575088922625
1274962676137984000
1274962692198055937
1274962738599677954
1274962812411011072
1274962826864582662
1274962954786611200
1274962955835146240
1274962986260738049
1274962995408506882
1274962999011348482
1274963140208459781
1274963191206993920
1274963252104105994
1274963398376263683
1274963415602270208
1274963443699908609
1274963534145880064
1274963704128339970
1274963722646294529
1274963743349276673
1274963767558897664
1274963888417779713
1274963905689858049
1274964031619596291
1274964079397023749
1274964085021372416
1274964104814514176
1274964119653888000
1274964139065126913
1274964181926711304
1274964204731146241
1274964419609612291
1274964534906818561
1274964538002112513
1274964578909159424
1274964638652915712
1274964668566720512
1274964706218950656
1274964730441056256
1274964772220526592
1274964784669175808
1274964846685990912
1274964895142903815
1274964933004967937
1274964952319655936
1274965036319064064
1274965091855863809
1274965119047544833
1274965132393750528
1274965157991657474
1274965259565125638
1274965295094956038
1274965343379873793
1274965343400865793
1274965365014102017
1274965368872853504
1274965376099647490
1274965382542110720
1274965451123183616
1274965484409159682
1274965548489756684
1274965561886355457
1274965597722378242
1274965833349988353
1274965856989196289
1274965875230113792
1274965914308526081
1274965921313030144
1274965975079714816
1274966032122249216
1274966038002704384
1274966080998514690
1274966135251894276
1274966161634078726
1274966166247813120
1274966213639184384
1274966235416068098
1274966289136705537
1274966304840187905
1274966313803354112
1274966345290059777
1274966378781474816
1274966439385010178
1274966615612895233
1274966620637671424
1274966624450367491
1274966856621850624
1274966928524795904
1274966941728473088
1274966967011749888
1274967001253937152
1274967028076601345
1274967115980832769
1274967244766765058
1274967277587378176
1274967369207685120
1274967373972373504
1274967477114601473
1274967550535884800
1274967562569342976
1274967565924814850
1274967568504229892
1274967604336132103
1274967649924141057
1274967663673049093
1274967690235596801
1274967795688751104
1274967809496399872
1274967867071492096
1274967868111613955
1274967876466696194
1274967899229376515
1274967902597328901
1274967904157646848
1274967909782216704
1274967995819810817
1274968084328128513
1274968097833828354
1274968102338465792
1274968118927003648
1274968122189991936
1274968141836226561
1274968173079670785
1274968181220704260
1274968236682022912
1274968243233587201
1274968288905302018
1274968362725052416
1274968416143790080
1274968427757801473
1274968442693660673
1274968460834017280
1274968493977489410
1274968770084126720
1274968817081495557
1274969022057021440
1274969030856790017
1274969119536930816
1274969128894423041
1274969185181990912
1274969205625049089
1274969227997450240
1274969246079033346
1274969312013541376
1274969323715670026
1274969345626693632
1274969363339259905
1274969367776833536
1274969431366664197
1274969617241387009
1274969620160577536
1274969638007263232
1274969730785435649
1274969806727524352
1274969808111636481
1274969860825587714
1274969862033625088
1274969863757447169
1274969896733020160
1274969987766157312
1274970090035990531
1274970098881748993
1274970114169995264
1274970256042229761
1274970263294300163
1274970287121956864
1274970306969571334
1274970322400415745
1274970338108063745
1274970342776332288
1274970366033575937
1274970376406052866
1274970413085401090
1274970427283116033
1274970472548089856
1274970473017806848
1274970517359988737
1274970520811974658
1274970549245153291
1274970556736118788
1274970598725357568
1274970698444943360
1274970765914337280
1274970858373689344
1274970939944468480
1274970962300190720
1274970969690583043
1274971085696614400
1274971121008418816
1274971156811075591
1274971168462733314
1274971238708936706
1274971257264648192
1274971311392067585
1274971312562278400
1274971320493752321
1274971335605792769
1274971390064590848
1274971405650726913
1274971430199926784
1274971434297802752
1274971477427859457
1274971513461104641
1274971536747831296
1274971544985444356
1274971562505121792
1274971680327241731
1274971720764588032
1274971730054955010
1274971792176750593
1274971875035303938
1274971920623157264
1274971977434963973
1274972046011895808
1274972106279849986
1274972183119507457
1274972248554823680
1274972289726140424
1274972306138443778
1274972310051655681
1274972492457807873
1274972504604409860
1274972540168015872
1274972567871332352
1274972598179368960
1274972864614187008
1274972893131096065
1274972893177208832
1274972894196576261
1274972903910621184
1274972949485944833
1274972981773639680
1274973171846983691
1274973327656923138
1274973362197053440
1274973379955654657
1274973386620506112
1274973395877322754
1274973396325896192
1274973431579258880
1274973433756073985
1274973663863939073
1274973824262574081
1274973860526465025
1274973885604167680
1274973916084285441
1274973956764811266
1274974002679894016
1274974052126461952
1274974159173414912
1274974258977013760
1274974269034897408
1274974320591323136
1274974342414307331
1274974447334838273
1274974473284878336
1274974508789702658
1274974534945382401
1274974560035713031
1274974566868226049
1274974577135845383
1274974654604722177
1274974667975974912
1274974742546694144
1274974754982842368
1274974818824118272
1274974906409574402
1274974906443161600
1274974915783823361
1274974932263460864
1274974938206810112
1274974967797604353
1274974976060383233
1274975019144183808
1274975033165778946
1274975108696887301
1274975126208024576
1274975156935548928
1274975195661557760
1274975362339016705
1274975374447968256
1274975411399770112
1274975411424788481
1274975413983469568
1274975414365024263
1274975554102493185
1274975579524259840
1274975586205696001
1274975638408040448
1274975661606780930
1274975837079699456
1274975839453667329
1274975939970162689
1274975940653862913
1274976016939855873
1274976040759242752
1274976098586066949
1274976140675944449
1274976189640253441
1274976205763162117
1274976237677666304
1274976247639146496
1274976255327326216
1274976275287998468
1274976444549148674
1274976551168335873
1274976612522565637
1274976681212743680
1274976682038964224
1274976744664072193
1274976930450857984
1274977033047748608
1274977059593388033
1274977106242535424
1274977125611667456
1274977171258454016
1274977331141136384
1274977430474649600
1274977430650990592
1274977475559403521
1274977534459944960
1274977564952539136
1274977578957393920
1274977601594036224
1274977615535837184
1274977627925876736
1274977674625081344
1274977697442287616
1274977748239482880
1274977801389686788
1274977830615597057
1274977843936735233
1274977926165852160
1274977926421733376
1274977927260766210
1274977927860551680
1274977945073958912
1274978204831244293
1274978220832628736
1274978244555612160
1274978267540447232
1274978458721009664
1274978676485087238
1274978693924913152
1274978771955847174
1274978827069001730
1274978889794826251
1274978933063073793
1274979036574466048
1274979088307040256
1274979151104131072
1274979157185826819
1274979184453058560
1274979184662786060
1274979205806202880
1274979206171107328
1274979220117127170
1274979246453260290
1274979246457356294
1274979370273255424
1274979457380515841
1274979489035010048
1274979518218932224
1274979522711076864
1274979583998255104
1274979644639514624
1274979699190640640
1274979740701659137
1274979781726089217
1274979815804854272
1274979932276482048
1274979978980069376
1274979992330526721
1274980074832515072
1274980077281800192
1274980077810225155
1274980140183846913
1274980148127961088
1274980185658609664
1274980237802115074
1274980238657826816
1274980254269034496
1274980270379347968
1274980274955325440
1274980382371430400
1274980408124473346
1274980541343903746
1274980694549135360
1274980708637913098
1274980714635812864
1274980808856649733
1274980863005130752
1274980933871992833
1274980945712623618
1274981021549723648
1274981063782207488
1274981147848695808
1274981194950750209
1274981200935911424
1274981222092091393
1274981232678502400
1274981273749127175
1274981320398123008
1274981493560000512
1274981504502898688
1274981517652103168
1274981623142977536
1274981633142206465
1274981714599776257
1274981715870711808
1274981770849640448
1274981831092457473
1274981899983818752
1274981938311430144
1274981941301911552
1274981961237278720
1274981989435793409
1274982002379444224
1274982044637048833
1274982078350852096
1274982081647587328
1274982117076799495
1274982134311260160
1274982147158401024
1274982251969810433
1274982310195142657
1274982342088679425
1274982356902981634
1274982387928248320
1274982471067631618
1274982491301056513
1274982600533254150
1274982600973725696
1274982840015470592
1274982848781381632
1274982946215276544
1274982959326670849
1274982959355883522
1274982959490064384
1274982959926427650
1274982961193107456
1274982968780414976
1274982999273193474
1274983091682062336
1274983170228789249
1274983182094434304
1274983198645198853
1274983239778742278
1274983262063075328
1274983448864788483
1274983499230052352
1274983501603811330
1274983576333963264
1274983612329463809
1274983632738885632
1274983726057807873
1274983729509826564
1274983746698166281
1274983822015303680
1274983848842067970
1274983890495705094
1274983900834652160
1274984229798100992
1274984240208211969
1274984337310715904
1274984374543560704
1274984418734673920
1274984450552664064
1274984486237810689
1274984494777413634
1274984500578193410
1274984625190981641
1274984628227637250
1274984721127108611
1274984793495789569
1274984806414237696
1274984817231306752
1274984839876354048
1274984905223614466
1274984949884563456
1274984978867159046
1274985016389439488
1274985023851110408
1274985039508504580
1274985330094018560
1274985350868488192
1274985407600627713
1274985469844086785
1274985489276325888
1274985553633726464
1274985657098735617
1274985661687386113
1274985750921203714
1274985767434170368
1274985813491748865
1274985823419629568
1274985846337409025
1274985928306671616
1274985992538124288
1274986000314327040
1274986119214567424
1274986228044238849
1274986241881264130
1274986245651742721
1274986256624123904
1274986274915528706
1274986293072707584
1274986300899299329
1274986337154871296
1274986440921939968
1274986441806921736
1274986544651173890
1274986569238220800
1274986634572967936
1274986671113674752
1274986732228919296
1274986734392995844
1274986753917620226
1274986762402697217
1274986787241410560
1274986814282043394
1274986850365702144
1274986858561310721
1274986911053107202
1274986971736281089
1274987015491076098
1274987030812950528
1274987094100848641
1274987163055243264
1274987180256043009
1274987199969230853
1274987232768790529
1274987273746972677
1274987294592811008
1274987313039278081
1274987418035400706
1274987464130781185
1274987502277996544
1274987585610354690
1274987623237517312
1274987637510672384
1274987656951279617
1274987674219286528
1274987949671813128
1274987967745011713
1274988030915379201
1274988050523791360
1274988062280466432
1274988128676315146
1274988249652563969
1274988282749820928
1274988304165933056
1274988429491740673
1274988439230976001
1274988440799633409
1274988501822582784
1274988522462605312
1274988523117051904
1274988545816616966
1274988799047741440
1274988863279202304
1274989004228870150
1274989009740001281
1274989010289430531
1274989013598982144
1274989013695225857
1274989122646671360
1274989202871128064
1274989211838529537
1274989228619898880
1274989260664381440
1274989262040190976
1274989263038361601
1274989265554935810
1274989269359251456
1274989273184337920
1274989277332615168
1274989344957349889
1274989376485969920
1274989449944936449
1274989577678266368
1274989583755862016
1274989600595992576
1274989631210225664
1274989779969552384
1274989843471388681
1274989973536681990
1274989983179341824
1274990009758646272
1274990022559764480
1274990035109056517
1274990068130877440
1274990141908627457
1274990146367172608
1274990238931263488
1274990266362015744
1274990331717713920
1274990339053346816
1274990339598823424
1274990357369978881
1274990400646909953
1274990429566615552
1274990437636485120
1274990487682891779
1274990500156768263
1274990510956929026
1274990513058394112
1274990513167400967
1274990537481871361
1274990554049323008
1274990600933257219
1274990631132299264
1274990648731602944
1274990662254018567
1274990668092489736
1274990701596553217
1274990755900264451
1274990764909608960
1274990772803305472
1274990860627779584
1274990880529752064
1274990921541726208
1274990941695344643
1274990959969931266
1274990984649224199
1274990992408616960
1274991148663095296
1274991150617604096
1274991155080499203
1274991170830184451
1274991202668933120
1274991219987357699
1274991241852264448
1274991302233526272
1274991317068787712
1274991373993807873
1274991396299190272
1274991473470169088
1274991495679008769
1274991517095133184
1274991575240671233
1274991617926139906
1274991760415117316
1274991783328591873
1274991787820670976
1274991807575871488
1274991857836142601
1274991917240066048
1274991937095905286
1274991964069429248
1274991972432969728
1274992019090391041
1274992028401766400
1274992056591622145
1274992166813786113
1274992302562463745
1274992333965099014
1274992407277428737
1274992522536902658
1274992572667170824
1274992578790817795
1274992591428300800
1274992613519654918
1274992652329652225
1274992762828533761
1274992824799367173
1274992841215946752
1274992858773303300
1274992965686001664
1274992999219580928
1274993011127193602
1274993011466866691
1274993025865756675
1274993040541786112
1274993162226892800
1274993173543223298
1274993239347597316
1274993246524125184
1274993256401711108
1274993277624709122
1274993288001421312
1274993370679709697
1274993513374126081
1274993537961078792
1274993613534085123
1274993620647641088
1274993651567951872
1274993826168483842
1274993847966355456
1274993850466160640
1274993874138804224
1274993886369325056
1274994011837804545
1274994056637054979
1274994062643339264
1274994090329935875
1274994147963875328
1274994202573705220
1274994237508067329
1274994283406413826
1274994298736513024
1274994305845866496
1274994308219879424
1274994392382791682
1274994407368994817
1274994531856003073
1274994550944043009
1274994638529728512
1274994683903606784
1274994692569083904
1274994815462187008
1274994920512647169
1274994930360946689
1274994987688656896
1274995020391743493
1274995040885104654
1274995061990842372
1274995094605705216
1274995105599049734
1274995107553579008
1274995110787366913
1274995155095953412
1274995159588012032
1274995163774025730
1274995275011153921
1274995299992428544
1274995456775520257
1274995473217191941
1274995715903807488
1274995745117126656
1274995794072895488
1274995842462748674
1274995852122169347
1274995869792731136
1274995920468430848
1274996010486464518
1274996036289859592
1274996045705998341
1274996068866981889
1274996074021879809
1274996098453647360
1274996114899468288
1274996121849470977
1274996434115244032
1274996439828041730
1274996451026841600
1274996470815522816
1274996483679563776
1274996489031475200
1274996564512116736
1274996582803480576
1274996617377132547
1274996711547699204
1274996713946853377
1274996820201046017
1274996857819656193
1274996858843168769
1274996890346668032
1274996917576126465
1274996931450863618
1274996967832158209
1274996970776662016
1274997060459270144
1274997190599962624
1274997258883411968
1274997291066306561
1274997303980568579
1274997304060076032
1274997315040919553
1274997461027880961
1274997464790192128
1274997481927999489
1274997500995346434
1274997540249894913
1274997552434249730
1274997611645284352
1274997635942932480
1274997695069843457
1274997799759855617
1274997820618145794
1274997865954381825
1274997943246995456
1274997953489514496
1274997967527821312
1274998058812616712
1274998058955096065
1274998059626303488
1274998086956392450
1274998095101792266
1274998095588327425
1274998101825159168
1274998140245082112
1274998158821654531
1274998197866229761
1274998288580849665
1274998323569713154
1274998386702331904
1274998397288828928
1274998424706912256
1274998570022731777
1274998585311010821
1274998702206332928
1274998925003546639
1274999017957658624
1274999018632941569
1274999047812767757
1274999081241317377
1274999099977318400
1274999125671632896
1274999173356621824
1274999198765760512
1274999216855711749
1274999219405938688
1274999267724349441
1274999392119001094
1274999594108227584
1274999615482482688
1274999621689970695
1274999711603126278
1274999712475742210
1274999725197058048
1274999737549283330
1274999745711345665
1274999746600620033
1274999757770043392
1274999864368209922
1274999895963901953
1274999911055085574
1274999933242875904
1274999983540826112
1274999986833494016
1275000067737477120
1275000081087954946
1275000082354434048
1275000342049099777
1275000356653727746
1275000471342780418
1275000504691699714
1275000587189395456
1275000605921116161
1275000693963792384
1275000732798853121
1275000811236610050
1275000860704202752
1275000888109731841
1275000911081938945
1275000939129253889
1275001078803607554
1275001166246658050
1275001265584574465
1275001385461911553
1275001464054779904
1275001509881753604
1275001523815268352
1275001550835003392
1275001613309161474
1275001720343416834
1275001752660647938
1275001759338049546
1275001763310026756
1275001833770094593
1275001863562301440
1275001898077216769
1275001907224940544
1275002009800912896
1275002084170108928
1275002091745038336
1275002128147283971
1275002148275789828
1275002151224344576
1275002219285434376
1275002237455040515
1275002304136126464
1275002380996747264
1275002389972615169
1275002455898697729
1275002462823485440
1275002471656689664
1275002533573005322
1275002601331806209
1275002608529412096
1275002613705183233
1275002648253673472
1275002666746294273
1275002675646681088
1275002685150957577
1275002722886901760
1275002723415527429
1275002726167072768
1275002727165280257
1275002776414834700
1275003008762482688
1275003085853724672
1275003092992438273
1275003097635590144
1275003102438006786
1275003102446399491
1275003116061110272
1275003171425923072
1275003178250113024
1275003178765946886
1275003277139206149
1275003294725832710
1275003372094005248
1275003410312544256
1275003432257171456
1275003546958790657
1275003547743064064
1275003565107486730
1275003582362853377
1275003585072435202
1275003657910697985
1275003664936185858
1275003721374674950
1275003777414725638
1275003794372341760
1275003862093402113
1275003863163076609
1275003923775000578
1275003988644114432
1275004032436887552
1275004112770392065
1275004151399878657
1275004158018555906
1275004169791963136
1275004230630354944
1275004350323138562
1275004350444658689
1275004369256288256
1275004388336074757
1275004396250726411
1275004440945332224
1275004465662345216
1275004505667575810
1275004550806745095
1275004593819340800
1275004612374863873
1275004664677830664
1275004739160141825
1275004745577566209
1275004790813138945
1275004890364944384
1275004961127088128
1275005012234637315
1275005106799460352
1275005249074462720
1275005326706737154
1275005367303286784
1275005387058659331
1275005496605491205
1275005508735377420
1275005534178082816
1275005562456027136
1275005589047910400
1275005608622796800
1275005610522636290
1275005610862444544
1275005610900238341
1275005612607311872
1275005613358153729
1275005619829968896
1275005699186208772
1275005709357387776
1275005712448598016
1275005725694136322
1275005739816439810
1275005758422294528
1275005860281036801
1275005860549464069
1275005899195678720
1275005905344630785
1275005909824126976
1275005909895389186
1275005929843576832
1275005955974017024
1275005981991239682
1275006015185051648
1275006124832567296
1275006150707236864
1275006173620690944
1275006269372477443
1275006282429272073
1275006398259245056
1275006470589988864
1275006503460601857
1275006539808595973
1275006548499140610
1275006587841712136
1275006628622938112
1275006671853666310
1275006699041107968
1275006712022544396
1275006834944937984
1275006865588531203
1275006887881256960
1275006917878964226
1275006995670630401
1275007054516760576
1275007135353573377
1275007159319789568
1275007221508845568
1275007276550668289
1275007387515174913
1275007388584738817
1275007402912264192
1275007470474321921
1275007477000658945
1275007486391660550
1275007513688186880
1275007608227860481
1275007626439524352
1275007638133190656
1275007663227756544
1275007807935447042
1275007881155358722
1275007925854101504
1275007935584837632
1275007963632107521
1275007966564024320
1275007982800076801
1275008013619920902
1275008022822244353
1275008070272331781
1275008091986239489
1275008129932103683
1275008173309657088
1275008186983100417
1275008187062763525
1275008261691969538
1275008340393943040
1275008390708768769
1275008440579100673
1275008462896988160
1275008475022741509
1275008476310274055
1275008527740874763
1275008555691716610
1275008631486976002
1275008638709649408
1275008694661644289
1275008715087925248
1275008738555027468
1275008796851679232
1275008830229876736
1275008851985784838
1275008882306420736
1275008931044093952
1275008933405605888
1275009029396475906
1275009074405552137
1275009081372299269
1275009132060237828
1275009172774543360
1275009383873691648
1275009392254074882
1275009401133375488
1275009428962586625
1275009475049644034
1275009487242477568
1275009505068290049
1275009724489052161
1275009754314813452
1275009881460932608
1275010015632465920
1275010037346455554
1275010065012011017
1275010079784415232
1275010353915662336
1275010451311558660
1275010574049587206
1275010587064492033
1275010622137282567
1275010663375605762
1275010760582860800
1275010781055119361
1275010803431866375
1275010807659724803
1275010876731523073
1275010926077304832
1275010949548781569
1275010951964692482
1275010969522122752
1275010976786636800
1275011063466074112
1275011145221443594
1275011160115470338
1275011214574321664
1275011253208076289
1275011260279554049
1275011266495557632
1275011266621444102
1275011287659900929
1275011351140761600
1275011399513767936
1275011403036966912
1275011605672210432
1275011662890835968
1275011665369739270
1275011700488581120
1275011724777840640
1275011730993799170
1275011760567828484
1275011789110104071
1275011789198155778
1275011802351513600
1275011874417934338
1275011893082685442
1275012003858448384
1275012038381703169
1275012041082916865
1275012157541879811
1275012179348131840
1275012198386094082
1275012246276640768
1275012287481421838
1275012466469212160
1275012511591514113
1275012561663143936
1275012609474023425
1275012646979371009
1275012654843772928
1275012655766519809
1275012663320379392
1275012666822623232
1275012673185423360
1275012777208315909
1275012858166808579
1275012864781307906
1275013020360548360
1275013066082705409
1275013158378364928
1275013158399291392
1275013158524993536
1275013159175122945
1275013159460302848
1275013183032492035
1275013209305612289
1275013259901440000
1275013281904812034
1275013371507679241
1275013402503585793
1275013435663802368
1275013448452247552
1275013457314709505
1275013470237442051
1275013487119433728
1275013493834559488
1275013524763353101
1275013532011110400
1275013590928560135
1275013615418892289
1275013655508156418
1275013708956262403
1275013713972670464
1275013715696529408
1275013746642104322
1275013749917843456
1275013775809273856
1275013783967145985
1275013888245936128
1275013897435721729
1275013909733400576
1275013936535003136
1275014017178906624
1275014081620082694
1275014101907931136
1275014163748868096
1275014175094222849
1275014194081878016
1275014226998956033
1275014234888339456
1275014250466066433
1275014259198615552
1275014346553397253
1275014375829639168
1275014529030774784
1275014625248063493
1275014726007865344
1275014737017876483
1275014865019682817
1275014920216535040
1275014932069642246
1275014967620763650
1275014968627408896
1275014994812338176
1275015008620068865
1275015012076212225
1275015035442561024
1275015036155691013
1275015089838530560
1275015136412123137
1275015172772552705
1275015203676094464
1275015244151128066
1275015293882990593
1275015407628419073
1275015431804407808
1275015433398054914
1275015507838734336
1275015556064821248
1275015628533968896
1275015675019292674
1275015675082407939
1275015675090571265
1275015678148386816
1275015697647706113
1275015885485375488
1275015899473461254
1275015907325116416
1275015965617664000
1275015981681782784
1275016039202541569
1275016156911415297
1275016191455703041
1275016252533149699
1275016300885139456
1275016352588333057
1275016360666501120
1275016362096803846
1275016365968162824
1275016434192650240
1275016434633113600
1275016463674413056
1275016499430936583
1275016512311525377
1275016541168455680
1275016551889018880
1275016552195244034
1275016741068955649
1275016819607244802
1275016864536682496
1275016878138720262
1275016897197682689
1275016901329063936
1275016912146235392
1275016921738608641
1275016924544499719
1275016936599048193
1275016940411650049
1275016940977823744
1275016978764365826
1275016979703889923
1275016987945598978
1275017002235695107
1275017031558053888
1275017055058776064
1275017157454200832
1275017176257355776
1275017217218928640
1275017281043599362
1275017343119261696
1275017419082391552
1275017463055503361
1275017537160347650
1275017554138988547
1275017555875414027
1275017565639708678
1275017650847047683
1275017736721137666
1275017796217257984
1275017875800100865
1275017889343574016
1275017939738136581
1275018029680771074
1275018104247115783
1275018119916945413
1275018202532249601
1275018223298187264
1275018311009533953
1275018314511769602
1275018319674966016
1275018330617806848
1275018331368628231
1275018409282068492
1275018472431517696
1275018502919933963
1275018602379390976
1275018613288820736
1275018673498075140
1275018674756136960
1275018703587938305
1275018757061083136
1275018800971341825
1275018814380544001
1275018946635128832
1275018969309687809
1275019010644549632
1275019022640259075
1275019043804717058
1275019157076094978
1275019178936852481
1275019207747477511
1275019249082392578
1275019353839357955
1275019391072178182
1275019468884844545
1275019483653029893
1275019484298973190
1275019605598261259
1275019658425438208
1275019665593556993
1275019668634439692
1275019677094330369
1275019696283291648
1275019701521993731
1275019817146290177
1275019975368093696
1275019981164548107
1275019993017614336
1275020013724893184
1275020090346557441
1275020099343319040
1275020189990637575
1275020191190208521
1275020203424972802
1275020223897317378
1275020250380144641
1275020263076356096
1275020315060559874
1275020354474344449
1275020360719699968
1275020459818573824
1275020477250109442
1275020479779295232
1275020480500699138
1275020519457292293
1275020526151442432
1275020586943754244
1275020659727437824
1275020695227990016
1275020707756376065
1275020708033290240
1275020709128024064
1275020709409050624
1275020713804488705
1275020721211740161
1275020733928873984
1275020766329876480
1275020771103039489
1275020803587944450
1275020833510043648
1275020893664817152
1275020894314921985
1275020907979907072
1275020970554605569
1275020982395207680
1275020987109707782
1275021030206160897
1275021032802390017
1275021073256505347
1275021194929020929
1275021210326306819
1275021211970371585
1275021222107951104
1275021224238858241
1275021246141513728
1275021267251474439
1275021268325150722
1275021283613433857
1275021292341731330
1275021320204533777
1275021347572404226
1275021352731381760
1275021449670074368
1275021463469211649
1275021474177351689
1275021557778259976
1275021601650749441
1275021613533184003
1275021647825829889
1275021728478003200
1275021729383972865
1275021750741471232
1275021758186348544
1275021763768913920
1275021789937139712
1275021866101596160
1275021898905194499
1275021966743760896
1275021978647310337
1275021981864333312
1275021988361371648
1275021990764654592
1275021995214868481
1275022038172868613
1275022060096544768
1275022084620660737
1275022162798219264
1275022191399223309
1275022234629795841
1275022246650806274
1275022254670299137
1275022285481619456
1275022294612611078
1275022312216109073
1275022312807464971
1275022349419626497
1275022359192313858
1275022424334008323
1275022479900065792
1275022491216416769
1275022606694039561
1275022632828710913
1275022681696501760
1275022795685146625
1275022797018935296
1275022814840578056
1275022831617785859
1275022865444810758
1275022911842156544
1275022920365064192
1275022974043774979
1275022988220534785
1275023038820614144
1275023044139012097
1275023060261797888
1275023117287489536
1275023123646164992
1275023174284054530
1275023225072889856
1275023261454274565
1275023268748165121
1275023280932564992
1275023309672009729
1275023385848877056
1275023484989702151
1275023515931074560
1275023595929034761
1275023600945373184
1275023611460386816
1275023676891639808
1275023769313181696
1275023778834194433
1275023810538979328
1275023829375553543
1275023940906373120
1275023959168294913
1275024159786127361
1275024174067712000
1275024272394784770
1275024348676526080
1275024365134974976
1275024387717181440
1275024474425917440
1275024516801011712
1275024551034880009
1275024663173873665
1275024747609427969
1275024855776276480
1275024910826512386
1275024924340621316
1275024986516803586
1275024992774864903
1275025026312540162
1275025059535519747
1275025078200217620
1275025146047270912
1275025154666573825
1275025156902092801
1275025157229367296
1275025198744469505
1275025259285094400
1275025291618942981
1275025294718631937
1275025316914831362
1275025340071587844
1275025493507670016
1275025599791276033
1275025692477005825
1275025699615711232
1275025744977068042
1275025763406938112
1275025766598803456
1275025800580993025
1275025897104592896
1275026021050392578
1275026066030178304
1275026136171503617
1275026150935400449
1275026289632608257
1275026347216306178
1275026348206108673
1275026373015482368
1275026402417553415
1275026434038419456
1275026436756291592
1275026467605426176
1275026492918038528
1275026531765583873
1275026707410554880
1275026713295101954
1275026788230430720
1275026798649229312
1275026810187714561
1275026821696958464
1275026862964703234
1275026882031951873
1275026887018872833
1275026905394221056
1275026940123021312
1275026945412075521
1275026999933796353
1275027057387462656
1275027105789677568
1275027151235014656
1275027171841658880
1275027191785500673
1275027310635352065
1275027322882732033
1275027334559666183
1275027392323629059
1275027464473935872
1275027558942334978
1275027588826771456
1275027723489021952
1275027746679410702
1275027763326582785
1275027814580977667
1275027922705960973
1275027942284898304
1275027944654725120
1275028013864927232
1275028075076620288
1275028156722876421
1275028181687447552
1275028201669001218
1275028212729380864
1275028259906957312
1275028261085609984
1275028273907535875
1275028285144158208
1275028290198257665
1275028304047812608
1275028341586878464
1275028344518647809
1275028391859798019
1275028397064744960
1275028397803147266
1275028408800591872
1275028420028706818
1275028473959104512
1275028514899660805
1275028518171144192
1275028524122988550
1275028533132304384
1275028652200247296
1275028690288730112
1275028714137563142
1275028757582151681
1275028761323266048
1275028776188088320
1275028798141091840
1275028814482018306
1275028822023376900
1275028883180568581
1275029044497539073
1275029047680987137
1275029141960736769
1275029209753235457
1275029286999777284
1275029397100277772
1275029461772140544
1275029472408977408
1275029507037188096
1275029526188298241
1275029548904722433
1275029579829317633
1275029601782284288
1275029607419449349
1275029608614805505
1275029611802476544
1275029636884451328
1275029637115109379
1275029661928521729
1275029662729752577
1275029688453345282
1275029730945896449
1275029767469793283
1275029804069253120
1275029842338238469
1275029850898804737
1275029865243250693
1275029893957537796
1275029896289533954
1275029913293250560
1275029926526230528
1275029948789592065
1275029959560626176
1275029974844669952
1275029980968345601
1275029991328296961
1275030064682414080
1275030174409555968
1275030297873125379
1275030352894009344
1275030358367645696
1275030371634163717
1275030380811354113
1275030432552235009
1275030500281856001
1275030519647023104
1275030604027961347
1275030653570920448
1275030716968026112
1275030719945981954
1275030724157026305
1275030759255015424
1275030774346125312
1275030774434000897
1275030774551588864
1275030807594205188
1275030817849344002
1275030828842725379
1275030838606954501
1275030859066888196
1275030877978931200
1275030905158057985
1275030927933128704
1275030933683548160
1275030942097330176
1275030980194177024
1275031188739182598
1275031214613815296
1275031250668044293
1275031300781436933
1275031305126699008
1275031320771670021
1275031370474151938
1275031397112205316
1275031493883109377
1275031534169460736
1275031541324939264
1275031580818452482
1275031597029437450
1275031630676140032
1275031649282134016
1275031650871783425
1275031679829147648
1275031766219264006
1275031781230567425
1275031802168688640
1275031812226588673
1275031829297446919
1275031832715763712
1275031923707043847
1275031943785168896
1275032004296208384
1275032033505562624
1275032048500080640
1275032049049571328
1275032056871845888
1275032058335842304
1275032125184630784
1275032135951355904
1275032142309928960
1275032203660070930
1275032226443464705
1275032292310876161
1275032302502981632
1275032303387815937
1275032342168469505
1275032403246026753
1275032447001001984
1275032534867460097
1275032572058206208
1275032594757926914
1275032668732874753
1275032685904347137
1275032701414912000
1275032783585509376
1275032801000271872
1275032820533071876
1275032922953641985
1275032924568514561
1275032924761407489
1275032925579341824
1275032925591924736
1275032925822582784
1275032963059781632
1275033054059339784
1275033069028769792
1275033087014055936
1275033098326102016
1275033117364039680
1275033140050956289
1275033145469960193
1275033163002150912
1275033175622746117
1275033214327939072
1275033224037773312
1275033304820060161
1275033356707737601
1275033414362677251
1275033431227928576
1275033453558411266
1275033459992510466
1275033466950889473
1275033469958197249
1275033476031483907
1275033509745381376
1275033542737555456
1275033547590467584
1275033618788859904
1275033681359335424
1275033691618791425
1275033706047168512
1275033714418946050
1275033731963781121
1275033733867978752
1275033751345561600
1275033802784604166
1275033808774074368
1275033830907396099
1275033835491725313
1275033877900341254
1275033911383535617
1275034046054240256
1275034097925206017
1275034101456789504
1275034156817420288
1275034179617652736
1275034266586447872
1275034397490765825
1275034404142878720
1275034484140904448
1275034509080133636
1275034583277469696
1275034619214258181
1275034706694803462
1275034744640724992
1275034764626530304
1275034803251920896
1275034811493748736
1275034816073826304
1275034912354177029
1275034932016971777
1275035053450461185
1275035053886750720
1275035055472214016
1275035064049557505
1275035151555330049
1275035166088495105
1275035219515580416
1275035221751185410
1275035249156796417
1275035312754999296
1275035368329486339
1275035407936360449
1275035433198596097
1275035515566391296
1275035518393253889
1275035540019195904
1275035716750397440
1275035808202805248
1275035808513261568
1275035811067633665
1275035824581750784
1275035834648072192
1275035835122036737
1275035842239700995
1275035866600259586
1275035936536121344
1275035942034853889
1275035967523565568
1275035971915038720
1275035995210162178
1275035996380450816
1275035998943154176
1275036002210451460
1275036021516877825
1275036041485967360
1275036042261925888
1275036044077957121
1275036045084692486
1275036059689082882
1275036124864446466
1275036145227894784
1275036158582558721
1275036175837904896
1275036200219348994
1275036220477800453
1275036232666529793
1275036288534618117
1275036376522776582
1275036405400469504
1275036466587058178
1275036565719392257
1275036571536961536
1275036635634323456
1275036654793883648
1275036656240939010
1275036660229713920
1275036688868347904
1275036714357133317
1275036748456787970
1275036765930299392
1275036804064972801
1275036814517186560
1275036832435187712
1275036921035702273
1275036961548492801
1275037000899399681
1275037080494706695
1275037143962808322
1275037192746938369
1275037232420786182
1275037243959324673
1275037266579263490
1275037293611540483
1275037326150971394
1275037329833504769
1275037421776887808
1275037505948180480
1275037545907322884
1275037575196086273
1275037577091964930
1275037935994310656
1275037968311468033
1275037983805190144
1275038034573103104
1275038067724820481
1275038126457659392
1275038211522387970
1275038215234150400
1275038324349116418
1275038345480015872
1275038379969777667
1275038436433559553
1275038607959625729
1275038668449886208
1275038796686467072
1275038807868542981
1275038819759374336
1275038869222756353
1275038903611899906
1275038913430728708
1275038920040906757
1275038928920338435
1275038959022768130
1275039011367784448
1275039031718481920
1275039234500550656
1275039256923246594
1275039281388625925
1275039334526222337
1275039376842637315
1275039431385321472
1275039582598434817
1275039582820749314
1275039583017660419
1275039583667961857
1275039638600777728
1275039642245574657
1275039685887344640
1275039739624722435
1275039750794199041
1275039796310745090
1275039815780765704
1275039819224227844
1275039870965202944
1275039909414350850
1275039926157967360
1275039961327251457
1275039969908793346
1275040130030592005
1275040162586808321
1275040166311333888
1275040219394453506
1275040247173300224
1275040253229838337
1275040254534258688
1275040331185209345
1275040354186801153
1275040399569096704
1275040545795125248
1275040577986473987
1275040589487071233
1275040592909697024
1275040620730626048
1275040631770034177
1275040674451259403
1275040868668526592
1275040885504425996
1275040985119166470
1275041029922709504
1275041092463886336
1275041105302769665
1275041132075003904
1275041138051858432
1275041149871366145
1275041184143085569
1275041253705515009
1275041258944319493
1275041297842286592
1275041377768869889
1275041391006175233
1275041435268628480
1275041438670172162
1275041438842191874
1275041470949593088
1275041577489104898
1275041605276151808
1275041605355884545
1275041606698033152
1275041687287533568
1275041693469937664
1275041707051057152
1275041734272208896
1275041857001717761
1275041888136019968
1275041917798158341
1275041961351806978
1275042021733019648
1275042111893708800
1275042130046717954
1275042165173952514
1275042232089878529
1275042232538730502
1275042236510724096
1275042305255374850
1275042365900754948
1275042380929019904
1275042395986558978
1275042403225939973
1275042415087419392
1275042451473006594
1275042456195731457
1275042506137354240
1275042506665857024
1275042626467704833
1275042739776819205
1275042804469837825
1275042854277009409
1275042879468195841
1275042913274257412
1275042999660154880
1275043004294799362
1275043084267671554
1275043182422654976
1275043217789108224
1275043267512500224
1275043358344241152
1275043359321550848
1275043361041403906
1275043378691014656
1275043388635701248
1275043401684209664
1275043418444611584
1275043494856404993
1275043495447691266
1275043498991984644
1275043512686448640
1275043671986049025
1275043957131575297
1275044061490155521
1275044061972500481
1275044120868859908
1275044125381967873
1275044146105835520
1275044160286928899
1275044175520641025
1275044187516395526
1275044199239426049
1275044257003429895
1275044260715417601
1275044263642959872
1275044364042080257
1275044365514215425
1275044396031975425
1275044476138983426
1275044492341633024
1275044591276875779
1275044595613786112
1275044601900998658
1275044623635943425
1275044696637747200
1275044758788997123
1275044823142203394
1275044823444135938
1275044866368700416
1275044867790573568
1275044896546709505
1275044928247250945
1275044958383353859
1275044967149383683
1275044970928451584
1275044972501311490
1275045007355809795
1275045043166994434
1275045055707971584
1275045144685838338
1275045164050984960
1275045365968928773
1275045389436162051
1275045524912181248
1275045576363716610
1275045580755087361
1275045629882961921
1275045663370330113
1275045666939703297
1275045675693150210
1275045807381676032
1275045874125533191
1275045874129747969
1275045889942466561
1275045915389280259
1275045949409280000
1275046008632852481
1275046080565174272
1275046122504028160
1275046144834494464
1275046155294998531
1275046174479745024
1275046221351092224
1275046254372966400
1275046320529645568
1275046352096047104
1275046390167732224
1275046454072086528
1275046525190750208
1275046544409014274
1275046565728714754
1275046607822770180
1275046613317287940
1275046627569532928
1275046691780145153
1275046739309998081
1275046750420701186
1275046755428687872
1275046780154138625
1275046797304565762
1275046870885240835
1275046874773442560
1275046892104232960
1275046900757078023
1275046904976429059
1275046953290784768
1275046954880446464
1275047031338393600
1275047111432773632
1275047180848504834
1275047272112369664
1275047274737995778
1275047353167294467
1275047368837169153
1275047384347639809
1275047498462224384
1275047601432387584
1275047667047907328
1275047699944005634
1275047712677912577
1275047724614848515
1275047793166626816
1275047877715337216
1275047887307587586
1275047915791233025
1275047979154649088
1275048005448667136
1275048006690246656
1275048052345073664
1275048064881963011
1275048238710689792
1275048406650626049
1275048415437692928
1275048423616634880
1275048666018037763
1275048667452497920
1275048724738322434
1275048759219687426
1275048763929878528
1275048767557906432
1275048809194758148
1275048820787773441
1275048826303381509
1275048831839846400
1275048842824749057
1275048851234271233
1275048863964028928
1275048891092799488
1275048911988817924
1275048924798242820
1275048936391278592
1275049186988359680
1275049226079293441
1275049388482715651
1275049436440297477
1275049606519427076
1275049622457790469
1275049642049372160
1275049648902864898
1275049650106576896
1275049683216367619
1275049750614757383
1275049772622233600
1275049790406045696
1275049846429409280
1275049864834027521
1275049939354226689
1275049962141888512
1275049977404932096
1275050048792023040
1275050055855230976
1275050188411998209
1275050195408039936
1275050282078990338
1275050354477084673
1275050486991933440
1275050523025162242
1275050573524611072
1275050770644324356
1275050816488038402
1275050906724306947
1275050907605053442
1275050908498268160
1275050909098074114
1275050910788530178
1275050966426046464
1275051025527963648
1275051069605904384
1275051076077654017
1275051076258074626
1275051085263253504
1275051099209285634
1275051104179453959
1275051175918866432
1275051195128823808
1275051196571693057
1275051210006056967
1275051340071395328
1275051343930163200
1275051365572755458
1275051410980319233
1275051581147418624
1275051750400176128
1275051809669812225
1275051908781297664
1275051917920612352
1275051954562109440
1275052083797012480
1275052139677511681
1275052166714187778
1275052278144274433
1275052305289605121
1275052399590326274
1275052401289035776
1275052402513715202
1275052454443454465
1275052458604191747
1275052488010485760
1275052582457749504
1275052590863192066
1275052633678647303
1275052689286729728
1275052696622575620
1275052731707920384
1275052895122198531
1275052920124383232
1275052965435518977
1275052979461160960
1275053000554397696
1275053085946241025
1275053334408433667
1275053407959764994
1275053450720694273
1275053487810842624
1275053630404677633
1275053766337757186
1275053822906335232
1275053827344007171
1275053837477388288
1275053944927064067
1275053988531056643
1275053993622937600
1275054037193326593
1275054038573293568
1275054048450957312
1275054216818634752
1275054404396290048
1275054467113762821
1275054482116788224
1275054523405471744
1275054523539742721
1275054541646565377
1275054653877690369
1275054689420115968
1275054694524747777
1275054694696509442
1275054694868455424
1275054701726314498
1275054771863420929
1275054778226282497
1275054952193429504
1275054954328272899
1275055086805356545
1275055089015599105
1275055186499829760
1275055291734937602
1275055318981115905
1275055452091531264
1275055498866446336
1275055509142470658
1275055567535435779
1275055568244355072
1275055569687240704
1275055649412526081
1275055829717266438
1275055959551991808
1275056030611898369
1275056204046360576
1275056341527060480
1275056395822366720
1275056463694577667
1275056516522008576
1275056560759205889
1275056593483075586
1275056725008224257
1275056847276265472
1275056988523687936
1275057031003734018
1275057128957501440
1275057175467929608
1275057198591246336
1275057216673009666
1275057315402575880
1275057359216205833
1275057488983965696
1275057602423074816
1275057636598116356
1275057705892245505
1275057727371272199
1275057735114133504
1275057757721370626
1275057775647830016
1275057826595917827
1275057949103263745
1275058108427956234
1275058152317366272
1275058242637271040
1275058253412605952
1275058287281672192
1275058311193296897
1275058400817115139
1275058458581229568
1275058458648358912
1275058458992062465
1275058459336040453
1275058459420037120
1275058480295149570
1275058519000129536
1275058528835768324
1275058556476313600
1275058565481455618
1275058589401600000
1275058729872814085
1275058734079922177
1275058770318626816
1275058777859911681
1275058860328394752
1275058869178298369
1275058872848269314
1275058888312786944
1275058904934711296
1275059034702245888
1275059072413229058
1275059083863678977
1275059095624548354
1275059120161189895
1275059228269576192
1275059343935672321
1275059560131198976
1275059611406483456
1275059623125348352
1275059656738713600
1275059728482213888
1275059914759499776
1275059943868174336
1275059956610285572
1275059994191294467
1275060064215109632
1275060142317473792
1275060304225828865
1275060357971587076
1275060380037857282
1275060443749380096
1275060446760820736
1275060479946358784
1275060571050663941
1275060578231312389
1275060591271350272
1275060604563161092
1275060685353791488
1275060707852091393
1275060712377741315
1275060761933430785
1275060913079549952
1275060934721986561
1275060957945884672
1275060973615804416
1275060973657714688
1275060973934538754
1275061063629721600
1275061066871877633
1275061169342963715
1275061174900371464
1275061210119995392
1275061215593553923
1275061281591001088
1275061396493877248
1275061426592178183
1275061438898290694
1275061474499547136
1275061485656555520
1275061493008969728
1275061535493156865
1275061606389477376
1275061618397732869
1275061677273186306
1275061678980296711
1275061717521690629
1275061737956372481
1275061841782116353
1275061865274466304
1275062026969235456
1275062236797526016
1275062247794999296
1275062251708272642
1275062298420355073
1275062314970955776
1275062366334382087
1275062456188932096
1275062544848191489
1275062640906088453
1275062685730615297
1275062696212262919
1275062707738349569
1275062714109292556
1275062983446552579
1275062996356575234
1275063055424995330
1275063069236793351
1275063077080162309
1275063111989383172
1275063330177052681
1275063515544346626
1275063592002322432
1275063658381340673
1275063979493097476
1275064041312927744
1275064109315190785
1275064156186607616
1275064198112804868
1275064209374494723
1275064298641911816
1275064512400355329
1275064551956819971
1275064781896994821
1275064865007169547
1275064891489935369
1275064941662232579
1275064969332011009
1275065029847441408
1275065130129055744
1275065172852224008
1275065242632871937
1275065354402713601
1275065377957896195
1275065385700610048
1275065489757102081
1275065525484187650
1275065751095762945
1275065759304040448
1275065772805505024
1275065794729136128
1275065858654535680
1275065867684859904
1275065872311152643
1275065896017354752
1275065943287189504
1275065951872937990
1275065957233262595
1275066006554230784
1275066008575729664
1275066009720885249
1275066011570618369
1275066011771904000
1275066012195418114
1275066014405804041
1275066052653678595
1275066053148602368
1275066061767888896
1275066109209636864
1275066179577499650
1275066218223820801
1275066220996259841
1275066258506100736
1275066258979909637
1275066297710084099
1275066318127943680
1275066332447338497
1275066396297187333
1275066412533313538
1275066510252400640
1275066619044040704
1275066633766068226
1275066651059171331
1275066668520095747
1275066937257541635
1275067078978842629
1275067259006771202
1275067291240030211
1275067332151275520
1275067344029548547
1275067364803874817
1275067432630018049
1275067543212851204
1275067651505549312
1275067772767105036
1275068347667738626
1275068453448110083
1275068459798286339
1275068470921584640
1275068523472011264
1275068525229469696
1275068562017665024
1275068663251386371
1275068763352649731
1275068851701469188
1275068945276395526
1275068973390786563
1275068976440082433
1275069070891601921
1275069078093180931
1275069178886553602
1275069219235704833
1275069224856109064
1275069239754289153
1275069528070709250
1275069545426771968
1275069614372745217
1275069671180398592
1275069729539911681
1275069738373152769
1275069755980779521
1275069781356326917
1275069781364768768
1275069886805372937
1275069890123063296
1275069905017028614
1275069971660328968
1275069979159785481
1275070048109920256
1275070048894242817
1275070080481546241
1275070205790613505
1275070301475229696
1275070395620618254
1275070469784264705
1275070537199349767
1275070540269498373
1275070568585293827
1275070692766048258
1275070723589992448
1275070775733579776
1275070924346150917
1275070935813378051
1275070966494711808
1275071190822825989
1275071381617561601
1275071427113181190
1275071455802216451
1275071489880887299
1275071499972472837
1275071522416148481
1275071638661287938
1275071796216098817
1275071807310069763
1275071971663818758
1275072002257084418
1275072046788050946
1275072193693495299
1275072244884992006
1275072309485699074
1275072314669821959
1275072385087975425
1275072416557830144
1275072565766008832
1275072590088790020
1275072592748048385
1275072615279767556
1275072646254784520
1275072685177856006
1275072777754570760
1275072949444202496
1275072971887923200
1275072978867249168
1275073014195879939
1275073081388658700
1275073197881212934
1275073237127331844
1275073240029786113
1275073348477710346
1275073395919446017
1275073521522077710
1275073554908758023
1275073556997685248
1275073557232525312
1275073557349818374
1275073557861593089
1275073592393207809
1275073658029924352
1275073662811402242
1275073671673991172
1275073691328495618
1275073720197898243
1275073731870646273
1275073746756239371
1275073751453822976
1275073797603786755
1275073808647380992
1275073821830082562
1275073876762824706
1275073929539842050
1275073956387512330
1275073968588742661
1275073976209825796
1275074067456901125
1275074079968464896
1275074100793229321
1275074106489110528
1275074113405456384
1275074187715985410
1275074589404491777
1275074734099623939
1275074814911426560
1275074826256830464
1275074836293758976
1275074843805769728
1275074875237916673
1275075015847731200
1275075063931232256
1275075093039689741
1275075279140974594
1275075324703698944
1275075343779368962
1275075619173236737
1275075967896051717
1275075983138156549
1275076061781323777
1275076073219395584
1275076089392410631
1275076111941029890
1275076129477414920
1275076166672478208
1275076191175630849
1275076250931879937
1275076289448165392
1275076293051088900
1275076295643197454
1275076337200361472
1275076381244715009
1275076467773239297
1275076483396993024
1275076485410246670
1275076552355508225
1275076605044330501
1275076943520518150
1275077020074950661
1275077118544629760
1275077125725290506
1275077349688500224
1275077361461981184
1275077528562962432
1275077530639167493
1275077658913550339
1275077678610083844
1275077737460281344
1275077818796265473
1275077842355683337
1275077903177277447
1275078018914910220
1275078086594195460
1275078145788350472
1275078163266076672
1275078210846224390
1275078235345149956
1275078405931667456
1275078433131790345
1275078453360914443
1275078535896461314
1275078571313098756
1275078585397571588
1275078601587585025
1275078609472876547
1275078747549360128
1275078770500632577
1275078851513610243
1275078903518773249
1275079107986911234
1275079181387264000
1275079187229884419
1275079443401199617
1275079618903470085
1275079736008380416
1275079787178909704
1275079822872473600
1275079890820194305
1275079931546877954
1275079933354668034
1275079981660426241
1275080009644826624
1275080114707918849
1275080199634186241
1275080216801468417
1275080270954127372
1275080316000931844
1275080372577959943
1275080383894175745
1275080455931392009
1275080524281769984
1275080524810252290
1275080604845891594
1275080703084949504
1275080814271754247
1275080818797342730
1275080854738366476
1275080888645120000
1275080905342676993
1275081022829289474
1275081026939699202
1275081106988175361
1275081107478908928
1275081115523375104
1275081145386819584
1275081166308012036
1275081196200841218
1275081299737239556
1275081353063776256
1275081410936635392
1275081428288471040
1275081479895179267
1275081535465480194
1275081609855844352
1275081638662324224
1275081663966359554
1275081820711710720
1275082004309118977
1275082023472783360
1275082070037938183
1275082113264414722
1275082118620540928
1275082151646683136
1275082215425052677
1275082262866833415
1275082283221807106
1275082302897430528
1275082365677604865
1275082383318896641
1275082595416420359
1275082616891473920
1275082648080146432
1275082679264751617
1275082755726958596
1275082828196216832
1275082828674404353
1275082835897069568
1275082920584249347
1275083047776530434
1275083160641044480
1275083205473796098
1275083233906970625
1275083251749715970
1275083280904151041
1275083380191907843
1275083403138871296
1275083412211040256
1275083429877596164
1275083462106443777
1275083480188272641
1275083645812867072
1275083653320761346
1275083677718978562
1275083683515576331
1275083889375993861
1275083995013877761
1275084055487361025
1275084094209167370
1275084181886951424
1275084237532790786
1275084296680849414
1275084377739988993
1275084456458625024
1275084489669128193
1275084494282907651
1275084619335991296
1275084653444169733
1275084671987130370
1275084745446227980
1275084795945549825
1275084827553943554
1275084870792986624
1275084881492471809
1275084902338306048
1275084912736034816
1275084990330658819
1275085005727948801
1275085014758232071
1275085018319085568
1275085085641977858
1275085112552677376
1275085195402715144
1275085273311744000
1275085385463406592
1275085403922534403
1275085479982104580
1275085486701281282
1275085709431508995
1275085735696220170
1275085774136971265
1275085806319865856
1275085844299333632
1275085850397769729
1275085879875420160
1275085899265650688
1275085946028019717
1275085972414160896
1275086007155568640
1275086015317901315
1275086063481114625
1275086076265279494
1275086120062201856
1275086139427155971
1275086140861710336
1275086200534155265
1275086283895910403
1275086331140587521
1275086471976964097
1275086479501545477
1275086521700319234
1275086542235668480
1275086617498324992
1275086635034718212
1275086673651601410
1275086703238266885
1275086713946288129
1275086730455121920
1275086743025451008
1275086851028725761
1275086897627398145
1275087088203988993
1275087171800662022
1275087254344683520
1275087265811836929
1275087328780918784
1275087336586567681
1275087352344518656
1275087397869326336
1275087408879591430
1275087449061023744
1275087467796979717
1275087533605564422
1275087654405713920
1275087656876232705
1275087745103396864
1275087831292141568
1275087850514583552
1275087862648713217
1275087917996703744
1275087956710232065
1275087966336094214
1275088052185153537
1275088069889339396
1275088119067488258
1275088147198742529
1275088150294134786
1275088164546379776
1275088206724284418
1275088271412994048
1275088322042433536
1275088413759172608
1275088458466373632
1275088461402460162
1275088660472434688
1275088700066668545
1275088703199645696
1275088703548002305
1275088733201727488
1275088736670420997
1275088768870031360
1275088797374521351
1275088803204562945
1275088806048399365
1275088816248885250
1275088899044499457
1275088919055433730
1275088945433452544
1275088963359911936
1275089126954598400
1275089140204408833
1275089174102753287
1275089178166988802
1275089205622906882
1275089232588087297
1275089243799511042
1275089270299078658
1275089345045770242
1275089477367730177
1275089508510453761
1275089515477184514
1275089554488258561
1275089566840561664
1275089634419187718
1275089673514352640
1275089717944516609
1275089890443698178
1275089916276375554
1275089921951379456
1275089948983599117
1275089979350417410
1275090141833560064
1275090162612146176
1275090183579467777
1275090223660236801
1275090321337016320
1275090359119470594
1275090446549647362
1275090507513856000
1275090513645965313
1275090631455580160
1275090669271302144
1275090699353034753
1275090844224233472
1275090913946218504
1275090939594158080
1275090972867780608
1275091182033518592
1275091210072449027
1275091214182858753
1275091246042800135
1275091272957669378
1275091306243592192
1275091365815291904
1275091536569667587
1275091661144678401
1275091687946231812
1275091751334825988
1275091812944838656
1275091839863992320
1275091883455365120
1275091943668752392
1275091976384380932
1275092076120735744
1275092181401980935
1275092200469065734
1275092288243412993
1275092351933911040
1275092359408168961
1275092375472406528
1275092385668702208
1275092422662520832
1275092525682962433
1275092629978480640
1275092638748770304
1275092663650394112
1275092686643609600
1275092703555059712
1275092735976976385
1275092796295319552
1275092869557125125
1275093086742491136
1275093129255964674
1275093256511070208
1275093322797912071
1275093421615693824
1275093440754339842
1275093446986997761
1275093509519872001
1275093513273774091
1275093533507178496
1275093657146851329
1275093683394818048
1275093689149227008
1275093700813770752
1275093708032151552
1275093741305507848
1275093741653692425
1275093908461150209
1275093915738279936
1275094101684346880
1275094158965956608
1275094192654626817
1275094219867279362
1275094274078638082
1275094303124135941
1275094327606329344
1275094385273733121
1275094401296056320
1275094404366241793
1275094531109724164
1275094577947586561
1275094579608502272
1275094883183865863
1275094887705313280
1275094893061451778
1275095177317748736
1275095198683607047
1275095245504512001
1275095265129750528
1275095269307187202
1275095404351234050
1275095450853531648
1275095457488941064
1275095558928175105
1275095671251578880
1275095753556451328
1275095799110795268
1275095808094978048
1275095840118280193
1275095847856943104
1275095855054405633
1275095921215385600
1275095950915186692
1275095980535435265
1275096006061932550
1275096083908251649
1275096149779779585
1275096180725252096
1275096206767730688
1275096206822301696
1275096209989009414
1275096212681617408
1275096232000720897
1275096247154728965
1275096279404687360
1275096301034766337
1275096369632509953
1275096405368061952
1275096430248591365
1275096448409964548
1275096502336184321
1275096528265392129
1275096551908683777
1275096568471924736
1275096570078396416
1275096576470536197
1275096709354467330
1275096874853322752
1275096947876081664
1275096993413640194
1275097064221933568
1275097073541660675
1275097132890980354
1275097354148941825
1275097474399641602
1275097523150098432
1275097597716443136
1275097715609931777
1275097724686340099
1275097809621049344
1275097820140355589
1275097826117246976
1275097976378134529
1275097990735237129
1275098012717629440
1275098110973313028
1275098118552522754
1275098120267935752
1275098134323093504
1275098225649876993
1275098263880900615
1275098383074627585
1275098393463984128
1275098430822629379
1275098470165217283
1275098475173163009
1275098528461860873
1275098538498801664
1275098544836411395
1275098545075425280
1275098545092263936
1275098545549271048
1275098546388295682
1275098546887327746
1275098548921647106
1275098571512131586
1275098573579919361
1275098578898292736
1275098610577932289
1275098687539236870
1275098726873399297
1275098744329994242
1275098796427481094
1275098816950284288
1275098829956800513
1275098920427945997
1275099015739252741
1275099070323920897
1275099135423795201
1275099182232154114
1275099225693421569
1275099369696452612
1275099464915718144
1275099477372809218
1275099561200058369
1275099619542925313
1275099652417884166
1275099670025515010
1275099703877697536
1275099715034587136
1275099741307711489
1275099769447370753
1275099811654635521
1275099849495646209
1275099892533342208
1275099905984548864
1275099910996725766
1275099968001445891
1275099980810903552
1275099993330913281
1275100003464359944
1275100004638752775
1275100004823314433
1275100018144395264
1275100019432005635
1275100051824664578
1275100066424983554
1275100083294482433
1275100106342219776
1275100245811134470
1275100282033242121
1275100321090543616
1275100364497399817
1275100436735950848
1275100564783796224
1275100590566187009
1275100610296233985
1275100864756232192
1275100870435311623
1275101032536834049
1275101107702968321
1275101142150787072
1275101239085338624
1275101274426531847
1275101330042994689
1275101337152294912
1275101350079193089
1275101411567697922
1275101456027324418
1275101518958649349
1275101714635522048
1275101819086286849
1275101846697361409
1275101872223813633
1275102088096354309
1275102427818201090
1275102463524319232
1275102480385400842
1275102514107551746
1275102566158929923
1275102607875485698
1275102661000531968
1275102734568620035
1275102748976054273
1275102759168204805
1275102793943191554
1275102933525368840
1275102941377167360
1275103005013139459
1275103310316437504
1275103434635649025
1275103451563819009
1275103498611429376
1275103530957844480
1275103562373234692
1275103666488434693
1275103679499116545
1275103756670156801
1275103769185918980
1275103780699168772
1275103807496687616
1275103878543966209
1275103897749766151
1275103939453693953
1275103958114107401
1275104085084176388
1275104087730782213
1275104145586876416
1275104160652894210
1275104202143019010
1275104305448726528
1275104346179592193
1275104505760268288
1275104510591987712
1275104523799932930
1275104811848028160
1275104831389208576
1275104879963504640
1275105013891690501
1275105038122323969
1275105111463866368
1275105145387470849
1275105209488990209
1275105266875412482
1275105451936493568
1275105540297891841
1275105651774103552
1275105764592541701
1275105789057945601
1275105899988824064
1275105987331006466
1275106004565360642
1275106028523307008
1275106050589560833
1275106070139150341
1275106189806837760
1275106196509384704
1275106219825541120
1275106225919864836
1275106271981703177
1275106272099123200
1275106272111587331
1275106284530999296
1275106318857224193
1275106329317834752
1275106459920084996
1275106810035269632
1275106866343936000
1275107025341616131
1275107096451846152
1275107127586062337
1275107153192390658
1275107162776309765
1275107278610403328
1275107530197401610
1275107550468456448
1275107601534070785
1275107623671681024
1275107640222375936
1275107734720045060
1275107782207787009
1275108047224836096
1275108047560548353
1275108121212596226
1275108163285590017
1275108252561346560
1275108420727652352
1275108490101604353
1275108501073932289
1275108655193559040
1275108693688942592
1275108704275365888
1275108725469188097
1275108788664590337
1275108788681338880
1275108809455869954
1275108864946589696
1275108983506862080
1275109040398401536
1275109083146747905
1275109113844969479
1275109228215230467
1275109250377932801
1275109297899409410
1275109420083621888
1275109463687643137
1275109591265824769
1275109670542245891
1275109770811359233
1275109829162545157
1275109858262634497
1275109924826202117
1275109994724298753
1275109999769944065
1275110063213031424
1275110063741468678
1275110107995504640
1275110119492202499
1275110250182348810
1275110301692825601
1275110319237533699
1275110339881861122
1275110405845680133
1275110446241132545
1275110519591100416
1275110741310406657
1275110801033105410
1275110874475302915
1275110921329876992
1275110954989162496
1275111063718170627
1275111087785029633
1275111143749619713
1275111235730669570
1275111305746108416
1275111306073432066
1275111307369345024
1275111323454640131
1275111346900795393
1275111376869117953
1275111413791547402
1275111488831787009
1275111540639903744
1275111556980674561
1275111562165043205
1275111637687635973
1275111751147835394
1275111754519977984
1275111755618926594
1275111841589583875
1275111919209394177
1275111999962148864
1275112027980279810
1275112068140670976
1275112103246999554
1275112138953109504
1275112166358745088
1275112195441831936
1275112215742472193
1275112221081731074
1275112247707291648
1275112252975321092
1275112257387671553
1275112317391376385
1275112380716986370
1275112389487349760
1275112450191503360
1275112451852427268
1275112483443875840
1275112593879904256
1275112684929921024
1275112769038233603
1275112783852572673
1275112843558498305
1275112977998532615
1275112990866636803
1275113068452810753
1275113383407353858
1275113409823019010
1275113469189042179
1275113537405403138
1275113563745652736
1275113667697278979
1275113686324203525
1275113825176559616
1275113858164801545
1275113946270359554
1275114028734517253
1275114073525563393
1275114081855459328
1275114241574518791
1275114399276154880
1275114756727345152
1275114771700908035
1275114828621680641
1275114852386844674
1275115197854875649
1275115243484647425
1275115399210827777
1275115471134547969
1275115703134281728
1275115898819543040
1275116082873937920
1275116215544041482
1275116672286953474
1275116703614144512
1275116763143909379
1275116887685423116
1275117126878191621
1275117169962094593
1275117220285349889
1275117344977805313
1275117436057026563
1275117477043810311
1275117601316843520
1275117777121087488
1275117947795767296
1275118020197744640
1275118048223956992
1275118079383613440
1275118141379612673
1275118513351544839
1275118553688047616
1275118628191469573
1275118815614054401
1275118856130961410
1275118897222598661
1275118901089665024
1275118972246114311
1275118987563671553
1275119076352962562
1275119083575488513
1275119101007007744
1275119122389635075
1275119170024333313
1275119189087453186
1275119223644344321
1275119363713118211
1275119366745571330
1275119626213613570
1275119657368854528
1275119687085502473
1275119698980544515
1275119711634808833
1275119726218358784
1275119770975629313
1275119851988795394
1275119856157888519
1275119857730760705
1275119867910393859
1275119894871375872
1275119931626000384
1275120115932160000
1275120296668921857
1275120366910930944
1275120503125131265
1275120602395873281
1275120631147790336
1275120643793707008
1275120717152112641
1275120734566834177
1275120802975879171
1275120866783825921
1275120868285390850
1275120913575563267
1275121044551094273
1275121054244093953
1275121059461771268
1275121098141716486
1275121125706682371
1275121252282314755
1275121410172731394
1275121464296067078
1275121602389331969
1275121802130477063
1275122009203265542
1275122036197777408
1275122115885350914
1275122296966057990
1275122415887093761
1275122489417490438
1275122537270214657
1275122543213633537
1275122631285538816
1275122727498776580
1275122746259881985
1275122750613487622
1275122815507795970
1275122911041462276
1275123001722310661
1275123084048113664
1275123234984386562
1275123248599052289
1275123253078626310
1275123261618163713
1275123275673350150
1275123371085266945
1275123383966056449
1275123518053613568
1275123718197522433
1275123841065418753
1275123907448778754
1275123982853967875
1275124027246313473
1275124097358467073
1275124139624402944
1275124213616082944
1275124273598922753
1275124300438220801
1275124316087123974
1275124338396737539
1275124401365794816
1275124411511771136
1275124416331087872
1275124428221923332
1275124496299708418
1275124520161075202
1275124597931769857
1275124783026450433
1275124878564306945
1275124946314964998
1275124963649957888
1275125236162277376
1275125255527452675
1275125281511137281
1275125639511707648
1275125700358483970
1275126024628568074
1275126048322129922
1275126087987736579
1275126128773120001
1275126312500375552
1275126405936922624
1275126406700122113
1275126407593508865
1275126408080175111
1275126412458864640
1275126425956253697
1275126504817647616
1275126546026635267
1275126582361948162
1275126629728243712
1275126654969487365
1275126656685006849
1275126703623471114
1275126767808843777
1275126795910762498
1275126818295685120
1275126920166940672
1275126921110499329
1275127067189927937
1275127171149897729
1275127316549701632
1275127528831795201
1275127572406419456
1275127601477160963
1275127626995302400
1275127727390109704
1275127748504293377
1275127796717834240
1275128000082739200
1275128136104099841
1275128196246261761
1275128263933857792
1275128303574233089
1275128327272108032
1275128337980063744
1275128472906665984
1275128510017875974
1275130628737040384
1275130711364730881
1275130748262068229
1275131029171421184
1275131041200705539
1275131097970597888
1275131240308527104
1275131437839200267
1275131437881188353
1275131546224205824
1275131647361462274
1275131655158730752
1275131744841273345
1275131768887279617
1275131805310554114
1275131818379968514
1275131946448965636
1275131968267616258
1275131979885936640
1275132017366228993
1275132021308874752
1275132023909298177
1275132155488808960
1275132215274455040
1275132236342444038
1275132236443127811
1275132236623462401
1275132236728328192
1275132236912885762
1275132237005107203
1275132237160341504
1275132263580282882
1275132529268449281
1275132613297082368
1275132699523629061
1275132709430427648
1275132735187714048
1275132787796905986
1275132793199222785
1275132833703460864
1275132951110582277
1275132975156428802
1275132986669883393
1275132992617353216
1275133027199471617
1275133090353029122
1275133207931912194
1275133237510225924
1275133261031911424
1275133267876904965
1275133364786339840
1275133449431646211
1275133451105193984
1275133451159482376
1275133709033844739
1275133775962419202
1275133842492358656
1275133843826192387
1275133954438205441
1275133954920677376
1275133955365384192
1275133955797168134
1275133986919059459
1275133999879524355
1275134005411753984
1275134012563034112
1275134020129566724
1275134122306998273
1275134131446448128
1275134206289408002
1275134441338404871
1275134547672403970
1275134765440602112
1275134929253384192
1275134960161173507
1275135036061335554
1275135109654622208
1275135220296175616
1275135367591723013
1275135373484703744
1275135464471748610
1275135601075982338
1275135637935591428
1275135659704029185
1275135767287926790
1275135794743848973
1275135896875139082
1275136227700805636
1275136273729097728
1275136283736788992
1275136356386127872
1275136427609804803
1275136531552964609
1275136572615254020
1275136644119658496
1275136656199290884
1275136723253694465
1275136771806945280
1275136868011716611
1275136975851438080
1275137030599643138
1275137085687640066
1275137092302049281
1275137237366247424
1275137257528332288
1275137294878552069
1275137583325032448
1275137625624625154
1275137631052013570
1275137714870980608
1275137726132649991
1275137750904246274
1275137784743952384
1275137818352893954
1275137842172309504
1275137848220491788
1275137866255851520
1275137870370672646
1275137920027045890
1275137951991808000
1275138034929930240
1275138042542645249
1275138057843412999
1275138067024789505
1275138128966307854
1275138139686871041
1275138142018863105
1275138374093815810
1275138510618537989
1275138910226714624
1275138945827954690
1275138946444546049
1275138993244581891
1275139034227113985
1275139066481250305
1275139141991305216
1275139202766831622
1275139224887492610
1275139271222050817
1275139328541429760
1275139505012510721
1275139659992125441
1275139765835386883
1275140091963412481
1275140093125300224
1275140248796880896
1275140411858784262
1275140423342751749
1275140487356329987
1275140706206658562
1275141209846136833
1275141430000959488
1275141505691287553
1275141505724841984
1275141506035331076
1275141506160947201
1275141506379190272
1275141580337405952
1275141784004431872
1275141794867658755
1275141806691356672
1275141909166657537
1275141929647239169
1275141933640429568
1275141937947869188
1275141945539600394
1275141981480591363
1275142044437098496
1275142138385367040
1275142657749196800
1275142670739013633
1275142675562483712
1275142702766710789
1275142784677183490
1275142836334350338
1275143052789719046
1275143184662790147
1275143327424405504
1275143681926987782
1275143704001548288
1275143795877830656
1275143833895010304
1275144008831062016
1275144025113321473
1275144046684581894
1275144074270564353
1275144148509757440
1275144413740556291
1275144445709688832
1275144620280774657
1275144767685439491
1275144780406759424
1275144903987736577
1275144914511241218
1275144979342667779
1275145193088581637
1275145242879156225
1275145282309808128
1275145296817905665
1275145327880949761
1275145459774959616
1275145690033897478
1275145702868504579
1275145719746367493
1275145799123566594
1275145933072879618
1275146002626994176
1275146097506291713
1275146285323083777
1275146452600225792
1275146575191388160
1275146663708033025
1275146744918151171
1275146799821488128
1275146822013661184
1275146856956416002
1275146877223276545
1275146922035163136
1275146934945296393
1275147010367160320
1275147519962550274
1275147520470061056
1275147617769488384
1275147645535891456
1275147665538461706
1275147747071594496
1275147775177613318
1275147914331947009
1275147918002053120
1275147930203238404
1275148358055792641
1275148359297380356
1275148371238375424
1275148387390754816
1275148435016957952
1275148560523300865
1275148831055917056
1275148833043996673
1275148894394109952
1275148896386383872
1275148947468824580
1275149054540988417
1275149054884937729
1275149055039959040
1275149055765524481
1275149103903707143
1275149124518719489
1275149262184218625
1275149292769021954
1275149303393267714
1275149335550976000
1275149433940967424
1275149438206574598
1275149470204862466
1275149561154199552
1275149587012034561
1275149623724773376
1275149635359776768
1275149740171243523
1275149762464022529
1275149765127352320
1275149791010455552
1275149835537129479
1275149858521755648
1275149888171454464
1275150167470202880
1275150169336668165
1275150260017475584
1275150266501943297
1275150275255455745
1275150508660076546
1275150668689539073
1275150733407649793
1275150808137568259
1275150853981327360
1275150901116833793
1275151027033923584
1275151145321877504
1275151337672642562
1275151402046828545
1275151406320713731
1275151409084862470
1275151472200728582
1275151732952240129
1275151734831222786
1275151738702573569
1275151808260976640
1275152122334470144
1275152328631386112
1275152482365321216
1275152491802505218
1275152693716291585
1275152733331509255
1275152782727753730
1275152790852194304
1275152797542080514
1275152828797816833
1275152829204910087
1275152917658587137
1275152957475115018
1275153008704225285
1275153401031131143
1275153641910001671
1275153666723459074
1275153835921682434
1275153844356427779
1275153888342151169
1275154250524438529
1275154439964426240
1275154447665172480
1275154537960144897
1275154556171714560
1275154632470409217
1275154742562500609
1275154775320002565
1275155071802671104
1275155178631692288
1275155253969780745
1275155293496922112
1275155370953125889
1275155431783088128
1275155675233112066
1275155688965242880
1275155801808818177
1275155840106971142
1275155848109703175
1275156048148660225
1275156152314142723
1275156162002984961
1275156317796253697
1275156352235642881
1275156417163546627
1275156603923283971
1275156604695035906
1275156605936513025
1275156606829936640
1275156623674298368
1275156675910152192
1275156707392598016
1275156723066683404
1275156738300235776
1275156769896103939
1275156892692754437
1275156915560108032
1275156928159768578
1275157017016127488
1275157213951262728
1275157222641803269
1275157304724393985
1275157389893918724
1275157471020158976
1275157697554513926
1275157908733464579
1275157916446855168
1275157951808970752
1275158041776840708
1275158113763631105
1275158166167314436
1275158377899982854
1275158407113211907
1275158422208622600
1275158502504386567
1275158574973497344
1275158736273883148
1275158870009229316
1275159019137662985
1275159027819962368
1275159102243643392
1275159123454308355
1275159166198439937
1275159229909872642
1275159230648115207
1275159283970256900
1275159296834179074
1275159324617252865
1275159412458602496
1275159572970422279
1275159605530832900
1275159978656116737
1275160037426712580
1275160257388568577
1275160259838050306
1275160298140418049
1275160419255099393
1275160490935803904
1275160592085659656
1275160710700466176
1275160805961539584
1275161128830631936
1275161269100634112
1275161640191905792
1275161726544228356
1275161859000274951
1275161896916828166
1275161901283119106
1275161926578905088
1275162079301906434
1275162133244841986
1275162214056501251
1275162257245306895
1275162322751885313
1275162448107110405
1275162536652836865
1275162800848015363
1275162820263448576
1275162914849259525
1275163147540856834
1275163365086814212
1275163702141038596
1275163753319890944
1275163860731863042
1275163991057317889
1275164069545357312
1275164135613960192
1275164153267666944
1275164153825554432
1275164221223899140
1275164248612777984
1275164311565074433
1275164380934606848
1275164475058946050
1275164490745733122
1275164512086360065
1275164666948464642
1275164674171043842
1275164696425967617
1275164752961056769
1275164770317074435
1275164859848630274
1275164918724034560
1275164919638265856
1275165030397480962
1275165060432900098
1275165305019473922
1275165424125173761
1275165638064037892
1275165663246639112
1275165939194048514
1275165940997488640
1275166024577540096
1275166036170543110
1275168338004639744
1275168394954919940
1275168501372764170
1275168529474609162
1275168682864500737
1275168864230400001
1275168885793316864
1275168997126832129
1275169139481612291
1275169347414249472
1275169349532295169
1275169355324690432
1275169644643528704
1275169707985965056
1275169717674795008
1275169775627444224
1275170132449427458
1275170193220808706
1275170490089443330
1275170794512007168
1275170871011926016
1275171059801743371
1275171114700996609
1275171179289083907
1275171602695675905
1275171678935486467
1275171703925030912
1275171705430966280
1275171705447763968
1275171711709831174
1275171729808207874
1275171757972951046
1275171773697478658
1275171778462130178
1275171800406806530
1275171881742712832
1275171955017158657
1275171966224199680
1275171993755832320
1275172295020105730
1275172415207870464
1275172528160493568
1275172649652666368
1275172970449776640
1275172973058691075
1275173018252316674
1275173509988265986
1275173517710053377
1275173586068746241
1275173719988736002
1275173784333553664
1275173877690314755
1275173880878051332
1275174299297624067
1275174359812853760
1275174787560747008
1275175020273315843
1275175039005057025
1275175371487485952
1275175421781434368
1275175464257105920
1275175510553788418
1275175522130178050
1275175540249559041
1275175645568544768
1275175678246256640
1275175813017673728
1275175869821054976
1275175981418835968
1275175987001602048
1275176034120466438
1275176722061721603
1275176781318967298
1275177198341754882
1275177358505451525
1275177373844082688
1275177591540940805
1275177617616969732
1275177627700125703
1275177806692048897
1275178000007528460
1275178017346781187
1275178260796768261
1275178286872760324
1275178380275658752
1275178436110290945
1275178501876994049
1275178821352816645
1275179038009671683
1275179203558805505
1275179252824993793
1275179273494630405
1275179285720989696
1275179372434141189
1275179372803174400
1275179427203362818
1275179504567062528
1275179883883347968
1275180008055599104
1275180396188250113
1275180692046000135
1275180716402278404
1275180893041315845
1275181011840745472
1275181027007356928
1275181049161621505
1275181096351731713
1275181142984003584
1275181227709005827
1275181323783565313
1275181408655474688
1275181527131963392
1275181611324182529
1275181759953502209
1275181798880878592
1275181812550119424
1275181813036654592
1275181888244719616
1275181965969424387
1275182021208190976
1275182156910940162
1275182309319286786
1275183113535197184
1275183133227442176
1275183348521078786
1275183414082244609
1275183526204321794
1275183663932747777
1275183677027336192
1275183802541842432
1275183912420081665
1275183947891294209
1275183948730114050
1275183984201400321
1275184320811094016
1275184671828185090
1275184768745955329
1275185040943575041
1275185136280240129
1275185430422605824
1275185485829361664
1275185547703705600
1275185729409294338
1275185818274062336
1275186140451045377
1275186328431464448
1275186551065100291
1275186576675364864
1275186586121101318
1275186668711161858
1275186789339279361
1275186805214605312
1275186815029465088
1275186870364798977
1275186871157567491
1275187013646499841
1275187050346618880
1275187171276849153
1275187190688034817
1275187353208922115
1275187369432567811
1275187403599290376
1275187409282650118
1275187551750455296
1275187585506213888
1275187592523382800
1275187703009722371
1275187833544888322
1275187912028676099
1275188061228470275
1275188061471571968
1275188137296355328
1275188161791037441
1275188298831536130
1275188413965180928
1275188460345843712
1275188771475148800
1275189204885135365
1275189586461851661
1275189598126301189
1275190010149507072
1275190025328697344
1275190199455268871
1275190516859232257
1275190589743673346
1275190644781338624
1275190821575426048
1275191109967372292
1275191170281484295
1275191622389678080
1275191634158903298
1275191669156175875
1275191860739309568
1275191962308673537
1275192132349952002
1275192225610293248
1275192268392222722
1275193279626317826
1275193539106832384
1275193680211607553
1275193735547158536
1275194401137004546
1275194763231350787
1275194764938350592
1275194849747230720
1275195192363098112
1275195468872638470
1275195758359216129
1275195825233281025
1275195841435795458
1275195879545286657
1275195946456907776
1275196428046999553
1275196562449235975
1275196808336232448
1275197091543908353
1275197285761253380
1275197558642683904
1275197780173058048
1275197803833315332
1275197843121332226
1275198117651124225
1275198217962078208
1275198308743630850
1275198560418648064
1275198599895355393
1275198694590156806
1275199393860386818
1275199594041876481
1275199705333608448
1275199775193788416
1275199903917060098
1275199974981218306
1275200019818328065
1275200431153610757
1275200460824154112
1275200473885298690
1275200930791686146
1275201024266027009
1275201523153338373
1275201755052224520
1275202035990908935
1275202293156081665
1275202312869380099
1275203329237401601
1275203453372043264
1275203668963479552
1275204516653211648
1275204579655892992
1275204723679920129
1275205547004919810
1275205660133732354
1275205815431913472
1275206744042545152
1275206796811124736
1275206865924902915
1275207325251514368
1275207699848978432
1275207724566040576
1275208245498576899
1275208436733612032
1275208782520504320
1275209290899501056
1275209352878723072
1275209823097966592
1275209984066949122
1275210032645365761
1275210521420214275
1275210669772718080
1275211374654824448
1275211681564680193
1275211849013907465
1275211968371032065
1275212350526799872
1275212414192160768
1275212769541918720
1275212898890104838
1275213288662536192
1275213617705521154
1275213618166984704
1275213910447136770
1275215174258036737
1275215558703820804
1275215588856680449
1275215872089640960
1275215951164735489
