1401327984460677121
1401327993159553028
1401328095982927876
1401328141214175236
1401328153272872961
1401328323222032388
1401329764959391745
1401331103504416772
1401331400196956166
1401331735644803080
1401332314672619530
1401332626951180295
1401333100714545152
1401334829237538817
1401335659282022405
1401335918720602119
1401342392981241865
1401343506380210180
1401345250296270854
1401345308563587072
1401348596834963460
1401348708604710925
1401350757073436673
1401354233711050754
1401357442835959810
1401358181108961283
1401358653765136385
1401361090320142338
1401365203275689986
1401370938160058369
1401373423981449216
1401374144084783104
1401380983312691202
1401382025311961089
1401383005806116864
1401389986491076610
1401394323023826949
1401394431782162433
1401395818049904644
1401396376374808580
1401396430519033856
1401396800817405952
1401397017314840578
1401400297247973378
1401402256755417092
1401403481022291969
1401406430192803845
1401410729526403072
1401411038189436928
1401411040441733128
1401411449445101570
1401411502003851267
1401412628702969856
1401413542675312646
1401414811343327233
1401415532440702977
1401415807511535616
1401415925895733250
1401416887351775237
1401417207247261697
1401418243500294152
1401418299649531908
1401418720396910592
1401418768077762560
1401418834209382400
1401418894426976257
1401418938773393408
1401419031081635840
1401419062492737537
1401419587334377473
1401419803685003267
1401419888628056068
1401421091982163973
1401421704778371074
1401422423367503872
1401422677055729664
1401423105634013184
1401423593901281280
1401423678424891393
1401423839721050114
1401424665151737858
1401425017435430913
1401425150076243969
1401425377831141381
1401426020943732738
1401426125398712324
1401426126757679105
1401426482313023491
1401426541985284097
1401426726765404167
1401426867480059905
1401427359505473537
1401427647238975489
1401428359037521921
1401428962228813828
1401429236708265984
1401429655161352195
1401429869662179330
1401430217546256389
1401430376501940227
1401431070030114820
1401431166742315008
1401431213718523906
1401431423286919170
1401431931665805314
1401432143214022657
1401432546282455040
1401432613131370496
1401432780555292675
1401432819700801537
1401432827175084033
1401432882422423554
1401433437400096771
1401433550608551938
1401433676932603906
1401433677859545089
1401433679667286016
1401433723049066496
1401433747967418370
1401433783270842369
1401433867815424001
1401433927231832064
1401434071549448197
1401434232006787073
1401434303532240897
1401434392178925569
1401434819960135689
1401434881247301632
1401435146818134016
1401435923938750465
1401436032638279680
1401436137361657858
1401436308233392128
1401436413409861633
1401436549833691139
1401436583765622787
1401437450136915968
1401437456449392641
1401437662129631236
1401437745596276736
1401438014136631301
1401438373873651712
1401438447341031430
1401438475367374848
1401438657492488194
1401438713767514113
1401438715457703936
1401438970333048835
1401439257193979911
1401439636036198400
1401439962457907201
1401440077029556228
1401440337885859841
1401441190998855682
1401441224913944581
1401441225530609665
1401441627378434056
1401441838377152512
1401442112407736321
1401442139813433344
1401442217097666560
1401442465316540417
1401442492956954628
1401442499030401024
1401442538293284870
1401442685454630913
1401442812109991936
1401443069623422976
1401443070642692100
1401443101596688386
1401443153572503554
1401443412356784128
1401443631047790593
1401443854306394114
1401444032987996162
1401444195878019074
1401444245567950850
1401444460685414405
1401444582466916352
1401445167551352834
1401445579620814851
1401445951529705472
1401446129217245185
1401446149291139073
1401446198020558849
1401446522949079042
1401446566704070659
1401446783406981123
1401446959249072128
1401447043256799232
1401447261805199362
1401447668598120448
1401447671211212803
1401447876274921477
1401448000958963719
1401448196069597186
1401448415985242115
1401448776590630918
1401448777802653699
1401448779635593222
1401448780008988675
1401448780369629185
1401448999526219776
1401449027007172612
1401449114475319297
1401449124688453634
1401449449814114310
1401449746334732290
1401449794288095233
1401450033417969665
1401450062933282818
1401450105153200129
1401450169355231237
1401450171465097218
1401450292613287936
1401450336422879232
1401450355255300099
1401450389409513472
1401450718490419204
1401451391110070275
1401451642843697153
1401451751652433922
1401451894485233664
1401451963015966721
1401452329329741826
1401452444844847107
1401452736261066755
1401452862828339202
1401452962015289344
1401453026301386752
1401453101589143557
1401453312776577025
1401453367176671232
1401453420805079050
1401453511234183169
1401453523242528770
1401453660568264705
1401453735088328706
1401453858640089088
1401453947416686592
1401454044015640579
1401454059639525377
1401454101242732546
1401454475974479873
1401454770611761153
1401455002229563392
1401455059003707392
1401455114792095745
1401455192646815747
1401455424075964420
1401455876137967618
1401456129918578695
1401456185753096192
1401456187619565570
1401456296923127811
1401456329663959041
1401456339939909633
1401456500778885122
1401456649546743817
1401456773152792578
1401456828081487873
1401456852173574145
1401457074391891968
1401457171422982151
1401457334883336195
1401457445273223168
1401457655718289408
1401457806394499075
1401457823955968000
1401457912661295104
1401457956001038339
1401458332406267906
1401458459166527492
1401458544868839424
1401458638124830721
1401458852151840771
1401459483868532737
1401459768439488515
1401460132282834950
1401460181486166018
1401460195251953672
1401460205335060480
1401460346347573250
1401460800670375941
1401460940655235074
1401460977590222849
1401461068375937025
1401461158754897920
1401461432659628035
1401461502045876224
1401461503291658247
1401461532723191813
1401461652340551683
1401461662830452736
1401461734473404417
1401461741809246212
1401462398519853061
1401462451280007171
1401462485287411712
1401462615977598981
1401462629042769921
1401462660978429952
1401462916126216195
1401462967498117121
1401463182833733632
1401463430058496000
1401463693855145986
1401463775950159874
1401463875002830848
1401463878698033152
1401463880921104387
1401463888416153611
1401463890647650305
1401463910578933762
1401463912369958913
1401464048735109123
1401464274199908352
1401464315882913795
1401464471370018821
1401464659400708101
1401465200109408256
1401465339163074560
1401465618768007177
1401465634140065795
1401465806609956868
1401466329362743304
1401466374497648640
1401466759572602881
1401466782070755328
1401466846122024960
1401466876371288065
1401467056256524288
1401467336893345794
1401467418946555907
1401467431646867457
1401467562882482177
1401467661146599425
1401467709238415362
1401467807708164098
1401467818323984384
1401467885478985729
1401467902319022081
1401468016613855235
1401468158465167360
1401468166052716544
1401468774885335041
1401468907463098368
1401469022894444548
1401469031127949312
1401469159087685632
1401469341808406528
1401469379510951945
1401469464009453571
1401469978071732224
1401470099744251905
1401470343563382790
1401470537168306176
1401470581619499009
1401470669120966657
1401471231468224515
1401471295703891969
1401471375240577025
1401471397717843969
1401471415698739200
1401471424003461121
1401471424322162688
1401471464629587971
1401471472170942464
1401471507864432642
1401471598901792775
1401471815223021576
1401472218115317762
1401472324562526213
1401472459614851074
1401472546848096259
1401472644696924161
1401472690431709185
1401472777400500227
1401472970648850433
1401472979171790850
1401473106829582341
1401473308642660353
1401473507150680064
1401473670271414277
1401473771379306497
1401473833547309060
1401473870000005120
1401473886924029955
1401474000967065604
1401474228671627267
1401474304605405184
1401474334531670020
1401474363099160578
1401474516526768129
1401474855971794944
1401474890394488839
1401475199178924036
1401475217097170944
1401475317366247426
1401475533746155523
1401475601966510083
1401475726637948928
1401475740785336321
1401476033421971461
1401476038123741186
1401476188313370628
1401476238963843073
1401476357109030912
1401476473500938243
1401476737838555138
1401476852875673600
1401476991656861697
1401477108539527172
1401477176780902401
1401477354220933121
1401477367781076995
1401477385963425792
1401477527231729665
1401477889502105601
1401478080116531201
1401478801238994944
1401478866502230022
1401478973369077767
1401478975713599491
1401478975809937408
1401478978355953668
1401478979530469376
1401479000971677699
1401479001571565568
1401479035209797634
1401479186783604737
1401479201459511301
1401479204806578176
1401479233059360770
1401479396913864704
1401479633468547072
1401479634387095556
1401479694973820935
1401479789630963715
1401479829447483396
1401480029767352321
1401480186525331456
1401480235892236293
1401480314510315520
1401480368054669312
1401480372563714049
1401480374539231234
1401480475554856962
1401480753272262664
1401480884717379587
1401481240469983238
1401481293125373955
1401481367788179456
1401481658180718600
1401481752560943105
1401481802682884098
1401482161044271105
1401482335892160516
1401482454926598151
1401482548526649348
1401482875946606593
1401483106394251266
1401483245322186754
1401483364608221189
1401483646771601409
1401483881929392128
1401484021213892610
1401484270124810240
1401484367625601027
1401484510324166656
1401484707322286082
1401484869679599616
1401485124882022404
1401485167093600259
1401485325290049541
1401485350493638656
1401485685685633029
1401485803029663744
1401486112141582337
1401486133566054404
1401486145838534664
1401486256253583361
1401486290357567492
1401486525045493761
1401486576207683592
1401486583468023808
1401486609212755969
1401486660488110080
1401486675029676038
1401486780596162560
1401487087203930117
1401487192539680772
1401487555024068609
1401487703695364096
1401487969786253318
1401488251047841793
1401488266424094722
1401488500470521856
1401488632154836996
1401488660067979264
1401488766418698249
1401488766854967300
1401488842662846466
1401489053757939713
1401489142350073860
1401489149627191297
1401489193008734216
1401489354774700034
1401489653421772808
1401489657301504003
1401489739702755328
1401489828231921666
1401489848201064450
1401490307313815552
1401490331032604674
1401490555587203078
1401490581835206656
1401490814082203649
1401490991740301313
1401491065992065028
1401491120572579844
1401491166915334148
1401491311455244289
1401491562438316033
1401491766424051713
1401491769745883138
1401491805292711941
1401491813073051648
1401492348610154496
1401492560556838915
1401492727875911685
1401492774055206915
1401492957589561348
1401493111293956100
1401493358783221763
1401493372804665347
1401493820030820354
1401493935516696579
1401494039401279490
1401494064621625346
1401494079754571783
1401494082753597442
1401494123610263553
1401494146205065221
1401494161489121286
1401494319035564035
1401494325587025923
1401494581900894210
1401494775027613697
1401495050916352000
1401495070021505027
1401495291430309888
1401495338704420864
1401495380651610113
1401495423404154886
1401495473853173766
1401495493490921473
1401495584414961666
1401495721673646082
1401495789914963968
1401495910618652675
1401495955904483336
1401495989404450828
1401496234930618369
1401496630902329344
1401496759965192204
1401497076421255172
1401497109975740423
1401497167001538560
1401497241706188809
1401497378968977411
1401497473324097543
1401497481775566851
1401497501148930064
1401497825712783363
1401497858151436290
1401497991324651521
1401498292064751622
1401498426274205697
1401498516762120193
1401498762061754373
1401499112403443712
1401499112810422274
1401499116774039556
1401499408362004481
1401499688893923329
1401499710024736768
1401499982402920449
1401499991932276738
1401500002720038912
1401500073092132869
1401500208421380104
1401500412985888771
1401500457546223617
1401500617454014464
1401500885017055234
1401500927270526977
1401501502217326593
1401501624703590404
1401501627908083718
1401501672808005635
1401501836151042050
1401501884469415939
1401502063440412673
1401502144210087937
1401502272610316288
1401502283997798404
1401502384514285583
1401502888648642560
1401502988485771266
1401503147214839814
1401503779690893312
1401504123577679872
1401504143647379457
1401504388171116546
1401504552550125571
1401504564990390277
1401504714068574209
1401504887347818498
1401504963784761350
1401504966234316801
1401505088435261445
1401505183352471553
1401505275530694656
1401505388776857601
1401505436281475075
1401505571208114182
1401506047882366981
1401506069629833221
1401506071714353152
1401506090760736768
1401507070428467209
1401507178163236865
1401507194730811399
1401507391015956485
1401507397705900035
1401507418417381376
1401507471978532871
1401507481470345217
1401507488512589825
1401507520372424707
1401507556955017216
1401507847196774401
1401508367638597634
1401508518931451906
1401508677232771081
1401508678679687168
1401508680093167629
1401508773949329410
1401509018330447872
1401509027260080129
1401509178573672451
1401509205350174725
1401509271406321664
1401509418894757895
1401509549325045762
1401509566869692421
1401509928120946691
1401510119830130688
1401510260418953217
1401510271408132097
1401510460688539650
1401510609317945346
1401511100160544770
1401511130745520130
1401511352401862660
1401511470941323266
1401511599660208130
1401511698100588544
1401511724121948166
1401512209038073858
1401512405918748674
1401512551494586369
1401512866293895169
1401512870559498241
1401512945759236098
1401512980894859265
1401513035332829191
1401513153444335618
1401514068029194243
1401514214175412228
1401514398812983299
1401514803575803915
1401514867354374152
1401515155624759297
1401515158539808775
1401515160150360067
1401515425817632771
1401515467576156160
1401515674904805381
1401516085166358532
1401516324694675458
1401516485076475908
1401516644250361862
1401516722532745226
1401516723845533696
1401516724780945413
1401516728690036737
1401516728975245314
1401516729080111107
1401516736399220737
1401516785090928640
1401516801213800449
1401516921544220678
1401517196250128390
1401517409547304961
1401517629978910720
1401517687877128203
1401517919071256581
1401518733915574272
1401518826911580162
1401518860126326788
1401518902430076933
1401519337807175684
1401519659510292486
1401520011726917637
1401520497389572108
1401520500963225600
1401520922323005440
1401521131710996480
1401521273197449216
1401521373932134401
1401521911008538625
1401522093842382853
1401522258993057795
1401522258997395459
1401522295399714822
1401522312902594564
1401522420893339651
1401522872695365635
1401523222177370112
1401523265533890565
1401523783547199490
1401523945208176641
1401523962371317766
1401524278785241094
1401524280974663682
1401524293238919169
1401524296506351618
1401524328601116675
1401524371236265984
1401524517596434434
1401524524374368259
1401524594134163456
1401524711792824320
1401524724962926593
1401525956796420098
1401526285755691013
1401526352050786305
1401526397731024900
1401526425140699139
1401526482984394755
1401526610545807361
1401526881619525632
1401527016848080898
1401527154282831872
1401527283555373062
1401527423896850434
1401527726478090241
1401528056200695810
1401528056431448064
1401528071560249351
1401528294273699845
1401528352129916936
1401529264139390977
1401529313690853383
1401529360885112834
1401529376299270145
1401529408272412672
1401529557115670538
1401529560743788544
1401530414796312578
1401530486992916483
1401530597202333696
1401530709882380295
1401530986601529349
1401531110413197318
1401531145678950403
1401531458758578190
1401531506951065601
1401531661033127941
1401531812116054016
1401531823671320581
1401531827052023812
1401531848052912128
1401532059965919234
1401532223262793730
1401532341428776968
1401533041076576261
1401533080687497218
1401533090338639873
1401533543344488457
1401533718540566531
1401533866121256961
1401533909565857792
1401534116869324803
1401534291641786370
1401534565710286849
1401534745218060292
1401534791628079107
1401535152417824770
1401535483625181184
1401535597093670917
1401535606296096776
1401535651770732545
1401535825029087239
1401535950057099269
1401536100288516096
1401536901966876676
1401537440725319684
1401537499143475200
1401537605099995137
1401537671667896324
1401537885229158405
1401537903642267648
1401538856160202756
1401539088533102594
1401539371778514947
1401539374844686338
1401539377231142927
1401539390921396227
1401539488116056067
1401539903402381314
1401539938454224898
1401540324158287873
1401540338523705347
1401540891563675653
1401540902192091141
1401541758782214148
1401541815132688388
1401541878735061001
1401541989372502018
1401542211498647555
1401542857664745474
1401543011847319554
1401543155967827970
1401543376835694594
1401543388701282309
1401543873948794880
1401544397892763654
1401544566461841409
1401544833500692482
1401544938173747201
1401544947120095244
1401545299349344259
1401545548218310661
1401546381551190022
1401546461939130376
1401546482801598464
1401546495531364355
1401546659348336648
1401546805079326726
1401546922268270595
1401546923048275970
1401547173305753601
1401547503934320640
1401547714417025027
1401548013106085891
1401548364664168458
1401548692365189123
1401548936658235394
1401549316540534789
1401549452591108099
1401549680522186753
1401549859568730118
1401550100674002944
1401550444871159809
1401550462189514752
1401551141419294722
1401551350345854986
1401552322031935494
1401552369570172928
1401552438910504964
1401552507919273993
1401552521106235393
1401553070027329546
1401553080726999049
1401553256552206341
1401553361531461633
1401553490170761219
1401554147191709704
1401554473538002946
1401554515380297728
1401554816791425027
1401555012954722308
1401555110765809676
1401555126007963652
1401555621556768770
1401555795905552388
1401556597869002753
1401556630756597762
1401557010034823168
1401557026476597249
1401557114145869828
1401557365313376264
1401558054643060736
1401558260214374406
1401558262080688128
1401558312294907907
1401558448731459586
1401558635151609857
1401558683822309381
1401558705439744009
1401559001347788804
1401559044561805318
1401559163117969408
1401559671543054337
1401560115237490688
1401560123722567683
1401560254152949769
1401560257856520200
1401560297580777473
1401560510961786890
1401561002085335044
1401561376271831043
1401561464960393216
1401561630085894154
1401561769320108033
1401562029547266056
1401562063013564417
1401562063047213059
1401562272821125121
1401562445236346886
1401562619090190338
1401563119726497793
1401563551131701256
1401564009992757250
1401564028728717312
1401564204969205766
1401564469260607491
1401564885503426568
1401565322818240517
1401565521900937220
1401565537369571334
1401565701408800769
1401565790638313475
1401565803066150914
1401566383624888324
1401567372704690180
1401567375678390279
1401567425443794945
1401567637398863879
1401567773772423171
1401568535097270285
1401569067467685895
1401569191027695616
1401569573212676098
1401569574248714245
1401569661704097794
1401569712887189507
1401569915224612871
1401569940788989961
1401570442704560139
1401570655544487948
1401570790806523912
1401570882762514435
1401571835909713926
1401571868985856004
1401572052180652034
1401572221135503363
1401572338882297858
1401572346507431937
1401572770027347978
1401572825664790530
1401572838042132486
1401572922175766530
1401573346081345536
1401573355149479938
1401573460300767240
1401573468257374209
1401573522993000449
1401573675220996102
1401574393160114177
1401574829418024962
1401575082938540033
1401575092568604676
1401575145286811654
1401575171476103168
1401575661165232129
1401576026703073281
1401576494036566029
1401576599158464522
1401577135102377984
1401577372336406531
1401577540871991296
1401578069006110720
1401578486037467138
1401579021771620357
1401579038024601605
1401579342103187456
1401579367470440454
1401579644118241286
1401580657571074053
1401580895572615168
1401580986547179521
1401581372398055425
1401582274223775745
1401582311729242117
1401582504193183744
1401582784184033281
1401583189307633666
1401583326880731136
1401583455675338763
1401583853383426052
1401584331097882626
1401584670660202501
1401584673428414464
1401584705422639106
1401584810078965765
1401585300590239750
1401585529582493708
1401586051483832327
1401586431886344198
1401586471723733000
1401586483459416065
1401587393975754753
1401587690257096704
1401587922797797380
1401588025012985862
1401588283881164813
1401588385542815744
1401588644868198402
1401588696986525697
1401588782437126144
1401588847121686532
1401589137875034114
1401589278572941314
1401589341885980674
1401590572826173440
1401590690677760001
1401590900040601600
1401592019307409417
1401592173053743105
1401592227227394049
1401592233275662355
1401592526377717760
1401592566668312580
1401593205712375810
1401593206702284804
1401593564795228168
1401593853245890565
1401594224613769216
1401594459641585669
1401594739024072709
1401595339203911684
1401595572352696324
1401595685158404097
1401595970555613185
1401596666126479369
1401596726444711939
1401596766387150853
1401596774436028421
1401597168826322947
1401597372988276743
1401597422787346435
1401597871472922626
1401598112154652683
1401598328115273728
1401599010096439301
1401599081923895298
1401599186299240457
1401599388670177282
1401599512045555718
1401599517590491136
1401599797707018253
1401599808700305409
1401599965558980609
1401599974400532483
1401600075168686080
1401600270602321920
1401600453994061824
1401600474319667201
1401601279282065416
1401601531435118592
1401601663711039488
1401601996755509250
1401602021292134401
1401602036160946176
1401602329670045696
1401602335571431424
1401602734281920517
1401603054651133953
1401603054697283585
1401603055225761793
1401603215507038211
1401603372080406532
1401603421866692616
1401603544600518665
1401604386527264770
1401604403073847300
1401604551543828486
1401604701737697281
1401604772357152776
1401604908059697154
1401605402773622795
1401605557895798785
1401605830072541188
1401606553917136897
1401607651000307716
1401607710450270213
1401608065930104833
1401608077250547717
1401608473239040003
1401608847479955466
1401609350746152967
1401609843023228933
1401610011890098179
1401610349938298884
1401610581011013636
1401610623511900163
1401611018548219909
1401611241907392514
1401611472661364742
1401611665485991943
1401611679260155905
1401612872401227778
1401613300744568835
1401613405299953666
1401613977524838404
1401614181808361475
1401614514534105097
1401614616866738180
1401614808315797506
1401614871985225729
1401614898392670219
1401614921251577858
1401614963018506246
1401614970639589385
1401614998561079315
1401615037085765634
1401615146540093443
1401615344725340168
1401615417379012609
1401616323378040835
1401616427447197701
1401616475279048713
1401616493331189764
1401616630929522689
1401616706280304641
1401616771157794822
1401616912333877248
1401616996995829770
1401617059822321669
1401617564455768065
1401617595812429826
1401617883189350407
1401618429333938184
1401618644115722241
1401618658598793218
1401618837695569921
1401618962304192512
1401619152532606976
1401619399086424072
1401619483656081408
1401619499254681604
1401619623083233282
1401619844966010881
1401619883033497601
1401619885503942658
1401620379383349254
1401620727342710794
1401621210853777409
1401621390353219592
1401621420313124872
1401621543940243469
1401621546444206084
1401621683132420105
1401621723452260354
1401622177980497927
1401622437503062016
1401622472861130756
1401622513776537601
1401622670857314304
1401622736338886657
1401623024428851200
1401623651628339206
1401623790954684417
1401623964494008322
1401624212494761987
1401624250344165389
1401624370347483141
1401624555542794240
1401625201230635015
1401625351932022784
1401625443778891788
1401626233453023239
1401626462319517697
1401626472729747462
1401626530032373760
1401627303969501187
1401627887443316742
1401628049460846596
1401628277345767426
1401628692460277763
1401629063417057282
1401629187652440065
1401629427851739136
1401629497640861699
1401629542003974144
1401629976345071624
1401630103004758016
1401630118653661188
1401630256050671619
1401630595545960450
1401630997020557318
1401631188905758726
1401631391197057027
1401631433211494409
1401631469878001678
1401631519567978501
1401631525632872448
1401631550006083587
1401631624450691073
1401631730684018690
1401631850574008324
1401632022326611973
1401632022456582150
1401632044166287367
1401632339160190983
1401632396508860417
1401632423151087619
1401632462103629826
1401632462611128327
1401632475168792583
1401632495314014209
1401632509985689601
1401632516226826241
1401632542537699340
1401632658548002822
1401632776072400900
1401632825661661184
1401632906376794122
1401632939356590084
1401633005458821122
1401633047653621767
1401633052749598721
1401633127764836353
1401633246904045573
1401633371768373251
1401633408535744514
1401633440466931718
1401633575812874245
1401633592120385537
1401633600144093192
1401633605860876292
1401633644322689025
1401633671279525890
1401633687079374855
1401633750526611457
1401633751424176128
1401633772462821387
1401633818780516354
1401633935927480331
1401634106648281093
1401634198901989376
1401634225623814145
1401634277482188801
1401634467194748935
1401634486006255617
1401634525365555200
1401634528175792135
1401634560572542979
1401634562141261831
1401634709101293571
1401634730202775555
1401634930837315585
1401634961510313987
1401635001804881925
1401635001851166724
1401635001972805635
1401635002136281093
1401635547152539652
1401635548679315462
1401635602374836229
1401635659207483397
1401636009402568709
1401636126352412676
1401636152537403397
1401636189703004164
1401636302362189833
1401636424420663299
1401636445392080902
1401636480225890307
1401636490669613061
1401636520876982273
1401636660253712388
1401637000885813251
1401637076156796931
1401637176362872835
1401637358089424905
1401637461143560198
1401637531666550787
1401637555091693569
1401637587400417283
1401637638667485184
1401637657768247296
1401637687795331093
1401637805969883138
1401637848860741635
1401637927281627137
1401637999314706433
1401638390018330627
1401638417209905153
1401638440765120518
1401638537628368897
1401638542418366468
1401638585695096837
1401638689864880128
1401638818281893890
1401638834471899136
1401638851463024643
1401638961567633412
1401639263180136453
1401639296457711626
1401639385637048327
1401639502389596168
1401639517795278852
1401639545913942018
1401639844183478277
1401640085972570113
1401640267304800266
1401640286690947078
1401640344513658887
1401640393628913666
1401640441376825348
1401640525871058945
1401640553188663304
1401640597648199689
1401640646428008448
1401640686873722882
1401640877345419264
1401641126281547784
1401641164227452928
1401641175728197637
1401641236436602885
1401641248797216772
1401641264697823243
1401641517685563395
1401641566394060801
1401641623537307655
1401641728193536000
1401641804160815108
1401642035455606787
1401642203303264263
1401642532564615173
1401643076167389194
1401643084799217668
1401643094282473474
1401643175282888708
1401643251829022722
1401643493932556291
1401643521552097280
1401643584235970565
1401643986595500037
1401644060037861380
1401644151540797443
1401644407443558409
1401644570350325762
1401644838748102656
1401645150632353797
1401645576790421506
1401646580504174593
1401646732824518661
1401646776604577792
1401646830010736645
1401646917101178886
1401646923539492864
1401647460661989382
1401647964167233537
1401648187518111749
1401648287367811080
1401648329470132225
1401648380804206600
1401648626133258242
1401648720425279491
1401648859260940290
1401648894551937028
1401649121166086152
1401649248345772039
1401649626957205512
1401649627057766404
1401649942113001483
1401650228214779904
1401650310943330306
1401650366731612165
1401650434801086466
1401650515688239108
1401650541986525189
1401650558356840456
1401651005071282182
1401651012134477827
1401651109211557893
1401651164110888963
1401651168040964103
1401651175544475649
1401651699530469377
1401651732099350528
1401651765725048834
1401651830669598728
1401651941835411458
1401652017597190151
1401652081279315969
1401652445621669889
1401652529105100800
1401652617994981376
1401652641793556480
1401652750551822339
1401653083483119621
1401653674175307777
1401653864819011587
1401653968447709188
1401654552311570442
1401654583903014913
1401654658007920645
1401654822059773952
1401654919736745985
1401655168035344385
1401655622232326145
1401656322043650055
1401656728786243585
1401656795597258752
1401657479126265856
1401657757120540676
1401658015166697476
1401658749622829061
1401658819932000268
1401659628191203331
1401660564296830990
1401660944124624899
1401661002366734340
1401661226166390784
1401661337693003776
1401662207306371080
1401662425351524356
1401662614262976516
1401662762892238851
1401663239855955968
1401663643415154689
1401663758351536131
1401663870003994625
1401664258522464260
1401664412046483462
1401664460650172419
1401664465553170436
1401664518778986502
1401664717010124804
1401664869095596032
1401665682580905987
1401665735143854080
1401666064946282499
1401666588588269568
1401666740858273801
1401666885813477381
1401667070467743746
1401667089434304515
1401667835315855361
1401667894006763523
1401667987300618248
1401668236098342914
1401669794399653893
1401670005033521154
1401670210474721282
1401670295170191361
1401670377848328192
1401670648108404739
1401671492396404736
1401671971499282432
1401672084942639106
1401672684543545348
1401673371906154499
1401673381422981125
1401673700219441152
1401674199429746692
1401674859718000642
1401675796691947520
1401675966066331649
1401676619232813058
1401678301605761024
1401679039237140486
1401680654232866816
1401680831790338073
1401680990033035269
1401682076617875458
1401682402561384448
1401683109498720268
1401684944104140809
1401686411095515136
1401687137158942720
1401688207146815490
1401688979448213505
